sampleName	Unnamed: 0	 	LabelObj	Surface(Pix)	Surface(Unit)	SurfaceCorr(Pix)	SurfaceNbPix	Channel	Frame
12042023_s_Lm_st_L628_p_C03_C04_tm_24_ch_Syto9_z_11_	3675.6	3676.6	3686.6	25954.399999999998	2429.0114	237.60019999999975	4336.4	1.0	1.0
12042023_s_Lm_st_L628_p_C03_C04_tm_24_ch_Syto9_z_21_	3675.6	3676.6	3686.6	45258.4	2249.6366	436.0	7562.4	1.0	1.0
12042023_s_Lm_st_L628_p_C05_C06_tm_24_ch_Syto9_z_11_	3672.9	3673.9	3686.9	30170.600000000002	2823.0955000000004	294.5336000000001	5058.9000000000015	1.0	1.0
12042023_s_Lm_st_L628_p_C05_C06_tm_24_ch_Syto9_z_21_	3675.6	3676.6	3686.6	51075.19999999998	2538.2839999999987	503.1997999999995	8534.999999999996	1.0	1.0
12042023_s_Lm_st_L628_p_D04_D03_tm_24_ch_Syto9_z_11_	3672.0	3673.0	3687.0	35736.0	3343.637	362.667	5973.0	1.0	1.0
12042023_s_Lm_st_L628_p_D04_D03_tm_24_ch_Syto9_z_21_	3675.6	3676.6	3686.6	57381.59999999999	2851.5072	657.3331999999994	9598.8	1.0	1.0
12042023_s_Lm_st_L628_p_D06_D05_tm_24_ch_Syto9_z_11_	3671.1	3672.1	3687.1	35139.19999999998	3286.6192999999985	353.4663999999999	5896.699999999999	1.0	1.0
12042023_s_Lm_st_L628_p_D06_D05_tm_24_ch_Syto9_z_21_	3674.7000000000003	3675.7000000000003	3686.7000000000003	58123.600000000064	2888.132800000003	624.5332000000008	9718.20000000001	1.0	1.0
12042023_s_Lm_st_L628_p_D08_D07_tm_24_ch_Syto9_z_11_	3676.5	3677.5	3686.5	24542.0	2296.9030000000002	214.66649999999998	4100.0	1.0	1.0
12042023_s_Lm_st_L628_p_D08_D07_tm_24_ch_Syto9_z_21_	3676.5	3677.5	3686.5	49601.0	2465.1634999999997	486.66650000000004	8293.5	1.0	1.0
18042023_s_Lm_st_L394_p_C03_C04_tm_24_ch_Syto9_z_11_	3674.7000000000003	3675.7000000000003	3686.7000000000003	28311.000000000004	2649.237	302.667	4738.800000000001	1.0	1.0
18042023_s_Lm_st_L394_p_C03_C04_tm_24_ch_Syto9_z_21_	3672.9	3673.9	3685.9	63047.0	3133.8371	851.8667000000002	10550.0	1.0	1.0
18042023_s_Lm_st_L394_p_C05_C06_tm_24_ch_Syto9_z_11_	3674.7000000000003	3675.7000000000003	3686.7000000000003	33952.800000000025	3178.0169000000024	395.60010000000034	5677.500000000004	1.0	1.0
18042023_s_Lm_st_L394_p_C05_C06_tm_24_ch_Syto9_z_21_	3344.4	3345.4	3368.4	88210.4	4384.3684	1414.9330000000004	14770.8	1.0	1.0
18042023_s_Lm_st_L394_p_C07_C08_tm_24_ch_Syto9_z_11_	3672.0	3673.0	3687.0	27408.0	2565.108	298.667	4585.0	1.0	1.0
18042023_s_Lm_st_L394_p_C07_C08_tm_24_ch_Syto9_z_21_	3396.6	3397.6	3441.6	81984.4	4074.3662	1254.6665999999993	13732.199999999999	1.0	1.0
18042023_s_Lm_st_L394_p_C07_tm_24_ch_Syto9_z_21_t_3_	3673.8	3674.8	3686.8	83371.20000000001	4143.698	1306.667	13957.400000000001		
18042023_s_Lm_st_L394_p_D05_D04_tm_24_ch_Syto9_z_11_	3671.1	3672.1	3687.1	35414.0	3314.9084999999995	429.4663999999999	5922.4	1.0	1.0
18042023_s_Lm_st_L394_p_D05_D04_tm_24_ch_Syto9_z_21_	3663.0	3664.0	3688.0	94728.0	4708.694	1428.0	15861.0	1.0	1.0
18042023_s_Lm_st_L394_p_D08_D06_tm_24_ch_Syto9_z_11_	3666.6	3667.6	3687.6	33008.399999999994	3088.6139999999996	392.0	5522.6	1.0	1.0
18042023_s_Lm_st_L394_p_D08_D06_tm_24_ch_Syto9_z_21_	3663.0	3664.0	3688.0	83598.0	4154.838	1260.0	13985.0	1.0	1.0
25042023_s_Lm_st_19115_p_C03_C04_tm_24_ch_Syto9_z_11_	3582.9	3583.9	3595.9	15102.200000000004	1413.0655000000004	120.0	2524.3000000000006	1.0	1.0
25042023_s_Lm_st_19115_p_C03_C04_tm_24_ch_Syto9_z_21_	2599.2000000000003	2600.2000000000003	2695.2000000000003	44362.800000000054	2204.577200000003	575.1998000000025	7424.400000000009	1.0	1.0
25042023_s_Lm_st_19115_p_C05_C06_tm_24_ch_Syto9_z_11_	3675.6	3676.6	3686.6	16616.4	1554.86	138.39999999999964	2776.6	1.0	1.0
25042023_s_Lm_st_19115_p_C05_C06_tm_24_ch_Syto9_z_21_	2956.5	2957.5	3111.0	32149.0	1597.6975	367.33349999999996	5376.5	1.0	1.0
25042023_s_Lm_st_19115_p_C07_C08_tm_24_ch_Syto9_z_11_	3675.6	3676.6	3686.6	14874.799999999981	1391.5181999999982	120.0	2485.5999999999967	1.0	1.0
25042023_s_Lm_st_19115_p_C07_C08_tm_24_ch_Syto9_z_11_position_6_	3336.3	3337.3	3357.3	18343.600000000002	1716.6446000000003	170.53300000000073	3066.3		
25042023_s_Lm_st_19115_p_C07_C08_tm_24_ch_Syto9_z_21_	3077.1	3078.1	3092.1	39199.39999999999	1948.3581999999992	423.33359999999936	6550.999999999997	1.0	1.0
25042023_s_Lm_st_19115_p_D05_D04_tm_24_ch_Syto9_z_11_	3676.5	3677.5	3686.5	15121.0	1415.1775	117.3335	2524.5	1.0	1.0
25042023_s_Lm_st_19115_p_D05_D04_tm_24_ch_Syto9_z_21_	3323.7000000000003	3324.7000000000003	3349.7000000000003	32357.400000000067	1608.0624000000032	320.0	5409.000000000011	1.0	1.0
25042023_s_Lm_st_19115_p_D07_D06_tm_24_ch_Syto9_z_11_	3676.5	3677.5	3686.5	17519.0	1640.0645	140.0	2925.5	1.0	1.0
25042023_s_Lm_st_19115_p_D07_D06_tm_24_ch_Syto9_z_21_	3467.7000000000003	3468.7000000000003	3480.7000000000003	42409.60000000002	2107.6381000000006	421.8669000000007	7088.500000000004	1.0	1.0
28032023_s_Lm_st_L455_p_C04_C05_tm_24_ch_Syto9_z_11_	3674.7000000000003	3675.7000000000003	3686.7000000000003	20287.600000000028	1898.3104000000028	176.0	3394.2000000000016	1.0	1.0
28032023_s_Lm_st_L455_p_C04_C05_tm_24_ch_Syto9_z_21_	3672.0	3673.0	3684.0	66308.0	3295.912	754.667	11092.0	1.0	1.0
28032023_s_Lm_st_L455_p_C06_C07_tm_24_ch_Syto9_z_11_	3675.6	3676.6	3686.6	35532.799999999996	3325.462	381.60019999999975	5939.2	1.0	1.0
28032023_s_Lm_st_L455_p_C06_C07_tm_24_ch_Syto9_z_21_	3672.0	3673.0	3684.0	66308.0	3295.912	754.667	11092.0	1.0	1.0
28032023_s_Lm_st_L455_p_C08_D08_tm_24_ch_Syto9_z_11_	3668.4	3669.4	3687.4	33584.8	3142.7910000000006	354.667	5613.600000000001	1.0	1.0
28032023_s_Lm_st_L455_p_C08_D08_tm_24_ch_Syto9_z_21_	3673.8	3674.8	3686.8	63478.80000000002	3154.4586000000004	799.3840000000017	10615.000000000002	1.0	1.0
28032023_s_Lm_st_L455_p_D04_D03_tm_24_ch_Syto9_z_11_	3675.6	3676.6	3686.6	31327.599999999984	2931.2709999999984	339.46679999999986	5275.399999999996	1.0	1.0
28032023_s_Lm_st_L455_p_D04_D03_tm_24_ch_Syto9_z_21_	3666.6	3667.6	3679.6	70447.99999999997	3501.884199999999	916.7999999999993	11785.199999999995	1.0	1.0
28032023_s_Lm_st_L455_p_D07_D06_tm_24_ch_Syto9_z_11_	3665.7000000000003	3666.7000000000003	3687.7000000000003	30050.000000000007	2811.5956000000006	300.0	5023.700000000001	1.0	1.0
28032023_s_Lm_st_L455_p_D07_D06_tm_24_ch_Syto9_z_21_	3671.1	3672.1	3687.1	64619.19999999995	3210.9799999999977	849.8663999999995	10806.899999999992	1.0	1.0
