	counts(inten<0.01	MicrocoloniesPlatonic	MicrocoloniesAggregates	MicrocoloniesLarge	counts(Norminten<0.01	counts(inten<0.02	counts(Norminten<0.02	counts(inten<0.03	counts(Norminten<0.03	counts(inten<0.04	counts(Norminten<0.04	counts(inten<0.05	counts(Norminten<0.05	counts(inten<0.060000000000000005	counts(Norminten<0.060000000000000005	counts(inten<0.06999999999999999	counts(Norminten<0.06999999999999999	counts(inten<0.08	counts(Norminten<0.08	counts(inten<0.09	counts(Norminten<0.09	counts(inten<0.09999999999999999	counts(Norminten<0.09999999999999999	counts(inten<0.11	counts(Norminten<0.11	counts(inten<0.12	counts(Norminten<0.12	counts(inten<0.13	counts(Norminten<0.13	counts(inten<0.14	counts(Norminten<0.14	counts(inten<0.15000000000000002	counts(Norminten<0.15000000000000002	counts(inten<0.16	counts(Norminten<0.16	counts(inten<0.17	counts(Norminten<0.17	counts(inten<0.18000000000000002	counts(Norminten<0.18000000000000002	counts(inten<0.19	counts(Norminten<0.19	counts(inten<0.2	counts(Norminten<0.2	counts(inten<0.21000000000000002	counts(Norminten<0.21000000000000002	counts(inten<0.22	counts(Norminten<0.22	counts(inten<0.23	counts(Norminten<0.23	counts(inten<0.24000000000000002	counts(Norminten<0.24000000000000002	counts(inten<0.25	counts(Norminten<0.25	counts(inten<0.26	counts(Norminten<0.26	counts(inten<0.27	counts(Norminten<0.27	counts(inten<0.28	counts(Norminten<0.28	counts(inten<0.29000000000000004	counts(Norminten<0.29000000000000004	diff	max	med	std	mean	min	eigenLocal	minProp	counts(inten<0.01Normalized	MicrocoloniesPlatonicNormalized	MicrocoloniesAggregatesNormalized	MicrocoloniesLargeNormalized	counts(Norminten<0.01Normalized	counts(inten<0.02Normalized	counts(Norminten<0.02Normalized	counts(inten<0.03Normalized	counts(Norminten<0.03Normalized	counts(inten<0.04Normalized	counts(Norminten<0.04Normalized	counts(inten<0.05Normalized	counts(Norminten<0.05Normalized	counts(inten<0.060000000000000005Normalized	counts(Norminten<0.060000000000000005Normalized	counts(inten<0.06999999999999999Normalized	counts(Norminten<0.06999999999999999Normalized	counts(inten<0.08Normalized	counts(Norminten<0.08Normalized	counts(inten<0.09Normalized	counts(Norminten<0.09Normalized	counts(inten<0.09999999999999999Normalized	counts(Norminten<0.09999999999999999Normalized	counts(inten<0.11Normalized	counts(Norminten<0.11Normalized	counts(inten<0.12Normalized	counts(Norminten<0.12Normalized	counts(inten<0.13Normalized	counts(Norminten<0.13Normalized	counts(inten<0.14Normalized	counts(Norminten<0.14Normalized	counts(inten<0.15000000000000002Normalized	counts(Norminten<0.15000000000000002Normalized	counts(inten<0.16Normalized	counts(Norminten<0.16Normalized	counts(inten<0.17Normalized	counts(Norminten<0.17Normalized	counts(inten<0.18000000000000002Normalized	counts(Norminten<0.18000000000000002Normalized	counts(inten<0.19Normalized	counts(Norminten<0.19Normalized	counts(inten<0.2Normalized	counts(Norminten<0.2Normalized	counts(inten<0.21000000000000002Normalized	counts(Norminten<0.21000000000000002Normalized	counts(inten<0.22Normalized	counts(Norminten<0.22Normalized	counts(inten<0.23Normalized	counts(Norminten<0.23Normalized	counts(inten<0.24000000000000002Normalized	counts(Norminten<0.24000000000000002Normalized	counts(inten<0.25Normalized	counts(Norminten<0.25Normalized	counts(inten<0.26Normalized	counts(Norminten<0.26Normalized	counts(inten<0.27Normalized	counts(Norminten<0.27Normalized	counts(inten<0.28Normalized	counts(Norminten<0.28Normalized	counts(inten<0.29000000000000004Normalized	counts(Norminten<0.29000000000000004Normalized	diffNormalized	maxNormalized	medNormalized	stdNormalized	meanNormalized	minNormalized	eigenLocalNormalized	minPropNormalized	BioVolume	SubstratumCoverage	Homogenity	ThicknessThreshold=0.01	RoughnessThreshold=0.01	ThicknessThreshold=0.02	RoughnessThreshold=0.02	ThicknessThreshold=0.03	RoughnessThreshold=0.03	ThicknessThreshold=0.04	RoughnessThreshold=0.04	ThicknessThreshold=0.05	RoughnessThreshold=0.05	ThicknessThreshold=0.060000000000000005	RoughnessThreshold=0.060000000000000005	ThicknessThreshold=0.06999999999999999	RoughnessThreshold=0.06999999999999999	ThicknessThreshold=0.08	RoughnessThreshold=0.08	ThicknessThreshold=0.09	RoughnessThreshold=0.09	ThicknessThreshold=0.09999999999999999	RoughnessThreshold=0.09999999999999999	ThicknessThreshold=0.11	RoughnessThreshold=0.11	ThicknessThreshold=0.12	RoughnessThreshold=0.12	ThicknessThreshold=0.13	RoughnessThreshold=0.13	ThicknessThreshold=0.14	RoughnessThreshold=0.14	ThicknessThreshold=0.15000000000000002	RoughnessThreshold=0.15000000000000002	ThicknessThreshold=0.16	RoughnessThreshold=0.16	ThicknessThreshold=0.17	RoughnessThreshold=0.17	ThicknessThreshold=0.18000000000000002	RoughnessThreshold=0.18000000000000002	ThicknessThreshold=0.19	RoughnessThreshold=0.19	ThicknessThreshold=0.2	RoughnessThreshold=0.2	ThicknessThreshold=0.21000000000000002	RoughnessThreshold=0.21000000000000002	ThicknessThreshold=0.22	RoughnessThreshold=0.22	ThicknessThreshold=0.23	RoughnessThreshold=0.23	ThicknessThreshold=0.24000000000000002	RoughnessThreshold=0.24000000000000002	ThicknessThreshold=0.25	RoughnessThreshold=0.25	ThicknessThreshold=0.26	RoughnessThreshold=0.26	ThicknessThreshold=0.27	RoughnessThreshold=0.27	ThicknessThreshold=0.28	RoughnessThreshold=0.28	ThicknessThreshold=0.29000000000000004	RoughnessThreshold=0.29000000000000004
0	1	41	0	0	3104	51	3384	23	3684	16	3960	41	4249	60	4527	101	4803	157	5101	232	5319	323	5509	441	5600	586	5719	762	5753	941	5817	1136	5930	1351	5914	1629	5849	1908	5769	2246	5711	2590	5630	2968	5524	3312	5369	3674	5248	4041	5079	4399	4854	4748	4675	5102	4489	5372	4282	5567	4025	3160	3182	614.0	377.8385126958436	656.4369611740112	22	1	0.5426521301269531	0.15625	12.77258566978193			9.194312796208532	0.02726383372268939	12.727546261471339	0.032366558309058414	14.634146341463413	0.056593095642331635	15.794511805998724	0.23735093203658678	16.567239833118883	0.41896515606452067	17.288523964101586	0.7567810579949048	17.68735039587553	1.1785017264674973	18.19900817010953	1.6935542740346012	18.482868858155534	2.2585833158520385	18.70564666734576	2.9024614979597207	18.677873390701087	3.639977638362631	18.691374971402425	4.416367219195549	18.553276573787407	5.1589912280701755	18.53964813870474	5.872318428534505	18.783655369021226	6.586388455538221	18.729414745376236	7.487933808319927	18.589499110094078	8.287724784988272	18.497499038091576	9.242798353909464	18.521161018323333	10.150096014421758	18.471128608923884	11.16419033289449	18.450850061792313	12.030075187969924	18.229661822626646	12.914791901012373	18.11841878128776	13.78992628992629	18.11857876712329	14.617531733900446	17.874502872293416	15.549369575896513	17.762832934382004	16.50118050389728	17.64197288268815	17.292216571171053	17.442665689030104	17.960381984772226	17.113095238095237	5.024726104724197	5.033854331456053	16.43029167781643	7.040483953308499	12.076475933012357	6.811145510835913	4.761904761904762	3.575029554629823	5.759845201238391	5.4587	0.1632861002568499	19.984208211996837	-1.049225862082122e-05	13.050006119697427	-3.854931228026892e-06	10.221711094456017	-5.901416831824374e-06	8.886288722776174	-3.019420915327386e-06	8.06104578304803	-1.031406322520757e-06	7.462682825171215	0.0	6.991201774666162	0.0	6.60228498924876	0.0	6.263012178402982	0.0	5.96095753947438	0.0	5.680205462759875	0.0	5.415566244442624	0.0	5.173267716856388	2.7174171493478877e-06	4.947658794324626	0.0	4.733699943767124	0.0	4.533670415882296	0.0	4.334969643454011	0.0	4.150935614692773	0.0	3.9776782368898282	0.0	3.8108091900903096	0.0	3.660467157660358	0.0	3.511424374297399	0.0	3.365398170338109	0.0	3.2360567390309622	0.0	3.106488687047017	0.0	2.9874619652199215	0.0	2.8796484391194395	0.0	2.7686330251707965	0.0	2.6727983225314524	0.0
1	29	43	0	0	2687	40	2941	46	3212	106	3514	208	3802	369	4014	490	4175	606	4353	768	4509	990	4649	1192	4780	1427	4828	1647	4839	1918	4932	2190	4877	2508	4809	2810	4751	3141	4678	3493	4556	3824	4391	4069	4171	4267	3993	4442	3851	4625	3619	4780	3413	4833	3211	4861	3018	4926	2833	4835	2608	4076	4095	577.0	421.32463056240954	644.3502950668335	19	1	0.5588388442993164	4.53125	13.395638629283487			7.959123222748815	0.021383398998187756	11.061381074168798	0.06473311661811683	12.759195995868753	0.37492925863044707	14.015634971282706	1.2041218015514645	14.824345927398916	2.576635709796802	15.329387053656674	3.671512063539637	15.374700791751058	4.548866536556073	15.530343572728246	5.606248631286955	15.668218778233372	6.922592825676527	15.785542086856132	7.845202053442148	15.942899072777001	8.863904590347227	15.779324770402328	9.545612611568332	15.605650154798761	10.515350877192981	15.719020907700154	11.320754716981133	15.448210326259106	12.226989079563182	15.229921459336204	12.916570903240634	15.099796592931606	13.64347146207975	14.999358727715789	14.374485596707821	14.775417544997568	14.98608770623506	14.406167979002623	15.30562347188264	13.93166104412305	15.49889215793106	13.557653130517453	15.6144544431946	13.295356464698774	15.782828282828282	12.910245433789955	15.88356483019871	12.568124907939312	15.827738660553464	12.200311561989437	15.721724505967206	11.860876400078602	15.8565634455675	11.540184936249949	15.598786940250356	11.088435374149661	6.481260633815135	6.4782003417072715	15.44019266791544	7.850785986435806	11.854117441661357	5.88235294117647	4.761904761904762	3.6816687408521385	5.759845201238391	5.4587	0.1632861002568499	19.984208211996837	-1.049225862082122e-05	13.050006119697427	-3.854931228026892e-06	10.221711094456017	-5.901416831824374e-06	8.886288722776174	-3.019420915327386e-06	8.06104578304803	-1.031406322520757e-06	7.462682825171215	0.0	6.991201774666162	0.0	6.60228498924876	0.0	6.263012178402982	0.0	5.96095753947438	0.0	5.680205462759875	0.0	5.415566244442624	0.0	5.173267716856388	2.7174171493478877e-06	4.947658794324626	0.0	4.733699943767124	0.0	4.533670415882296	0.0	4.334969643454011	0.0	4.150935614692773	0.0	3.9776782368898282	0.0	3.8108091900903096	0.0	3.660467157660358	0.0	3.511424374297399	0.0	3.365398170338109	0.0	3.2360567390309622	0.0	3.106488687047017	0.0	2.9874619652199215	0.0	2.8796484391194395	0.0	2.7686330251707965	0.0	2.6727983225314524	0.0
2	24	42	0	0	2265	77	2439	163	2606	335	2792	465	2931	576	3095	762	3271	905	3378	1034	3473	1194	3566	1355	3625	1580	3697	1780	3764	1948	3810	2206	3804	2408	3791	2613	3775	2838	3723	2980	3670	3186	3573	3342	3479	3451	3375	3566	3300	3650	3152	3746	3013	3780	2871	3812	2730	3783	2604	3778	2448	4076	4095	499.0	430.7857580760003	590.806697845459	19	1	0.5761699676513672	3.75	13.084112149532709			6.709123222748816	0.04116304307151143	9.173311268241312	0.22938039149463135	10.35195042504171	1.1849179400113188	11.135928525845564	2.6919069121222647	11.42823722072757	4.022065498219398	11.81974412831774	5.709575902892253	12.045663781992266	6.793274283140669	12.051803489243284	7.547996204102489	12.068246577246509	8.349066498846234	12.108247597704661	8.917993944978281	12.0905876859449	9.814274178520405	12.082883942870216	10.316448359800626	12.138802889576883	10.679824561403509	12.143039265680775	11.403463427242182	12.049414000633513	11.739469578783151	12.005953889029643	12.011031946678925	11.997838799898297	12.32733906697941	11.937283570604079	12.263374485596708	11.902059348143345	12.4857937845358	11.72244094488189	12.57099868346812	11.620294599018004	12.534960589880498	11.459323645253292	12.535151856017999	11.393060590367684	12.455637455637456	11.244292237442922	12.447663986176646	11.095153925467669	12.379236941215	10.908469166761655	12.328988647757043	10.729023383768913	12.177299942058841	10.607356715141146	12.188669505742675	10.408163265306122	6.481260633815135	6.4782003417072715	13.352956917313353	8.027080657840207	10.86907546283313	5.88235294117647	4.761904761904762	3.795847373457932	5.759845201238391	5.4587	0.1632861002568499	19.984208211996837	-1.049225862082122e-05	13.050006119697427	-3.854931228026892e-06	10.221711094456017	-5.901416831824374e-06	8.886288722776174	-3.019420915327386e-06	8.06104578304803	-1.031406322520757e-06	7.462682825171215	0.0	6.991201774666162	0.0	6.60228498924876	0.0	6.263012178402982	0.0	5.96095753947438	0.0	5.680205462759875	0.0	5.415566244442624	0.0	5.173267716856388	2.7174171493478877e-06	4.947658794324626	0.0	4.733699943767124	0.0	4.533670415882296	0.0	4.334969643454011	0.0	4.150935614692773	0.0	3.9776782368898282	0.0	3.8108091900903096	0.0	3.660467157660358	0.0	3.511424374297399	0.0	3.365398170338109	0.0	3.2360567390309622	0.0	3.106488687047017	0.0	2.9874619652199215	0.0	2.8796484391194395	0.0	2.7686330251707965	0.0	2.6727983225314524	0.0
3	40	39	0	0	1829	328	1963	442	2087	554	2193	656	2334	806	2451	918	2591	1066	2654	1242	2733	1283	2773	1414	2863	1560	2941	1741	2949	1916	3006	2047	3023	2159	3048	2312	2993	2453	2949	2588	2887	2697	2854	2764	2793	2831	2792	2935	2708	2959	2603	3009	2499	3032	2390	3050	2335	2975	2224	2915	2110	4075	4095	404.0	420.9744162243682	520.6786670684814	20	1	0.5956048965454102	6.25	12.149532710280374			5.417654028436019	0.1753438717851396	7.383029938318038	0.622000816200166	8.290299515373004	1.959535936615733	8.74680918953414	3.7976149125853884	9.100479588255936	5.628098596466727	9.36032079434791	6.878465457815075	9.541520898545388	8.001801531301608	9.468764493917014	9.066355208409373	9.496837862255889	8.971400601356548	9.415639536857832	9.306305120442278	9.549062770995931	9.690042859804956	9.612053469294375	10.090413817085892	9.510448916408668	10.50438596491228	9.58057113717491	10.581545619023004	9.575546404814697	10.525546021840873	9.652900937420826	10.627441967363824	9.512458682939231	10.655025627660498	9.455559830704118	10.650205761316872	9.362737149343278	10.56942430536505	9.363517060367455	10.39684032349069	9.328968903436989	10.28295376121463	9.479831590384354	10.317069741282339	9.349214569307787	10.097597597597598	9.285816210045663	9.998670831394962	9.202386212991604	9.92958899623383	9.080892131159999	9.864484621106763	9.176655531538614	9.57638575935106	9.059432156095971	9.404439282488063	8.97108843537415	6.479670530617438	6.4782003417072715	10.81081081081081	7.844260239736227	9.57892952956168	6.191950464396285	4.761904761904762	3.923886021665353	5.759845201238391	5.4587	0.1632861002568499	19.984208211996837	-1.049225862082122e-05	13.050006119697427	-3.854931228026892e-06	10.221711094456017	-5.901416831824374e-06	8.886288722776174	-3.019420915327386e-06	8.06104578304803	-1.031406322520757e-06	7.462682825171215	0.0	6.991201774666162	0.0	6.60228498924876	0.0	6.263012178402982	0.0	5.96095753947438	0.0	5.680205462759875	0.0	5.415566244442624	0.0	5.173267716856388	2.7174171493478877e-06	4.947658794324626	0.0	4.733699943767124	0.0	4.533670415882296	0.0	4.334969643454011	0.0	4.150935614692773	0.0	3.9776782368898282	0.0	3.8108091900903096	0.0	3.660467157660358	0.0	3.511424374297399	0.0	3.365398170338109	0.0	3.2360567390309622	0.0	3.106488687047017	0.0	2.9874619652199215	0.0	2.8796484391194395	0.0	2.7686330251707965	0.0	2.6727983225314524	0.0
4	58	33	0	0	1491	839	1603	753	1715	776	1791	872	1832	932	1892	1019	2011	1110	2113	1178	2166	1321	2221	1417	2297	1531	2339	1642	2394	1745	2411	1830	2425	1897	2414	1982	2376	2100	2333	2177	2320	2248	2332	2319	2299	2367	2283	2384	2241	2425	2140	2411	2064	2391	2021	2333	1937	2327	1818	2324	1720	4078	4095	308.0	403.3356058251797	449.19557666778564	17	1	0.619969367980957	9.0625	10.2803738317757			4.416469194312796	0.44851679398698824	6.029035655182789	1.0596529742052603	6.812584412489075	2.7447651386530842	7.143426930440332	5.048049091119601	7.143135649393691	6.507925424202221	7.225510788619438	7.635246515809981	7.405634321487756	8.33208226992944	7.53862071426023	8.599167822468793	7.526582806310376	9.237116285574436	7.541339852636583	9.326049756482822	7.6612634247215	9.509907447667556	7.644540314409909	9.516633824040802	7.720588235294118	9.56688596491228	7.684217236104028	9.45980873610752	7.681343047196705	9.248244929797192	7.6450468710412975	9.110549299011723	7.551487414187644	9.12170966901225	7.4804411953315375	8.958847736625515	7.523917626074267	8.809813065799272	7.650918635170603	8.722964077487305	7.678947192625005	8.597580908793724	7.751595816922451	8.380202474690664	7.736923873640602	8.275320775320775	7.6341324200913245	8.011563766863826	7.6005302695536905	7.830358604879646	7.6788631786921995	7.545522170833468	7.612497543721752	7.49050408807056	7.405596969326653	7.497741644083107	7.312925170068027	6.48444084021053	6.4782003417072715	8.241905271608243	7.5155860643990335	8.2638545537446	5.263157894736842	4.761904761904762	4.084400835169608	5.759845201238391	5.4587	0.1632861002568499	19.984208211996837	-1.049225862082122e-05	13.050006119697427	-3.854931228026892e-06	10.221711094456017	-5.901416831824374e-06	8.886288722776174	-3.019420915327386e-06	8.06104578304803	-1.031406322520757e-06	7.462682825171215	0.0	6.991201774666162	0.0	6.60228498924876	0.0	6.263012178402982	0.0	5.96095753947438	0.0	5.680205462759875	0.0	5.415566244442624	0.0	5.173267716856388	2.7174171493478877e-06	4.947658794324626	0.0	4.733699943767124	0.0	4.533670415882296	0.0	4.334969643454011	0.0	4.150935614692773	0.0	3.9776782368898282	0.0	3.8108091900903096	0.0	3.660467157660358	0.0	3.511424374297399	0.0	3.365398170338109	0.0	3.2360567390309622	0.0	3.106488687047017	0.0	2.9874619652199215	0.0	2.8796484391194395	0.0	2.7686330251707965	0.0	2.6727983225314524	0.0
5	18	30	0	0	1249	1549	1342	1279	1404	959	1437	894	1494	930	1531	963	1593	1018	1629	1085	1694	1159	1718	1235	1776	1246	1825	1360	1899	1440	1910	1450	1952	1528	1999	1586	2016	1629	2045	1690	2029	1728	2035	1824	2024	1848	2015	1909	1982	1939	1938	1985	1877	2025	1859	2047	1826	2032	1804	2030	1762	3544	3562	233.0	383.4874670176718	389.0661687850952	18	1	0.6443548202514648	2.8125	9.345794392523365			3.699644549763033	0.828072126204821	5.047389799909734	1.7998620903167701	5.577182807658695	3.3920486700622523	5.731493299298021	5.175408127822161	5.825242718446602	6.493959919000069	5.846858888676723	7.215645137119736	5.866322960780703	7.641495270980333	5.811837739484106	7.920286152273888	5.886441031343388	8.10432836864555	5.833418220094394	8.128208503356587	5.923554132479487	7.73961115597242	5.964637055920515	7.882230207488118	6.12422600619195	7.894736842105263	6.08745537990821	7.495476867407599	6.183085207475451	7.4492979719188765	6.330757537370155	7.290278096989197	6.407322654462242	7.07584050039093	6.557009106066436	6.954732510288066	6.58018485487271	6.771955950934672	6.676509186351706	6.8610118487869105	6.760412839440195	6.712433257055683	6.841640635610485	6.71048931383577	6.8427412394268945	6.616844116844117	6.913527397260275	6.595999202498836	6.911916335248196	6.6317340756508925	7.063338272730727	6.6205245965264075	7.17626252701906	6.540912895126505	7.348568169782883	6.549232158988256	7.491496598639456	5.635325732640049	5.635006011516801	6.234947819106234	7.1457441925891345	7.157653364428719	5.572755417956656	4.761904761904762	4.245053871857559	5.759845201238391	5.4587	0.1632861002568499	19.984208211996837	-1.049225862082122e-05	13.050006119697427	-3.854931228026892e-06	10.221711094456017	-5.901416831824374e-06	8.886288722776174	-3.019420915327386e-06	8.06104578304803	-1.031406322520757e-06	7.462682825171215	0.0	6.991201774666162	0.0	6.60228498924876	0.0	6.263012178402982	0.0	5.96095753947438	0.0	5.680205462759875	0.0	5.415566244442624	0.0	5.173267716856388	2.7174171493478877e-06	4.947658794324626	0.0	4.733699943767124	0.0	4.533670415882296	0.0	4.334969643454011	0.0	4.150935614692773	0.0	3.9776782368898282	0.0	3.8108091900903096	0.0	3.660467157660358	0.0	3.511424374297399	0.0	3.365398170338109	0.0	3.2360567390309622	0.0	3.106488687047017	0.0	2.9874619652199215	0.0	2.8796484391194395	0.0	2.7686330251707965	0.0	2.6727983225314524	0.0
6	11	23	0	0	1138	2215	1147	1771	1198	1119	1241	973	1274	940	1275	979	1343	977	1429	1063	1458	1067	1512	1139	1570	1145	1603	1196	1653	1243	1736	1264	1766	1286	1789	1368	1798	1438	1798	1500	1785	1558	1808	1591	1790	1653	1760	1731	1743	1761	1708	1789	1703	1805	1678	1800	1636	1818	1635	1778	1597	3338	3357	188.0	364.96510651593917	346.8796434402466	19	1	0.6625881195068359	1.7187500000000002	7.165109034267912			3.3708530805687205	1.184105719524647	4.313976229878141	2.492224989797498	4.758878207674585	3.9579796264855687	4.9497447351627315	5.632742850526803	4.967442585877491	6.5637874450108225	4.869199923620393	7.3355312453169494	4.945682194807586	7.3337336736225796	5.098291055692319	7.7596904883568145	5.066370143859893	7.461016712118034	5.133951308953855	7.496380150059235	5.236475218464412	7.112242996459408	5.239075726378403	6.93172597658514	5.330882352941177	6.81469298245614	5.532891381947986	6.5339881106229	5.593918276845106	6.269500780031201	5.665695464910058	6.2882096069869	5.714467327739639	6.2461992876379115	5.765037835064769	6.172839506172839	5.788876276958002	6.105733432613552	5.931758530183727	5.984577769418845	5.97882360800294	6.004140786749482	5.9758250713024585	6.084786276715411	6.017607457276023	6.009418509418509	6.093036529680365	5.944706586030438	6.27117395787303	5.911249385950549	6.375622174094761	5.8216630550794015	6.429553939870308	5.852056911092513	6.660149089575951	5.736224028906955	6.7899659863945585	5.307764473914357	5.3107004999050815	5.030773347605031	6.800606316200077	6.381547526157023	5.88235294117647	4.761904761904762	4.365176101362328	5.759845201238391	5.4587	0.1632861002568499	19.984208211996837	-1.049225862082122e-05	13.050006119697427	-3.854931228026892e-06	10.221711094456017	-5.901416831824374e-06	8.886288722776174	-3.019420915327386e-06	8.06104578304803	-1.031406322520757e-06	7.462682825171215	0.0	6.991201774666162	0.0	6.60228498924876	0.0	6.263012178402982	0.0	5.96095753947438	0.0	5.680205462759875	0.0	5.415566244442624	0.0	5.173267716856388	2.7174171493478877e-06	4.947658794324626	0.0	4.733699943767124	0.0	4.533670415882296	0.0	4.334969643454011	0.0	4.150935614692773	0.0	3.9776782368898282	0.0	3.8108091900903096	0.0	3.660467157660358	0.0	3.511424374297399	0.0	3.365398170338109	0.0	3.2360567390309622	0.0	3.106488687047017	0.0	2.9874619652199215	0.0	2.8796484391194395	0.0	2.7686330251707965	0.0	2.6727983225314524	0.0
7	91	18	0	0	951	3142	996	1818	1060	1078	1124	939	1171	937	1188	957	1252	933	1308	956	1349	970	1393	1035	1447	1112	1468	1169	1492	1184	1508	1261	1494	1287	1496	1348	1522	1422	1553	1464	1520	1477	1501	1503	1506	1495	1511	1493	1498	1522	1454	1555	1471	1521	1409	1500	1384	1499	1367	1508	1375	3575	3590	148.0	342.3107703850949	302.84314346313477	15	1	0.684051513671875	14.21875	5.607476635514018			2.816943127962085	1.6796659913076484	3.746050850007522	2.558365348081226	4.210693572733773	3.812959818902094	4.48308870453095	5.435915248350122	4.565836160174679	6.542839187207597	4.536948634714531	7.170687846545781	4.610568955993371	7.003452934994746	4.666595311998288	6.978611577487408	4.687608589895058	6.7827424655618485	4.72989032630471	6.811899433987101	4.826229070775799	6.907261320578918	4.797855998954146	6.775240523936478	4.811661506707946	6.491228070175438	4.806221315655278	6.518480227448952	4.732340829901806	6.274375975039001	4.737775525715734	6.196276717995863	4.8372743452834985	6.17670054730258	4.97947928690522	6.0246913580246915	4.929463272255553	5.78829799741349	4.924540682414698	5.6535640398721085	5.030228130532082	5.430242272347535	5.130381637919326	5.2481721034870645	5.171759019506301	5.193830193830194	5.1869292237442925	5.167142952083472	5.416850788039476	4.9811691501555595	5.3535468672821915	4.851385879232835	5.439182550599332	4.825210841434366	5.568454926880932	4.865143889534133	5.84608843537415	5.6846189317686715	5.679301398468645	3.9603960396039604	6.378474943556071	5.571407690038447	4.643962848297214	4.761904761904762	4.506578418284464	5.759845201238391	5.4587	0.1632861002568499	19.984208211996837	-1.049225862082122e-05	13.050006119697427	-3.854931228026892e-06	10.221711094456017	-5.901416831824374e-06	8.886288722776174	-3.019420915327386e-06	8.06104578304803	-1.031406322520757e-06	7.462682825171215	0.0	6.991201774666162	0.0	6.60228498924876	0.0	6.263012178402982	0.0	5.96095753947438	0.0	5.680205462759875	0.0	5.415566244442624	0.0	5.173267716856388	2.7174171493478877e-06	4.947658794324626	0.0	4.733699943767124	0.0	4.533670415882296	0.0	4.334969643454011	0.0	4.150935614692773	0.0	3.9776782368898282	0.0	3.8108091900903096	0.0	3.660467157660358	0.0	3.511424374297399	0.0	3.365398170338109	0.0	3.2360567390309622	0.0	3.106488687047017	0.0	2.9874619652199215	0.0	2.8796484391194395	0.0	2.7686330251707965	0.0	2.6727983225314524	0.0
8	30	13	0	0	863	4593	908	2753	955	1454	980	1076	1017	922	1026	869	1017	846	1013	869	1035	911	1066	977	1082	991	1134	1037	1175	1019	1181	1014	1219	1033	1254	1062	1257	1085	1268	1125	1264	1172	1225	1181	1235	1219	1244	1241	1257	1254	1244	1269	1229	1249	1240	1230	1229	1233	1220	1241	1214	3098	3112	113.0	309.45752302391975	252.77416038513184	14	1	0.7099466323852539	4.6875	4.049844236760125			2.5562796208530805	2.455348789966909	3.4150744696855724	3.874136305427731	3.7935965678875028	5.142897566496887	3.9087428206764514	6.229014704179692	3.9653760673763014	6.438097898191467	3.918273820889823	6.511314251461112	3.745166635978641	6.350397838162439	3.6141139534054014	6.3435287247244325	3.5964973243449854	6.37018390322355	3.6195714916301656	6.4301698038699495	3.6088319658461745	6.155661842350456	3.706245710363761	6.010200533209691	3.7893446852425186	5.586622807017544	3.764023457419684	5.241664512794004	3.861260690528983	5.0360764430577225	3.971370661261718	4.88163640542404	3.995041952707857	4.712883328989662	4.0656662819032965	4.62962962962963	4.099237879033566	4.593016420425599	4.019028871391076	4.442354711303366	4.125054277029961	4.427736006683375	4.22382181176151	4.36234533183352	4.339720352149145	4.2792792792792795	4.437785388127854	4.216787399481625	4.52570334364413	4.090388079253316	4.7114252061248525	3.9781364209709245	4.830025545293771	3.968969291186506	4.969652531671351	4.003742418376565	5.16156462585034	4.92613970646695	4.923115864076441	3.0238158951030236	5.7663013479897955	4.65028821490941	4.3343653250774	4.761904761904762	4.677177241326621	5.759845201238391	5.4587	0.1632861002568499	19.984208211996837	-1.049225862082122e-05	13.050006119697427	-3.854931228026892e-06	10.221711094456017	-5.901416831824374e-06	8.886288722776174	-3.019420915327386e-06	8.06104578304803	-1.031406322520757e-06	7.462682825171215	0.0	6.991201774666162	0.0	6.60228498924876	0.0	6.263012178402982	0.0	5.96095753947438	0.0	5.680205462759875	0.0	5.415566244442624	0.0	5.173267716856388	2.7174171493478877e-06	4.947658794324626	0.0	4.733699943767124	0.0	4.533670415882296	0.0	4.334969643454011	0.0	4.150935614692773	0.0	3.9776782368898282	0.0	3.8108091900903096	0.0	3.660467157660358	0.0	3.511424374297399	0.0	3.365398170338109	0.0	3.2360567390309622	0.0	3.106488687047017	0.0	2.9874619652199215	0.0	2.8796484391194395	0.0	2.7686330251707965	0.0	2.6727983225314524	0.0
9	79	10	0	0	857	6384	862	2725	835	1344	823	927	839	918	848	882	865	838	884	837	933	832	953	830	966	842	963	864	968	883	964	935	977	955	992	965	1005	970	1018	976	1037	973	1065	968	1067	994	1066	1000	1052	1025	1027	1061	1007	1058	993	1069	960	1057	950	1027	925	3165	3180	91.0	275.04597395026803	209.4184103012085	15	1	0.7357892990112305	12.34375	3.115264797507788			2.538507109004739	3.412790480110766	3.242064089062735	3.834733538790616	3.316914276634623	4.753820033955857	3.282546266751755	5.366446682875998	3.271337778297657	6.410166887787165	3.238495321749093	6.608721714371348	3.185417050266986	6.290346794775559	3.1538763423596987	6.1099350317541425	3.242059906873306	5.817774980770576	3.235883331635598	5.4626826378833755	3.2219331598959378	5.230138517920368	3.1473673889597023	5.007534484757158	3.1217750257997934	4.8410087719298245	3.0724120346761854	4.8332902558800726	3.0947101678808995	4.655811232449298	3.1416265518115023	4.435761893817513	3.1941266209000765	4.213361132829467	3.264075926638451	4.016460905349794	3.363061456137506	3.8131441783908766	3.4940944881889764	3.6411510250141053	3.563913290357059	3.6104754640223744	3.619448594322966	3.515185601799775	3.6319696185050923	3.497815997815998	3.6636700913242013	3.5256197248620986	3.7082044483723675	3.4648763713771085	3.7729397013564343	3.4574210032665995	3.772843387698958	3.402433528616494	3.869811397612937	3.3133307523551423	3.932823129251701	5.032676620712684	5.030690375245206	2.435108375702435	5.125091013625175	3.8526721399251667	4.643962848297214	4.761904761904762	4.847430506409535	5.759845201238391	5.4587	0.1632861002568499	19.984208211996837	-1.049225862082122e-05	13.050006119697427	-3.854931228026892e-06	10.221711094456017	-5.901416831824374e-06	8.886288722776174	-3.019420915327386e-06	8.06104578304803	-1.031406322520757e-06	7.462682825171215	0.0	6.991201774666162	0.0	6.60228498924876	0.0	6.263012178402982	0.0	5.96095753947438	0.0	5.680205462759875	0.0	5.415566244442624	0.0	5.173267716856388	2.7174171493478877e-06	4.947658794324626	0.0	4.733699943767124	0.0	4.533670415882296	0.0	4.334969643454011	0.0	4.150935614692773	0.0	3.9776782368898282	0.0	3.8108091900903096	0.0	3.660467157660358	0.0	3.511424374297399	0.0	3.365398170338109	0.0	3.2360567390309622	0.0	3.106488687047017	0.0	2.9874619652199215	0.0	2.8796484391194395	0.0	2.7686330251707965	0.0	2.6727983225314524	0.0
10	120	10	0	0	789	7684	742	2968	725	1408	759	1065	758	866	770	765	799	728	777	733	811	759	817	776	810	794	845	814	839	809	845	793	866	825	857	838	879	844	866	845	878	864	867	859	869	886	860	876	851	870	838	860	834	865	822	850	797	841	783	850	771	3067	3083	78.0	247.92621901780794	179.5027027130127	16	1	0.7545566558837891	18.75	3.115264797507788			2.337085308056872	4.107750947551867	2.7907326613509853	4.176693263534147	2.8799555096528167	4.980192416525184	3.0272814294830885	6.165335185828413	2.9555113658517564	6.047063752531248	2.940614855833492	5.73205454817923	2.942367888050083	5.464644948205975	2.7721288665310926	5.3507555296007006	2.818124956564042	5.307321166352003	2.7740993514651455	5.107279189153614	2.7016209725835503	4.931983353003292	2.761708664248129	4.717746609481859	2.705753353973168	4.43530701754386	2.693141254462009	4.099250452313259	2.743110547988597	4.022035881435258	2.7140866480871546	3.8519880487244316	2.793668954996186	3.6660585526887326	2.7767089906374247	3.477366255144033	2.8474136533160372	3.385977975467336	2.844488188976378	3.231145382734625	2.9025685560639967	3.2181904035450946	2.9200054325682467	3.079302587176603	2.938028655273606	2.968877968877969	2.9894406392694064	2.8577125008307305	3.0711444984533807	2.832814802685443	3.123218967285991	2.749118664898606	3.1322460208292395	2.7071396381896604	3.1895392887694003	2.742289327655181	3.2780612244897958	4.8768465073383265	4.877238499019174	2.0872357506020873	4.619752904872492	3.302312632346932	4.953560371517028	4.761904761904762	4.971071144226594	5.759845201238391	5.4587	0.1632861002568499	19.984208211996837	-1.049225862082122e-05	13.050006119697427	-3.854931228026892e-06	10.221711094456017	-5.901416831824374e-06	8.886288722776174	-3.019420915327386e-06	8.06104578304803	-1.031406322520757e-06	7.462682825171215	0.0	6.991201774666162	0.0	6.60228498924876	0.0	6.263012178402982	0.0	5.96095753947438	0.0	5.680205462759875	0.0	5.415566244442624	0.0	5.173267716856388	2.7174171493478877e-06	4.947658794324626	0.0	4.733699943767124	0.0	4.533670415882296	0.0	4.334969643454011	0.0	4.150935614692773	0.0	3.9776782368898282	0.0	3.8108091900903096	0.0	3.660467157660358	0.0	3.511424374297399	0.0	3.365398170338109	0.0	3.2360567390309622	0.0	3.106488687047017	0.0	2.9874619652199215	0.0	2.8796484391194395	0.0	2.7686330251707965	0.0	2.6727983225314524	0.0
11	35	6	0	0	784	9525	728	3652	729	1725	662	1064	663	806	662	704	670	740	686	665	678	658	702	664	694	670	697	683	700	678	684	702	704	710	713	709	710	698	701	698	691	705	700	705	687	709	684	692	694	703	663	690	656	683	653	700	644	669	628	657	631	2826	2841	68.0	220.33586575172305	152.22290515899658	15	1	0.7728958129882812	5.46875	1.8691588785046727			2.322274881516588	5.091921886443459	2.738077328117948	5.1392465628122315	2.8958449193612457	6.101443123938879	2.6403956604977665	6.159546138705569	2.5850976722423673	5.628098596466727	2.528164979950353	5.274988760677356	2.467317252807954	5.554721513286293	2.4474651254058295	4.854368932038835	2.355966363194107	4.601076847772883	2.3836202505857185	4.370146110306701	2.3147221666333135	4.161749176967514	2.278001111220054	3.9585023762605775	2.257481940144479	3.7171052631578947	2.180010198878123	3.6288446627035413	2.229965156794425	3.4613884555382217	2.2580440841145175	3.2590209147322455	2.256547165013984	3.0318825471288333	2.2476593561626266	2.8724279835390947	2.240959948110913	2.762863973037583	2.2965879265091864	2.651871356027835	2.2946658205016868	2.5752787766517744	2.322422925438001	2.432508436445444	2.3959951665803554	2.398989898989899	2.3651541095890414	2.292815843689772	2.415672411253498	2.236777468478795	2.4810973061286523	2.2639800769753227	2.530949105914718	2.1534796884053304	2.5581490081062364	2.1196283391405344	2.682823129251701	4.493631636693221	4.494399797506802	1.8196414236018195	4.105645864671557	2.800445982380532	4.643962848297214	4.761904761904762	5.091890772521834	5.759845201238391	5.4587	0.1632861002568499	19.984208211996837	-1.049225862082122e-05	13.050006119697427	-3.854931228026892e-06	10.221711094456017	-5.901416831824374e-06	8.886288722776174	-3.019420915327386e-06	8.06104578304803	-1.031406322520757e-06	7.462682825171215	0.0	6.991201774666162	0.0	6.60228498924876	0.0	6.263012178402982	0.0	5.96095753947438	0.0	5.680205462759875	0.0	5.415566244442624	0.0	5.173267716856388	2.7174171493478877e-06	4.947658794324626	0.0	4.733699943767124	0.0	4.533670415882296	0.0	4.334969643454011	0.0	4.150935614692773	0.0	3.9776782368898282	0.0	3.8108091900903096	0.0	3.660467157660358	0.0	3.511424374297399	0.0	3.365398170338109	0.0	3.2360567390309622	0.0	3.106488687047017	0.0	2.9874619652199215	0.0	2.8796484391194395	0.0	2.7686330251707965	0.0	2.6727983225314524	0.0
12	32	5	0	0	797	10696	694	4087	641	1739	625	991	618	771	623	664	592	647	581	647	571	625	564	608	555	583	574	565	579	560	569	547	598	563	584	575	603	569	596	593	591	588	594	604	595	599	558	591	561	586	568	586	567	557	555	574	557	571	542	559	524	2743	2757	62.0	199.99538230550795	133.18608856201172	14	1	0.7872104644775391	5.0	1.557632398753894			2.360781990521327	5.717920892115407	2.6102000902662854	5.751396687353119	2.5462779057758005	6.150962082625919	2.4928206764518186	5.736945698737988	2.4096385542168677	5.383702255429091	2.379224746992553	4.975273490184325	2.1800773338243418	4.856628133913827	2.072853116415142	4.722972479743047	1.9841545625130308	4.370323753583665	1.9150453295304064	4.001579570883243	1.8511106663998398	3.621342940555314	1.8760009151223975	3.2746029906108727	1.8672600619195048	3.070175438596491	1.813488016318205	2.827604032049625	1.8942033576179917	2.744734789391576	1.8495059538890297	2.6430705584923007	1.9164759725400458	2.4715489531752235	1.9109914069513914	2.4403292181069958	1.9166531538835736	2.304346122193048	1.9488188976377954	2.271957870979876	1.9873743277998597	2.1757291780175074	1.8946081760152111	2.0774746906636667	1.9368203003625066	1.9997269997269997	2.026255707762557	1.947232006380009	2.0879363676535574	1.8241362371049614	2.108742733386527	1.8564636631197646	2.1890351739044998	1.8380222751561193	2.207829239480223	1.8034585107755838	2.227891156462585	4.361653071284326	4.361513636651269	1.6590848274016592	3.726629849909465	2.450225517854136	4.3343653250774	4.761904761904762	5.186196681035176	5.759845201238391	5.4587	0.1632861002568499	19.984208211996837	-1.049225862082122e-05	13.050006119697427	-3.854931228026892e-06	10.221711094456017	-5.901416831824374e-06	8.886288722776174	-3.019420915327386e-06	8.06104578304803	-1.031406322520757e-06	7.462682825171215	0.0	6.991201774666162	0.0	6.60228498924876	0.0	6.263012178402982	0.0	5.96095753947438	0.0	5.680205462759875	0.0	5.415566244442624	0.0	5.173267716856388	2.7174171493478877e-06	4.947658794324626	0.0	4.733699943767124	0.0	4.533670415882296	0.0	4.334969643454011	0.0	4.150935614692773	0.0	3.9776782368898282	0.0	3.8108091900903096	0.0	3.660467157660358	0.0	3.511424374297399	0.0	3.365398170338109	0.0	3.2360567390309622	0.0	3.106488687047017	0.0	2.9874619652199215	0.0	2.8796484391194395	0.0	2.7686330251707965	0.0	2.6727983225314524	0.0
13	7	3	0	0	951	12491	775	4860	645	1881	588	1114	521	799	464	679	455	616	450	537	464	486	481	453	465	456	465	465	461	481	471	465	472	461	467	467	478	473	468	478	479	470	466	475	461	471	469	473	482	468	471	469	471	471	460	477	445	472	434	462	424	2545	2558	56.0	179.6596820843485	114.45979022979736	13	1	0.8011388778686523	1.09375	0.9345794392523363			2.816943127962085	6.677500922159081	2.914848803971717	6.839194494870604	2.5621673154842295	6.653225806451612	2.345245692405871	6.448998494847748	2.0314266775841228	5.5792193282591995	1.772006874164598	5.0876667166192115	1.6755661940710733	4.623930340789671	1.6054800385315209	3.9199941601576755	1.612342761831955	3.3983637507866584	1.633221282808733	2.98144004212189	1.550930558335001	2.8324740667122184	1.5197568389057752	2.695027240060276	1.4867131062951497	2.637061403508772	1.5011473737888832	2.403721891961747	1.4950902755780804	2.247464898595944	1.4789713706612617	2.146632957940703	1.5191965420798375	2.054556511163235	1.5005771450557905	1.9670781893004117	1.553429544348954	1.8419093153583885	1.5288713910761154	1.7867218356215913	1.5397975884298074	1.7107987359703605	1.5924215672959392	1.6626827896512937	1.6640773347143103	1.597051597051597	1.6802226027397262	1.5584501894065261	1.7344233318603623	1.5424922220402817	1.7477867700140581	1.5427407095960413	1.7488701120062882	1.5193459087104872	1.7678927858568578	1.4905149051490514	1.8027210884353742	4.046812638140215	4.046699993672088	1.4985282312014987	3.347702963751573	2.1057176602847814	4.024767801857585	4.761904761904762	5.277958026394094	5.759845201238391	5.4587	0.1632861002568499	19.984208211996837	-1.049225862082122e-05	13.050006119697427	-3.854931228026892e-06	10.221711094456017	-5.901416831824374e-06	8.886288722776174	-3.019420915327386e-06	8.06104578304803	-1.031406322520757e-06	7.462682825171215	0.0	6.991201774666162	0.0	6.60228498924876	0.0	6.263012178402982	0.0	5.96095753947438	0.0	5.680205462759875	0.0	5.415566244442624	0.0	5.173267716856388	2.7174171493478877e-06	4.947658794324626	0.0	4.733699943767124	0.0	4.533670415882296	0.0	4.334969643454011	0.0	4.150935614692773	0.0	3.9776782368898282	0.0	3.8108091900903096	0.0	3.660467157660358	0.0	3.511424374297399	0.0	3.365398170338109	0.0	3.2360567390309622	0.0	3.106488687047017	0.0	2.9874619652199215	0.0	2.8796484391194395	0.0	2.7686330251707965	0.0	2.6727983225314524	0.0
14	19	3	0	0	1113	13458	740	4560	562	1746	470	1052	412	714	399	547	383	450	382	420	373	408	362	383	360	382	374	370	388	367	394	358	359	392	366	379	364	366	366	356	372	362	363	356	368	370	363	367	376	366	363	363	340	376	333	361	327	346	302	330	306	2543	2556	51.0	160.54677372072226	98.87472248077393	13	1	0.8127098083496094	2.96875	0.9345794392523363			3.296800947867298	7.19444459294027	2.783210470889123	6.417021995187233	2.2324620640343213	6.17572156196944	1.8746011486917675	6.090077573231446	1.6064257028112447	4.985685357167795	1.5237731525682643	4.0986063239922075	1.4104216534708158	3.377871190511935	1.3628741660423134	3.065917220235054	1.2961289874209465	2.852947346339417	1.229160300159587	2.5207318678425694	1.2007204322593557	2.37281818746506	1.2223420596790535	2.1444302770372086	1.2512899896800826	2.012061403508772	1.2557368689444162	1.8506073920909794	1.1371555273994298	1.9110764430577223	1.1591081834304535	1.7421282463801424	1.1568777015001273	1.5897836851707066	1.1735282801077338	1.4650205761316872	1.2064212745257015	1.4186620684249716	1.1909448818897639	1.3391009968027083	1.2291659708073084	1.3439395590425338	1.232513920956132	1.2900731158605174	1.2981184187812878	1.2489762489762488	1.2949486301369864	1.2062205090715756	1.2520253351008985	1.2313738333060422	1.265245640031916	1.1675668682687022	1.2851247789349576	1.1137578059615012	1.2301926758727444	1.064653503677894	1.3010204081632653	4.04363243174482	4.043536037461242	1.3647310677013647	2.9915610668468253	1.8189990464382397	4.024767801857585	4.761904761904762	5.354188112203047	5.759845201238391	5.4587	0.1632861002568499	19.984208211996837	-1.049225862082122e-05	13.050006119697427	-3.854931228026892e-06	10.221711094456017	-5.901416831824374e-06	8.886288722776174	-3.019420915327386e-06	8.06104578304803	-1.031406322520757e-06	7.462682825171215	0.0	6.991201774666162	0.0	6.60228498924876	0.0	6.263012178402982	0.0	5.96095753947438	0.0	5.680205462759875	0.0	5.415566244442624	0.0	5.173267716856388	2.7174171493478877e-06	4.947658794324626	0.0	4.733699943767124	0.0	4.533670415882296	0.0	4.334969643454011	0.0	4.150935614692773	0.0	3.9776782368898282	0.0	3.8108091900903096	0.0	3.660467157660358	0.0	3.511424374297399	0.0	3.365398170338109	0.0	3.2360567390309622	0.0	3.106488687047017	0.0	2.9874619652199215	0.0	2.8796484391194395	0.0	2.7686330251707965	0.0	2.6727983225314524	0.0
15	29	1	0	0	1215	14362	704	4205	526	1589	414	792	374	529	332	417	314	390	329	335	314	313	308	327	291	312	289	312	304	291	298	292	288	306	293	302	297	289	284	298	267	295	268	283	256	264	259	268	252	245	268	256	284	263	280	277	268	275	264	273	244	2585	2598	48.0	144.17523889429015	87.29681968688965	13	1	0.8229770660400391	4.53125	0.3115264797507788			3.5989336492890995	7.677709410299315	2.647811042575598	5.917451203895245	2.0894573766584568	5.620401810979061	1.6512444160816848	4.584925321292115	1.4582602253674894	3.693876125968857	1.267901470307428	3.1245316948898547	1.1563248020622352	2.9274883651103436	1.1737842948374897	2.4454339732827215	1.091111265550073	2.1886581357946997	1.045804896268378	2.152165328419113	0.9705823494096457	1.9380085719609914	0.9445370461156323	1.8082763417178627	0.9803921568627451	1.5953947368421053	0.9497705252422233	1.509433962264151	0.912258473234083	1.4918096723868954	0.9279199391943249	1.3881866237646519	0.9439359267734555	1.255320997306924	0.9106066435808644	1.2263374485596708	0.8658991405869954	1.1560920170866482	0.8792650918635171	1.0645100620650743	0.8550719796920405	0.9589190367222404	0.8793969849246231	0.9420697412823398	0.8700155359917141	0.836063336063336	0.9560502283105022	0.8506679072240314	1.0458093975548681	0.8613066972326838	1.0638702078346443	0.8958892590316634	1.0532521123992926	0.8852121290156442	1.0754002199682267	0.8807588075880758	1.0374149659863945	4.110416766048116	4.109979117889009	1.2844527696012844	2.686500771605529	1.6060002777597713	4.024767801857585	4.761904761904762	5.42182951200682	5.759845201238391	5.4587	0.1632861002568499	19.984208211996837	-1.049225862082122e-05	13.050006119697427	-3.854931228026892e-06	10.221711094456017	-5.901416831824374e-06	8.886288722776174	-3.019420915327386e-06	8.06104578304803	-1.031406322520757e-06	7.462682825171215	0.0	6.991201774666162	0.0	6.60228498924876	0.0	6.263012178402982	0.0	5.96095753947438	0.0	5.680205462759875	0.0	5.415566244442624	0.0	5.173267716856388	2.7174171493478877e-06	4.947658794324626	0.0	4.733699943767124	0.0	4.533670415882296	0.0	4.334969643454011	0.0	4.150935614692773	0.0	3.9776782368898282	0.0	3.8108091900903096	0.0	3.660467157660358	0.0	3.511424374297399	0.0	3.365398170338109	0.0	3.2360567390309622	0.0	3.106488687047017	0.0	2.9874619652199215	0.0	2.8796484391194395	0.0	2.7686330251707965	0.0	2.6727983225314524	0.0
16	4	1	0	0	1482	17153	749	5221	488	1843	376	874	330	519	283	375	281	342	263	282	247	275	244	263	224	247	238	247	248	226	219	242	215	245	211	214	207	213	200	206	211	209	219	205	229	210	227	220	230	234	241	229	246	237	241	242	238	242	246	238	236	2334	2347	44.0	127.60782945134473	76.6782579421997	13	1	0.8277864456176758	0.625	0.3115264797507788			4.389810426540285	9.169736075397864	2.8170603279675044	7.347208736156261	1.9385079844283786	6.518817204301075	1.4996809189534142	5.059627185365289	1.286700198853667	3.6240485999581034	1.0807714340271148	2.8098306608721715	1.0348002209537839	2.5671821047890706	0.9383138891862	2.058544419300679	0.8582945305441656	1.9229424515768128	0.8284947879528709	1.7309464262208765	0.7471149356280434	1.5342567861357848	0.7778540379775795	1.4315521038599743	0.7997936016511867	1.2390350877192984	0.6979857215706272	1.2509692426983716	0.6810262907823884	1.1944227769110765	0.6682290347099062	0.9836819122040911	0.6578947368421052	0.9252019807140995	0.6412722842118763	0.8477366255144033	0.6842873358196855	0.8190618019359642	0.718503937007874	0.7711115290577393	0.7648886068338956	0.7627765064836003	0.7707456199918511	0.7733408323959505	0.7940617987225963	0.7985257985257985	0.8597317351598175	0.7609490263839969	0.9058771542200618	0.7761585066317341	0.9156882860291045	0.7826902551828974	0.9353507565337001	0.7789866735337668	1.002077477697666	0.7678410117434508	1.0034013605442178	3.711300863426036	3.71290261342783	1.1774150388011775	2.3777906311311905	1.410650513901851	4.024767801857585	4.761904761904762	5.453514035433388	5.759845201238391	5.4587	0.1632861002568499	19.984208211996837	-1.049225862082122e-05	13.050006119697427	-3.854931228026892e-06	10.221711094456017	-5.901416831824374e-06	8.886288722776174	-3.019420915327386e-06	8.06104578304803	-1.031406322520757e-06	7.462682825171215	0.0	6.991201774666162	0.0	6.60228498924876	0.0	6.263012178402982	0.0	5.96095753947438	0.0	5.680205462759875	0.0	5.415566244442624	0.0	5.173267716856388	2.7174171493478877e-06	4.947658794324626	0.0	4.733699943767124	0.0	4.533670415882296	0.0	4.334969643454011	0.0	4.150935614692773	0.0	3.9776782368898282	0.0	3.8108091900903096	0.0	3.660467157660358	0.0	3.511424374297399	0.0	3.365398170338109	0.0	3.2360567390309622	0.0	3.106488687047017	0.0	2.9874619652199215	0.0	2.8796484391194395	0.0	2.7686330251707965	0.0	2.6727983225314524	0.0
17	10	0	0	0	1747	18285	770	4956	535	1686	342	737	273	490	217	331	213	264	209	223	194	220	186	209	181	192	173	189	167	178	185	175	191	169	191	186	191	192	192	198	193	189	196	186	199	199	210	198	218	211	220	213	212	216	218	211	223	221	222	222	210	2309	2321	42.0	113.35537956824194	68.65173721313477	12	1	0.8284196853637695	1.5625	0.0			5.174763033175355	9.774886267046579	2.8960433278170603	6.974289694769283	2.1252085485024232	5.963497453310696	1.3640714741544353	4.266527729535719	1.0644519826880336	3.421548774526918	0.8287187320985298	2.480143863329837	0.784385932609096	1.981684431767002	0.7456562845624175	1.6278560478867072	0.6741260685245674	1.5383539612614503	0.6315575022919425	1.375542977491115	0.6036955506637316	1.1926206596683024	0.5654149099584926	1.0953981685406282	0.5385706914344686	0.9758771929824562	0.589622641509434	0.9046265184802273	0.6050047513462148	0.8239079563182526	0.6048897897137067	0.8549758676166398	0.6070429697431986	0.8339848840239771	0.6156213928434013	0.8148148148148148	0.6259121128587645	0.7406826821334797	0.6430446194225722	0.6996426556328756	0.6646848592137345	0.7228215466201736	0.713024582371316	0.6960067491563555	0.7526324874848955	0.72003822003822	0.7848173515981735	0.7077822821824948	0.780674620709972	0.7073849680694285	0.8282989475284015	0.6824282803454187	0.8764000786009039	0.7113886564089358	0.904313821336918	0.7162214479287651	0.8928571428571428	3.671548283483598	3.6717711826868316	1.123896173401124	2.1122164735860203	1.2629865489766916	3.7151702786377707	4.761904761904762	5.457685862432245	5.759845201238391	5.4587	0.1632861002568499	19.984208211996837	-1.049225862082122e-05	13.050006119697427	-3.854931228026892e-06	10.221711094456017	-5.901416831824374e-06	8.886288722776174	-3.019420915327386e-06	8.06104578304803	-1.031406322520757e-06	7.462682825171215	0.0	6.991201774666162	0.0	6.60228498924876	0.0	6.263012178402982	0.0	5.96095753947438	0.0	5.680205462759875	0.0	5.415566244442624	0.0	5.173267716856388	2.7174171493478877e-06	4.947658794324626	0.0	4.733699943767124	0.0	4.533670415882296	0.0	4.334969643454011	0.0	4.150935614692773	0.0	3.9776782368898282	0.0	3.8108091900903096	0.0	3.660467157660358	0.0	3.511424374297399	0.0	3.365398170338109	0.0	3.2360567390309622	0.0	3.106488687047017	0.0	2.9874619652199215	0.0	2.8796484391194395	0.0	2.7686330251707965	0.0	2.6727983225314524	0.0
18	1	0	0	0	2561	17228	1103	11049	615	3363	380	1246	300	678	246	405	198	305	182	250	171	196	165	182	142	171	159	163	162	145	165	159	156	165	152	158	159	154	154	151	154	156	158	161	158	155	167	159	171	168	177	173	162	169	165	169	157	165	159	156	167	1832	1844	40.0	97.07013123454888	60.542795181274414	12	1	0.8266773223876953	0.15625	0.0			7.585900473933648	9.209829948519467	4.148488039717166	15.54861316333854	2.44299674267101	11.895161290322582	1.5156349712827057	7.213152715063101	1.1697274535033337	4.734306263529083	0.939469161733817	3.034617113741945	0.7291474866507089	2.289446029124756	0.6493274822505262	1.824950726330389	0.5942039057613454	1.3705335291238374	0.5602526230009168	1.1978412531262341	0.4736175038356347	1.0621777750170818	0.5196587900774586	0.944708473397473	0.5224458204334365	0.7949561403508772	0.5258796532381438	0.821917808219178	0.4941400063351283	0.8044071762870515	0.48137826197111727	0.7262698230291886	0.5053394355453852	0.6689253757275649	0.4937796588431448	0.6213991769547326	0.4994324631101022	0.61135713445938	0.5183727034120735	0.6056046642843709	0.5277397374661813	0.5630017071664669	0.5670243107429037	0.5589145106861643	0.5903676851372346	0.5733005733005733	0.6314212328767124	0.5748654216787399	0.5965532479010163	0.5534632389061733	0.6269235153311296	0.5465894757268993	0.6170170956966005	0.5311272774093865	0.6476842233899548	0.5032907471931862	0.7100340136054423	2.913069058181876	2.9171676264000506	1.0703773080010703	1.8087640045644016	1.1138062786963365	3.7151702786377707	4.761904761904762	5.446207055313399	5.759845201238391	5.4587	0.1632861002568499	19.984208211996837	-1.049225862082122e-05	13.050006119697427	-3.854931228026892e-06	10.221711094456017	-5.901416831824374e-06	8.886288722776174	-3.019420915327386e-06	8.06104578304803	-1.031406322520757e-06	7.462682825171215	0.0	6.991201774666162	0.0	6.60228498924876	0.0	6.263012178402982	0.0	5.96095753947438	0.0	5.680205462759875	0.0	5.415566244442624	0.0	5.173267716856388	2.7174171493478877e-06	4.947658794324626	0.0	4.733699943767124	0.0	4.533670415882296	0.0	4.334969643454011	0.0	4.150935614692773	0.0	3.9776782368898282	0.0	3.8108091900903096	0.0	3.660467157660358	0.0	3.511424374297399	0.0	3.365398170338109	0.0	3.2360567390309622	0.0	3.106488687047017	0.0	2.9874619652199215	0.0	2.8796484391194395	0.0	2.7686330251707965	0.0	2.6727983225314524	0.0
19	1	0	0	0	2862	22553	1049	8096	517	2204	302	797	251	422	190	299	175	203	174	189	160	178	144	162	148	158	144	142	146	147	148	151	143	141	133	142	133	137	129	135	129	129	135	130	131	130	140	128	139	143	141	136	140	141	134	141	135	132	127	135	120	1910	1922	37.0	79.5941810953351	53.43656635284424	12	1	0.8146209716796875	0.15625	0.0			8.477488151658767	12.056494940153211	3.9453888972468785	11.393028524788562	2.053706204814491	7.795698924731183	1.204530950861519	4.613870556906333	0.9786719694311226	2.946721597653795	0.7256062631277449	2.2403716469354116	0.644448536181182	1.5237952259420506	0.6207856148988548	1.3796627491057742	0.5559802627006741	1.244668205020628	0.48894774370989097	1.0662103461892853	0.49362951103995734	0.9814274178520405	0.4706343759192077	0.8229975657818477	0.4708462332301342	0.805921052631579	0.4716981132075472	0.7805634530886534	0.45296167247386765	0.6874024960998439	0.42120597922472763	0.6527235118363595	0.4227053140096618	0.5950829641212754	0.4136206233166602	0.5555555555555556	0.41835576455326745	0.5055453227260258	0.44291338582677164	0.4889975550122249	0.4375563646080364	0.4721949802041335	0.47534972158087735	0.44994375703037126	0.4798895218366995	0.487987987987988	0.5029965753424658	0.45191732571276666	0.5155398438650758	0.4617651874897658	0.5091378851780083	0.4560302726478864	0.5305561013951661	0.42490182192750914	0.5173326815756243	0.4355400696864111	0.5102040816326531	3.0370971076022832	3.0405619186230464	0.9900990099009901	1.4831244988240235	0.983072931098826	3.7151702786377707	4.761904761904762	5.366778987663455	5.759845201238391	5.4587	0.1632861002568499	19.984208211996837	-1.049225862082122e-05	13.050006119697427	-3.854931228026892e-06	10.221711094456017	-5.901416831824374e-06	8.886288722776174	-3.019420915327386e-06	8.06104578304803	-1.031406322520757e-06	7.462682825171215	0.0	6.991201774666162	0.0	6.60228498924876	0.0	6.263012178402982	0.0	5.96095753947438	0.0	5.680205462759875	0.0	5.415566244442624	0.0	5.173267716856388	2.7174171493478877e-06	4.947658794324626	0.0	4.733699943767124	0.0	4.533670415882296	0.0	4.334969643454011	0.0	4.150935614692773	0.0	3.9776782368898282	0.0	3.8108091900903096	0.0	3.660467157660358	0.0	3.511424374297399	0.0	3.365398170338109	0.0	3.2360567390309622	0.0	3.106488687047017	0.0	2.9874619652199215	0.0	2.8796484391194395	0.0	2.7686330251707965	0.0	2.6727983225314524	0.0
20	1	0	0	0	3025	24408	949	5634	435	1347	299	491	204	337	152	220	154	181	134	154	126	133	118	132	106	114	122	106	128	121	123	128	111	123	103	110	101	103	98	103	91	97	100	92	98	101	107	101	111	109	118	115	114	115	111	113	110	110	105	111	103	2010	2022	36.0	66.8629586995769	48.36442756652832	12	1	0.7999963760375977	0.15625	0.0			8.960308056872037	13.04815006869417	3.569279374153753	7.9283995440537005	1.72797330579169	4.764431239388794	1.19256541161455	2.8424221373161975	0.7954146683822669	2.353187626562391	0.5804850105021959	1.6484339877116738	0.5671147118394403	1.358654856628134	0.47807627814049736	1.1241696474195195	0.4378344568767809	0.9300048947626041	0.40066551220671626	0.868763985783862	0.35354546060969916	0.7081185166780546	0.39873190182043994	0.6143502955836327	0.41279669762641896	0.6633771929824561	0.3920193778684345	0.6616696820883949	0.3515996198923028	0.5996489859594384	0.32619711173042815	0.505630889450701	0.32100177981184846	0.44739814090869606	0.3142234192638194	0.42386831275720166	0.29511918274687854	0.38013873104205037	0.32808398950131235	0.34605980816249765	0.32733224222585927	0.36685917692782677	0.3633030014939563	0.35503374578177727	0.3832211289487312	0.3719628719628719	0.42094748858447484	0.38213597394829535	0.41979673000441897	0.3766169968888161	0.4217485466773053	0.36547106956887354	0.4323049715071723	0.35408485160625763	0.42771599657827203	0.35811072396438254	0.4379251700680272	3.1961074273720365	3.1987597291653485	0.9633395772009633	1.2458962545568968	0.8897607539900093	3.7151702786377707	4.761904761904762	5.270431145754588	5.759845201238391	5.4587	0.1632861002568499	19.984208211996837	-1.049225862082122e-05	13.050006119697427	-3.854931228026892e-06	10.221711094456017	-5.901416831824374e-06	8.886288722776174	-3.019420915327386e-06	8.06104578304803	-1.031406322520757e-06	7.462682825171215	0.0	6.991201774666162	0.0	6.60228498924876	0.0	6.263012178402982	0.0	5.96095753947438	0.0	5.680205462759875	0.0	5.415566244442624	0.0	5.173267716856388	2.7174171493478877e-06	4.947658794324626	0.0	4.733699943767124	0.0	4.533670415882296	0.0	4.334969643454011	0.0	4.150935614692773	0.0	3.9776782368898282	0.0	3.8108091900903096	0.0	3.660467157660358	0.0	3.511424374297399	0.0	3.365398170338109	0.0	3.2360567390309622	0.0	3.106488687047017	0.0	2.9874619652199215	0.0	2.8796484391194395	0.0	2.7686330251707965	0.0	2.6727983225314524	0.0
