	counts(inten<0.01	MicrocoloniesPlatonic	MicrocoloniesAggregates	MicrocoloniesLarge	counts(Norminten<0.01	counts(inten<0.02	counts(Norminten<0.02	counts(inten<0.03	counts(Norminten<0.03	counts(inten<0.04	counts(Norminten<0.04	counts(inten<0.05	counts(Norminten<0.05	counts(inten<0.060000000000000005	counts(Norminten<0.060000000000000005	counts(inten<0.06999999999999999	counts(Norminten<0.06999999999999999	counts(inten<0.08	counts(Norminten<0.08	counts(inten<0.09	counts(Norminten<0.09	counts(inten<0.09999999999999999	counts(Norminten<0.09999999999999999	counts(inten<0.11	counts(Norminten<0.11	counts(inten<0.12	counts(Norminten<0.12	counts(inten<0.13	counts(Norminten<0.13	counts(inten<0.14	counts(Norminten<0.14	counts(inten<0.15000000000000002	counts(Norminten<0.15000000000000002	counts(inten<0.16	counts(Norminten<0.16	counts(inten<0.17	counts(Norminten<0.17	counts(inten<0.18000000000000002	counts(Norminten<0.18000000000000002	counts(inten<0.19	counts(Norminten<0.19	counts(inten<0.2	counts(Norminten<0.2	counts(inten<0.21000000000000002	counts(Norminten<0.21000000000000002	counts(inten<0.22	counts(Norminten<0.22	counts(inten<0.23	counts(Norminten<0.23	counts(inten<0.24000000000000002	counts(Norminten<0.24000000000000002	counts(inten<0.25	counts(Norminten<0.25	counts(inten<0.26	counts(Norminten<0.26	counts(inten<0.27	counts(Norminten<0.27	counts(inten<0.28	counts(Norminten<0.28	counts(inten<0.29000000000000004	counts(Norminten<0.29000000000000004	diff	max	med	std	mean	min	eigenLocal	minProp	counts(inten<0.01Normalized	MicrocoloniesPlatonicNormalized	MicrocoloniesAggregatesNormalized	MicrocoloniesLargeNormalized	counts(Norminten<0.01Normalized	counts(inten<0.02Normalized	counts(Norminten<0.02Normalized	counts(inten<0.03Normalized	counts(Norminten<0.03Normalized	counts(inten<0.04Normalized	counts(Norminten<0.04Normalized	counts(inten<0.05Normalized	counts(Norminten<0.05Normalized	counts(inten<0.060000000000000005Normalized	counts(Norminten<0.060000000000000005Normalized	counts(inten<0.06999999999999999Normalized	counts(Norminten<0.06999999999999999Normalized	counts(inten<0.08Normalized	counts(Norminten<0.08Normalized	counts(inten<0.09Normalized	counts(Norminten<0.09Normalized	counts(inten<0.09999999999999999Normalized	counts(Norminten<0.09999999999999999Normalized	counts(inten<0.11Normalized	counts(Norminten<0.11Normalized	counts(inten<0.12Normalized	counts(Norminten<0.12Normalized	counts(inten<0.13Normalized	counts(Norminten<0.13Normalized	counts(inten<0.14Normalized	counts(Norminten<0.14Normalized	counts(inten<0.15000000000000002Normalized	counts(Norminten<0.15000000000000002Normalized	counts(inten<0.16Normalized	counts(Norminten<0.16Normalized	counts(inten<0.17Normalized	counts(Norminten<0.17Normalized	counts(inten<0.18000000000000002Normalized	counts(Norminten<0.18000000000000002Normalized	counts(inten<0.19Normalized	counts(Norminten<0.19Normalized	counts(inten<0.2Normalized	counts(Norminten<0.2Normalized	counts(inten<0.21000000000000002Normalized	counts(Norminten<0.21000000000000002Normalized	counts(inten<0.22Normalized	counts(Norminten<0.22Normalized	counts(inten<0.23Normalized	counts(Norminten<0.23Normalized	counts(inten<0.24000000000000002Normalized	counts(Norminten<0.24000000000000002Normalized	counts(inten<0.25Normalized	counts(Norminten<0.25Normalized	counts(inten<0.26Normalized	counts(Norminten<0.26Normalized	counts(inten<0.27Normalized	counts(Norminten<0.27Normalized	counts(inten<0.28Normalized	counts(Norminten<0.28Normalized	counts(inten<0.29000000000000004Normalized	counts(Norminten<0.29000000000000004Normalized	diffNormalized	maxNormalized	medNormalized	stdNormalized	meanNormalized	minNormalized	eigenLocalNormalized	minPropNormalized	BioVolume	SubstratumCoverage	Homogenity	ThicknessThreshold=0.01	RoughnessThreshold=0.01	ThicknessThreshold=0.02	RoughnessThreshold=0.02	ThicknessThreshold=0.03	RoughnessThreshold=0.03	ThicknessThreshold=0.04	RoughnessThreshold=0.04	ThicknessThreshold=0.05	RoughnessThreshold=0.05	ThicknessThreshold=0.060000000000000005	RoughnessThreshold=0.060000000000000005	ThicknessThreshold=0.06999999999999999	RoughnessThreshold=0.06999999999999999	ThicknessThreshold=0.08	RoughnessThreshold=0.08	ThicknessThreshold=0.09	RoughnessThreshold=0.09	ThicknessThreshold=0.09999999999999999	RoughnessThreshold=0.09999999999999999	ThicknessThreshold=0.11	RoughnessThreshold=0.11	ThicknessThreshold=0.12	RoughnessThreshold=0.12	ThicknessThreshold=0.13	RoughnessThreshold=0.13	ThicknessThreshold=0.14	RoughnessThreshold=0.14	ThicknessThreshold=0.15000000000000002	RoughnessThreshold=0.15000000000000002	ThicknessThreshold=0.16	RoughnessThreshold=0.16	ThicknessThreshold=0.17	RoughnessThreshold=0.17	ThicknessThreshold=0.18000000000000002	RoughnessThreshold=0.18000000000000002	ThicknessThreshold=0.19	RoughnessThreshold=0.19	ThicknessThreshold=0.2	RoughnessThreshold=0.2	ThicknessThreshold=0.21000000000000002	RoughnessThreshold=0.21000000000000002	ThicknessThreshold=0.22	RoughnessThreshold=0.22	ThicknessThreshold=0.23	RoughnessThreshold=0.23	ThicknessThreshold=0.24000000000000002	RoughnessThreshold=0.24000000000000002	ThicknessThreshold=0.25	RoughnessThreshold=0.25	ThicknessThreshold=0.26	RoughnessThreshold=0.26	ThicknessThreshold=0.27	RoughnessThreshold=0.27	ThicknessThreshold=0.28	RoughnessThreshold=0.28	ThicknessThreshold=0.29000000000000004	RoughnessThreshold=0.29000000000000004
0	1	12	0	0	3265	15	3589	16	3853	10	4087	13	4290	16	4591	21	4662	47	4761	63	4771	100	4824	173	4845	290	4791	442	4667	697	4596	1002	4474	1321	4332	1742	4159	2124	3981	2570	3786	2980	3577	3339	3397	3733	3136	4014	2937	4290	2728	4602	2521	4669	2324	4791	2150	4824	1940	4827	1778	2717	2742	528.0	249.217282957677	548.567720413208	25	1	0.533106803894043	4.761904761904762	3.821656050955414			5.7444974224536836	0.01133058881293198	8.928749129266594	0.013293232083215633	11.083623392687628	0.019899309493960557	12.345567134873885	0.048634493078937524	13.09723706304381	0.08824664938503116	13.795486643228463	0.1423439300481258	13.717816683831103	0.3491049543192453	13.854615295076242	0.48150412717823293	13.69874813368554	0.7416196974191634	13.70220985059365	1.2345679012345678	13.626775418365911	1.9619782152763683	13.35507609968222	2.7942849917815145	12.985170139951588	4.111851808152911	12.697535639297161	5.487704693575771	12.3868324150724	6.695387734414597	12.018977332630469	8.143231114435302	11.58011972713351	9.192019734279654	11.187612410071942	10.304318190930596	10.77956836171061	11.156870086110072	10.295302786092563	11.787756831179836	9.919696306030078	12.455789122455789	9.385006733502918	12.777335667674677	8.9630126953125	13.09803682105456	8.51542015232863	13.556026864616472	8.098037326137932	13.501633845175096	7.70429305486491	13.585322973969264	7.358477650763229	13.528520949015649	6.889449199190311	13.356022246202373	6.570341081260855	5.393120149268545	5.404446546830653	12.34798877455566	5.566249456514017	9.900647790883621	7.002801120448179	4.761904761904762	3.7537043289446794	17.5123	1.6900000000000002	0.15399371987696725	20.877247107966088	-1.3351529560763287e-05	15.833415049311531	-1.911486697008332e-05	12.393543388181167	-9.625250497144188e-06	10.715305134377346	-9.721999426402034e-06	9.738074624763492	-8.864444908459832e-06	9.064359880271848	-7.997880561651163e-06	8.574602163189942	-7.1251388129722316e-06	8.189947749438685	-7.283040815201163e-06	7.873458748697515	-7.465631432441368e-06	7.604285861865083	-6.593979037740639e-06	7.374737454982129	-6.82305099548314e-06	7.181646056306154	-7.109072123906388e-06	7.008182502414824	-7.4397750212033585e-06	6.854178245723903	-7.828105246265667e-06	6.726521666290528	-4.153686396677051e-06	6.603696701629483	-7.379246018158849e-06	6.504203227685281	-7.935122438939232e-06	6.405691132158908	-5.141978599085071e-06	6.303311398735272	-5.5813330455846075e-06	6.220120390626117	-6.127801426552172e-06	6.1301228264924115	-6.74131550030673e-06	6.044896289571091	-1.2471222653726526e-05	5.948779512915457	-1.6654407172498023e-05	5.866199998750554	-1.5618118266638763e-05	5.7590176785519684	-3.5153338864125317e-06	5.65304465170713	0.0	5.55719515141569	-9.117349404181216e-06	5.44653562550916	-1.0444355087184254e-05	5.334082152735003	-1.8116707831852797e-05
1	1	25	0	0	3005	38	3236	27	3495	12	3670	17	3842	33	3987	66	4171	138	4243	190	4299	301	4425	402	4513	514	4555	635	4589	807	4539	1014	4520	1274	4466	1451	4390	1743	4353	2026	4292	2384	4226	2682	4087	2979	3960	3277	3892	3552	3819	3804	3660	3975	3552	4192	3370	4298	3202	4385	3037	2655	2676	537.0	307.6861291360152	570.0936632156372	21	1	0.5428171157836914	4.761904761904762	7.961783439490445			5.287048929394585	0.028704158326094346	8.050552293760573	0.02243232914042638	10.053792825705491	0.023879171392752672	11.08593867995771	0.06359895248784138	11.729506945504504	0.18200871435662677	11.980528261065537	0.4473666372941097	12.273061644843313	1.0250315680011886	12.347223838901176	1.4521553041883217	12.343516710692546	2.2322752892316817	12.568880304493552	2.8687647184757012	12.693010828294193	3.477437250524322	12.697218040921001	4.014413958781136	12.768147797779694	4.76078107486284	12.540059675102222	5.553425707870092	12.51418920789612	6.457171819564116	12.390755486502233	6.782909498878086	12.223305025755256	7.54316873674644	12.23302607913669	8.123170682811436	12.220260805193327	8.925496068888057	12.163251208841814	9.468332980300783	11.934588991093591	9.93993993993994	11.850965135418225	10.431322616584435	11.87744140625	10.844808109180839	11.920963915594955	11.20537292329445	11.756769779319649	11.49475145311009	11.775236200895076	11.886803153178699	11.533985899103293	12.053396152336083	11.371142441137824	12.133034503749204	11.222792949262777	5.27005299827309	5.274361400189215	12.558465855940131	6.872146781935248	10.289151835366999	5.88235294117647	4.761904761904762	3.8220764440805812	17.5123	1.6900000000000002	0.15399371987696725	20.877247107966088	-1.3351529560763287e-05	15.833415049311531	-1.911486697008332e-05	12.393543388181167	-9.625250497144188e-06	10.715305134377346	-9.721999426402034e-06	9.738074624763492	-8.864444908459832e-06	9.064359880271848	-7.997880561651163e-06	8.574602163189942	-7.1251388129722316e-06	8.189947749438685	-7.283040815201163e-06	7.873458748697515	-7.465631432441368e-06	7.604285861865083	-6.593979037740639e-06	7.374737454982129	-6.82305099548314e-06	7.181646056306154	-7.109072123906388e-06	7.008182502414824	-7.4397750212033585e-06	6.854178245723903	-7.828105246265667e-06	6.726521666290528	-4.153686396677051e-06	6.603696701629483	-7.379246018158849e-06	6.504203227685281	-7.935122438939232e-06	6.405691132158908	-5.141978599085071e-06	6.303311398735272	-5.5813330455846075e-06	6.220120390626117	-6.127801426552172e-06	6.1301228264924115	-6.74131550030673e-06	6.044896289571091	-1.2471222653726526e-05	5.948779512915457	-1.6654407172498023e-05	5.866199998750554	-1.5618118266638763e-05	5.7590176785519684	-3.5153338864125317e-06	5.65304465170713	0.0	5.55719515141569	-9.117349404181216e-06	5.44653562550916	-1.0444355087184254e-05	5.334082152735003	-1.8116707831852797e-05
2	1	34	0	0	3144	48	3343	26	3572	20	3814	40	4019	94	4176	171	4277	271	4351	375	4446	494	4561	634	4616	788	4690	1019	4653	1223	4721	1453	4708	1686	4660	2020	4631	2311	4612	2650	4580	2978	4533	3257	4432	3512	4254	3827	4151	4065	4012	4245	3847	4342	3653	4457	3561	4559	3409	4678	3265	2918	2941	535.0	344.55597750924494	580.3533048629761	23	1	0.5499029159545898	4.761904761904762	10.828025477707007			5.531607931453103	0.03625788420138233	8.316747935117922	0.021601502135225405	10.275292696257516	0.039798618987921114	11.520918290288476	0.14964459408903852	12.269882460693024	0.518449065137058	12.548453979987379	1.1590862875347387	12.58496395468589	2.0129243110747974	12.661506227447328	2.8660959951085294	12.76559090387045	3.6636013052506673	12.955178094642958	4.524370227645758	12.982702854732105	5.331168391854408	13.073535150805599	6.442028069288153	12.946217411869455	7.214913574420388	13.042877666040448	7.957719480803988	13.03469088291481	8.545362392295996	12.929001470465831	9.44278234854151	12.894333843797856	10.001298307872073	12.96088129496403	10.625075177418708	13.04025966630602	11.149382253837514	13.046857011282523	11.498270140506955	12.942035333625345	11.718385051718386	12.730809516684124	12.182078624860736	12.6678466796875	12.411076847922327	12.523411162442253	12.504418522446095	12.3574571970062	12.556027876579625	12.110061329355213	12.638235127318096	12.18769251831063	12.785349711144764	12.106253773216379	12.943748097728342	12.065333875318725	5.792095912979614	5.796672973825292	12.511693171188027	7.695632099781751	10.474319672684276	6.442577030812324	4.761904761904762	3.871968883233965	17.5123	1.6900000000000002	0.15399371987696725	20.877247107966088	-1.3351529560763287e-05	15.833415049311531	-1.911486697008332e-05	12.393543388181167	-9.625250497144188e-06	10.715305134377346	-9.721999426402034e-06	9.738074624763492	-8.864444908459832e-06	9.064359880271848	-7.997880561651163e-06	8.574602163189942	-7.1251388129722316e-06	8.189947749438685	-7.283040815201163e-06	7.873458748697515	-7.465631432441368e-06	7.604285861865083	-6.593979037740639e-06	7.374737454982129	-6.82305099548314e-06	7.181646056306154	-7.109072123906388e-06	7.008182502414824	-7.4397750212033585e-06	6.854178245723903	-7.828105246265667e-06	6.726521666290528	-4.153686396677051e-06	6.603696701629483	-7.379246018158849e-06	6.504203227685281	-7.935122438939232e-06	6.405691132158908	-5.141978599085071e-06	6.303311398735272	-5.5813330455846075e-06	6.220120390626117	-6.127801426552172e-06	6.1301228264924115	-6.74131550030673e-06	6.044896289571091	-1.2471222653726526e-05	5.948779512915457	-1.6654407172498023e-05	5.866199998750554	-1.5618118266638763e-05	5.7590176785519684	-3.5153338864125317e-06	5.65304465170713	0.0	5.55719515141569	-9.117349404181216e-06	5.44653562550916	-1.0444355087184254e-05	5.334082152735003	-1.8116707831852797e-05
3	1	34	0	0	2893	51	3147	38	3423	24	3609	64	3732	151	3917	261	4055	344	4176	449	4246	581	4313	696	4364	841	4442	955	4459	1163	4502	1371	4511	1581	4530	1843	4538	2145	4530	2404	4487	2678	4436	2970	4387	3291	4284	3599	4185	3728	4094	3955	3963	4164	3821	4213	3667	4323	3510	4390	3335	2800	2823	514.0	345.0865213180288	562.9916620254517	23	1	0.5519466400146484	4.761904761904762	10.828025477707007			5.089994193922973	0.03852400196396873	7.829137227584834	0.03157142619763713	9.846676063630872	0.047758342785505344	10.901676483914818	0.23943135054246165	11.393680354144406	0.8328277535712316	11.770185402205595	1.7691317020267063	11.931734588789173	2.5551511550174553	12.152252357117915	3.431672271476613	12.191340300907317	4.30881044200534	12.250752712605806	4.966816527510169	12.273941780340317	5.689736824301468	12.382226682276858	6.037425717536983	12.406443894159873	6.860952156214973	12.437838435186208	7.50862588312613	12.489271574517566	8.01317790167258	12.568321171933524	8.615370231862379	12.635389113183907	9.282901285324794	12.730440647482014	9.638747443967764	12.775468367405047	10.02620741295395	12.767672116048814	10.485066723151874	12.810629288947291	10.98098098098098	12.820589555588807	11.45631067961165	12.7716064453125	11.382163465942051	12.779373205144212	11.650170849534582	12.73007612990267	12.04129435239004	12.666998176694847	11.946350592638803	12.55048257923198	12.123506646474844	12.464931283071131	12.146869206718131	12.324008721037655	5.5578713352785885	5.564096499526963	12.020579981290926	7.707481756243182	10.160973654664899	6.442577030812324	4.761904761904762	3.8863591251055265	17.5123	1.6900000000000002	0.15399371987696725	20.877247107966088	-1.3351529560763287e-05	15.833415049311531	-1.911486697008332e-05	12.393543388181167	-9.625250497144188e-06	10.715305134377346	-9.721999426402034e-06	9.738074624763492	-8.864444908459832e-06	9.064359880271848	-7.997880561651163e-06	8.574602163189942	-7.1251388129722316e-06	8.189947749438685	-7.283040815201163e-06	7.873458748697515	-7.465631432441368e-06	7.604285861865083	-6.593979037740639e-06	7.374737454982129	-6.82305099548314e-06	7.181646056306154	-7.109072123906388e-06	7.008182502414824	-7.4397750212033585e-06	6.854178245723903	-7.828105246265667e-06	6.726521666290528	-4.153686396677051e-06	6.603696701629483	-7.379246018158849e-06	6.504203227685281	-7.935122438939232e-06	6.405691132158908	-5.141978599085071e-06	6.303311398735272	-5.5813330455846075e-06	6.220120390626117	-6.127801426552172e-06	6.1301228264924115	-6.74131550030673e-06	6.044896289571091	-1.2471222653726526e-05	5.948779512915457	-1.6654407172498023e-05	5.866199998750554	-1.5618118266638763e-05	5.7590176785519684	-3.5153338864125317e-06	5.65304465170713	0.0	5.55719515141569	-9.117349404181216e-06	5.44653562550916	-1.0444355087184254e-05	5.334082152735003	-1.8116707831852797e-05
4	1	38	0	0	2160	136	2319	245	2478	362	2608	445	2724	501	2864	615	3052	714	3103	765	3233	949	3265	1103	3305	1240	3356	1398	3361	1547	3392	1750	3421	1881	3467	2086	3510	2242	3473	2430	3451	2608	3417	2754	3401	2946	3389	3070	3318	3196	3256	3265	3178	3315	3062	3368	2938	3371	2894	3420	2769	2975	2997	422.0	360.1662554699968	499.7536573410034	22	1	0.5740766525268555	4.761904761904762	12.101910828025478			3.800341326952513	0.1027306719039166	5.769230769230769	0.2035526162742394	7.128268561401491	0.7203550036813723	7.877964053768313	1.6647961092405537	8.316287589680964	2.7632232088687885	8.60602782535533	4.168643665695113	8.980432543769309	5.3034241996583225	9.02979862646956	5.8468358300214005	9.282760996899047	7.037970928507861	9.273987388513321	7.8712623992007416	9.295457741527212	8.389148230836884	9.354964598316329	8.83803262106461	9.35143707743246	9.126305232729633	9.371201237705824	9.584314584588423	9.471469309781554	9.533705017739482	9.619066115473185	9.75130890052356	9.773075316720034	9.70268749729519	9.760004496402876	9.7429934645764	9.825750242013553	9.764133283414452	9.834791618696753	9.722516416013557	9.931376843334794	9.82982982982983	10.142151728265748	9.772401718924081	10.125732421875	9.75788477391384	10.163565988263205	9.617650524331331	10.208473868491215	9.586188947688038	10.15083706282115	9.550275052458458	10.055445273461565	9.453699029670762	10.277353599204517	9.462936830746244	10.232437825653154	5.9052382937335	5.9070482497634815	9.869036482694106	8.044286495591948	9.019642898076881	6.162464985994398	4.761904761904762	4.042180666229924	17.5123	1.6900000000000002	0.15399371987696725	20.877247107966088	-1.3351529560763287e-05	15.833415049311531	-1.911486697008332e-05	12.393543388181167	-9.625250497144188e-06	10.715305134377346	-9.721999426402034e-06	9.738074624763492	-8.864444908459832e-06	9.064359880271848	-7.997880561651163e-06	8.574602163189942	-7.1251388129722316e-06	8.189947749438685	-7.283040815201163e-06	7.873458748697515	-7.465631432441368e-06	7.604285861865083	-6.593979037740639e-06	7.374737454982129	-6.82305099548314e-06	7.181646056306154	-7.109072123906388e-06	7.008182502414824	-7.4397750212033585e-06	6.854178245723903	-7.828105246265667e-06	6.726521666290528	-4.153686396677051e-06	6.603696701629483	-7.379246018158849e-06	6.504203227685281	-7.935122438939232e-06	6.405691132158908	-5.141978599085071e-06	6.303311398735272	-5.5813330455846075e-06	6.220120390626117	-6.127801426552172e-06	6.1301228264924115	-6.74131550030673e-06	6.044896289571091	-1.2471222653726526e-05	5.948779512915457	-1.6654407172498023e-05	5.866199998750554	-1.5618118266638763e-05	5.7590176785519684	-3.5153338864125317e-06	5.65304465170713	0.0	5.55719515141569	-9.117349404181216e-06	5.44653562550916	-1.0444355087184254e-05	5.334082152735003	-1.8116707831852797e-05
5	1	32	0	0	1999	292	2060	496	2122	474	2178	528	2249	602	2337	742	2467	889	2486	1037	2586	1209	2635	1330	2683	1479	2720	1663	2756	1786	2833	1906	2878	1999	2965	2071	2972	2130	2993	2205	2935	2315	2931	2446	2894	2509	2825	2595	2808	2652	2733	2681	2685	2751	2610	2838	2542	2877	2456	2960	2349	2980	3003	357.0	355.2471820686176	454.98930740356445	23	1	0.5949726104736328	4.761904761904762	10.191082802547772			3.5170751447120714	0.2205687955584092	5.124888048562045	0.4120901945796846	6.104191237810316	0.9432272700137306	6.579066606252831	1.9753086419753085	6.866127308807815	3.3202801831117976	7.02244658793834	5.029485528367112	7.259084890392821	6.603283072123597	7.2343149807938545	7.925710791806787	7.425060296313311	8.966182141797686	7.4845196841447486	9.491186755155926	7.546055407115736	10.006088897909478	7.582092880637788	10.513339233784297	7.668122756740213	10.536251548581205	7.826831694109846	10.438687770414589	7.96810542927545	10.131779016725798	8.2262852703715	9.68118922961855	8.275093971878045	9.217985891721124	8.411083633093524	8.840864440078585	8.35658561585331	8.667165855484837	8.435988947731984	8.635176163242251	8.450868739962038	8.371705038371704	8.454286996857698	8.260385166321822	8.5693359375	8.09696821665191	8.531027593956798	7.897372451985389	8.624843403681218	7.955235533963738	8.652411735454997	8.047411104179664	8.700116366623314	8.06831566548881	8.721900635675983	8.190144157604937	8.680388751339565	5.9151630639750685	5.91887417218543	8.3489242282507	7.934419357478458	8.21172794824241	6.442577030812324	4.761904761904762	4.189312999243354	17.5123	1.6900000000000002	0.15399371987696725	20.877247107966088	-1.3351529560763287e-05	15.833415049311531	-1.911486697008332e-05	12.393543388181167	-9.625250497144188e-06	10.715305134377346	-9.721999426402034e-06	9.738074624763492	-8.864444908459832e-06	9.064359880271848	-7.997880561651163e-06	8.574602163189942	-7.1251388129722316e-06	8.189947749438685	-7.283040815201163e-06	7.873458748697515	-7.465631432441368e-06	7.604285861865083	-6.593979037740639e-06	7.374737454982129	-6.82305099548314e-06	7.181646056306154	-7.109072123906388e-06	7.008182502414824	-7.4397750212033585e-06	6.854178245723903	-7.828105246265667e-06	6.726521666290528	-4.153686396677051e-06	6.603696701629483	-7.379246018158849e-06	6.504203227685281	-7.935122438939232e-06	6.405691132158908	-5.141978599085071e-06	6.303311398735272	-5.5813330455846075e-06	6.220120390626117	-6.127801426552172e-06	6.1301228264924115	-6.74131550030673e-06	6.044896289571091	-1.2471222653726526e-05	5.948779512915457	-1.6654407172498023e-05	5.866199998750554	-1.5618118266638763e-05	5.7590176785519684	-3.5153338864125317e-06	5.65304465170713	0.0	5.55719515141569	-9.117349404181216e-06	5.44653562550916	-1.0444355087184254e-05	5.334082152735003	-1.8116707831852797e-05
6	1	34	0	0	1510	963	1552	1161	1581	931	1652	824	1714	912	1774	990	1878	1073	1939	1145	1992	1212	2013	1317	2012	1408	2084	1478	2149	1534	2209	1557	2212	1592	2219	1671	2257	1783	2250	1871	2239	1942	2256	1995	2244	2024	2242	2060	2205	2118	2177	2192	2131	2208	2098	2220	2064	2271	2001	2258	1952	2934	2954	260.0	340.8339903157715	383.91141414642334	20	1	0.6242208480834961	4.761904761904762	10.828025477707007			2.656720094304766	0.727423801790233	3.861080704547716	0.9645901530383343	4.547938900555188	1.8526257138877282	4.990182751850174	3.082678638234194	5.232788887192795	5.030059014946777	5.330689023107666	6.710499559411645	5.525967338531705	7.9699918294585155	5.642532883249913	8.751146438398044	5.719536005512806	8.98843073272026	5.717775379196728	9.39841575679726	5.658838419350302	9.525742507272849	5.809221162959246	9.343785560753572	5.9792437606076625	9.04961359211846	6.1028842966073595	8.5273016046881	6.124200559262438	8.068930562595034	6.156535249563023	7.811331338818251	6.284282333286928	7.7162764530228936	6.32306654676259	7.501704021490719	6.3749217014976365	7.270685136652939	6.493207460280911	7.04299936454141	6.552781427945685	6.75342008675342	6.709561574143348	6.557377049180328	6.7291259765625	6.466583213751412	6.795480084904483	6.456934134558737	6.8452667758825605	6.385009109048322	6.955080391181834	6.295015028639483	7.0641385447327	6.368837287565203	7.106076210092688	6.24775186076755	7.213332840619341	5.823855177752635	5.822295805739515	6.080449017773621	7.612501792978983	6.928901488225948	5.602240896358544	4.761904761904762	4.3952552894715	17.5123	1.6900000000000002	0.15399371987696725	20.877247107966088	-1.3351529560763287e-05	15.833415049311531	-1.911486697008332e-05	12.393543388181167	-9.625250497144188e-06	10.715305134377346	-9.721999426402034e-06	9.738074624763492	-8.864444908459832e-06	9.064359880271848	-7.997880561651163e-06	8.574602163189942	-7.1251388129722316e-06	8.189947749438685	-7.283040815201163e-06	7.873458748697515	-7.465631432441368e-06	7.604285861865083	-6.593979037740639e-06	7.374737454982129	-6.82305099548314e-06	7.181646056306154	-7.109072123906388e-06	7.008182502414824	-7.4397750212033585e-06	6.854178245723903	-7.828105246265667e-06	6.726521666290528	-4.153686396677051e-06	6.603696701629483	-7.379246018158849e-06	6.504203227685281	-7.935122438939232e-06	6.405691132158908	-5.141978599085071e-06	6.303311398735272	-5.5813330455846075e-06	6.220120390626117	-6.127801426552172e-06	6.1301228264924115	-6.74131550030673e-06	6.044896289571091	-1.2471222653726526e-05	5.948779512915457	-1.6654407172498023e-05	5.866199998750554	-1.5618118266638763e-05	5.7590176785519684	-3.5153338864125317e-06	5.65304465170713	0.0	5.55719515141569	-9.117349404181216e-06	5.44653562550916	-1.0444355087184254e-05	5.334082152735003	-1.8116707831852797e-05
7	1	21	0	0	1254	1530	1308	1861	1338	1240	1368	1111	1453	1096	1507	1138	1562	1196	1614	1172	1633	1161	1630	1157	1701	1216	1732	1300	1764	1344	1841	1372	1880	1475	1879	1528	1894	1577	1875	1634	1814	1627	1833	1676	1863	1751	1878	1748	1859	1855	1815	1882	1816	1871	1824	1888	1795	1834	1739	1827	1684	2853	2872	198.0	319.09714826670444	330.7287664413452	19	1	0.6497154235839844	4.761904761904762	6.687898089171974			2.2063092703696534	1.155720058919062	3.254055129863668	1.5461690566790183	3.848919828553347	2.4675143772511094	4.132306298142274	4.156378600823045	4.435963974965654	6.044895482874635	4.528381261456174	7.71368535213177	4.596145358246285	8.883606922676966	4.696775695495286	8.957505350045858	4.6887561731939815	8.610204687036488	4.629892631937738	8.256618853921358	4.784137252144565	8.226777619917462	4.828009143112003	8.218485269945631	4.908043738348961	7.928735767801309	5.086197369875125	7.5141026343173225	5.205016750186883	7.475924987328941	5.213217545709291	7.142857142857142	5.273562578309898	6.8247717141991595	5.269222122302159	6.551461449019687	5.164853937702865	6.091351553725197	5.275731061478241	5.916825531313987	5.440210249671485	5.842509175842509	5.6202304354331885	5.5642209135763165	5.6732177734375	5.663603334045737	5.665501311025096	5.543772829032638	5.833413639137837	5.410485526734334	6.046742913973148	5.353598366698804	6.14347320145116	5.143305850019631	6.175645441954615	5.05520046484602	6.2229777170097185	5.663073899839219	5.660674865972879	4.630495790458372	7.127011044480221	5.969051602931922	5.322128851540616	4.761904761904762	4.574767345445578	17.5123	1.6900000000000002	0.15399371987696725	20.877247107966088	-1.3351529560763287e-05	15.833415049311531	-1.911486697008332e-05	12.393543388181167	-9.625250497144188e-06	10.715305134377346	-9.721999426402034e-06	9.738074624763492	-8.864444908459832e-06	9.064359880271848	-7.997880561651163e-06	8.574602163189942	-7.1251388129722316e-06	8.189947749438685	-7.283040815201163e-06	7.873458748697515	-7.465631432441368e-06	7.604285861865083	-6.593979037740639e-06	7.374737454982129	-6.82305099548314e-06	7.181646056306154	-7.109072123906388e-06	7.008182502414824	-7.4397750212033585e-06	6.854178245723903	-7.828105246265667e-06	6.726521666290528	-4.153686396677051e-06	6.603696701629483	-7.379246018158849e-06	6.504203227685281	-7.935122438939232e-06	6.405691132158908	-5.141978599085071e-06	6.303311398735272	-5.5813330455846075e-06	6.220120390626117	-6.127801426552172e-06	6.1301228264924115	-6.74131550030673e-06	6.044896289571091	-1.2471222653726526e-05	5.948779512915457	-1.6654407172498023e-05	5.866199998750554	-1.5618118266638763e-05	5.7590176785519684	-3.5153338864125317e-06	5.65304465170713	0.0	5.55719515141569	-9.117349404181216e-06	5.44653562550916	-1.0444355087184254e-05	5.334082152735003	-1.8116707831852797e-05
8	1	21	0	0	1126	1956	1128	2482	1187	1607	1202	1317	1220	1242	1287	1174	1320	1078	1370	1090	1417	1111	1451	1117	1501	1143	1509	1183	1525	1209	1540	1212	1564	1287	1602	1318	1635	1383	1646	1442	1648	1482	1655	1513	1694	1536	1654	1537	1663	1561	1650	1606	1655	1630	1637	1645	1604	1642	1590	1683	1551	2732	2750	161.0	300.2455752685431	292.9602642059326	18	1	0.6690311431884766	4.761904761904762	6.687898089171974			1.9811038584020975	1.47750878120633	2.806249378047567	2.0621126269088252	3.414549952535742	3.197819035679462	3.630871469566531	4.927048260381594	3.7246221950847196	6.850146158513044	3.8673037050392143	7.9577035179285565	3.8840664999264383	8.007130654386096	3.9867302991502735	8.330785692448792	4.068565521993798	8.239394838326906	4.121456569902858	7.971169628202383	4.221628462944733	7.732900345037548	4.206389028265596	7.478821595650524	4.24306502323252	7.132322576839124	4.254613769477291	6.637822443726382	4.330130956006534	6.523061327927014	4.444691063451988	6.161181750186985	4.552415425309759	5.985199290258363	4.625674460431655	5.781644681448218	4.692215705255965	5.548483713964807	4.763412387750403	5.341382475464237	4.946707548547233	5.125125125125125	4.949872811611552	4.892567244946681	5.0750732421875	4.765975635819619	5.150455737295542	4.730764698951337	5.316244258134978	4.7135710361181	5.426819161279629	4.664549424374751	5.489766582243822	4.6048572550339335	5.646507333357008	4.656761019340914	5.731495510143749	5.422894459993252	5.4202144433932515	3.7652011225444344	6.70596256537747	5.287398956763903	5.042016806722689	4.761904761904762	4.710772925877966	17.5123	1.6900000000000002	0.15399371987696725	20.877247107966088	-1.3351529560763287e-05	15.833415049311531	-1.911486697008332e-05	12.393543388181167	-9.625250497144188e-06	10.715305134377346	-9.721999426402034e-06	9.738074624763492	-8.864444908459832e-06	9.064359880271848	-7.997880561651163e-06	8.574602163189942	-7.1251388129722316e-06	8.189947749438685	-7.283040815201163e-06	7.873458748697515	-7.465631432441368e-06	7.604285861865083	-6.593979037740639e-06	7.374737454982129	-6.82305099548314e-06	7.181646056306154	-7.109072123906388e-06	7.008182502414824	-7.4397750212033585e-06	6.854178245723903	-7.828105246265667e-06	6.726521666290528	-4.153686396677051e-06	6.603696701629483	-7.379246018158849e-06	6.504203227685281	-7.935122438939232e-06	6.405691132158908	-5.141978599085071e-06	6.303311398735272	-5.5813330455846075e-06	6.220120390626117	-6.127801426552172e-06	6.1301228264924115	-6.74131550030673e-06	6.044896289571091	-1.2471222653726526e-05	5.948779512915457	-1.6654407172498023e-05	5.866199998750554	-1.5618118266638763e-05	5.7590176785519684	-3.5153338864125317e-06	5.65304465170713	0.0	5.55719515141569	-9.117349404181216e-06	5.44653562550916	-1.0444355087184254e-05	5.334082152735003	-1.8116707831852797e-05
9	1	14	0	0	1082	2102	1110	2812	1111	1945	1122	1439	1161	1257	1182	1105	1236	1035	1261	1042	1296	1083	1351	1083	1397	1100	1408	1114	1406	1114	1436	1176	1468	1208	1473	1262	1486	1278	1486	1338	1529	1395	1572	1408	1554	1422	1560	1438	1585	1467	1575	1479	1548	1479	1553	1528	1534	1570	1521	1557	1498	2653	2669	145.0	287.317038890779	273.1347312927246	16	1	0.6798009872436523	4.761904761904762	4.45859872611465			1.9036894980382497	1.5877931789855346	2.761468802865957	2.3362855386251473	3.1959267036791994	3.8704156965753285	3.3892161304938826	5.383464272353161	3.5444970233552127	6.932877392311511	3.551789416749301	7.490002033484715	3.636898631749301	7.687736760008914	3.6695378884879526	7.963925405074901	3.7211439072011028	8.031741323049541	3.837414077145941	7.728537786341255	3.9291238925608214	7.4419863338069145	3.9248480793889726	7.042609685168795	3.911966834534376	6.57188366468055	3.967289203226876	6.44065940084342	4.064342866635289	6.122655854029397	4.086785228754543	5.899401645474944	4.137546985939022	5.530791535032674	4.17603417266187	5.364660599013672	4.3533967313934285	5.222763010108573	4.524522219663827	4.970698298383111	4.537888742882172	4.744744744744745	4.668562023043544	4.577431163456947	4.8370361328125	4.478979024822154	4.916344112873018	4.35666313184871	4.972535414859786	4.276915068968509	5.148350737609813	4.33278511881132	5.25018824012595	4.402939031914297	5.401470222664157	4.308126504523948	5.535641698385129	5.266083090176463	5.260564490696941	3.3910196445275957	6.417204668123319	4.929584212410386	4.481792717086835	4.761904761904762	4.7866054043919855	17.5123	1.6900000000000002	0.15399371987696725	20.877247107966088	-1.3351529560763287e-05	15.833415049311531	-1.911486697008332e-05	12.393543388181167	-9.625250497144188e-06	10.715305134377346	-9.721999426402034e-06	9.738074624763492	-8.864444908459832e-06	9.064359880271848	-7.997880561651163e-06	8.574602163189942	-7.1251388129722316e-06	8.189947749438685	-7.283040815201163e-06	7.873458748697515	-7.465631432441368e-06	7.604285861865083	-6.593979037740639e-06	7.374737454982129	-6.82305099548314e-06	7.181646056306154	-7.109072123906388e-06	7.008182502414824	-7.4397750212033585e-06	6.854178245723903	-7.828105246265667e-06	6.726521666290528	-4.153686396677051e-06	6.603696701629483	-7.379246018158849e-06	6.504203227685281	-7.935122438939232e-06	6.405691132158908	-5.141978599085071e-06	6.303311398735272	-5.5813330455846075e-06	6.220120390626117	-6.127801426552172e-06	6.1301228264924115	-6.74131550030673e-06	6.044896289571091	-1.2471222653726526e-05	5.948779512915457	-1.6654407172498023e-05	5.866199998750554	-1.5618118266638763e-05	5.7590176785519684	-3.5153338864125317e-06	5.65304465170713	0.0	5.55719515141569	-9.117349404181216e-06	5.44653562550916	-1.0444355087184254e-05	5.334082152735003	-1.8116707831852797e-05
10	1	13	0	0	951	3358	995	3921	975	2594	997	1698	1004	1298	1002	1062	1035	1004	1054	950	1063	950	1105	995	1101	972	1114	1020	1132	993	1169	1004	1166	1053	1200	1073	1226	1078	1243	1103	1261	1115	1267	1134	1294	1163	1279	1164	1288	1195	1303	1250	1295	1271	1268	1276	1269	1284	1243	1298	1236	2460	2477	111.0	260.9932108920117	227.34873294830322	17	1	0.7079448699951172	4.761904761904762	4.140127388535031			1.6732058342277039	2.536541148921706	2.475370683650114	3.257672687393031	2.8047061530938064	5.161880882733369	3.011629663192871	6.352413019079687	3.0651808884139826	7.159009431360654	3.01090777968088	7.1985358910052195	3.045461232896866	7.457476045457921	3.0671633104411593	7.260776520941609	3.0521419547490525	7.045387125482053	3.138669544963927	7.1005494897595085	3.096610884545071	6.576009742236655	3.105313040084741	6.448349981034266	3.149606299212598	5.858061471299628	3.2296386341032157	5.498658195958157	3.2282178354882474	5.33705017739483	3.329356601836695	5.015893792071802	3.4136154809967976	4.665252953650409	3.493142985611511	4.422436951204843	3.5903422356357835	4.1744664919505805	3.646672806815565	4.00338911247617	3.7786538180756315	3.8805472138805475	3.8276223253030075	3.705236352061117	3.9306640625	3.648520746191189	4.067299288300662	3.6821020384116885	4.159840673283865	3.675428703623377	4.203547157301508	3.6182158452900812	4.3432130878225745	3.6008749789668517	4.414219254945133	3.591488890733516	4.567458704408558	4.882986958851903	4.882134973194576	2.5958840037418147	5.8292639300149185	4.103230370407725	4.761904761904762	4.761904761904762	4.984771726310626	17.5123	1.6900000000000002	0.15399371987696725	20.877247107966088	-1.3351529560763287e-05	15.833415049311531	-1.911486697008332e-05	12.393543388181167	-9.625250497144188e-06	10.715305134377346	-9.721999426402034e-06	9.738074624763492	-8.864444908459832e-06	9.064359880271848	-7.997880561651163e-06	8.574602163189942	-7.1251388129722316e-06	8.189947749438685	-7.283040815201163e-06	7.873458748697515	-7.465631432441368e-06	7.604285861865083	-6.593979037740639e-06	7.374737454982129	-6.82305099548314e-06	7.181646056306154	-7.109072123906388e-06	7.008182502414824	-7.4397750212033585e-06	6.854178245723903	-7.828105246265667e-06	6.726521666290528	-4.153686396677051e-06	6.603696701629483	-7.379246018158849e-06	6.504203227685281	-7.935122438939232e-06	6.405691132158908	-5.141978599085071e-06	6.303311398735272	-5.5813330455846075e-06	6.220120390626117	-6.127801426552172e-06	6.1301228264924115	-6.74131550030673e-06	6.044896289571091	-1.2471222653726526e-05	5.948779512915457	-1.6654407172498023e-05	5.866199998750554	-1.5618118266638763e-05	5.7590176785519684	-3.5153338864125317e-06	5.65304465170713	0.0	5.55719515141569	-9.117349404181216e-06	5.44653562550916	-1.0444355087184254e-05	5.334082152735003	-1.8116707831852797e-05
11	1	10	0	0	889	5064	884	6228	829	3158	819	1840	828	1323	837	1074	834	913	874	891	906	844	894	815	891	824	915	837	929	861	965	898	955	905	958	894	959	911	956	929	936	961	907	955	919	958	904	959	905	956	923	927	902	907	898	909	895	901	881	919	876	2338	2353	82.0	210.61451515160547	168.37677192687988	15	1	0.7437648773193359	4.761904761904762	3.1847133757961785			1.5641219628059186	3.825206783245836	2.1992238033635187	5.1743905883916845	2.384719385553606	6.284201938192744	2.4739465337562305	6.883651328095773	2.5278583422378262	7.296894821024765	2.51509961236816	7.2798752796041475	2.4540238340444316	6.781549431775978	2.5433593295309045	6.809844084377866	2.601355231422993	6.259270246217739	2.539339885246833	5.81602797402412	2.5059766558852483	5.574724308233543	2.5505937447733733	5.291440131495764	2.584791742021647	5.079346351247714	2.6660404464581724	4.918122569691659	2.644037764057698	4.586923466801824	2.657936353799628	4.179132385938669	2.670193512459975	3.9425282381962177	2.6866007194244603	3.7247905055932	2.664996298616252	3.5979034069636837	2.610522680174994	3.371460848690249	2.683603445758505	3.1965298631965298	2.7053718389944637	3.052681839885405	2.7618408203125	2.9188165969529507	2.88113372455987	2.7306468716861083	2.8974334264880666	2.6228275642693966	2.9769600530416045	2.5775534509158966	3.0631802313642273	2.5267822087610075	3.1286622394261157	2.54281840568883	3.2371309264254835	4.640822564957621	4.637732576474298	1.9176800748362957	4.704059512179486	3.038893928644367	4.201680672268908	4.761904761904762	5.236987071479011	17.5123	1.6900000000000002	0.15399371987696725	20.877247107966088	-1.3351529560763287e-05	15.833415049311531	-1.911486697008332e-05	12.393543388181167	-9.625250497144188e-06	10.715305134377346	-9.721999426402034e-06	9.738074624763492	-8.864444908459832e-06	9.064359880271848	-7.997880561651163e-06	8.574602163189942	-7.1251388129722316e-06	8.189947749438685	-7.283040815201163e-06	7.873458748697515	-7.465631432441368e-06	7.604285861865083	-6.593979037740639e-06	7.374737454982129	-6.82305099548314e-06	7.181646056306154	-7.109072123906388e-06	7.008182502414824	-7.4397750212033585e-06	6.854178245723903	-7.828105246265667e-06	6.726521666290528	-4.153686396677051e-06	6.603696701629483	-7.379246018158849e-06	6.504203227685281	-7.935122438939232e-06	6.405691132158908	-5.141978599085071e-06	6.303311398735272	-5.5813330455846075e-06	6.220120390626117	-6.127801426552172e-06	6.1301228264924115	-6.74131550030673e-06	6.044896289571091	-1.2471222653726526e-05	5.948779512915457	-1.6654407172498023e-05	5.866199998750554	-1.5618118266638763e-05	5.7590176785519684	-3.5153338864125317e-06	5.65304465170713	0.0	5.55719515141569	-9.117349404181216e-06	5.44653562550916	-1.0444355087184254e-05	5.334082152735003	-1.8116707831852797e-05
12	1	8	0	0	1034	5721	871	7843	839	3887	793	2051	765	1403	759	1073	750	907	721	830	739	803	735	767	738	751	754	755	776	743	767	733	744	746	746	758	747	771	743	785	752	751	752	749	729	749	718	740	710	751	721	752	721	728	678	714	672	712	659	732	642	2183	2197	70.0	180.12678680818746	137.90648555755615	14	1	0.7615041732788086	4.761904761904762	2.547770700636943			1.819237468550416	4.3214865732522565	2.166882276843467	6.516176201791263	2.4134856025084144	7.73486160030247	2.3954085485576195	7.673026561915451	2.3355212944588613	7.73812806794992	2.2807175696385107	7.273096997220904	2.2068559658672946	6.736982841862884	2.0981259457571877	6.343625802506879	2.1218559779487767	5.955206170275883	2.0877123217633358	5.47348890316135	2.0756574321473775	5.0808470333536295	2.1018007470591513	4.773043368314578	2.1590940708383184	4.383222228777063	2.119018676096806	4.01445862314475	2.059857692627149	3.7810440952863655	2.0697500208084785	3.5433807030665667	2.079910900737853	3.3366512312286325	2.088017086330935	3.1474279299145986	2.1411081373498093	2.811681018345189	2.164402486760304	2.6442137965120383	2.128777923784494	2.4991658324991657	2.1487355977854254	2.3555626293172054	2.166748046875	2.2929197325435835	2.25059308278187	2.215152586308472	2.316019401882368	2.105202278707961	2.2476379910492295	2.0246129416435092	2.299952084331576	1.9967468730719615	2.3402819702404205	2.0254005146509506	2.3724178707364842	4.333154687468985	4.330258593503626	1.637043966323667	4.023118369944512	2.4889607805495437	3.9215686274509802	4.761904761904762	5.3618927593245145	17.5123	1.6900000000000002	0.15399371987696725	20.877247107966088	-1.3351529560763287e-05	15.833415049311531	-1.911486697008332e-05	12.393543388181167	-9.625250497144188e-06	10.715305134377346	-9.721999426402034e-06	9.738074624763492	-8.864444908459832e-06	9.064359880271848	-7.997880561651163e-06	8.574602163189942	-7.1251388129722316e-06	8.189947749438685	-7.283040815201163e-06	7.873458748697515	-7.465631432441368e-06	7.604285861865083	-6.593979037740639e-06	7.374737454982129	-6.82305099548314e-06	7.181646056306154	-7.109072123906388e-06	7.008182502414824	-7.4397750212033585e-06	6.854178245723903	-7.828105246265667e-06	6.726521666290528	-4.153686396677051e-06	6.603696701629483	-7.379246018158849e-06	6.504203227685281	-7.935122438939232e-06	6.405691132158908	-5.141978599085071e-06	6.303311398735272	-5.5813330455846075e-06	6.220120390626117	-6.127801426552172e-06	6.1301228264924115	-6.74131550030673e-06	6.044896289571091	-1.2471222653726526e-05	5.948779512915457	-1.6654407172498023e-05	5.866199998750554	-1.5618118266638763e-05	5.7590176785519684	-3.5153338864125317e-06	5.65304465170713	0.0	5.55719515141569	-9.117349404181216e-06	5.44653562550916	-1.0444355087184254e-05	5.334082152735003	-1.8116707831852797e-05
13	1	6	0	0	1326	9570	1009	8473	800	3784	711	1870	654	1199	654	924	645	770	605	719	582	671	563	631	516	616	522	604	540	570	524	524	512	516	497	542	494	530	481	512	480	499	461	490	455	479	442	481	419	454	416	440	428	434	403	424	385	412	384	423	377	2157	2171	58.0	139.21199848218149	102.84763813018799	14	1	0.7778415679931641	4.761904761904762	1.910828025477707			2.3329873146014037	7.228915662650602	2.5102000199024777	7.039597215067879	2.3012973563846617	7.529898712514675	2.1477118260081562	6.995884773662551	1.9966417340863991	6.612983288290773	1.9652032813485982	6.263132922117536	1.8978961306458733	5.719379038847211	1.7605633802816902	5.495261387954754	1.6710692546227173	4.976268169682587	1.5991592342214394	4.502961535716834	1.4512726761355648	4.167512346931872	1.455092824887105	3.818434694651663	1.502462368882335	3.3626334729514484	1.447673776107857	2.869817624185333	1.4175364766466403	2.6153066396350737	1.3789085259273646	2.5336574420344053	1.3754698593902268	2.2936772406630026	1.3517311151079137	2.0528447135239167	1.3666647685211548	1.8682141520029953	1.3268478010591758	1.7298594930452587	1.328661118411447	1.5982649315982649	1.3227592398623371	1.5311157090561833	1.2786865234375	1.3861325680090373	1.2985391434636036	1.2960999175209142	1.3748353731007679	1.255024435383592	1.33598541355876	1.2022911586230363	1.317680881648299	1.1554209434068092	1.3636847899428246	1.170415871171246	1.3931488119433872	4.281545882212827	4.279012929675181	1.3564078578110383	3.109289619465385	1.8562124663190935	3.9215686274509802	4.761904761904762	5.476927399315983	17.5123	1.6900000000000002	0.15399371987696725	20.877247107966088	-1.3351529560763287e-05	15.833415049311531	-1.911486697008332e-05	12.393543388181167	-9.625250497144188e-06	10.715305134377346	-9.721999426402034e-06	9.738074624763492	-8.864444908459832e-06	9.064359880271848	-7.997880561651163e-06	8.574602163189942	-7.1251388129722316e-06	8.189947749438685	-7.283040815201163e-06	7.873458748697515	-7.465631432441368e-06	7.604285861865083	-6.593979037740639e-06	7.374737454982129	-6.82305099548314e-06	7.181646056306154	-7.109072123906388e-06	7.008182502414824	-7.4397750212033585e-06	6.854178245723903	-7.828105246265667e-06	6.726521666290528	-4.153686396677051e-06	6.603696701629483	-7.379246018158849e-06	6.504203227685281	-7.935122438939232e-06	6.405691132158908	-5.141978599085071e-06	6.303311398735272	-5.5813330455846075e-06	6.220120390626117	-6.127801426552172e-06	6.1301228264924115	-6.74131550030673e-06	6.044896289571091	-1.2471222653726526e-05	5.948779512915457	-1.6654407172498023e-05	5.866199998750554	-1.5618118266638763e-05	5.7590176785519684	-3.5153338864125317e-06	5.65304465170713	0.0	5.55719515141569	-9.117349404181216e-06	5.44653562550916	-1.0444355087184254e-05	5.334082152735003	-1.8116707831852797e-05
14	1	2	0	0	2433	9918	1563	11625	1037	4881	770	2372	615	1519	541	988	485	730	441	593	411	521	366	476	360	436	327	374	351	371	335	365	332	352	313	339	301	343	280	317	267	303	257	288	251	269	246	261	225	251	217	245	202	227	206	217	198	202	194	207	190	1903	1916	49.0	100.05336670567907	76.43880844116211	13	1	0.7758035659790039	4.761904761904762	0.6369426751592357			4.280662244664567	7.491785323110624	3.8884466116031446	9.65836393546136	2.983056698213618	9.712852964002149	2.3259326385742334	8.873924429479985	1.8775759426041827	8.377916275991396	1.6256498091889782	6.696942994645156	1.4271001912608505	5.422268439426577	1.2833197532301246	4.532253133598288	1.1800849890892384	3.8638386235538418	1.0395955234903143	3.3968457860558057	1.0125158205596962	2.9497327650361953	0.9115236661649105	2.364394993045897	0.9766005397735178	2.188661435903487	0.9255166316720079	1.9990141847855851	0.9191838090755559	1.7840851495185	0.8684071803124046	1.5847045624532534	0.8380899345677293	1.4843986670705847	0.7868705035971223	1.2709995589591436	0.7602072774898924	1.1344065892924	0.7396960626295188	1.016733742851091	0.7329537158709301	0.8975642308975642	0.7361963190184049	0.8308133057456628	0.6866455078125	0.7663420144719568	0.6773629666625046	0.721691999528691	0.6488709003886801	0.656429831410312	0.6829106580474059	0.6153235410877332	0.6776644534191252	0.5664927926412026	0.6889449199190313	0.5727567029135884	0.7021174383799564	3.7773675539411267	3.7764112267423524	1.145930776426567	2.234684494744541	1.3795812107951118	3.6414565826330536	4.761904761904762	5.462577447435663	17.5123	1.6900000000000002	0.15399371987696725	20.877247107966088	-1.3351529560763287e-05	15.833415049311531	-1.911486697008332e-05	12.393543388181167	-9.625250497144188e-06	10.715305134377346	-9.721999426402034e-06	9.738074624763492	-8.864444908459832e-06	9.064359880271848	-7.997880561651163e-06	8.574602163189942	-7.1251388129722316e-06	8.189947749438685	-7.283040815201163e-06	7.873458748697515	-7.465631432441368e-06	7.604285861865083	-6.593979037740639e-06	7.374737454982129	-6.82305099548314e-06	7.181646056306154	-7.109072123906388e-06	7.008182502414824	-7.4397750212033585e-06	6.854178245723903	-7.828105246265667e-06	6.726521666290528	-4.153686396677051e-06	6.603696701629483	-7.379246018158849e-06	6.504203227685281	-7.935122438939232e-06	6.405691132158908	-5.141978599085071e-06	6.303311398735272	-5.5813330455846075e-06	6.220120390626117	-6.127801426552172e-06	6.1301228264924115	-6.74131550030673e-06	6.044896289571091	-1.2471222653726526e-05	5.948779512915457	-1.6654407172498023e-05	5.866199998750554	-1.5618118266638763e-05	5.7590176785519684	-3.5153338864125317e-06	5.65304465170713	0.0	5.55719515141569	-9.117349404181216e-06	5.44653562550916	-1.0444355087184254e-05	5.334082152735003	-1.8116707831852797e-05
15	1	2	0	0	2964	17153	1568	8114	879	2964	636	1536	493	868	397	597	349	470	311	395	283	335	255	299	240	280	233	250	219	231	196	233	177	213	167	185	176	180	169	173	159	172	163	163	160	158	162	165	152	168	137	153	131	146	138	132	129	134	116	134	117	2151	2163	46.0	81.11665461483102	65.7037239074707	12	1	0.7643356323242188	4.761904761904762	0.6369426751592357			5.214912820873726	12.956905993881481	3.900885660264703	6.741330320200728	2.528550470327647	5.89815533400991	1.9211599456275485	5.74635241301908	1.5051137230957106	4.78738072913794	1.1929444995342409	4.046634582796719	1.026923642783581	3.491049543192453	0.9050168781282737	3.0189544481809842	0.8125646031928333	2.4844259863541973	0.7243083565301369	2.13373296224934	0.6750105470397975	1.894323794059942	0.6494954563193399	1.5804779365280062	0.6093319607133915	1.3627514600908501	0.5414962979334733	1.2760830275480586	0.49004678977823307	1.0795742524075014	0.46333546042227336	0.8648092744951383	0.4900459418070444	0.7789847232440387	0.47493255395683454	0.693636983280542	0.45270770457263254	0.64395357543991	0.46914575178448076	0.5754430558497493	0.4672214921886407	0.5271938605271939	0.484812210085291	0.5252268024828903	0.4638671875	0.5129301132720667	0.42764390061181173	0.4506892895015907	0.42080241559859943	0.42219716029033283	0.4574838388861263	0.37429819089207733	0.4415086590457937	0.37579224858376803	0.4119464469618949	0.37077003956725046	0.4323565278444995	4.269636157922944	4.263245033112583	1.0757717492984098	1.8117344403466449	1.1858324956986745	3.361344537815126	4.761904761904762	5.3818295899902475	17.5123	1.6900000000000002	0.15399371987696725	20.877247107966088	-1.3351529560763287e-05	15.833415049311531	-1.911486697008332e-05	12.393543388181167	-9.625250497144188e-06	10.715305134377346	-9.721999426402034e-06	9.738074624763492	-8.864444908459832e-06	9.064359880271848	-7.997880561651163e-06	8.574602163189942	-7.1251388129722316e-06	8.189947749438685	-7.283040815201163e-06	7.873458748697515	-7.465631432441368e-06	7.604285861865083	-6.593979037740639e-06	7.374737454982129	-6.82305099548314e-06	7.181646056306154	-7.109072123906388e-06	7.008182502414824	-7.4397750212033585e-06	6.854178245723903	-7.828105246265667e-06	6.726521666290528	-4.153686396677051e-06	6.603696701629483	-7.379246018158849e-06	6.504203227685281	-7.935122438939232e-06	6.405691132158908	-5.141978599085071e-06	6.303311398735272	-5.5813330455846075e-06	6.220120390626117	-6.127801426552172e-06	6.1301228264924115	-6.74131550030673e-06	6.044896289571091	-1.2471222653726526e-05	5.948779512915457	-1.6654407172498023e-05	5.866199998750554	-1.5618118266638763e-05	5.7590176785519684	-3.5153338864125317e-06	5.65304465170713	0.0	5.55719515141569	-9.117349404181216e-06	5.44653562550916	-1.0444355087184254e-05	5.334082152735003	-1.8116707831852797e-05
16	1	1	0	0	3294	16231	1624	9536	940	3576	678	1624	488	940	382	664	358	468	317	382	272	352	239	310	225	258	205	242	197	220	184	202	176	192	168	175	161	171	150	164	157	157	158	154	148	154	146	148	144	155	136	144	131	137	121	131	116	122	113	114	111	2009	2022	45.0	77.14106989104523	62.622554779052734	13	1	0.7633857727050781	4.761904761904762	0.3184713375796179			5.795520523602582	12.260452468179931	4.040203005274156	7.922766321596517	2.7040243937519777	7.115993075040296	2.0480289986406888	6.075570520014964	1.489848878033888	5.184490651370581	1.147871029778539	4.5007795024740735	1.0534059143739885	3.4761940132214217	0.9224770108252823	2.9195964536838885	0.780980820029861	2.610501334915455	0.6788615576890302	2.212231499322058	0.6328223878498102	1.7454840673838037	0.5714445001951274	1.52990264255911	0.548120530870037	1.2978585334198574	0.5083434633661178	1.1063037406210636	0.4872781638472826	0.973137354282818	0.46610992425713726	0.8180628272251309	0.4482806626757622	0.7400354870818366	0.4215377697841726	0.6575518223006295	0.44701326803712776	0.5877948333957319	0.45475477780336176	0.5436701263856527	0.4321798802744926	0.5138471805138471	0.43692952266945984	0.471112525863441	0.439453125	0.4732390926022044	0.42452241228617804	0.4241781548250266	0.42080241559859943	0.3961713079436685	0.4011271340958064	0.37146259853683433	0.39701553836676023	0.3421392113971619	0.40129265954046667	0.31543122769154147	0.4101843982114482	3.987772683062387	3.9853358561967833	1.0523854069223575	1.7229400515888793	1.1302230072263453	3.6414565826330536	4.761904761904762	5.375141451444248	17.5123	1.6900000000000002	0.15399371987696725	20.877247107966088	-1.3351529560763287e-05	15.833415049311531	-1.911486697008332e-05	12.393543388181167	-9.625250497144188e-06	10.715305134377346	-9.721999426402034e-06	9.738074624763492	-8.864444908459832e-06	9.064359880271848	-7.997880561651163e-06	8.574602163189942	-7.1251388129722316e-06	8.189947749438685	-7.283040815201163e-06	7.873458748697515	-7.465631432441368e-06	7.604285861865083	-6.593979037740639e-06	7.374737454982129	-6.82305099548314e-06	7.181646056306154	-7.109072123906388e-06	7.008182502414824	-7.4397750212033585e-06	6.854178245723903	-7.828105246265667e-06	6.726521666290528	-4.153686396677051e-06	6.603696701629483	-7.379246018158849e-06	6.504203227685281	-7.935122438939232e-06	6.405691132158908	-5.141978599085071e-06	6.303311398735272	-5.5813330455846075e-06	6.220120390626117	-6.127801426552172e-06	6.1301228264924115	-6.74131550030673e-06	6.044896289571091	-1.2471222653726526e-05	5.948779512915457	-1.6654407172498023e-05	5.866199998750554	-1.5618118266638763e-05	5.7590176785519684	-3.5153338864125317e-06	5.65304465170713	0.0	5.55719515141569	-9.117349404181216e-06	5.44653562550916	-1.0444355087184254e-05	5.334082152735003	-1.8116707831852797e-05
17	1	2	0	0	4392	17520	1858	10527	984	3793	626	1654	400	872	314	551	255	386	224	298	201	240	163	216	170	182	155	160	137	164	132	141	133	139	132	135	126	133	116	129	111	116	109	116	101	104	98	105	94	99	97	95	98	99	98	99	98	97	93	98	84	1901	1914	42.0	63.037387149635876	55.249271392822266	13	1	0.7527036666870117	4.761904761904762	0.6369426751592357			7.727360698136778	13.23412773350455	4.622350482635088	8.746115883750685	2.830595748353134	7.54780809105924	1.8909530282434677	6.187803965581743	1.2211876049458097	4.809442391484199	0.9435379668860242	3.734833593167491	0.7503310283948801	2.867117284409121	0.6518449540216507	2.277590950779578	0.5771218559779487	1.7798872738059923	0.4629892631937738	1.5414258188824663	0.47813247081985655	1.2313104661389622	0.43206779283046215	1.011505879377924	0.3811802676608887	0.9674945430948027	0.3646811802409106	0.7722219179582671	0.3682272488164124	0.7045108971109985	0.36622922620203646	0.631077038145101	0.35082834470277047	0.5755831566192063	0.32598920863309355	0.5172206407120805	0.31604122772051707	0.43429427180831154	0.3137232327883951	0.40951775753724495	0.29493356694407946	0.3470136803470137	0.2932814604219662	0.3342352379436575	0.286865234375	0.30226238817818213	0.3027843675864652	0.2798397549192883	0.3147987536539141	0.2862843758133079	0.32487982761478534	0.280723643169058	0.33540967896502155	0.2720287172583992	0.33026741006427784	0.2711601781909742	0.31040981486271757	3.7733976458444984	3.772469252601703	0.9822263797942001	1.4079353478117824	0.9971486771974946	3.6414565826330536	4.761904761904762	5.299926752795924	17.5123	1.6900000000000002	0.15399371987696725	20.877247107966088	-1.3351529560763287e-05	15.833415049311531	-1.911486697008332e-05	12.393543388181167	-9.625250497144188e-06	10.715305134377346	-9.721999426402034e-06	9.738074624763492	-8.864444908459832e-06	9.064359880271848	-7.997880561651163e-06	8.574602163189942	-7.1251388129722316e-06	8.189947749438685	-7.283040815201163e-06	7.873458748697515	-7.465631432441368e-06	7.604285861865083	-6.593979037740639e-06	7.374737454982129	-6.82305099548314e-06	7.181646056306154	-7.109072123906388e-06	7.008182502414824	-7.4397750212033585e-06	6.854178245723903	-7.828105246265667e-06	6.726521666290528	-4.153686396677051e-06	6.603696701629483	-7.379246018158849e-06	6.504203227685281	-7.935122438939232e-06	6.405691132158908	-5.141978599085071e-06	6.303311398735272	-5.5813330455846075e-06	6.220120390626117	-6.127801426552172e-06	6.1301228264924115	-6.74131550030673e-06	6.044896289571091	-1.2471222653726526e-05	5.948779512915457	-1.6654407172498023e-05	5.866199998750554	-1.5618118266638763e-05	5.7590176785519684	-3.5153338864125317e-06	5.65304465170713	0.0	5.55719515141569	-9.117349404181216e-06	5.44653562550916	-1.0444355087184254e-05	5.334082152735003	-1.8116707831852797e-05
18	1	2	0	0	5021	16459	2081	12299	1065	4272	568	1889	386	897	264	501	216	367	187	239	167	206	175	186	152	175	144	160	140	149	127	143	109	131	100	117	93	104	84	94	84	90	88	83	83	87	89	82	88	87	83	91	83	87	84	87	90	85	87	91	83	1791	1803	40.0	57.88144923811203	52.02913570404053	12	1	0.748291015625	4.761904761904762	0.6369426751592357			8.834034167883598	12.432677418136496	5.177132052940591	10.218341336966818	3.063602105687081	8.50098501581995	1.7157529074157982	7.066965955854846	1.1784460387727065	4.947327781148309	0.7932930677003516	3.395919474005287	0.6355745181697808	2.72598974968432	0.5441741357234315	1.826658514215836	0.4794992534742162	1.5277365766834767	0.4970743623246038	1.327338899593235	0.42750667979187174	1.1839523712874638	0.4014049172102358	1.011505879377924	0.3895272808213461	0.8790041885434488	0.35086749917117915	0.783175420340654	0.30178022647360114	0.6639635073492144	0.2774463834863912	0.5469334330590875	0.2589447306139496	0.45008006231877784	0.2360611510791367	0.37688945912353156	0.2391663344912021	0.33695245226506926	0.25328114206769514	0.29301701616889075	0.24237114907285734	0.2902902902902903	0.26634744875056116	0.2610218048702849	0.2685546875	0.2656245229444631	0.25908353102759396	0.2680570283963709	0.2666152709517844	0.2515832393510887	0.278468423669816	0.24669653490614188	0.3080292970086933	0.23837568007179316	0.30895983522142123	0.2517915940344761	0.3067144599238757	3.555052700529983	3.5536896877956483	0.9354536950420954	1.2927778585026906	0.9390310955259594	3.361344537815126	4.761904761904762	5.268856454550607	17.5123	1.6900000000000002	0.15399371987696725	20.877247107966088	-1.3351529560763287e-05	15.833415049311531	-1.911486697008332e-05	12.393543388181167	-9.625250497144188e-06	10.715305134377346	-9.721999426402034e-06	9.738074624763492	-8.864444908459832e-06	9.064359880271848	-7.997880561651163e-06	8.574602163189942	-7.1251388129722316e-06	8.189947749438685	-7.283040815201163e-06	7.873458748697515	-7.465631432441368e-06	7.604285861865083	-6.593979037740639e-06	7.374737454982129	-6.82305099548314e-06	7.181646056306154	-7.109072123906388e-06	7.008182502414824	-7.4397750212033585e-06	6.854178245723903	-7.828105246265667e-06	6.726521666290528	-4.153686396677051e-06	6.603696701629483	-7.379246018158849e-06	6.504203227685281	-7.935122438939232e-06	6.405691132158908	-5.141978599085071e-06	6.303311398735272	-5.5813330455846075e-06	6.220120390626117	-6.127801426552172e-06	6.1301228264924115	-6.74131550030673e-06	6.044896289571091	-1.2471222653726526e-05	5.948779512915457	-1.6654407172498023e-05	5.866199998750554	-1.5618118266638763e-05	5.7590176785519684	-3.5153338864125317e-06	5.65304465170713	0.0	5.55719515141569	-9.117349404181216e-06	5.44653562550916	-1.0444355087184254e-05	5.334082152735003	-1.8116707831852797e-05
19	1	2	0	0	5613	16180	2118	13430	1068	4377	597	1873	376	891	242	514	192	339	176	220	156	184	139	167	125	151	128	130	117	128	115	123	109	109	98	111	90	95	100	94	94	94	91	95	90	92	84	87	80	88	78	80	77	79	79	77	83	80	73	83	78	1747	1759	39.0	53.97588768977799	49.89048099517822	12	1	0.7299671173095703	4.761904761904762	0.6369426751592357			9.875609198233546	12.221928466215962	5.269181013036123	11.158006679849123	3.0722319707735237	8.709927765506537	1.8033529678296327	7.00710811821923	1.1479163486490611	4.914235287628923	0.7271853120586557	3.4840371449874605	0.5649551272620273	2.518012330089876	0.5121638924455826	1.681442983797004	0.4479154703112438	1.3645802432512608	0.39481906493211383	1.1917505173767216	0.3515679932498945	1.0215817603680402	0.35680437085354294	0.8218485269945631	0.32553351325783925	0.7551176921715532	0.31771466460382364	0.6736403965167862	0.30178022647360114	0.5524581855043081	0.2718974558166634	0.518885564697083	0.2505916747876932	0.411130826156576	0.2810251798561151	0.37688945912353156	0.26763851716872616	0.35192811681018343	0.26191572645636657	0.33538092212101955	0.2628120893561104	0.30697364030697366	0.25138410893311386	0.2769377685818876	0.244140625	0.26867767838060636	0.24347608939942564	0.23565453045834805	0.2473418778709325	0.228449148376276	0.2618929222608984	0.21834061135371177	0.28407146279690604	0.22435358124404062	0.2592421605880891	0.2296560692841925	0.2882376852296663	3.4677147224041764	3.466966256701356	0.912067352666043	1.205547432154257	0.9004322749413084	3.361344537815126	4.761904761904762	5.139834472599985	17.5123	1.6900000000000002	0.15399371987696725	20.877247107966088	-1.3351529560763287e-05	15.833415049311531	-1.911486697008332e-05	12.393543388181167	-9.625250497144188e-06	10.715305134377346	-9.721999426402034e-06	9.738074624763492	-8.864444908459832e-06	9.064359880271848	-7.997880561651163e-06	8.574602163189942	-7.1251388129722316e-06	8.189947749438685	-7.283040815201163e-06	7.873458748697515	-7.465631432441368e-06	7.604285861865083	-6.593979037740639e-06	7.374737454982129	-6.82305099548314e-06	7.181646056306154	-7.109072123906388e-06	7.008182502414824	-7.4397750212033585e-06	6.854178245723903	-7.828105246265667e-06	6.726521666290528	-4.153686396677051e-06	6.603696701629483	-7.379246018158849e-06	6.504203227685281	-7.935122438939232e-06	6.405691132158908	-5.141978599085071e-06	6.303311398735272	-5.5813330455846075e-06	6.220120390626117	-6.127801426552172e-06	6.1301228264924115	-6.74131550030673e-06	6.044896289571091	-1.2471222653726526e-05	5.948779512915457	-1.6654407172498023e-05	5.866199998750554	-1.5618118266638763e-05	5.7590176785519684	-3.5153338864125317e-06	5.65304465170713	0.0	5.55719515141569	-9.117349404181216e-06	5.44653562550916	-1.0444355087184254e-05	5.334082152735003	-1.8116707831852797e-05
20	1	1	0	0	7482	8080	2833	19202	1187	6342	600	2525	342	1017	265	522	186	324	150	239	129	177	104	139	100	117	90	99	74	97	73	80	70	70	71	71	70	75	63	71	60	63	55	59	62	54	65	58	60	65	66	60	59	62	58	60	58	60	54	57	49	1522	1534	37.0	43.687314886276404	44.82744121551514	12	1	0.7070188522338867	4.761904761904762	0.3184713375796179			13.163960096416066	6.1034105072326925	7.047964971638969	15.953540153869161	3.414549952535742	12.620142081069789	1.8124150430448571	9.446315001870557	1.0441154022286674	5.609177651536043	0.796297965684065	3.5382634040534127	0.5473002795350891	2.4065958553071383	0.4365033174252124	1.826658514215836	0.37039163891122084	1.3126668644319193	0.29540419246719307	0.991936059373439	0.28125439459991564	0.79155672823219	0.2508780732563974	0.6258692628650904	0.2058929912912829	0.5722376260987552	0.20167974361807936	0.4381400952954707	0.19380381516653286	0.3547896604156108	0.19698693227533778	0.3318997756170531	0.19490463594598356	0.3245769680183494	0.1770458633093525	0.28467182550819936	0.17083309606514435	0.23586671658554847	0.15830071379230945	0.2082892042646332	0.18104832822309827	0.18018018018018017	0.1945234176268143	0.18462517905459175	0.18310546875	0.19845510334931152	0.2060182294918217	0.17674089784376104	0.18952169862837687	0.17928920505479887	0.19227581634344437	0.1701355413145806	0.19850776918338012	0.16826518593303044	0.19176817358570972	0.15771561384577074	0.18107239200325193	3.0211000615335757	3.023494165878272	0.8652946679139382	0.9757529247423404	0.8090536324431337	3.361344537815126	4.761904761904762	4.978251462728132	17.5123	1.6900000000000002	0.15399371987696725	20.877247107966088	-1.3351529560763287e-05	15.833415049311531	-1.911486697008332e-05	12.393543388181167	-9.625250497144188e-06	10.715305134377346	-9.721999426402034e-06	9.738074624763492	-8.864444908459832e-06	9.064359880271848	-7.997880561651163e-06	8.574602163189942	-7.1251388129722316e-06	8.189947749438685	-7.283040815201163e-06	7.873458748697515	-7.465631432441368e-06	7.604285861865083	-6.593979037740639e-06	7.374737454982129	-6.82305099548314e-06	7.181646056306154	-7.109072123906388e-06	7.008182502414824	-7.4397750212033585e-06	6.854178245723903	-7.828105246265667e-06	6.726521666290528	-4.153686396677051e-06	6.603696701629483	-7.379246018158849e-06	6.504203227685281	-7.935122438939232e-06	6.405691132158908	-5.141978599085071e-06	6.303311398735272	-5.5813330455846075e-06	6.220120390626117	-6.127801426552172e-06	6.1301228264924115	-6.74131550030673e-06	6.044896289571091	-1.2471222653726526e-05	5.948779512915457	-1.6654407172498023e-05	5.866199998750554	-1.5618118266638763e-05	5.7590176785519684	-3.5153338864125317e-06	5.65304465170713	0.0	5.55719515141569	-9.117349404181216e-06	5.44653562550916	-1.0444355087184254e-05	5.334082152735003	-1.8116707831852797e-05
