	counts(inten<0.01	MicrocoloniesPlatonic	MicrocoloniesAggregates	MicrocoloniesLarge	counts(Norminten<0.01	counts(inten<0.02	counts(Norminten<0.02	counts(inten<0.03	counts(Norminten<0.03	counts(inten<0.04	counts(Norminten<0.04	counts(inten<0.05	counts(Norminten<0.05	counts(inten<0.060000000000000005	counts(Norminten<0.060000000000000005	counts(inten<0.06999999999999999	counts(Norminten<0.06999999999999999	counts(inten<0.08	counts(Norminten<0.08	counts(inten<0.09	counts(Norminten<0.09	counts(inten<0.09999999999999999	counts(Norminten<0.09999999999999999	counts(inten<0.11	counts(Norminten<0.11	counts(inten<0.12	counts(Norminten<0.12	counts(inten<0.13	counts(Norminten<0.13	counts(inten<0.14	counts(Norminten<0.14	counts(inten<0.15000000000000002	counts(Norminten<0.15000000000000002	counts(inten<0.16	counts(Norminten<0.16	counts(inten<0.17	counts(Norminten<0.17	counts(inten<0.18000000000000002	counts(Norminten<0.18000000000000002	counts(inten<0.19	counts(Norminten<0.19	counts(inten<0.2	counts(Norminten<0.2	counts(inten<0.21000000000000002	counts(Norminten<0.21000000000000002	counts(inten<0.22	counts(Norminten<0.22	counts(inten<0.23	counts(Norminten<0.23	counts(inten<0.24000000000000002	counts(Norminten<0.24000000000000002	counts(inten<0.25	counts(Norminten<0.25	counts(inten<0.26	counts(Norminten<0.26	counts(inten<0.27	counts(Norminten<0.27	counts(inten<0.28	counts(Norminten<0.28	counts(inten<0.29000000000000004	counts(Norminten<0.29000000000000004	diff	max	med	std	mean	min	eigenLocal	minProp	counts(inten<0.01Normalized	MicrocoloniesPlatonicNormalized	MicrocoloniesAggregatesNormalized	MicrocoloniesLargeNormalized	counts(Norminten<0.01Normalized	counts(inten<0.02Normalized	counts(Norminten<0.02Normalized	counts(inten<0.03Normalized	counts(Norminten<0.03Normalized	counts(inten<0.04Normalized	counts(Norminten<0.04Normalized	counts(inten<0.05Normalized	counts(Norminten<0.05Normalized	counts(inten<0.060000000000000005Normalized	counts(Norminten<0.060000000000000005Normalized	counts(inten<0.06999999999999999Normalized	counts(Norminten<0.06999999999999999Normalized	counts(inten<0.08Normalized	counts(Norminten<0.08Normalized	counts(inten<0.09Normalized	counts(Norminten<0.09Normalized	counts(inten<0.09999999999999999Normalized	counts(Norminten<0.09999999999999999Normalized	counts(inten<0.11Normalized	counts(Norminten<0.11Normalized	counts(inten<0.12Normalized	counts(Norminten<0.12Normalized	counts(inten<0.13Normalized	counts(Norminten<0.13Normalized	counts(inten<0.14Normalized	counts(Norminten<0.14Normalized	counts(inten<0.15000000000000002Normalized	counts(Norminten<0.15000000000000002Normalized	counts(inten<0.16Normalized	counts(Norminten<0.16Normalized	counts(inten<0.17Normalized	counts(Norminten<0.17Normalized	counts(inten<0.18000000000000002Normalized	counts(Norminten<0.18000000000000002Normalized	counts(inten<0.19Normalized	counts(Norminten<0.19Normalized	counts(inten<0.2Normalized	counts(Norminten<0.2Normalized	counts(inten<0.21000000000000002Normalized	counts(Norminten<0.21000000000000002Normalized	counts(inten<0.22Normalized	counts(Norminten<0.22Normalized	counts(inten<0.23Normalized	counts(Norminten<0.23Normalized	counts(inten<0.24000000000000002Normalized	counts(Norminten<0.24000000000000002Normalized	counts(inten<0.25Normalized	counts(Norminten<0.25Normalized	counts(inten<0.26Normalized	counts(Norminten<0.26Normalized	counts(inten<0.27Normalized	counts(Norminten<0.27Normalized	counts(inten<0.28Normalized	counts(Norminten<0.28Normalized	counts(inten<0.29000000000000004Normalized	counts(Norminten<0.29000000000000004Normalized	diffNormalized	maxNormalized	medNormalized	stdNormalized	meanNormalized	minNormalized	eigenLocalNormalized	minPropNormalized	BioVolume	SubstratumCoverage	Homogenity	ThicknessThreshold=0.01	RoughnessThreshold=0.01	ThicknessThreshold=0.02	RoughnessThreshold=0.02	ThicknessThreshold=0.03	RoughnessThreshold=0.03	ThicknessThreshold=0.04	RoughnessThreshold=0.04	ThicknessThreshold=0.05	RoughnessThreshold=0.05	ThicknessThreshold=0.060000000000000005	RoughnessThreshold=0.060000000000000005	ThicknessThreshold=0.06999999999999999	RoughnessThreshold=0.06999999999999999	ThicknessThreshold=0.08	RoughnessThreshold=0.08	ThicknessThreshold=0.09	RoughnessThreshold=0.09	ThicknessThreshold=0.09999999999999999	RoughnessThreshold=0.09999999999999999	ThicknessThreshold=0.11	RoughnessThreshold=0.11	ThicknessThreshold=0.12	RoughnessThreshold=0.12	ThicknessThreshold=0.13	RoughnessThreshold=0.13	ThicknessThreshold=0.14	RoughnessThreshold=0.14	ThicknessThreshold=0.15000000000000002	RoughnessThreshold=0.15000000000000002	ThicknessThreshold=0.16	RoughnessThreshold=0.16	ThicknessThreshold=0.17	RoughnessThreshold=0.17	ThicknessThreshold=0.18000000000000002	RoughnessThreshold=0.18000000000000002	ThicknessThreshold=0.19	RoughnessThreshold=0.19	ThicknessThreshold=0.2	RoughnessThreshold=0.2	ThicknessThreshold=0.21000000000000002	RoughnessThreshold=0.21000000000000002	ThicknessThreshold=0.22	RoughnessThreshold=0.22	ThicknessThreshold=0.23	RoughnessThreshold=0.23	ThicknessThreshold=0.24000000000000002	RoughnessThreshold=0.24000000000000002	ThicknessThreshold=0.25	RoughnessThreshold=0.25	ThicknessThreshold=0.26	RoughnessThreshold=0.26	ThicknessThreshold=0.27	RoughnessThreshold=0.27	ThicknessThreshold=0.28	RoughnessThreshold=0.28	ThicknessThreshold=0.29000000000000004	RoughnessThreshold=0.29000000000000004
0	3	36	0	0	3873	37	4205	19	4545	32	4845	47	5158	88	5400	103	5618	125	5816	192	5969	287	6061	457	6087	635	6209	894	6229	1213	6191	1575	6115	1960	6011	2412	5896	2876	5766	3384	5603	3879	5409	4271	5250	4653	5034	5074	4821	5374	4624	5645	4418	5847	4196	6044	3989	6112	3762	6218	3524	3758	3780	673.0	435.4631155085924	726.5350894927979	22	1	0.5475196838378906	0.018670649738610906	10.465116279069768			10.770300333704116	0.03016296151369154	15.178313600924053	0.05641330166270784	17.286627110908263	0.1877163137208893	18.285778985507246	0.36735969985930905	18.785737698947443	0.7545228500385835	19.066450109455545	0.893089395647273	19.2101213882715	1.048569750859827	19.29597558143393	1.5156299336911905	19.243664968727835	2.125138837467605	19.084354041374098	3.1641625701031644	18.814910979228486	4.054916985951468	18.850567733317142	5.342735911073926	18.567979252988344	6.7400122242595994	18.36601501082797	8.10685608400247	17.990056191344767	9.408150530408486	17.627049060144863	10.762571951273928	17.335567904501485	12.095722757286453	17.1011655841267	13.34279630943932	16.778463196981495	14.487936057369089	16.359182192112268	15.16690340909091	16.046213093709884	15.792689135525913	15.697402475911314	16.533611391703868	15.425225571126896	17.040301867647525	15.174088537393759	17.556136095042607	14.847425729264685	17.835463502425036	14.522548714221436	18.2037226673092	14.29595384008888	18.319695471030784	14.02475395168506	18.50099675682109	13.701399688958011	5.166843111105	5.171564603513381	16.03908484270734	7.784056728916576	12.188546938801892	6.128133704735376	4.761904761904762	3.684130752259154	6.095555555555556	4.8672	0.1773362181262348	18.764399524126173	-7.632306024942375e-06	12.007292454648564	0.0	9.83679986971318	1.9860815405637295e-06	8.794310422793423	0.0	8.153043139853484	1.0518078473279873e-06	7.686145726496653	0.0	7.323043573241022	0.0	7.02086634358188	0.0	6.757442388881668	-2.406985070675099e-06	6.5220424686564105	-3.752978927023325e-06	6.307699838784422	-2.6107820075347168e-06	6.105377372671741	0.0	5.919817783995121	0.0	5.746289421353879	-1.512209580150132e-06	5.581486977434375	-1.5990405756546072e-06	5.421374082043404	0.0	5.2735701066998235	0.0	5.125847367505172	0.0	4.98624863285344	0.0	4.849276833858534	0.0	4.719187079823816	-2.4148114877412093e-06	4.601907422646909	-2.6208129237526895e-06	4.488529792857021	-2.8540034533441785e-06	4.380421963045473	0.0	4.2804639386889285	0.0	4.178263138725871	0.0	4.080787716458505	0.0	3.990451985162797	0.0	3.9051326984126984	0.0
1	4	44	0	0	3304	49	3583	32	3816	39	4013	95	4261	127	4496	174	4679	286	4856	440	4978	654	5078	862	5103	1167	5147	1426	5258	1713	5299	1977	5314	2382	5287	2685	5212	2947	5136	3262	5020	3608	4962	3878	4828	4146	4724	4455	4531	4679	4372	4852	4215	5037	4043	5092	3852	5141	3656	5265	3490	3895	3917	646.0	465.18890786866297	716.7328462600708	22	1	0.5572443008422852	0.024894199651481205	12.790697674418606			9.187986651835372	0.03994554362624015	12.933150447588796	0.09501187648456057	14.513920584208122	0.22877925734733384	15.14568236714976	0.7425355635454118	15.518811232108387	1.0889136585784105	15.874585128168913	1.5087141246856846	15.999316122414086	2.399127589967285	16.110945224113333	3.473318598042311	16.048745889483527	4.84265087004813	15.98916842469851	5.968289136605969	15.773367952522255	7.452107279693486	15.626328253081548	8.522082113189505	15.67353265567711	9.518253042173695	15.719837432139785	10.176034589252625	15.633550057368126	11.433782940527049	15.50394416586024	11.98072375172906	15.324453853165151	12.394330655675653	15.23267194590266	12.8617616907184	15.032640594118703	13.475760065735415	15.00725864989112	13.77130681818182	14.756403203129775	14.071886773241014	14.730736848670055	14.516602039818826	14.497344339924489	14.836541205568063	14.347126964854134	15.0898799527275	14.165210377738942	15.364670713479548	13.99300868722528	15.336425516535149	13.804967207827115	15.40928573569523	13.629585445869372	15.665446755333393	13.569206842923794	5.355203277741878	5.358999616921141	15.395614871306007	8.315415748319491	12.024101885183004	6.128133704735376	4.761904761904762	3.7495654053271523	6.095555555555556	4.8672	0.1773362181262348	18.764399524126173	-7.632306024942375e-06	12.007292454648564	0.0	9.83679986971318	1.9860815405637295e-06	8.794310422793423	0.0	8.153043139853484	1.0518078473279873e-06	7.686145726496653	0.0	7.323043573241022	0.0	7.02086634358188	0.0	6.757442388881668	-2.406985070675099e-06	6.5220424686564105	-3.752978927023325e-06	6.307699838784422	-2.6107820075347168e-06	6.105377372671741	0.0	5.919817783995121	0.0	5.746289421353879	-1.512209580150132e-06	5.581486977434375	-1.5990405756546072e-06	5.421374082043404	0.0	5.2735701066998235	0.0	5.125847367505172	0.0	4.98624863285344	0.0	4.849276833858534	0.0	4.719187079823816	-2.4148114877412093e-06	4.601907422646909	-2.6208129237526895e-06	4.488529792857021	-2.8540034533441785e-06	4.380421963045473	0.0	4.2804639386889285	0.0	4.178263138725871	0.0	4.080787716458505	0.0	3.990451985162797	0.0	3.9051326984126984	0.0
2	7	39	0	0	2701	73	2856	41	2973	74	3126	144	3333	305	3458	445	3592	655	3725	902	3821	1100	3924	1292	4027	1495	4079	1706	4149	1883	4208	2063	4258	2244	4251	2467	4219	2666	4224	2870	4199	3010	4153	3252	4069	3395	3992	3581	3917	3732	3864	3850	3760	3978	3618	4082	3484	4143	3340	4218	3191	3832	3853	573.0	469.62226142072325	666.2243213653564	21	1	0.5714797973632812	0.04356484939009211	11.337209302325581			7.5111234705228025	0.059510707851337365	10.308980652613341	0.12173396674584323	11.307622090369694	0.43409397547955647	11.79800724637681	1.1255275910583085	12.138980952034089	2.6151076052473634	12.209589718240236	3.8584930200294805	12.282441442981707	5.4945054945054945	12.35858133439501	7.120303125986737	12.318653684957122	8.145131432802666	12.355552756698888	8.945509935608946	12.447453016815034	9.54661558109834	12.383872730584734	10.195422219566126	12.367722896235133	10.462854920264489	12.483313061793586	10.618694667490221	12.526845341413903	10.771372341957472	12.465910090613178	11.00798714916782	12.404810208461967	11.21251629726206	12.527804964854525	11.316142260074127	12.574115110498893	11.2422499439755	12.560488749092668	11.548295454545453	12.436579253010576	11.522927061059635	12.448158657893917	11.668676072859983	12.532795802137326	11.833719123569141	12.680077445607587	11.973626920445357	12.63610700362952	12.134337919043407	12.522064167791507	12.294440093970243	12.486112604379457	12.417948026256632	12.451535937966	12.550209765241451	12.406687402799378	5.2685850989234595	5.271438734745253	13.6558627264061	8.39466350621117	11.176757365431529	5.8495821727019495	4.761904761904762	3.8453527022130993	6.095555555555556	4.8672	0.1773362181262348	18.764399524126173	-7.632306024942375e-06	12.007292454648564	0.0	9.83679986971318	1.9860815405637295e-06	8.794310422793423	0.0	8.153043139853484	1.0518078473279873e-06	7.686145726496653	0.0	7.323043573241022	0.0	7.02086634358188	0.0	6.757442388881668	-2.406985070675099e-06	6.5220424686564105	-3.752978927023325e-06	6.307699838784422	-2.6107820075347168e-06	6.105377372671741	0.0	5.919817783995121	0.0	5.746289421353879	-1.512209580150132e-06	5.581486977434375	-1.5990405756546072e-06	5.421374082043404	0.0	5.2735701066998235	0.0	5.125847367505172	0.0	4.98624863285344	0.0	4.849276833858534	0.0	4.719187079823816	-2.4148114877412093e-06	4.601907422646909	-2.6208129237526895e-06	4.488529792857021	-2.8540034533441785e-06	4.380421963045473	0.0	4.2804639386889285	0.0	4.178263138725871	0.0	4.080787716458505	0.0	3.990451985162797	0.0	3.9051326984126984	0.0
3	8	37	0	0	2078	93	2168	103	2293	281	2374	481	2505	663	2609	833	2750	1026	2853	1182	2978	1320	3064	1441	3136	1574	3200	1661	3262	1799	3264	1943	3342	2053	3389	2153	3403	2288	3354	2396	3363	2551	3359	2678	3367	2813	3330	2965	3289	3059	3211	3150	3126	3256	3027	3247	2928	3323	2803	3389	2724	3825	3847	476.0	462.4818425964647	595.7026538848877	22	1	0.5890531539916992	0.04978839930296241	10.755813953488373			5.778642936596218	0.0758150113722517	7.825584753104245	0.30581947743467935	8.721284040772858	1.648383879861559	8.959842995169081	3.7595748006878225	9.123356521105729	5.6846437451770555	9.211920062142504	7.222752102661927	9.403316806291674	8.606660515057461	9.465512093162138	9.33059677928639	9.600876910181185	9.774157719363199	9.647658931326553	9.977151561309977	9.693372898120673	10.051085568326949	9.715222539316292	9.926492559612742	9.723671267177393	9.99611046285492	9.682874009908334	10.001029442042412	9.83201435674149	9.854557672922768	9.938124981672091	9.606889473919058	10.00558642792038	9.622744669218152	9.947504226354658	9.447204479142023	10.070671378091872	9.527900201688205	10.159085410113718	9.509943181818182	10.29097133076594	9.547568136306554	10.383859802301288	9.661442210564045	10.523452998016253	9.699717791800108	10.537196862796575	9.796603844000746	10.50544428014518	9.931976939267303	10.476586024296543	9.779531353532919	10.49349532308354	9.960135479423313	10.44959737548464	10.083608557231694	10.590979782270606	5.258960856832524	5.263229902041263	11.3441372735939	8.2670260020994	9.993667014092356	6.128133704735376	4.761904761904762	3.963599672114442	6.095555555555556	4.8672	0.1773362181262348	18.764399524126173	-7.632306024942375e-06	12.007292454648564	0.0	9.83679986971318	1.9860815405637295e-06	8.794310422793423	0.0	8.153043139853484	1.0518078473279873e-06	7.686145726496653	0.0	7.323043573241022	0.0	7.02086634358188	0.0	6.757442388881668	-2.406985070675099e-06	6.5220424686564105	-3.752978927023325e-06	6.307699838784422	-2.6107820075347168e-06	6.105377372671741	0.0	5.919817783995121	0.0	5.746289421353879	-1.512209580150132e-06	5.581486977434375	-1.5990405756546072e-06	5.421374082043404	0.0	5.2735701066998235	0.0	5.125847367505172	0.0	4.98624863285344	0.0	4.849276833858534	0.0	4.719187079823816	-2.4148114877412093e-06	4.601907422646909	-2.6208129237526895e-06	4.488529792857021	-2.8540034533441785e-06	4.380421963045473	0.0	4.2804639386889285	0.0	4.178263138725871	0.0	4.080787716458505	0.0	3.990451985162797	0.0	3.9051326984126984	0.0
4	13	32	0	0	1608	235	1658	504	1725	752	1803	826	1905	974	1983	1029	2054	1066	2136	1189	2247	1289	2349	1328	2406	1433	2465	1519	2503	1590	2524	1651	2544	1719	2626	1821	2688	1901	2737	2030	2771	2121	2718	2222	2742	2349	2712	2439	2654	2473	2590	2496	2561	2522	2548	2603	2504	2677	2456	2731	2409	3854	3875	366.0	446.0475638131232	516.3841533660889	21	1	0.6111745834350586	0.08090614886731393	9.30232558139535			4.471635150166852	0.19157556637074355	5.9846953508518625	1.496437054631829	6.560931081697855	4.4113333724408985	6.804800724637682	6.456151320931687	6.938121426230105	8.351196090199776	7.0016241790833975	8.922223185641204	7.02342280731749	8.942202835332607	7.08669254503832	9.385854120618882	7.24418079824618	9.544613106256943	7.396328599766995	9.194765630409195	7.436943620178041	9.150702426564497	7.483757362317081	9.07787007709317	7.461173875458313	8.834805800966826	7.48761458364235	8.498044060119415	7.484334088435174	8.25133202131234	7.700653939767162	8.125474097541385	7.903325394725236	7.995121335744628	8.117566806062223	8.00410062297926	8.297897825956758	7.92186449540599	8.220421001693685	7.890625	8.380707867229049	7.972711536503412	8.45676510025258	7.947473035941218	8.491713060728227	7.841582902622317	8.499327273323926	7.76264228400821	8.606667562844468	7.693011621877193	8.818745024746478	7.839889163303415	8.973945453893846	8.02385876569853	9.155979719654042	8.125799637001993	9.366251944012442	5.298832716923543	5.301537787993214	8.722592945662536	7.973257474312718	8.662998639404934	5.8495821727019495	4.761904761904762	4.11244955076162	6.095555555555556	4.8672	0.1773362181262348	18.764399524126173	-7.632306024942375e-06	12.007292454648564	0.0	9.83679986971318	1.9860815405637295e-06	8.794310422793423	0.0	8.153043139853484	1.0518078473279873e-06	7.686145726496653	0.0	7.323043573241022	0.0	7.02086634358188	0.0	6.757442388881668	-2.406985070675099e-06	6.5220424686564105	-3.752978927023325e-06	6.307699838784422	-2.6107820075347168e-06	6.105377372671741	0.0	5.919817783995121	0.0	5.746289421353879	-1.512209580150132e-06	5.581486977434375	-1.5990405756546072e-06	5.421374082043404	0.0	5.2735701066998235	0.0	5.125847367505172	0.0	4.98624863285344	0.0	4.849276833858534	0.0	4.719187079823816	-2.4148114877412093e-06	4.601907422646909	-2.6208129237526895e-06	4.488529792857021	-2.8540034533441785e-06	4.380421963045473	0.0	4.2804639386889285	0.0	4.178263138725871	0.0	4.080787716458505	0.0	3.990451985162797	0.0	3.9051326984126984	0.0
5	16	26	0	0	1241	739	1300	1146	1341	1067	1432	936	1494	966	1566	987	1631	1003	1683	1067	1790	1114	1827	1170	1901	1196	1975	1247	2095	1303	2164	1435	2222	1459	2237	1558	2285	1631	2262	1699	2280	1819	2327	1860	2361	1946	2355	2046	2342	2153	2315	2214	2288	2243	2261	2282	2230	2257	2202	2292	2120	3766	3787	276.0	423.6315974839944	447.1830368041992	21	1	0.6333112716674805	0.09957679860592482	7.55813953488372			3.4510567296996664	0.6024440150977851	4.692463182211955	3.4026128266033253	5.100410771337289	6.2591658356309035	5.404589371980676	7.315929341879006	5.441235386240303	8.282603103832633	5.5292705317421085	8.558050810717074	5.577021713113353	8.413723680899253	5.583756345177665	8.422797600252604	5.770842736475594	8.248796741947427	5.7527000220409965	8.1008100810081	5.8759891196834815	7.637292464878671	5.996113910984273	7.452339688041594	6.244969743941335	7.240095571484136	6.419650538431873	7.3862466543133625	6.537024506487012	7.003312052992848	6.559924928887716	6.95194324215787	6.7184146305607015	6.859570172856122	6.7087819200996535	6.698998501695449	6.827573815655506	6.793904534249645	7.03786595693201	6.605113636363637	7.216211259856959	6.604894274174389	7.343540490816676	6.666883899768647	7.493440839572535	6.826901734470622	7.5968890493223515	6.885612987497668	7.689205538378814	6.841960772351524	7.825424843387671	6.873079934943678	7.991972189370318	6.764979168539999	8.20906650760513	6.8196018923502635	8.242612752721618	5.177842244923212	5.1811415750013685	6.57769304099142	7.5725641725720365	7.502062203394772	5.8495821727019495	4.761904761904762	4.261402102199726	6.095555555555556	4.8672	0.1773362181262348	18.764399524126173	-7.632306024942375e-06	12.007292454648564	0.0	9.83679986971318	1.9860815405637295e-06	8.794310422793423	0.0	8.153043139853484	1.0518078473279873e-06	7.686145726496653	0.0	7.323043573241022	0.0	7.02086634358188	0.0	6.757442388881668	-2.406985070675099e-06	6.5220424686564105	-3.752978927023325e-06	6.307699838784422	-2.6107820075347168e-06	6.105377372671741	0.0	5.919817783995121	0.0	5.746289421353879	-1.512209580150132e-06	5.581486977434375	-1.5990405756546072e-06	5.421374082043404	0.0	5.2735701066998235	0.0	5.125847367505172	0.0	4.98624863285344	0.0	4.849276833858534	0.0	4.719187079823816	-2.4148114877412093e-06	4.601907422646909	-2.6208129237526895e-06	4.488529792857021	-2.8540034533441785e-06	4.380421963045473	0.0	4.2804639386889285	0.0	4.178263138725871	0.0	4.080787716458505	0.0	3.990451985162797	0.0	3.9051326984126984	0.0
6	48	22	0	0	1085	1893	1132	1399	1200	1019	1204	893	1280	903	1401	917	1465	944	1556	973	1626	1041	1702	1139	1773	1185	1821	1197	1894	1289	1951	1413	1978	1466	2013	1555	1990	1645	2011	1735	2024	1781	2035	1880	2048	1939	2035	1974	1973	2009	1960	1996	1939	2024	1895	2044	1838	2046	1762	2036	1696	4063	4082	212.0	398.4634805777717	389.2359285354614	19	1	0.6542720794677734	0.2987303958177745	6.395348837209303			3.0172413793103448	1.5432023282545428	4.086052555587641	4.153800475059382	4.564125969876769	5.977591365049569	4.544082125603865	6.979834297326872	4.661834869067998	7.742433336191374	4.946684556175411	7.951096852510188	5.009403316806291	7.9187987584934145	5.162403370823795	7.680770445216294	5.242117480172803	7.708256201406886	5.359110803236878	7.886173232707887	5.480341246290801	7.567049808429119	5.528568826279677	7.153528954760055	5.645810355620473	7.162304828582541	5.78777181168234	7.27300802964793	5.819187431967285	7.036912590601449	5.903052696401865	6.938556958636384	5.851048190291376	6.918450603524414	5.9643503277278525	6.84094314328523	6.0609690363538355	6.651975797415403	6.154730220179046	6.676136363636363	6.259551317317684	6.581135661677358	6.345692101406343	6.432272149630161	6.312791962628783	6.37029520880236	6.431923341974863	6.2076258008334895	6.516332840435543	6.173931610895892	6.558682033710587	6.156255647250165	6.587105329176074	6.132542037586548	6.568744407992842	6.05790115742807	6.594090202177294	5.586185087924326	5.584742516280851	5.052430886558628	7.1226752088897	6.529926019863133	5.2924791086350975	4.761904761904762	4.402442431686979	6.095555555555556	4.8672	0.1773362181262348	18.764399524126173	-7.632306024942375e-06	12.007292454648564	0.0	9.83679986971318	1.9860815405637295e-06	8.794310422793423	0.0	8.153043139853484	1.0518078473279873e-06	7.686145726496653	0.0	7.323043573241022	0.0	7.02086634358188	0.0	6.757442388881668	-2.406985070675099e-06	6.5220424686564105	-3.752978927023325e-06	6.307699838784422	-2.6107820075347168e-06	6.105377372671741	0.0	5.919817783995121	0.0	5.746289421353879	-1.512209580150132e-06	5.581486977434375	-1.5990405756546072e-06	5.421374082043404	0.0	5.2735701066998235	0.0	5.125847367505172	0.0	4.98624863285344	0.0	4.849276833858534	0.0	4.719187079823816	-2.4148114877412093e-06	4.601907422646909	-2.6208129237526895e-06	4.488529792857021	-2.8540034533441785e-06	4.380421963045473	0.0	4.2804639386889285	0.0	4.178263138725871	0.0	4.080787716458505	0.0	3.990451985162797	0.0	3.9051326984126984	0.0
7	118	17	0	0	939	3437	984	1536	1026	935	1100	836	1152	847	1210	842	1293	880	1348	935	1420	984	1456	1039	1538	1119	1623	1178	1664	1252	1696	1342	1757	1408	1781	1471	1793	1525	1772	1611	1759	1659	1758	1700	1724	1761	1693	1778	1635	1779	1608	1750	1598	1755	1550	1758	1498	1687	1430	1637	1348	4076	4095	160.0	367.1723052773142	331.52152252197266	19	1	0.6783084869384766	0.7343788897186956	4.941860465116279			2.611234705228031	2.80189456006913	3.5518336702281257	4.5605700712589075	3.9023277042446374	5.484836041532234	4.151570048309178	6.5343129591996245	4.195651382161198	7.262282431621367	4.27229715415578	7.300789040145669	4.421268592921867	7.381931046053183	4.472313460071	7.380802020839912	4.577986975304662	7.28619029988893	4.584527220630372	7.193796302707193	4.753956478733927	7.1455938697318	4.927439431659481	7.039980876113069	4.960205085402569	6.956715008056899	5.031297279658252	6.907556104591311	5.169015327586714	6.758508136130178	5.222720741327234	6.563741020034803	5.271823821704743	6.413761197796189	5.255509090369843	6.352022711142655	5.26741330777984	6.19630985284231	5.316961045245584	6.036931818181818	5.26927073782016	5.976988086752876	5.279241635224048	5.793606829808726	5.231330389710117	5.640993119193329	5.276802415252846	5.442557691111525	5.370345476542546	5.353384376048561	5.364621188523172	5.294861755315945	5.368598358599433	5.056499715253424	5.331046823739935	4.870719152607932	5.2410575427682735	5.60405868037892	5.602528320472828	3.813155386081983	6.563334417491655	5.561693711590772	5.2924791086350975	4.761904761904762	4.564177745595562	6.095555555555556	4.8672	0.1773362181262348	18.764399524126173	-7.632306024942375e-06	12.007292454648564	0.0	9.83679986971318	1.9860815405637295e-06	8.794310422793423	0.0	8.153043139853484	1.0518078473279873e-06	7.686145726496653	0.0	7.323043573241022	0.0	7.02086634358188	0.0	6.757442388881668	-2.406985070675099e-06	6.5220424686564105	-3.752978927023325e-06	6.307699838784422	-2.6107820075347168e-06	6.105377372671741	0.0	5.919817783995121	0.0	5.746289421353879	-1.512209580150132e-06	5.581486977434375	-1.5990405756546072e-06	5.421374082043404	0.0	5.2735701066998235	0.0	5.125847367505172	0.0	4.98624863285344	0.0	4.849276833858534	0.0	4.719187079823816	-2.4148114877412093e-06	4.601907422646909	-2.6208129237526895e-06	4.488529792857021	-2.8540034533441785e-06	4.380421963045473	0.0	4.2804639386889285	0.0	4.178263138725871	0.0	4.080787716458505	0.0	3.990451985162797	0.0	3.9051326984126984	0.0
8	192	13	0	0	877	4456	882	1572	924	1002	988	876	1042	839	1094	839	1159	861	1213	918	1255	933	1314	993	1380	1072	1412	1127	1431	1184	1422	1238	1449	1288	1461	1371	1467	1408	1451	1438	1431	1417	1446	1451	1436	1454	1396	1470	1377	1437	1342	1424	1308	1422	1287	1405	1208	1375	1141	1364	1061	4029	4048	125.0	333.61051183294336	280.3078212738037	19	1	0.7035341262817383	1.194921583271098	3.77906976744186			2.438820912124583	3.632598824459716	3.1836557897776494	4.667458432304038	3.5143769968051117	5.877867073385346	3.728864734299517	6.846959512271377	3.795024948100666	7.193689445254223	3.86272155921192	7.274776727651089	3.9630706103607456	7.22254844392249	4.024418566072791	7.246605620461004	4.046037784512219	6.908552388004442	4.137409868068894	6.875302914906875	4.265578635014837	6.845466155810984	4.286841945473314	6.7351939281659	4.265657137747041	6.578874256820582	4.218457978581388	6.372246242536546	4.2628931187667325	6.18249891998272	4.284331837776018	6.117531569318638	4.313310399576607	5.92168902721117	4.3034670937509265	5.669899850169545	4.285200934299574	5.292447897213714	4.373336559399952	5.152698863636364	4.3890213338223605	4.9350032243831246	4.353113598802582	4.789989898660758	4.405836052985218	4.556552620731204	4.403898533127687	4.4286869440816075	4.395752117220057	4.337614007259861	4.454366109438272	4.231672790795735	4.329283589578182	4.121332014507089	4.253653444676409	4.058436728257312	4.125194401244168	5.539438769196925	5.538225797624912	2.979027645376549	5.963405526177764	4.702518964767656	5.2924791086350975	4.761904761904762	4.733915120147058	6.095555555555556	4.8672	0.1773362181262348	18.764399524126173	-7.632306024942375e-06	12.007292454648564	0.0	9.83679986971318	1.9860815405637295e-06	8.794310422793423	0.0	8.153043139853484	1.0518078473279873e-06	7.686145726496653	0.0	7.323043573241022	0.0	7.02086634358188	0.0	6.757442388881668	-2.406985070675099e-06	6.5220424686564105	-3.752978927023325e-06	6.307699838784422	-2.6107820075347168e-06	6.105377372671741	0.0	5.919817783995121	0.0	5.746289421353879	-1.512209580150132e-06	5.581486977434375	-1.5990405756546072e-06	5.421374082043404	0.0	5.2735701066998235	0.0	5.125847367505172	0.0	4.98624863285344	0.0	4.849276833858534	0.0	4.719187079823816	-2.4148114877412093e-06	4.601907422646909	-2.6208129237526895e-06	4.488529792857021	-2.8540034533441785e-06	4.380421963045473	0.0	4.2804639386889285	0.0	4.178263138725871	0.0	4.080787716458505	0.0	3.990451985162797	0.0	3.9051326984126984	0.0
9	65	12	0	0	819	5980	822	2130	878	1169	914	896	933	798	934	826	955	812	1000	880	1025	892	1094	903	1115	926	1138	965	1174	983	1190	1017	1204	1088	1239	1111	1247	1136	1224	1175	1210	1193	1199	1223	1189	1241	1187	1249	1184	1215	1151	1197	1138	1180	1112	1193	1088	1173	1071	1155	1020	3532	3550	103.0	303.3692408292238	238.58712196350098	18	1	0.726038932800293	0.40453074433656955	3.488372093023256			2.2775305895439377	4.874986752753389	2.9670805659832515	6.324228028503563	3.3394188346265024	6.857511585616237	3.4495772946859904	7.003282788807254	3.398040572531595	6.84215039012261	3.2977897041169406	7.162056706841239	3.2655154727303812	6.811509101585438	3.3177399555422844	6.946637196084622	3.304532851892449	6.604961125509071	3.444692842973645	6.252163677906253	3.4464638971315527	5.913154533844189	3.454976015544356	5.767047152333712	3.499567770590515	5.462021448019114	3.5302144827790793	5.234712785670167	3.542114089023565	5.222483559736956	3.633324535937363	4.957386997456606	3.666460850901179	4.7777263742271945	3.630216211406709	4.6329153852219855	3.623405402168054	4.4558153432434455	3.626300508105492	4.343039772727273	3.634085213032581	4.2120625869734925	3.701393869468957	4.069862165596794	3.7883150956677545	3.852617560325966	3.7771141666393198	3.7227094607202837	3.8244387686517007	3.599426532044047	3.8486830720243654	3.593157038732606	3.89922230584525	3.5158708749213203	3.9926931106471817	3.4365794876372404	3.9657853810264383	4.856117580740517	4.856892683193783	2.4547187797902765	5.422832144267883	4.002601356908874	5.013927576601671	4.761904761904762	4.885344652666291	6.095555555555556	4.8672	0.1773362181262348	18.764399524126173	-7.632306024942375e-06	12.007292454648564	0.0	9.83679986971318	1.9860815405637295e-06	8.794310422793423	0.0	8.153043139853484	1.0518078473279873e-06	7.686145726496653	0.0	7.323043573241022	0.0	7.02086634358188	0.0	6.757442388881668	-2.406985070675099e-06	6.5220424686564105	-3.752978927023325e-06	6.307699838784422	-2.6107820075347168e-06	6.105377372671741	0.0	5.919817783995121	0.0	5.746289421353879	-1.512209580150132e-06	5.581486977434375	-1.5990405756546072e-06	5.421374082043404	0.0	5.2735701066998235	0.0	5.125847367505172	0.0	4.98624863285344	0.0	4.849276833858534	0.0	4.719187079823816	-2.4148114877412093e-06	4.601907422646909	-2.6208129237526895e-06	4.488529792857021	-2.8540034533441785e-06	4.380421963045473	0.0	4.2804639386889285	0.0	4.178263138725871	0.0	4.080787716458505	0.0	3.990451985162797	0.0	3.9051326984126984	0.0
10	13	9	0	0	842	8093	807	3121	773	1440	775	1093	792	906	852	847	860	819	860	797	866	777	880	790	927	853	928	860	943	860	930	876	931	887	959	929	983	918	954	929	971	932	975	967	991	979	990	951	987	970	953	981	950	991	950	987	937	986	918	945	919	3084	3102	87.0	270.6895955720149	200.40866088867188	18	1	0.7487392425537109	0.08090614886731393	2.616279069767442			2.3414905450500556	6.59753641973799	2.912936760034652	9.266627078384799	2.940057812262285	8.447234117440019	2.924969806763285	8.543067062685635	2.8845103252358233	7.768155706079054	3.008262128380764	7.344142894303303	2.9406736194221237	6.870229007633588	2.8532563617663644	6.291443005999368	2.7919272680379135	5.7534246575342465	2.7708681003809943	5.46977774700547	2.8653560830860534	5.4469987228607915	2.8174145364017242	5.139544612442479	2.810981607893403	4.778574206812246	2.758907116793735	4.508956145768994	2.7389603130240356	4.257668122689963	2.812234245330049	4.145285797153184	2.8902413924906645	3.8608739538209194	2.8294332235964053	3.6629603343584893	2.907707971491885	3.4809890191977293	2.948826518267602	3.4339488636363638	3.0289137477840944	3.3228116620846486	3.0870934547382207	3.098830199745837	3.157995776540603	3.075752290959825	3.1273586453581856	3.050942339988804	3.1926334184702245	3.022908214623433	3.2879936316754925	2.9727124871995665	3.358061857147977	2.955369720948356	3.422308380554727	2.8117468535213783	3.5730948678071544	4.240166086920655	4.2439665079625675	2.073403241182078	4.838671962834643	3.362109284892595	5.013927576601671	4.761904761904762	5.038089680319282	6.095555555555556	4.8672	0.1773362181262348	18.764399524126173	-7.632306024942375e-06	12.007292454648564	0.0	9.83679986971318	1.9860815405637295e-06	8.794310422793423	0.0	8.153043139853484	1.0518078473279873e-06	7.686145726496653	0.0	7.323043573241022	0.0	7.02086634358188	0.0	6.757442388881668	-2.406985070675099e-06	6.5220424686564105	-3.752978927023325e-06	6.307699838784422	-2.6107820075347168e-06	6.105377372671741	0.0	5.919817783995121	0.0	5.746289421353879	-1.512209580150132e-06	5.581486977434375	-1.5990405756546072e-06	5.421374082043404	0.0	5.2735701066998235	0.0	5.125847367505172	0.0	4.98624863285344	0.0	4.849276833858534	0.0	4.719187079823816	-2.4148114877412093e-06	4.601907422646909	-2.6208129237526895e-06	4.488529792857021	-2.8540034533441785e-06	4.380421963045473	0.0	4.2804639386889285	0.0	4.178263138725871	0.0	4.080787716458505	0.0	3.990451985162797	0.0	3.9051326984126984	0.0
11	295	8	0	0	748	7928	738	2386	700	1326	692	921	697	779	688	699	690	698	667	678	664	673	673	679	685	675	712	680	722	669	712	689	716	717	713	725	731	713	751	717	734	714	750	738	744	755	717	729	684	740	670	740	657	706	645	676	628	662	607	646	598	3406	3421	72.0	231.0734841281347	159.50582218170166	15	1	0.7746591567993164	1.8359472242967387	2.3255813953488373			2.0800889877641824	6.463025915690447	2.6638752526710943	7.084323040380047	2.6624068157614484	7.778494749809351	2.611714975845411	7.198686884477098	2.538514768547183	6.679242047500643	2.4292069769084104	6.060868811237318	2.35937767139682	5.855213488801275	2.2129325503467037	5.352068203347017	2.140692501128377	4.983339503887449	2.1190843540413744	4.701239354704701	2.117334322453017	4.310344827586207	2.1616370149978748	4.063825972628936	2.1522043699883744	3.7172862143690617	2.1121955560829453	3.546427836112827	2.106439939984113	3.4416550664810632	2.0908477757250523	3.235018517692205	2.149304636735174	2.9986962190352022	2.2273630512797697	2.827064111663118	2.1979996406540097	2.6667662657802347	2.2683280909750785	2.6207386363636362	2.273977626994315	2.562536062179683	2.2358040475225294	2.3754439701521717	2.1885198694567096	2.346450201350794	2.1986676730220194	2.301424395098588	2.2079580588788814	2.1535551962907604	2.232374623611255	2.0360219263899766	2.2506540515356774	1.9842340317117766	2.262898896510588	1.9221041982802227	2.3250388802488335	4.6828812231036805	4.680402780058009	1.7159199237368923	4.130520002597817	2.675912325213483	4.178272980501393	4.761904761904762	5.2124986668579805	6.095555555555556	4.8672	0.1773362181262348	18.764399524126173	-7.632306024942375e-06	12.007292454648564	0.0	9.83679986971318	1.9860815405637295e-06	8.794310422793423	0.0	8.153043139853484	1.0518078473279873e-06	7.686145726496653	0.0	7.323043573241022	0.0	7.02086634358188	0.0	6.757442388881668	-2.406985070675099e-06	6.5220424686564105	-3.752978927023325e-06	6.307699838784422	-2.6107820075347168e-06	6.105377372671741	0.0	5.919817783995121	0.0	5.746289421353879	-1.512209580150132e-06	5.581486977434375	-1.5990405756546072e-06	5.421374082043404	0.0	5.2735701066998235	0.0	5.125847367505172	0.0	4.98624863285344	0.0	4.849276833858534	0.0	4.719187079823816	-2.4148114877412093e-06	4.601907422646909	-2.6208129237526895e-06	4.488529792857021	-2.8540034533441785e-06	4.380421963045473	0.0	4.2804639386889285	0.0	4.178263138725871	0.0	4.080787716458505	0.0	3.990451985162797	0.0	3.9051326984126984	0.0
12	185	8	0	0	897	9397	705	2913	635	1338	631	912	591	733	587	631	573	629	568	587	554	582	573	568	571	569	559	572	577	573	587	569	591	572	588	596	571	581	578	590	569	584	550	576	539	572	529	553	522	536	511	521	499	520	492	511	478	503	465	492	445	3198	3214	64.0	199.85304656195794	132.6062479019165	16	1	0.7898139953613281	1.1513567338810058	2.3255813953488373			2.4944382647385988	7.660577009301606	2.5447588795841756	8.649049881235154	2.4151833257264568	7.848888367454684	2.38149154589372	7.128341410035954	2.1524565684524894	6.2848323758895654	2.072593743379705	5.471256394693488	1.9593092836382289	5.276402986326651	1.8844762947480176	4.633722766024629	1.7860597072667481	4.309514994446501	1.8042129789980792	3.932700962403933	1.7649604352126609	3.633461047254151	1.6971279373368149	3.418394788740812	1.7199749605031747	3.1838639773295547	1.741374707051529	2.9287626106650197	1.738695537053926	2.745643930302885	1.7242896102753584	2.6594083262683506	1.6788686013348622	2.443537872734155	1.7142687664976126	2.326314959388061	1.7038989039947297	2.1812205871367745	1.663440600048391	2.0454545454545454	1.647411210954215	1.9414180497573228	1.6495681187439584	1.801948580924761	1.670186216164331	1.6995909566540888	1.6768942998720178	1.6203271754680602	1.676972711385939	1.586187963273648	1.7028345966150973	1.5390639118125413	1.7130774468695122	1.5076581842160477	1.7335222189084403	1.4638935999285907	1.7301710730948678	4.3969037438301735	4.3971980517703715	1.5252621544327931	3.572443673141338	2.224637874076048	4.456824512534819	4.761904761904762	5.314471999397311	6.095555555555556	4.8672	0.1773362181262348	18.764399524126173	-7.632306024942375e-06	12.007292454648564	0.0	9.83679986971318	1.9860815405637295e-06	8.794310422793423	0.0	8.153043139853484	1.0518078473279873e-06	7.686145726496653	0.0	7.323043573241022	0.0	7.02086634358188	0.0	6.757442388881668	-2.406985070675099e-06	6.5220424686564105	-3.752978927023325e-06	6.307699838784422	-2.6107820075347168e-06	6.105377372671741	0.0	5.919817783995121	0.0	5.746289421353879	-1.512209580150132e-06	5.581486977434375	-1.5990405756546072e-06	5.421374082043404	0.0	5.2735701066998235	0.0	5.125847367505172	0.0	4.98624863285344	0.0	4.849276833858534	0.0	4.719187079823816	-2.4148114877412093e-06	4.601907422646909	-2.6208129237526895e-06	4.488529792857021	-2.8540034533441785e-06	4.380421963045473	0.0	4.2804639386889285	0.0	4.178263138725871	0.0	4.080787716458505	0.0	3.990451985162797	0.0	3.9051326984126984	0.0
13	106	10	0	0	1060	11391	770	3189	588	1460	531	933	514	662	468	568	461	511	454	486	480	458	479	449	457	480	443	487	442	453	429	446	439	441	452	434	437	445	430	450	422	437	390	432	380	417	364	387	371	379	370	372	372	374	363	366	370	379	371	363	378	3019	3034	57.0	171.19117675315957	110.40868949890137	15	1	0.8016910552978516	0.6596962907642518	2.9069767441860463			2.947719688542825	9.286116070336766	2.7793820386947736	9.46852731591449	2.2364217252396164	8.564556813515575	2.0040760869565215	7.292480850398625	1.8720180646101174	5.676069621881163	1.652425676152814	4.924997832307292	1.5763378355274404	4.286553141514974	1.5062539398161972	3.836438269655826	1.5474885550325617	3.3913365420214734	1.508233886457382	3.1087724157031085	1.4125865479723048	3.065134099616858	1.3449511202865991	2.9104165421621944	1.3175544758100575	2.5170861810301717	1.2726571538758196	2.2956557545810172	1.2915183430908181	2.1168338693419093	1.3254743262660917	1.9365490161081613	1.2848784216871012	1.8715565462421666	1.2753210546608535	1.7743080198722498	1.263700065880098	1.632180473593785	1.1795306073070408	1.5340909090909092	1.1614401858304297	1.415334487323083	1.1350525429542548	1.2610381569943627	1.1870480578485954	1.2017630085296636	1.2141896104748466	1.156932263481993	1.2501680333378142	1.1408351889698929	1.256359671892846	1.1023432323354014	1.3260222915098736	1.135988969816863	1.383089770354906	1.080067838971704	1.4696734059097978	4.150798124647684	4.150933070650687	1.3584366062917064	3.060102644469058	1.8522456986192173	4.178272980501393	4.761904761904762	5.394389933035523	6.095555555555556	4.8672	0.1773362181262348	18.764399524126173	-7.632306024942375e-06	12.007292454648564	0.0	9.83679986971318	1.9860815405637295e-06	8.794310422793423	0.0	8.153043139853484	1.0518078473279873e-06	7.686145726496653	0.0	7.323043573241022	0.0	7.02086634358188	0.0	6.757442388881668	-2.406985070675099e-06	6.5220424686564105	-3.752978927023325e-06	6.307699838784422	-2.6107820075347168e-06	6.105377372671741	0.0	5.919817783995121	0.0	5.746289421353879	-1.512209580150132e-06	5.581486977434375	-1.5990405756546072e-06	5.421374082043404	0.0	5.2735701066998235	0.0	5.125847367505172	0.0	4.98624863285344	0.0	4.849276833858534	0.0	4.719187079823816	-2.4148114877412093e-06	4.601907422646909	-2.6208129237526895e-06	4.488529792857021	-2.8540034533441785e-06	4.380421963045473	0.0	4.2804639386889285	0.0	4.178263138725871	0.0	4.080787716458505	0.0	3.990451985162797	0.0	3.9051326984126984	0.0
14	2090	7	0	0	1191	7674	670	2047	517	970	459	609	426	487	387	458	353	404	354	357	334	342	320	340	337	328	335	321	333	351	323	327	301	324	285	301	290	292	292	286	299	296	288	299	280	288	271	284	267	274	264	269	265	261	264	265	261	265	255	263	240	3425	3438	53.0	140.95904548831544	91.93828201293945	13	1	0.8038616180419922	13.00721931789893	2.0348837209302326			3.3120133481646272	6.255961260974835	2.418423332370777	6.077790973871735	1.966377605355241	5.690150759664457	1.7323369565217392	4.760043770517431	1.551516917361693	4.175598045099888	1.3664289245109809	3.9712130408393302	1.2070439391348948	3.3889774347789614	1.1744799442619687	2.818124407957057	1.076794119543491	2.5323954091077376	1.0075884001385433	2.354081562002354	1.0416666666666665	2.0945083014048533	1.0170623595846742	1.9183649076674834	0.9926371955763555	1.9503250541756958	0.9582010738971789	1.6831377393452747	0.8855285222558913	1.5552248835981375	0.8357526172253013	1.3430904466556601	0.8526653141630649	1.2280775539386801	0.8660319720022541	1.1276713192965855	0.8953704258249986	1.1055501606035707	0.8710379869344302	1.0617897727272727	0.8557980316645273	0.9774971998778128	0.8450528547818766	0.9254130144351397	0.8542906507966981	0.8688207502298886	0.8663406950415122	0.8365988679480003	0.8905766904153783	0.7961443431046579	0.9137161250129789	0.798144690078911	0.9353832921191271	0.7942930791595479	0.9506412168207575	0.7825284893927222	0.9331259720062209	4.709004165921934	4.7036611393859795	1.263107721639657	2.5196926386141403	1.5423812035972237	3.6211699164345403	4.761904761904762	5.408995137544963	6.095555555555556	4.8672	0.1773362181262348	18.764399524126173	-7.632306024942375e-06	12.007292454648564	0.0	9.83679986971318	1.9860815405637295e-06	8.794310422793423	0.0	8.153043139853484	1.0518078473279873e-06	7.686145726496653	0.0	7.323043573241022	0.0	7.02086634358188	0.0	6.757442388881668	-2.406985070675099e-06	6.5220424686564105	-3.752978927023325e-06	6.307699838784422	-2.6107820075347168e-06	6.105377372671741	0.0	5.919817783995121	0.0	5.746289421353879	-1.512209580150132e-06	5.581486977434375	-1.5990405756546072e-06	5.421374082043404	0.0	5.2735701066998235	0.0	5.125847367505172	0.0	4.98624863285344	0.0	4.849276833858534	0.0	4.719187079823816	-2.4148114877412093e-06	4.601907422646909	-2.6208129237526895e-06	4.488529792857021	-2.8540034533441785e-06	4.380421963045473	0.0	4.2804639386889285	0.0	4.178263138725871	0.0	4.080787716458505	0.0	3.990451985162797	0.0	3.9051326984126984	0.0
15	2241	7	0	0	1377	8057	711	1995	519	867	398	570	326	411	299	345	288	315	273	289	267	274	276	276	250	279	252	253	251	251	243	252	260	243	257	259	253	257	240	253	221	240	232	221	239	228	240	238	228	236	216	229	217	214	223	219	204	220	198	203	186	3289	3302	49.0	120.37218608103876	80.09839344024658	13	1	0.8073940277099609	13.946975354742344	2.0348837209302326			3.829254727474972	6.568188673400344	2.5664164019636155	5.923396674584323	1.9739844819717023	5.085938874875344	1.5021135265700485	4.455213381272472	1.1873110682157555	3.523964674612021	1.0557164042087424	2.9914159368767885	0.9847837237134554	2.6423957721667644	0.9057430078630437	2.2813388064414273	0.8607905087368626	2.028878193261755	0.8690449951194936	1.910960326801911	0.7727497527200792	1.7816091954022988	0.7650737749711579	1.5119823104045897	0.748204012281277	1.3946768905928766	0.7208757305170727	1.2970969734403952	0.7649083580947899	1.1664186626986033	0.7536435881645699	1.1556824773548704	0.7438769809767428	1.080876477267948	0.7118071002758252	0.9975553978392872	0.6617955321315206	0.8963920221110031	0.7016694894749577	0.7848011363636365	0.7304847484565071	0.7738519499032686	0.7483862920577505	0.7755221740688846	0.7295066231522365	0.748327361511875	0.7088242050339645	0.7121975492940225	0.729264686113725	0.6527773541164628	0.7718132419617209	0.6595988193482321	0.7311041823459843	0.6594131223211342	0.7381449448255294	0.6040048796453331	0.7231726283048212	4.5220188910123325	4.517594264762217	1.1677788369876072	2.1516952680232677	1.34375206688313	3.6211699164345403	4.761904761904762	5.4327638886446845	6.095555555555556	4.8672	0.1773362181262348	18.764399524126173	-7.632306024942375e-06	12.007292454648564	0.0	9.83679986971318	1.9860815405637295e-06	8.794310422793423	0.0	8.153043139853484	1.0518078473279873e-06	7.686145726496653	0.0	7.323043573241022	0.0	7.02086634358188	0.0	6.757442388881668	-2.406985070675099e-06	6.5220424686564105	-3.752978927023325e-06	6.307699838784422	-2.6107820075347168e-06	6.105377372671741	0.0	5.919817783995121	0.0	5.746289421353879	-1.512209580150132e-06	5.581486977434375	-1.5990405756546072e-06	5.421374082043404	0.0	5.2735701066998235	0.0	5.125847367505172	0.0	4.98624863285344	0.0	4.849276833858534	0.0	4.719187079823816	-2.4148114877412093e-06	4.601907422646909	-2.6208129237526895e-06	4.488529792857021	-2.8540034533441785e-06	4.380421963045473	0.0	4.2804639386889285	0.0	4.178263138725871	0.0	4.080787716458505	0.0	3.990451985162797	0.0	3.9051326984126984	0.0
16	1679	7	0	0	1632	8747	730	2044	422	787	307	458	291	317	249	291	241	248	227	241	217	228	215	217	208	214	208	205	208	210	195	206	198	200	197	201	194	199	202	193	199	202	199	199	198	200	190	196	178	190	176	182	165	170	159	166	151	156	147	152	138	3173	3186	46.0	100.79556700374394	69.92361068725586	13	1	0.7989377975463867	10.449340303709235	2.0348837209302326			4.538375973303671	7.130687144871889	2.6349985561651748	6.068883610451306	1.6050509660733303	4.616648090573121	1.158665458937198	3.579803032671565	1.0598390210146773	2.717997084798079	0.8791751994915614	2.5231943119743345	0.8240724910241066	2.0803623857058975	0.7531269699080986	1.9024313230186294	0.699593784254304	1.6882636060718252	0.6769734563430839	1.5024579381015024	0.6429277942631058	1.3665389527458494	0.6314894650555589	1.2251240064543119	0.6200256356753211	1.1668611435239207	0.5784805244890089	1.0603253036854026	0.5825071342414169	0.960015360245764	0.577695668748717	0.896880995939494	0.5704036929228778	0.836943264499306	0.5991043093988196	0.7609809951896539	0.5959154339102833	0.7544632852767611	0.6018630534720542	0.7066761363636364	0.6051714652484871	0.6788174999151477	0.5924724812123858	0.6386653198214344	0.569527100531132	0.6024669435900688	0.5775604633610081	0.5660259998755987	0.5545100147869337	0.5185614495317695	0.5503063025646351	0.49996988133244985	0.5411604486972728	0.46758385037316785	0.5480167014613779	0.4522598113600524	0.5365474339035771	4.3625314506482615	4.358890165818421	1.09628217349857	1.8017562995297431	1.1730571906542115	3.6211699164345403	4.761904761904762	5.375863911322537	6.095555555555556	4.8672	0.1773362181262348	18.764399524126173	-7.632306024942375e-06	12.007292454648564	0.0	9.83679986971318	1.9860815405637295e-06	8.794310422793423	0.0	8.153043139853484	1.0518078473279873e-06	7.686145726496653	0.0	7.323043573241022	0.0	7.02086634358188	0.0	6.757442388881668	-2.406985070675099e-06	6.5220424686564105	-3.752978927023325e-06	6.307699838784422	-2.6107820075347168e-06	6.105377372671741	0.0	5.919817783995121	0.0	5.746289421353879	-1.512209580150132e-06	5.581486977434375	-1.5990405756546072e-06	5.421374082043404	0.0	5.2735701066998235	0.0	5.125847367505172	0.0	4.98624863285344	0.0	4.849276833858534	0.0	4.719187079823816	-2.4148114877412093e-06	4.601907422646909	-2.6208129237526895e-06	4.488529792857021	-2.8540034533441785e-06	4.380421963045473	0.0	4.2804639386889285	0.0	4.178263138725871	0.0	4.080787716458505	0.0	3.990451985162797	0.0	3.9051326984126984	0.0
17	2579	5	0	0	1918	7670	665	1705	346	595	262	331	223	259	211	217	199	214	190	198	184	192	175	171	170	173	159	158	159	155	157	162	156	160	155	155	147	151	142	145	137	143	140	138	142	144	125	133	114	123	101	108	106	106	101	101	100	101	93	94	82	3169	3182	43.0	82.07854529618227	60.93037509918213	13	1	0.7878389358520508	16.050535225292506	1.4534883720930232			5.333704115684093	6.252700400270651	2.4003753970545767	5.062351543942993	1.3159896546478016	3.4903502082477855	0.9888285024154589	2.587150226668751	0.8121790435954401	2.2206979336362855	0.7450038839065037	1.8815572704413424	0.6804581979825611	1.7951514134720241	0.6303705915530341	1.5629933691190403	0.5932039460958154	1.4216956682710107	0.551024906325766	1.183964550301184	0.5254698318496538	1.1047254150702428	0.4827251199222782	0.9442419171696647	0.47396190419411577	0.8612546535533699	0.46575098638345847	0.8338480543545399	0.4589450148568739	0.7680122881966112	0.45453212515762	0.6916246486100576	0.43221310752403636	0.6350675022080161	0.4211525343298632	0.5717214730699471	0.41025333892315985	0.5341002465078061	0.4234212436486813	0.49005681818181823	0.43401185891558164	0.4887485999389064	0.3897845271134117	0.4333800384502591	0.36475331157611823	0.3900180740083077	0.3314409477242149	0.3358835603657399	0.3562306761661514	0.32333831559039744	0.34956563873602603	0.30419854225649057	0.35838440311077663	0.3027305697928843	0.346704443781688	0.2796869886042429	0.31881804043545875	4.357031883739156	4.353417610682428	1.0247855100095329	1.4671829371041758	1.022184265612885	3.6211699164345403	4.761904761904762	5.301182290021629	6.095555555555556	4.8672	0.1773362181262348	18.764399524126173	-7.632306024942375e-06	12.007292454648564	0.0	9.83679986971318	1.9860815405637295e-06	8.794310422793423	0.0	8.153043139853484	1.0518078473279873e-06	7.686145726496653	0.0	7.323043573241022	0.0	7.02086634358188	0.0	6.757442388881668	-2.406985070675099e-06	6.5220424686564105	-3.752978927023325e-06	6.307699838784422	-2.6107820075347168e-06	6.105377372671741	0.0	5.919817783995121	0.0	5.746289421353879	-1.512209580150132e-06	5.581486977434375	-1.5990405756546072e-06	5.421374082043404	0.0	5.2735701066998235	0.0	5.125847367505172	0.0	4.98624863285344	0.0	4.849276833858534	0.0	4.719187079823816	-2.4148114877412093e-06	4.601907422646909	-2.6208129237526895e-06	4.488529792857021	-2.8540034533441785e-06	4.380421963045473	0.0	4.2804639386889285	0.0	4.178263138725871	0.0	4.080787716458505	0.0	3.990451985162797	0.0	3.9051326984126984	0.0
18	5045	2	0	0	1912	6380	592	1143	328	447	230	285	170	202	143	145	133	146	134	126	141	150	124	134	114	116	114	117	106	111	99	102	96	98	88	91	99	89	85	94	79	77	72	72	81	76	73	70	72	72	70	68	74	74	65	66	62	62	52	53	52	3185	3198	40.0	66.5864163819317	52.98418426513672	13	1	0.7700204849243164	31.39780931043067	0.5813953488372093			5.317018909899889	5.2010728231716765	2.1368755414380596	3.393705463182898	1.2475277650996501	2.6221622572886725	0.8680555555555556	2.227606690636236	0.6191499435480934	1.7319729057703852	0.5049078454911377	1.257261770571404	0.45477859463156095	1.2247294690042783	0.4445771540426661	0.9946321439848437	0.454574763040815	1.1106997408367272	0.39044050505368555	0.9277850862009277	0.35237388724035607	0.7407407407407408	0.3461048029631429	0.6992171158788024	0.31597460279607714	0.6167694615769295	0.2936901124328814	0.5250154416306362	0.28242770145038393	0.47040752652042434	0.2580569484765842	0.40605060015171124	0.2910822969039428	0.37431130924843337	0.25209834801435477	0.37063323081775884	0.23656944361262502	0.2875924404272802	0.21775949673360756	0.2556818181818182	0.24757014487438106	0.25795064996775613	0.2276341638342324	0.22809475707908372	0.2303705125743905	0.22830326283413133	0.2297115479276737	0.21148224171176214	0.24868933996504908	0.22572674861971145	0.22496798532516527	0.19878320583097403	0.22219832992868152	0.18583460719959236	0.1938562481359976	0.15769585527686036	0.2021772939346812	4.379030151375579	4.375307831226399	0.9532888465204957	1.1902556704185183	0.8888768433477698	3.6211699164345403	4.761904761904762	5.181286138416013	6.095555555555556	4.8672	0.1773362181262348	18.764399524126173	-7.632306024942375e-06	12.007292454648564	0.0	9.83679986971318	1.9860815405637295e-06	8.794310422793423	0.0	8.153043139853484	1.0518078473279873e-06	7.686145726496653	0.0	7.323043573241022	0.0	7.02086634358188	0.0	6.757442388881668	-2.406985070675099e-06	6.5220424686564105	-3.752978927023325e-06	6.307699838784422	-2.6107820075347168e-06	6.105377372671741	0.0	5.919817783995121	0.0	5.746289421353879	-1.512209580150132e-06	5.581486977434375	-1.5990405756546072e-06	5.421374082043404	0.0	5.2735701066998235	0.0	5.125847367505172	0.0	4.98624863285344	0.0	4.849276833858534	0.0	4.719187079823816	-2.4148114877412093e-06	4.601907422646909	-2.6208129237526895e-06	4.488529792857021	-2.8540034533441785e-06	4.380421963045473	0.0	4.2804639386889285	0.0	4.178263138725871	0.0	4.080787716458505	0.0	3.990451985162797	0.0	3.9051326984126984	0.0
19	1357	1	0	0	2423	8961	678	1436	336	506	192	262	165	181	134	149	130	132	123	122	108	114	94	105	90	91	91	88	81	84	69	79	63	66	59	58	58	58	60	58	54	62	55	55	59	60	61	62	58	58	53	57	51	51	49	48	47	48	48	47	50	2844	2857	38.0	55.556234261849205	48.20719814300537	13	1	0.7609357833862305	8.445357231765	0.29069767441860467			6.738042269187987	7.305143192545673	2.4473000288766964	4.263657957244655	1.2779552715654952	2.968264210711562	0.7246376811594203	2.047834922619978	0.6009396510907965	1.551916316556632	0.473130428642045	1.2919448538975113	0.4445204308428792	1.1072896569079775	0.408082014531701	0.9630565203662773	0.3481849248823264	0.8441318030359126	0.29597909254069715	0.726995776500727	0.2781899109792285	0.5810983397190295	0.27627664096180704	0.5259068905755094	0.24145229081587027	0.4667444574095682	0.2046931086653416	0.40662960675313975	0.18534317907681447	0.3168050688811021	0.17301545409225536	0.2588014814153764	0.17053306283261296	0.243933212768642	0.1779517750689563	0.22868858922797886	0.1617056956339462	0.2315679390453425	0.1663440600048391	0.1953125	0.1803288709578825	0.20364524997454436	0.1902148492313449	0.20202678484147413	0.18557624624048122	0.1839109617274947	0.1739244577166672	0.17727187908191827	0.1713940045705068	0.15556843485953084	0.16959125047589382	0.1445696042407084	0.168440669462065	0.14387195396097474	0.17894422904861318	0.13984349430212145	0.19440124416796267	3.9101920723743007	3.9087725058829967	0.905624404194471	0.9930872759088593	0.8087368467837355	3.6211699164345403	4.761904761904762	5.120157325517538	6.095555555555556	4.8672	0.1773362181262348	18.764399524126173	-7.632306024942375e-06	12.007292454648564	0.0	9.83679986971318	1.9860815405637295e-06	8.794310422793423	0.0	8.153043139853484	1.0518078473279873e-06	7.686145726496653	0.0	7.323043573241022	0.0	7.02086634358188	0.0	6.757442388881668	-2.406985070675099e-06	6.5220424686564105	-3.752978927023325e-06	6.307699838784422	-2.6107820075347168e-06	6.105377372671741	0.0	5.919817783995121	0.0	5.746289421353879	-1.512209580150132e-06	5.581486977434375	-1.5990405756546072e-06	5.421374082043404	0.0	5.2735701066998235	0.0	5.125847367505172	0.0	4.98624863285344	0.0	4.849276833858534	0.0	4.719187079823816	-2.4148114877412093e-06	4.601907422646909	-2.6208129237526895e-06	4.488529792857021	-2.8540034533441785e-06	4.380421963045473	0.0	4.2804639386889285	0.0	4.178263138725871	0.0	4.080787716458505	0.0	3.990451985162797	0.0	3.9051326984126984	0.0
20	4	2	0	0	3435	21377	1048	3219	407	941	220	390	199	216	153	188	121	147	105	109	94	101	81	90	77	80	68	72	66	71	56	66	57	58	53	58	48	51	46	47	49	49	47	48	51	47	51	55	50	49	52	53	49	52	45	47	46	47	47	46	49	2311	2324	37.0	50.089120965702115	45.3755464553833	13	1	0.7457418441772461	0.024894199651481205	0.5813953488372093			9.552280311457174	17.4268548183293	3.782847242275484	9.557600950118765	1.5479993914498706	5.520032850354902	0.8303140096618358	3.048303892449586	0.7247696398004152	1.852010631912887	0.5402160864345739	1.6301049163270613	0.41374593947683364	1.2331180270111568	0.34836269533193986	0.8604357436059362	0.30304984202721	0.7478711588300629	0.2550458137850688	0.6231392370006231	0.23800692383778438	0.5108556832694764	0.2064484789604712	0.4302874559254168	0.19673890362774615	0.39451019614380173	0.16612774036607433	0.33971587399629405	0.16769144773616546	0.27840445447127155	0.15542066215067007	0.2588014814153764	0.1411308106200935	0.2144929974344955	0.1364296942195332	0.18531661540887942	0.14673294603821044	0.1830133711809965	0.1421485603677716	0.17045454545454544	0.1558774986246103	0.15952211248005974	0.15903208706227198	0.1792173091335658	0.1599795226211045	0.15537305387322828	0.1706428641748433	0.1648317472165205	0.1646726710579379	0.15861879632736478	0.15574706676357594	0.14155773748569364	0.16485682543095725	0.14087462158678776	0.17521622427676709	0.13686810080633163	0.1905132192846034	3.177374781735938	3.1795545340119302	0.8817921830314586	0.895360698100036	0.761232300880779	3.6211699164345403	4.761904761904762	5.017920893951456	6.095555555555556	4.8672	0.1773362181262348	18.764399524126173	-7.632306024942375e-06	12.007292454648564	0.0	9.83679986971318	1.9860815405637295e-06	8.794310422793423	0.0	8.153043139853484	1.0518078473279873e-06	7.686145726496653	0.0	7.323043573241022	0.0	7.02086634358188	0.0	6.757442388881668	-2.406985070675099e-06	6.5220424686564105	-3.752978927023325e-06	6.307699838784422	-2.6107820075347168e-06	6.105377372671741	0.0	5.919817783995121	0.0	5.746289421353879	-1.512209580150132e-06	5.581486977434375	-1.5990405756546072e-06	5.421374082043404	0.0	5.2735701066998235	0.0	5.125847367505172	0.0	4.98624863285344	0.0	4.849276833858534	0.0	4.719187079823816	-2.4148114877412093e-06	4.601907422646909	-2.6208129237526895e-06	4.488529792857021	-2.8540034533441785e-06	4.380421963045473	0.0	4.2804639386889285	0.0	4.178263138725871	0.0	4.080787716458505	0.0	3.990451985162797	0.0	3.9051326984126984	0.0
