	counts(inten<0.01	MicrocoloniesPlatonic	MicrocoloniesAggregates	MicrocoloniesLarge	counts(Norminten<0.01	counts(inten<0.02	counts(Norminten<0.02	counts(inten<0.03	counts(Norminten<0.03	counts(inten<0.04	counts(Norminten<0.04	counts(inten<0.05	counts(Norminten<0.05	counts(inten<0.060000000000000005	counts(Norminten<0.060000000000000005	counts(inten<0.06999999999999999	counts(Norminten<0.06999999999999999	counts(inten<0.08	counts(Norminten<0.08	counts(inten<0.09	counts(Norminten<0.09	counts(inten<0.09999999999999999	counts(Norminten<0.09999999999999999	counts(inten<0.11	counts(Norminten<0.11	counts(inten<0.12	counts(Norminten<0.12	counts(inten<0.13	counts(Norminten<0.13	counts(inten<0.14	counts(Norminten<0.14	counts(inten<0.15000000000000002	counts(Norminten<0.15000000000000002	counts(inten<0.16	counts(Norminten<0.16	counts(inten<0.17	counts(Norminten<0.17	counts(inten<0.18000000000000002	counts(Norminten<0.18000000000000002	counts(inten<0.19	counts(Norminten<0.19	counts(inten<0.2	counts(Norminten<0.2	counts(inten<0.21000000000000002	counts(Norminten<0.21000000000000002	counts(inten<0.22	counts(Norminten<0.22	counts(inten<0.23	counts(Norminten<0.23	counts(inten<0.24000000000000002	counts(Norminten<0.24000000000000002	counts(inten<0.25	counts(Norminten<0.25	counts(inten<0.26	counts(Norminten<0.26	counts(inten<0.27	counts(Norminten<0.27	counts(inten<0.28	counts(Norminten<0.28	counts(inten<0.29000000000000004	counts(Norminten<0.29000000000000004	diff	max	med	std	mean	min	eigenLocal	minProp	counts(inten<0.01Normalized	MicrocoloniesPlatonicNormalized	MicrocoloniesAggregatesNormalized	MicrocoloniesLargeNormalized	counts(Norminten<0.01Normalized	counts(inten<0.02Normalized	counts(Norminten<0.02Normalized	counts(inten<0.03Normalized	counts(Norminten<0.03Normalized	counts(inten<0.04Normalized	counts(Norminten<0.04Normalized	counts(inten<0.05Normalized	counts(Norminten<0.05Normalized	counts(inten<0.060000000000000005Normalized	counts(Norminten<0.060000000000000005Normalized	counts(inten<0.06999999999999999Normalized	counts(Norminten<0.06999999999999999Normalized	counts(inten<0.08Normalized	counts(Norminten<0.08Normalized	counts(inten<0.09Normalized	counts(Norminten<0.09Normalized	counts(inten<0.09999999999999999Normalized	counts(Norminten<0.09999999999999999Normalized	counts(inten<0.11Normalized	counts(Norminten<0.11Normalized	counts(inten<0.12Normalized	counts(Norminten<0.12Normalized	counts(inten<0.13Normalized	counts(Norminten<0.13Normalized	counts(inten<0.14Normalized	counts(Norminten<0.14Normalized	counts(inten<0.15000000000000002Normalized	counts(Norminten<0.15000000000000002Normalized	counts(inten<0.16Normalized	counts(Norminten<0.16Normalized	counts(inten<0.17Normalized	counts(Norminten<0.17Normalized	counts(inten<0.18000000000000002Normalized	counts(Norminten<0.18000000000000002Normalized	counts(inten<0.19Normalized	counts(Norminten<0.19Normalized	counts(inten<0.2Normalized	counts(Norminten<0.2Normalized	counts(inten<0.21000000000000002Normalized	counts(Norminten<0.21000000000000002Normalized	counts(inten<0.22Normalized	counts(Norminten<0.22Normalized	counts(inten<0.23Normalized	counts(Norminten<0.23Normalized	counts(inten<0.24000000000000002Normalized	counts(Norminten<0.24000000000000002Normalized	counts(inten<0.25Normalized	counts(Norminten<0.25Normalized	counts(inten<0.26Normalized	counts(Norminten<0.26Normalized	counts(inten<0.27Normalized	counts(Norminten<0.27Normalized	counts(inten<0.28Normalized	counts(Norminten<0.28Normalized	counts(inten<0.29000000000000004Normalized	counts(Norminten<0.29000000000000004Normalized	diffNormalized	maxNormalized	medNormalized	stdNormalized	meanNormalized	minNormalized	eigenLocalNormalized	minPropNormalized	BioVolume	SubstratumCoverage	Homogenity	ThicknessThreshold=0.01	RoughnessThreshold=0.01	ThicknessThreshold=0.02	RoughnessThreshold=0.02	ThicknessThreshold=0.03	RoughnessThreshold=0.03	ThicknessThreshold=0.04	RoughnessThreshold=0.04	ThicknessThreshold=0.05	RoughnessThreshold=0.05	ThicknessThreshold=0.060000000000000005	RoughnessThreshold=0.060000000000000005	ThicknessThreshold=0.06999999999999999	RoughnessThreshold=0.06999999999999999	ThicknessThreshold=0.08	RoughnessThreshold=0.08	ThicknessThreshold=0.09	RoughnessThreshold=0.09	ThicknessThreshold=0.09999999999999999	RoughnessThreshold=0.09999999999999999	ThicknessThreshold=0.11	RoughnessThreshold=0.11	ThicknessThreshold=0.12	RoughnessThreshold=0.12	ThicknessThreshold=0.13	RoughnessThreshold=0.13	ThicknessThreshold=0.14	RoughnessThreshold=0.14	ThicknessThreshold=0.15000000000000002	RoughnessThreshold=0.15000000000000002	ThicknessThreshold=0.16	RoughnessThreshold=0.16	ThicknessThreshold=0.17	RoughnessThreshold=0.17	ThicknessThreshold=0.18000000000000002	RoughnessThreshold=0.18000000000000002	ThicknessThreshold=0.19	RoughnessThreshold=0.19	ThicknessThreshold=0.2	RoughnessThreshold=0.2	ThicknessThreshold=0.21000000000000002	RoughnessThreshold=0.21000000000000002	ThicknessThreshold=0.22	RoughnessThreshold=0.22	ThicknessThreshold=0.23	RoughnessThreshold=0.23	ThicknessThreshold=0.24000000000000002	RoughnessThreshold=0.24000000000000002	ThicknessThreshold=0.25	RoughnessThreshold=0.25	ThicknessThreshold=0.26	RoughnessThreshold=0.26	ThicknessThreshold=0.27	RoughnessThreshold=0.27	ThicknessThreshold=0.28	RoughnessThreshold=0.28	ThicknessThreshold=0.29000000000000004	RoughnessThreshold=0.29000000000000004
0	1	25	0	0	3698	15	4072	14	4382	15	4700	9	4967	16	5243	19	5418	42	5578	66	5751	122	5849	207	5930	342	5966	468	5987	650	6001	874	5905	1108	5832	1443	5661	1828	5509	2166	5349	2595	5145	2989	4898	3502	4707	3955	4471	4382	4172	4788	3959	5104	3723	5391	3519	5603	3297	5810	3060	2767	2791	579.0	297.65613397480325	604.1043891906738	24	1	0.5330276489257812	0.008823788934968674	6.265664160401002			10.643258022737085	0.010043185698503565	13.286348211955104	0.02289901534234028	14.635449717778299	0.05740967544396816	15.57529162248144	0.052888288182405825	16.074953882002653	0.11353959693443089	16.519629466254962	0.14796355424032398	16.589607765087724	0.328381548084441	16.683615481246637	0.4935686509123542	16.7550402051043	0.8610954263128177	16.7406050545236	1.3719512195121952	16.67182096769659	2.101769911504425	16.56440014437627	2.68857356235997	16.504024699525857	3.432796408766834	16.427144069420493	4.319675777195671	16.155066754213177	5.06606922408669	15.998244362758546	6.133900106269925	15.65758539621076	7.252817013172512	15.390847628094095	8.102345415778252	15.14182188756157	9.130572464023082	14.752265168023856	10.00669568128557	14.314522021217524	11.185639453174907	14.014350790484414	12.049477500533163	13.68366285119667	12.8776301869049	13.171270718232044	13.641414285307274	12.907117008443908	14.200656613432752	12.52691790040377	14.733533752391365	12.23702055151789	15.142424733798174	11.942623247727026	15.651939655172415	11.576438542730678	4.49553208773355	4.5071377817970415	14.121951219512194	5.601919867643781	10.387101981071549	6.417112299465241	4.761904761904762	3.5966149143303983	15.097049180327867	2.0618000000000003	0.17319382213161497	19.9127282264025	-1.4305142030986845e-05	13.833624604776979	-1.5288182235132244e-05	11.157346518700685	-1.4454835865338749e-05	9.825237024633388	-1.5613000555237332e-05	8.989320905934393	-1.189099524657465e-05	8.38639232682634	-1.1100078306006958e-05	7.91146127319097	-1.2360290096008554e-05	7.50412195463795	-1.2645662221716396e-05	7.148413500786627	-1.2975301513568922e-05	6.837771453945897	-1.3354998108041935e-05	6.548989658683695	-1.3791502365817301e-05	6.2745309726306076	0.0	6.021747404844291	0.0	5.77971415244344	0.0	5.556921407136117	0.0	5.339981606428667	-1.7031108739371525e-05	5.141231608086821	-1.7985395858562846e-05	4.94473785006699	-4.767959313413859e-06	4.763265789785519	-6.771294451432044e-06	4.590650696463551	-1.8104102208519429e-06	4.421667726274981	0.0	4.270911635891269	0.0	4.111320643392698	0.0	3.964456806912671	0.0	3.827765092012286	-2.1592850607163968e-05	3.6991655348702044	0.0	3.575705600041818	0.0	3.462382626560759	0.0	3.346678143766768	0.0
1	1	46	0	0	3736	18	4032	18	4396	18	4654	28	4893	54	5081	112	5354	227	5480	384	5605	589	5751	839	5810	1130	5859	1481	5781	1876	5748	2207	5604	2626	5455	3066	5283	3583	5081	3925	4972	4316	4784	4654	4565	4918	4312	5228	4056	5445	3807	5590	3543	5739	3345	5822	3126	5849	2905	5741	2668	3614	3639	593.0	364.8502485081627	641.453616142273	25	1	0.550572395324707	0.008823788934968674	11.528822055137844			10.752626277162182	0.012051822838204279	13.155833985904463	0.0294415911544375	14.682208343074713	0.06889161053276179	15.4228525980912	0.16454134101192924	15.83546393087155	0.38319613965370425	16.009200327682905	0.8722062144692782	16.393643406105515	1.7748240813135263	16.390500687922476	2.871672150762788	16.329681855261626	4.157255787690571	16.4601162025244	5.560710498409332	16.33444853664708	6.944444444444445	16.267318210844877	8.508071465502384	15.936156136288455	9.907578558225508	15.734581588240124	10.907922700538723	15.331582403151675	12.006766951671164	14.96406430021397	13.032943676939427	14.612086848292074	14.21599746072052	14.195116499972062	14.682227957954588	14.074619260601256	15.185954048063053	13.71716940016057	15.580850351523267	13.341321565303796	15.70844512584643	12.838300532944293	15.927855467202875	12.41353981759197	16.00152815328553	12.018942383583267	15.926379668936436	11.550875362696834	15.967391909187024	11.255047106325707	15.911451216179284	10.870396772959626	15.807253661964218	10.52269351975948	15.466056034482758	10.09344380130897	5.871649065800162	5.876558361862929	14.463414634146341	6.866520197449252	11.029292695461471	6.684491978609626	4.761904761904762	3.7149984478932274	15.097049180327867	2.0618000000000003	0.17319382213161497	19.9127282264025	-1.4305142030986845e-05	13.833624604776979	-1.5288182235132244e-05	11.157346518700685	-1.4454835865338749e-05	9.825237024633388	-1.5613000555237332e-05	8.989320905934393	-1.189099524657465e-05	8.38639232682634	-1.1100078306006958e-05	7.91146127319097	-1.2360290096008554e-05	7.50412195463795	-1.2645662221716396e-05	7.148413500786627	-1.2975301513568922e-05	6.837771453945897	-1.3354998108041935e-05	6.548989658683695	-1.3791502365817301e-05	6.2745309726306076	0.0	6.021747404844291	0.0	5.77971415244344	0.0	5.556921407136117	0.0	5.339981606428667	-1.7031108739371525e-05	5.141231608086821	-1.7985395858562846e-05	4.94473785006699	-4.767959313413859e-06	4.763265789785519	-6.771294451432044e-06	4.590650696463551	-1.8104102208519429e-06	4.421667726274981	0.0	4.270911635891269	0.0	4.111320643392698	0.0	3.964456806912671	0.0	3.827765092012286	-2.1592850607163968e-05	3.6991655348702044	0.0	3.575705600041818	0.0	3.462382626560759	0.0	3.346678143766768	0.0
2	1	40	0	0	3327	23	3621	20	3891	25	4199	117	4397	202	4624	293	4905	400	5056	556	5197	779	5312	996	5396	1247	5382	1478	5421	1768	5369	2114	5334	2497	5222	2910	5082	3323	4938	3646	4796	3991	4634	4290	4488	4564	4287	4889	4064	5070	3833	5224	3661	5342	3431	5400	3231	5423	3028	5364	2841	3586	3613	570.0	374.7489630401176	623.8940277099609	27	1	0.5530290603637695	0.008823788934968674	10.025062656641603			9.57547848611311	0.015399551404372134	11.814800313234143	0.032712879060486116	12.99555793059684	0.09568279240661359	13.915031813361612	0.6875477463712758	14.230233988154955	1.43343741129719	14.569286029365431	2.281753757495522	15.018830950120945	3.1274433150899137	15.122330561703656	4.157941968291953	15.141009206386203	5.498306041784303	15.203640630813704	6.601272534464475	15.170513649526274	7.663470993117011	14.942943609961961	8.49083701958982	14.943764472378431	9.337206231845787	14.697106567025267	10.448277566352	14.59290873276428	11.416944812765763	14.324902616996763	12.369819341126462	14.056147144240077	13.18441517219489	13.795608202492037	13.638574047057944	13.576402649606523	14.042433411913727	13.28707420575754	14.36223635754938	13.116287225648069	14.577743707678547	12.763866972340491	14.895043110014319	12.438024117034951	14.899494533913249	12.101026045777427	14.883614917803925	11.935578521827015	14.86283456680207	11.544414535666219	14.758130636786007	11.235525263414125	14.655964542457165	10.96823269460644	14.450431034482758	10.747928725456815	5.826157595450853	5.834571410115625	13.902439024390246	7.052815050037059	10.72736932086652	7.219251336898395	4.761904761904762	3.7315748452655084	15.097049180327867	2.0618000000000003	0.17319382213161497	19.9127282264025	-1.4305142030986845e-05	13.833624604776979	-1.5288182235132244e-05	11.157346518700685	-1.4454835865338749e-05	9.825237024633388	-1.5613000555237332e-05	8.989320905934393	-1.189099524657465e-05	8.38639232682634	-1.1100078306006958e-05	7.91146127319097	-1.2360290096008554e-05	7.50412195463795	-1.2645662221716396e-05	7.148413500786627	-1.2975301513568922e-05	6.837771453945897	-1.3354998108041935e-05	6.548989658683695	-1.3791502365817301e-05	6.2745309726306076	0.0	6.021747404844291	0.0	5.77971415244344	0.0	5.556921407136117	0.0	5.339981606428667	-1.7031108739371525e-05	5.141231608086821	-1.7985395858562846e-05	4.94473785006699	-4.767959313413859e-06	4.763265789785519	-6.771294451432044e-06	4.590650696463551	-1.8104102208519429e-06	4.421667726274981	0.0	4.270911635891269	0.0	4.111320643392698	0.0	3.964456806912671	0.0	3.827765092012286	-2.1592850607163968e-05	3.6991655348702044	0.0	3.575705600041818	0.0	3.462382626560759	0.0	3.346678143766768	0.0
3	1	43	0	0	2347	92	2506	184	2635	310	2759	361	2883	508	2987	616	3124	710	3222	877	3339	1038	3398	1161	3512	1336	3555	1523	3628	1703	3669	1863	3696	2072	3704	2230	3740	2379	3700	2555	3645	2723	3618	2862	3590	2987	3549	3155	3495	3276	3410	3385	3332	3487	3258	3555	3166	3630	3071	3669	2973	3244	3268	467.0	403.18607562024397	556.8555488586426	24	1	0.579218864440918	0.008823788934968674	10.776942355889723			6.7549287667290265	0.061598205617488536	8.176716262072565	0.30095848735647224	8.800641261146923	1.1864666258420085	9.143027571580063	2.121408003760945	9.330399042040195	3.6048822026681804	9.411431092066293	4.797134179581029	9.56551027281913	5.551211884284597	9.636896572351498	6.558480406820221	9.727887192634892	7.326369282891022	9.725521623400784	7.694856839872746	9.873766482048975	8.210422812192723	9.870339006580226	8.74935370827828	10.001102657404344	8.993926590969105	10.04352467767102	9.207729946127612	10.111621799080762	9.473732339627817	10.160750534920721	9.479277364505844	10.344350712211313	9.438977940009522	10.33692797675588	9.557475778999738	10.31817924474891	9.5809436684142	10.373896089001033	9.581519919651825	10.491860770961804	9.540692474766834	10.566588263316163	9.612162203333028	10.696578319152843	9.627365698836252	10.765588003157065	9.644149405965981	10.862973951031853	9.701741694952979	10.962314939434723	9.71576933588412	11.009493340751817	9.810280525377006	11.123990292317167	9.884159482758621	11.247304505731472	5.2705117790414295	5.277436858084103	11.390243902439025	7.588004511157044	9.574695165630798	6.417112299465241	4.761904761904762	3.9082910815378575	15.097049180327867	2.0618000000000003	0.17319382213161497	19.9127282264025	-1.4305142030986845e-05	13.833624604776979	-1.5288182235132244e-05	11.157346518700685	-1.4454835865338749e-05	9.825237024633388	-1.5613000555237332e-05	8.989320905934393	-1.189099524657465e-05	8.38639232682634	-1.1100078306006958e-05	7.91146127319097	-1.2360290096008554e-05	7.50412195463795	-1.2645662221716396e-05	7.148413500786627	-1.2975301513568922e-05	6.837771453945897	-1.3354998108041935e-05	6.548989658683695	-1.3791502365817301e-05	6.2745309726306076	0.0	6.021747404844291	0.0	5.77971415244344	0.0	5.556921407136117	0.0	5.339981606428667	-1.7031108739371525e-05	5.141231608086821	-1.7985395858562846e-05	4.94473785006699	-4.767959313413859e-06	4.763265789785519	-6.771294451432044e-06	4.590650696463551	-1.8104102208519429e-06	4.421667726274981	0.0	4.270911635891269	0.0	4.111320643392698	0.0	3.964456806912671	0.0	3.827765092012286	-2.1592850607163968e-05	3.6991655348702044	0.0	3.575705600041818	0.0	3.462382626560759	0.0	3.346678143766768	0.0
4	1	35	0	0	1933	264	1951	585	2031	596	2080	695	2142	815	2199	879	2215	1070	2267	1213	2322	1333	2415	1413	2461	1584	2484	1685	2492	1780	2523	1888	2569	1930	2606	2015	2599	2077	2630	2151	2606	2196	2597	2250	2587	2296	2584	2420	2560	2465	2497	2488	2463	2514	2419	2567	2403	2587	2337	2597	2263	3222	3245	351.0	390.0686090214397	471.7025537490845	23	1	0.6096582412719727	0.008823788934968674	8.771929824561402			5.563390415887178	0.17676006829366275	6.365831375619943	0.9568517125192189	6.783340569787248	2.281077770973668	6.892895015906681	4.084151142974672	6.9322631800381895	5.783423218847574	6.928602936542945	6.8452612724865665	6.782203986649928	8.36591086786552	6.780522821080337	9.071193538737662	6.764945810511596	9.408526256352344	6.912046709980252	9.365058324496287	6.918946273440356	9.734513274336283	6.896743204597828	9.68001378755673	6.869555629066049	9.400580934776869	6.90646300402398	9.331290466070282	7.028343182315605	8.82447076036761	7.148735392549514	8.565356004250797	7.188493984234546	8.240755435645136	7.3476001564508024	8.046234990461228	7.377002774160675	7.72668097533514	7.446381465764422	7.532641446267157	7.56056930765409	7.333588859077551	7.693452824009289	7.372878774030406	7.8349758217543	7.244034324673798	7.8831886345698505	7.0885210404854835	8.029863397776547	6.994602415001948	8.1393001345895	7.015578026783274	8.356226310115797	6.991513972217718	8.465244322092223	6.996228448275862	8.56126811182991	5.234768480909829	5.240294554615335	8.560975609756099	7.341132404838498	8.110556086320956	6.149732620320856	4.761904761904762	4.113681396494555	15.097049180327867	2.0618000000000003	0.17319382213161497	19.9127282264025	-1.4305142030986845e-05	13.833624604776979	-1.5288182235132244e-05	11.157346518700685	-1.4454835865338749e-05	9.825237024633388	-1.5613000555237332e-05	8.989320905934393	-1.189099524657465e-05	8.38639232682634	-1.1100078306006958e-05	7.91146127319097	-1.2360290096008554e-05	7.50412195463795	-1.2645662221716396e-05	7.148413500786627	-1.2975301513568922e-05	6.837771453945897	-1.3354998108041935e-05	6.548989658683695	-1.3791502365817301e-05	6.2745309726306076	0.0	6.021747404844291	0.0	5.77971415244344	0.0	5.556921407136117	0.0	5.339981606428667	-1.7031108739371525e-05	5.141231608086821	-1.7985395858562846e-05	4.94473785006699	-4.767959313413859e-06	4.763265789785519	-6.771294451432044e-06	4.590650696463551	-1.8104102208519429e-06	4.421667726274981	0.0	4.270911635891269	0.0	4.111320643392698	0.0	3.964456806912671	0.0	3.827765092012286	-2.1592850607163968e-05	3.6991655348702044	0.0	3.575705600041818	0.0	3.462382626560759	0.0	3.346678143766768	0.0
5	1	32	0	0	1496	772	1566	984	1605	891	1669	1011	1678	1054	1691	1095	1716	1191	1771	1332	1805	1363	1806	1397	1879	1456	1915	1462	1972	1577	2025	1578	2066	1677	2102	1687	2125	1678	2170	1744	2163	1791	2172	1803	2152	1879	2151	1923	2115	1997	2109	2024	2042	2100	2015	2109	1974	2155	1933	2171	1863	3289	3312	273.0	374.33793032331243	412.7911386489868	23	1	0.6317968368530273	0.008823788934968674	8.020050125313283			4.305655489998561	0.5168892906163168	5.109631949882537	1.609473649775917	5.360542400053438	3.4101347213717084	5.5308854718981975	5.941117705823588	5.430596459432344	7.479420948055634	5.327997983489823	8.52737325753446	5.254294375210509	9.311962470680218	5.297003050786624	9.96111277295842	5.2587111059317095	9.620271033314513	5.169008843985232	9.259013785790032	5.2826899828502345	8.947885939036382	5.31693367021129	8.398919974722812	5.436101003418238	8.328492210192765	5.543237250554324	7.799140018781199	5.652221492667979	7.667687805770199	5.766171064903714	7.171094580233794	5.877471995574609	6.657673385176956	6.062468570151422	6.523772116859313	6.122968918077336	6.301678336441363	6.227778414955844	6.036156678942082	6.2892714147938165	6.001660917337421	6.404263554351386	5.858696645644822	6.473036665238416	5.86869636769719	6.658247829518547	5.766546055443175	6.657320770710397	5.8427466473763285	6.779946164199193	5.763869909811424	6.8644156205445634	5.8240095129992975	7.001847357554243	5.848599137931035	7.048008171603677	5.343623070674249	5.348491699502616	6.658536585365854	7.045079370910362	7.097620429101601	6.149732620320856	4.761904761904762	4.263062020951125	15.097049180327867	2.0618000000000003	0.17319382213161497	19.9127282264025	-1.4305142030986845e-05	13.833624604776979	-1.5288182235132244e-05	11.157346518700685	-1.4454835865338749e-05	9.825237024633388	-1.5613000555237332e-05	8.989320905934393	-1.189099524657465e-05	8.38639232682634	-1.1100078306006958e-05	7.91146127319097	-1.2360290096008554e-05	7.50412195463795	-1.2645662221716396e-05	7.148413500786627	-1.2975301513568922e-05	6.837771453945897	-1.3354998108041935e-05	6.548989658683695	-1.3791502365817301e-05	6.2745309726306076	0.0	6.021747404844291	0.0	5.77971415244344	0.0	5.556921407136117	0.0	5.339981606428667	-1.7031108739371525e-05	5.141231608086821	-1.7985395858562846e-05	4.94473785006699	-4.767959313413859e-06	4.763265789785519	-6.771294451432044e-06	4.590650696463551	-1.8104102208519429e-06	4.421667726274981	0.0	4.270911635891269	0.0	4.111320643392698	0.0	3.964456806912671	0.0	3.827765092012286	-2.1592850607163968e-05	3.6991655348702044	0.0	3.575705600041818	0.0	3.462382626560759	0.0	3.346678143766768	0.0
6	1	26	0	0	1342	1285	1387	1205	1437	1070	1431	1133	1453	1094	1505	1180	1540	1226	1546	1248	1588	1304	1641	1290	1679	1334	1728	1380	1759	1435	1808	1432	1895	1469	1932	1506	1947	1547	1980	1584	1968	1626	1976	1667	1992	1713	1964	1764	1967	1801	1958	1923	1922	1957	1867	1974	1816	1971	1752	1968	1703	3322	3345	236.0	364.44014805768956	382.2594385147095	23	1	0.6437969207763672	0.008823788934968674	6.516290726817042			3.8624262483810625	0.8603662415051387	4.525580788305925	1.9709509633942885	4.799438896496443	4.095223515003061	4.742179215270414	6.658047834518423	4.702417553966147	7.763269940391712	4.741949713277459	9.189315473872751	4.715392388009431	9.585613760750586	4.624035413052581	9.332934489979062	4.626500407877869	9.203839638622249	4.696757205415152	8.549840933191941	4.720402597767719	8.198131760078663	4.79773440319849	7.927845119779399	4.848935935604808	7.578558225508318	4.949221209383811	7.077546582316019	5.184394834755964	6.716656760093274	5.299829922642234	6.401700318809776	5.385147282533536	6.137914616727504	5.531653349723417	5.925260913477724	5.570967559304761	5.721121705780936	5.665787360935887	5.580850351523268	5.821667592132566	5.471444998083557	5.847500521034924	5.3742802303262955	6.020077125543246	5.292700129305278	6.181531176006314	5.478788569474914	6.266097219052587	5.444883423293083	6.281965006729476	5.394916643891774	6.314984177765413	5.326739095184044	6.346216539283516	5.301724137931035	6.442704195513184	5.39723801787165	5.401782830566501	5.75609756097561	6.858802063673351	6.572651750467921	6.149732620320856	4.761904761904762	4.344032831562696	15.097049180327867	2.0618000000000003	0.17319382213161497	19.9127282264025	-1.4305142030986845e-05	13.833624604776979	-1.5288182235132244e-05	11.157346518700685	-1.4454835865338749e-05	9.825237024633388	-1.5613000555237332e-05	8.989320905934393	-1.189099524657465e-05	8.38639232682634	-1.1100078306006958e-05	7.91146127319097	-1.2360290096008554e-05	7.50412195463795	-1.2645662221716396e-05	7.148413500786627	-1.2975301513568922e-05	6.837771453945897	-1.3354998108041935e-05	6.548989658683695	-1.3791502365817301e-05	6.2745309726306076	0.0	6.021747404844291	0.0	5.77971415244344	0.0	5.556921407136117	0.0	5.339981606428667	-1.7031108739371525e-05	5.141231608086821	-1.7985395858562846e-05	4.94473785006699	-4.767959313413859e-06	4.763265789785519	-6.771294451432044e-06	4.590650696463551	-1.8104102208519429e-06	4.421667726274981	0.0	4.270911635891269	0.0	4.111320643392698	0.0	3.964456806912671	0.0	3.827765092012286	-2.1592850607163968e-05	3.6991655348702044	0.0	3.575705600041818	0.0	3.462382626560759	0.0	3.346678143766768	0.0
7	1	22	0	0	991	3095	990	2149	991	1474	1061	1173	1103	1057	1141	998	1154	929	1227	928	1266	971	1277	1020	1316	992	1376	1028	1371	1065	1431	1130	1447	1160	1479	1215	1516	1260	1505	1279	1530	1339	1579	1386	1600	1396	1612	1466	1596	1487	1622	1509	1605	1515	1590	1530	1527	1576	1500	1604	1450	3176	3196	160.0	341.83618805203577	315.31382274627686	20	1	0.6758947372436523	0.008823788934968674	5.513784461152882			2.8522089509281914	2.072243982457902	3.230227094753328	3.5149988550492326	3.3098426906248957	5.641457440293938	3.5160392364793216	6.893106893106893	3.569694812129842	7.500709622480841	3.595059550066167	7.771980375360174	3.533482347897976	7.263487099296325	3.6699168511096487	6.939874364343404	3.688381307539914	6.853472614342179	3.6549414694181284	6.760339342523861	3.6998509938429534	6.096361848574238	3.820418135880279	5.905670132705233	3.7793582533906718	5.624504885133351	3.917220990391722	5.58493550140859	3.95874370759466	5.303826985505921	4.057167937674878	5.164718384697131	4.193057668372286	4.999206475162673	4.2046152986534056	4.7843489320315715	4.331087584215592	4.711305020935224	4.527468746415873	4.640107130900569	4.676038226612503	4.458924236616839	4.7994759877333495	4.466380282119245	4.8846177388749465	4.3699306453508875	5.120757695343331	4.299267785406992	5.232615003423207	4.21512436703578	5.349932705248991	4.181470347089369	5.310011475466843	4.2592292308523865	5.433404571304379	4.321120689655173	5.485567283320092	5.1600324939073925	5.161165299399264	3.902439024390244	6.433393149863377	5.42157430323411	5.347593582887701	4.761904761904762	4.560613501733057	15.097049180327867	2.0618000000000003	0.17319382213161497	19.9127282264025	-1.4305142030986845e-05	13.833624604776979	-1.5288182235132244e-05	11.157346518700685	-1.4454835865338749e-05	9.825237024633388	-1.5613000555237332e-05	8.989320905934393	-1.189099524657465e-05	8.38639232682634	-1.1100078306006958e-05	7.91146127319097	-1.2360290096008554e-05	7.50412195463795	-1.2645662221716396e-05	7.148413500786627	-1.2975301513568922e-05	6.837771453945897	-1.3354998108041935e-05	6.548989658683695	-1.3791502365817301e-05	6.2745309726306076	0.0	6.021747404844291	0.0	5.77971415244344	0.0	5.556921407136117	0.0	5.339981606428667	-1.7031108739371525e-05	5.141231608086821	-1.7985395858562846e-05	4.94473785006699	-4.767959313413859e-06	4.763265789785519	-6.771294451432044e-06	4.590650696463551	-1.8104102208519429e-06	4.421667726274981	0.0	4.270911635891269	0.0	4.111320643392698	0.0	3.964456806912671	0.0	3.827765092012286	-2.1592850607163968e-05	3.6991655348702044	0.0	3.575705600041818	0.0	3.462382626560759	0.0	3.346678143766768	0.0
8	1	14	0	0	825	3473	847	3268	907	1796	926	1168	975	1003	1003	871	1021	811	1071	814	1141	825	1162	850	1170	927	1200	931	1227	1000	1289	1010	1318	1055	1350	1108	1369	1155	1379	1166	1372	1200	1432	1235	1463	1292	1470	1326	1443	1352	1431	1386	1418	1375	1413	1420	1426	1467	1386	1464	1337	3059	3077	130.0	318.3562917534144	279.7762575149536	18	1	0.6926202774047852	0.008823788934968674	3.508771929824561			2.37444236580803	2.325332262060192	2.763638736622292	5.345284438483431	3.029290938846398	6.87385180649112	3.0686638388123013	6.863724510783334	3.1554419236868503	7.117513482827135	3.160249543134413	6.782960828595903	3.1262439143880707	6.340891321344801	3.2033259556140457	6.087346694585701	3.3242046381540615	5.8229813664596275	3.3257963879904975	5.633616118769883	3.289381202732717	5.696902654867256	3.3317600022211735	5.348423048199001	3.3824015878266627	5.281225244256667	3.528510032575073	4.991845005683784	3.6058218428540165	4.823739198024782	3.7032973061941075	4.709883103081828	3.7864748997372426	4.582605935565783	3.852600994580097	4.361650394643324	3.8838249447998643	4.222230041166743	4.105975455900905	4.1345831938399735	4.275652453458807	4.12674076913249	4.376693363503737	4.039850105109222	4.416355512027912	3.9731985423768665	4.517758484609313	3.9488304510100005	4.622958302089786	3.8256079238773584	4.7543741588156125	3.880841760043728	4.958792641791564	3.9646505594292196	5.020465823885247	3.9439655172413794	5.058071350206181	4.969943135662063	4.968994251017376	3.1707317073170733	5.991499022539271	4.810533693661205	4.81283422459893	4.761904761904762	4.67346942452617	15.097049180327867	2.0618000000000003	0.17319382213161497	19.9127282264025	-1.4305142030986845e-05	13.833624604776979	-1.5288182235132244e-05	11.157346518700685	-1.4454835865338749e-05	9.825237024633388	-1.5613000555237332e-05	8.989320905934393	-1.189099524657465e-05	8.38639232682634	-1.1100078306006958e-05	7.91146127319097	-1.2360290096008554e-05	7.50412195463795	-1.2645662221716396e-05	7.148413500786627	-1.2975301513568922e-05	6.837771453945897	-1.3354998108041935e-05	6.548989658683695	-1.3791502365817301e-05	6.2745309726306076	0.0	6.021747404844291	0.0	5.77971415244344	0.0	5.556921407136117	0.0	5.339981606428667	-1.7031108739371525e-05	5.141231608086821	-1.7985395858562846e-05	4.94473785006699	-4.767959313413859e-06	4.763265789785519	-6.771294451432044e-06	4.590650696463551	-1.8104102208519429e-06	4.421667726274981	0.0	4.270911635891269	0.0	4.111320643392698	0.0	3.964456806912671	0.0	3.827765092012286	-2.1592850607163968e-05	3.6991655348702044	0.0	3.575705600041818	0.0	3.462382626560759	0.0	3.346678143766768	0.0
9	1	15	0	0	787	4414	797	3354	851	1821	914	1171	927	914	956	840	992	812	1021	769	1084	794	1088	829	1119	880	1160	906	1205	951	1188	988	1224	1021	1256	1092	1271	1090	1306	1132	1319	1178	1358	1197	1333	1213	1373	1234	1372	1271	1356	1289	1332	1322	1333	1352	1316	1348	1288	1387	1279	3020	3037	118.0	310.02168492371385	263.31494522094727	17	1	0.7023496627807617	0.008823788934968674	3.7593984962406015			2.2650741113829325	2.9553747782129824	2.6004959540589923	5.485949818443521	2.8422564376607324	6.9695345988977335	3.028897136797455	6.881353940177469	3.000097090520729	6.485949474879364	3.0121620770054824	6.541546608519585	3.0374475642242564	6.348709929632525	3.053777591673147	5.750822614418187	3.158140076914113	5.604178430265386	3.1139986834196742	5.494432661717921	3.1459979195366747	5.408062930186824	3.220701335480468	5.204802665594301	3.3217554305877166	5.022445207288091	3.2520325203252036	4.883111748134236	3.34865397242285	4.6682822001737465	3.4454380863554066	4.641870350690755	3.5154197206472135	4.3247103634343755	3.648656199363022	4.234466763924737	3.733793806261677	4.144822490412019	3.893795159995413	4.007365249414128	3.8957243475465413	3.874409096716494	4.087891148360973	3.7595588459312066	4.199057354471445	3.735159280592453	4.280978689818469	3.67246930111969	4.342581423401689	3.6781481275388126	4.485195154777927	3.6949986335064224	4.576277080363042	3.6430463218204423	4.6654833918933605	3.7365301724137936	4.838648658873377	4.906580016246954	4.904398940636909	2.878048780487805	5.834640842044824	4.527494317355428	4.545454545454546	4.761904761904762	4.739118650454744	15.097049180327867	2.0618000000000003	0.17319382213161497	19.9127282264025	-1.4305142030986845e-05	13.833624604776979	-1.5288182235132244e-05	11.157346518700685	-1.4454835865338749e-05	9.825237024633388	-1.5613000555237332e-05	8.989320905934393	-1.189099524657465e-05	8.38639232682634	-1.1100078306006958e-05	7.91146127319097	-1.2360290096008554e-05	7.50412195463795	-1.2645662221716396e-05	7.148413500786627	-1.2975301513568922e-05	6.837771453945897	-1.3354998108041935e-05	6.548989658683695	-1.3791502365817301e-05	6.2745309726306076	0.0	6.021747404844291	0.0	5.77971415244344	0.0	5.556921407136117	0.0	5.339981606428667	-1.7031108739371525e-05	5.141231608086821	-1.7985395858562846e-05	4.94473785006699	-4.767959313413859e-06	4.763265789785519	-6.771294451432044e-06	4.590650696463551	-1.8104102208519429e-06	4.421667726274981	0.0	4.270911635891269	0.0	4.111320643392698	0.0	3.964456806912671	0.0	3.827765092012286	-2.1592850607163968e-05	3.6991655348702044	0.0	3.575705600041818	0.0	3.462382626560759	0.0	3.346678143766768	0.0
10	2	19	0	0	731	6544	737	3757	728	1652	747	1036	752	837	789	710	809	728	842	737	874	737	902	753	933	770	949	797	970	838	964	862	985	910	1002	918	1015	914	1019	968	1028	962	1051	981	1076	1002	1081	1014	1091	1016	1094	1032	1098	1058	1052	1079	1057	1079	1046	1101	1043	2978	2994	89.0	276.3267828629392	213.51999759674072	16	1	0.7339706420898438	0.01764757786993735	4.761904761904762			2.1038998417038424	4.381507147400489	2.404724614983033	6.145114331512317	2.431448515413647	6.322718922229026	2.4754772004241783	6.088029617441382	2.433735719602576	5.939540164632415	2.4859789526750267	5.529164395296317	2.4771119752594997	5.691946833463644	2.5183944487647305	5.5115166018546216	2.5463232723458806	5.201863354037267	2.581642290849767	4.990721102863203	2.6230706514099356	4.732055063913472	2.6348668684232446	4.578617797437812	2.67394420553534	4.425666754687088	2.6388546713749963	4.26036672762319	2.6947909827095646	4.160760824836542	2.7486695561529597	3.9022316684378318	2.8073572120038723	3.626408506586256	2.8468458400849306	3.6209927804586095	2.9100379324010643	3.384821083002006	3.0135336621172155	3.2842316705724808	3.1446357073969082	3.2004599463395933	3.2185071605085303	3.08929713920117	3.339046336536696	2.985776419419302	3.4538279400157856	2.9402547081113424	3.5796954976689594	2.94363140615436	3.539703903095558	2.948893140202241	3.6756268039086137	2.9160585914274906	3.7888941210562535	2.9660560344827585	3.9458252941399006	4.83834281072299	4.834958981977908	2.170731707317073	5.200499227786866	3.6713091805321665	4.27807486631016	4.761904761904762	4.9524818521910445	15.097049180327867	2.0618000000000003	0.17319382213161497	19.9127282264025	-1.4305142030986845e-05	13.833624604776979	-1.5288182235132244e-05	11.157346518700685	-1.4454835865338749e-05	9.825237024633388	-1.5613000555237332e-05	8.989320905934393	-1.189099524657465e-05	8.38639232682634	-1.1100078306006958e-05	7.91146127319097	-1.2360290096008554e-05	7.50412195463795	-1.2645662221716396e-05	7.148413500786627	-1.2975301513568922e-05	6.837771453945897	-1.3354998108041935e-05	6.548989658683695	-1.3791502365817301e-05	6.2745309726306076	0.0	6.021747404844291	0.0	5.77971415244344	0.0	5.556921407136117	0.0	5.339981606428667	-1.7031108739371525e-05	5.141231608086821	-1.7985395858562846e-05	4.94473785006699	-4.767959313413859e-06	4.763265789785519	-6.771294451432044e-06	4.590650696463551	-1.8104102208519429e-06	4.421667726274981	0.0	4.270911635891269	0.0	4.111320643392698	0.0	3.964456806912671	0.0	3.827765092012286	-2.1592850607163968e-05	3.6991655348702044	0.0	3.575705600041818	0.0	3.462382626560759	0.0	3.346678143766768	0.0
11	1	12	0	0	685	8234	704	3726	708	1471	697	992	751	808	738	709	745	699	729	716	753	692	782	756	793	734	804	742	831	752	884	759	912	800	892	790	905	821	926	853	915	889	950	905	965	909	976	919	960	922	962	950	963	963	968	975	952	959	924	975	909	2943	2957	78.0	248.45801760884365	185.58604049682617	14	1	0.7499876022338867	0.008823788934968674	3.007518796992481			1.9715066916103037	5.513039402765224	2.2970503784912557	6.094409368968563	2.3646504792759093	5.629975505205144	2.309782608695652	5.829464652994065	2.430499368911615	5.73374964518876	2.3252882979393785	5.521376839809983	2.2811476162772895	5.465207193119625	2.1804151462583	5.354472031109782	2.193800256380375	4.884246188594014	2.238186553707891	5.010604453870625	2.2294694818521745	4.510816125860374	2.2322792014881863	4.262652955707473	2.2907707575256366	3.971481383681014	2.4198625824642086	3.751297385459398	2.495075508864084	3.6578117141420146	2.4469194052778844	3.3581296493092454	2.5031116028211864	3.257419457229011	2.5870257585070124	3.1908128530280924	2.590160221932854	3.1279687554976956	2.7239362312191764	3.0297957817207903	2.8202355554256657	2.90341126868532	2.905886205972549	2.799865947658654	2.938115933157863	2.70953332549665	3.037095501183899	2.706629818513348	3.1395690020539235	2.6793166768682877	3.2570659488559897	2.664662476086362	3.3104983134541155	2.5917517972001516	3.3469772159234976	2.6266163793103448	3.4388832141641132	4.781478472786352	4.775208319875977	1.9024390243902438	4.676006123348326	3.1910066594390636	3.7433155080213902	4.761904761904762	5.060556616891143	15.097049180327867	2.0618000000000003	0.17319382213161497	19.9127282264025	-1.4305142030986845e-05	13.833624604776979	-1.5288182235132244e-05	11.157346518700685	-1.4454835865338749e-05	9.825237024633388	-1.5613000555237332e-05	8.989320905934393	-1.189099524657465e-05	8.38639232682634	-1.1100078306006958e-05	7.91146127319097	-1.2360290096008554e-05	7.50412195463795	-1.2645662221716396e-05	7.148413500786627	-1.2975301513568922e-05	6.837771453945897	-1.3354998108041935e-05	6.548989658683695	-1.3791502365817301e-05	6.2745309726306076	0.0	6.021747404844291	0.0	5.77971415244344	0.0	5.556921407136117	0.0	5.339981606428667	-1.7031108739371525e-05	5.141231608086821	-1.7985395858562846e-05	4.94473785006699	-4.767959313413859e-06	4.763265789785519	-6.771294451432044e-06	4.590650696463551	-1.8104102208519429e-06	4.421667726274981	0.0	4.270911635891269	0.0	4.111320643392698	0.0	3.964456806912671	0.0	3.827765092012286	-2.1592850607163968e-05	3.6991655348702044	0.0	3.575705600041818	0.0	3.462382626560759	0.0	3.346678143766768	0.0
12	10	14	0	0	707	8221	650	3803	667	1446	663	913	683	810	693	709	725	642	748	667	753	663	740	688	738	713	786	725	809	759	837	747	843	750	883	761	894	814	892	819	910	830	920	869	900	893	919	895	931	910	924	920	908	903	915	912	909	939	899	917	884	2898	2913	75.0	245.44820630366905	180.52319049835205	15	1	0.7540388107299805	0.08823788934968677	3.508771929824561			2.0348251546985177	5.504335308493187	2.1208561733228923	6.2203539533514345	2.227714505193547	5.53429271279853	2.1971102863202545	5.365223012281835	2.210427521926276	5.7479420948055635	2.1835024261138067	5.521376839809983	2.219908754095349	5.019546520719312	2.2372435245558413	4.988034699371822	2.193800256380375	4.679559570863918	2.1179770457082343	4.559915164369035	2.0748404509544827	4.381760078662734	2.1823028014548687	4.164991095536279	2.230124600286691	4.008449960390811	2.2912047302291203	3.691988335886917	2.3063033486539726	3.4291984820081387	2.4222307565699235	3.234856535600425	2.472687041902918	3.2296460879225517	2.49203777169358	3.063629222309505	2.5760063409386853	2.9203757784736637	2.6379171923385707	2.909273518580515	2.6302715024695327	2.852306119841574	2.7361776877958732	2.72674648874265	2.8493603476770524	2.6742682496767367	2.9171270718232045	2.621157297928716	2.960258207544094	2.512381058371821	3.0787348586810226	2.492484285323859	3.160969503077512	2.537700664828928	3.2564204730684247	2.4703663793103448	3.3443044678999736	4.708367181153534	4.704153478457464	1.8292682926829267	4.619361156812062	3.103954917736819	4.010695187165775	4.761904761904762	5.087892228706922	15.097049180327867	2.0618000000000003	0.17319382213161497	19.9127282264025	-1.4305142030986845e-05	13.833624604776979	-1.5288182235132244e-05	11.157346518700685	-1.4454835865338749e-05	9.825237024633388	-1.5613000555237332e-05	8.989320905934393	-1.189099524657465e-05	8.38639232682634	-1.1100078306006958e-05	7.91146127319097	-1.2360290096008554e-05	7.50412195463795	-1.2645662221716396e-05	7.148413500786627	-1.2975301513568922e-05	6.837771453945897	-1.3354998108041935e-05	6.548989658683695	-1.3791502365817301e-05	6.2745309726306076	0.0	6.021747404844291	0.0	5.77971415244344	0.0	5.556921407136117	0.0	5.339981606428667	-1.7031108739371525e-05	5.141231608086821	-1.7985395858562846e-05	4.94473785006699	-4.767959313413859e-06	4.763265789785519	-6.771294451432044e-06	4.590650696463551	-1.8104102208519429e-06	4.421667726274981	0.0	4.270911635891269	0.0	4.111320643392698	0.0	3.964456806912671	0.0	3.827765092012286	-2.1592850607163968e-05	3.6991655348702044	0.0	3.575705600041818	0.0	3.462382626560759	0.0	3.346678143766768	0.0
13	353	8	0	0	719	9689	650	2579	573	1203	535	768	559	682	578	593	538	542	592	556	618	570	634	544	642	584	671	618	682	633	670	642	700	666	699	683	721	662	734	706	723	718	716	738	702	730	709	714	672	712	646	715	617	683	622	658	603	623	565	630	537	3100	3114	62.0	202.35882281658053	139.8926830291748	14	1	0.7808465957641602	3.1147974940439425	2.0050125313283207			2.06936249820118	6.48722841552007	2.1208561733228923	4.218325754849684	1.9137637353461807	4.604255970606246	1.772932131495228	4.513133924898631	1.8091200362471276	4.839625319330117	1.8211607536706789	4.6180204033953745	1.6473253926942037	4.237685691946833	1.770652629060238	4.157941968291953	1.8004894534436549	4.023150762281197	1.8145911445662442	3.6055143160127257	1.8049425061148754	3.5889872173058017	1.8630091345753392	3.5502958579881656	1.8800308744073218	3.343015579614471	1.8340587446278502	3.173034152127712	1.9150798861895382	3.0451282520232272	1.9174850496516158	2.9032943676939427	1.9941916747337851	2.6265672115537217	2.0506230094429236	2.6409306849212584	2.0466511917567796	2.5263009746314347	2.0529877279504527	2.4707063943756276	2.0516117719262357	2.3316724159959117	2.110935778723911	2.1753039027511196	2.0566811532105036	2.092394498648172	2.0394632991318074	2.03709507393373	2.0115410947739054	1.900283790551444	2.092866756393001	1.7983055479639247	2.0968807594672603	1.6836927733636018	2.0465823885246497	1.697198275862069	2.031551469753717	5.03655564581641	5.028744913119308	1.5121951219512195	3.8084144102508897	2.4053451539666257	3.7433155080213902	4.761904761904762	5.268778304069814	15.097049180327867	2.0618000000000003	0.17319382213161497	19.9127282264025	-1.4305142030986845e-05	13.833624604776979	-1.5288182235132244e-05	11.157346518700685	-1.4454835865338749e-05	9.825237024633388	-1.5613000555237332e-05	8.989320905934393	-1.189099524657465e-05	8.38639232682634	-1.1100078306006958e-05	7.91146127319097	-1.2360290096008554e-05	7.50412195463795	-1.2645662221716396e-05	7.148413500786627	-1.2975301513568922e-05	6.837771453945897	-1.3354998108041935e-05	6.548989658683695	-1.3791502365817301e-05	6.2745309726306076	0.0	6.021747404844291	0.0	5.77971415244344	0.0	5.556921407136117	0.0	5.339981606428667	-1.7031108739371525e-05	5.141231608086821	-1.7985395858562846e-05	4.94473785006699	-4.767959313413859e-06	4.763265789785519	-6.771294451432044e-06	4.590650696463551	-1.8104102208519429e-06	4.421667726274981	0.0	4.270911635891269	0.0	4.111320643392698	0.0	3.964456806912671	0.0	3.827765092012286	-2.1592850607163968e-05	3.6991655348702044	0.0	3.575705600041818	0.0	3.462382626560759	0.0	3.346678143766768	0.0
14	204	6	0	0	762	11058	613	2870	548	1220	509	747	498	600	524	523	530	506	553	507	545	541	547	542	562	554	577	540	568	556	551	592	553	576	545	553	554	552	546	547	566	569	530	560	534	563	522	539	533	542	503	525	461	534	458	503	446	461	418	451	414	2948	2962	56.0	174.80121314297404	117.13375282287598	14	1	0.7964353561401367	1.8000529427336098	1.5037593984962405			2.193121312419053	7.403836496936829	2.0001305142260506	4.694298145179757	1.830266190174009	4.669320269442744	1.6867709437963945	4.389727919139684	1.6117026440985143	4.257734885041158	1.6510177074799923	4.072891519352075	1.6228298478214276	3.9562157935887408	1.6540049051863372	3.7915046365539933	1.5878102785223165	3.818464144551101	1.5655857351383842	3.5922587486744435	1.580027552081869	3.4046214355948865	1.602021267734681	3.102200264261504	1.5657735141691478	2.9363612358067073	1.508308012373053	2.9259131122423763	1.5129131100897353	2.633624434182251	1.4950348384265102	2.350690754516472	1.5322915226109806	2.1901285510236472	1.525395317651003	2.046160176560805	1.6022193285398858	2.0020407445198973	1.5196696868906985	1.8747907599598257	1.5606277581319228	1.7982624249393127	1.5541727454074494	1.6421411814885902	1.6312664503886882	1.5928059245327377	1.5880031570639306	1.4957691102310606	1.5029504776187526	1.4857270046185522	1.541049798115747	1.374692538945067	1.5509267308829155	1.2458786011566942	1.5141087405368203	1.214978448275862	1.5662240381341503	4.789601949634443	4.783282733673536	1.3658536585365855	3.2897772866886497	2.014023168457428	3.7433155080213902	4.761904761904762	5.373963782116126	15.097049180327867	2.0618000000000003	0.17319382213161497	19.9127282264025	-1.4305142030986845e-05	13.833624604776979	-1.5288182235132244e-05	11.157346518700685	-1.4454835865338749e-05	9.825237024633388	-1.5613000555237332e-05	8.989320905934393	-1.189099524657465e-05	8.38639232682634	-1.1100078306006958e-05	7.91146127319097	-1.2360290096008554e-05	7.50412195463795	-1.2645662221716396e-05	7.148413500786627	-1.2975301513568922e-05	6.837771453945897	-1.3354998108041935e-05	6.548989658683695	-1.3791502365817301e-05	6.2745309726306076	0.0	6.021747404844291	0.0	5.77971415244344	0.0	5.556921407136117	0.0	5.339981606428667	-1.7031108739371525e-05	5.141231608086821	-1.7985395858562846e-05	4.94473785006699	-4.767959313413859e-06	4.763265789785519	-6.771294451432044e-06	4.590650696463551	-1.8104102208519429e-06	4.421667726274981	0.0	4.270911635891269	0.0	4.111320643392698	0.0	3.964456806912671	0.0	3.827765092012286	-2.1592850607163968e-05	3.6991655348702044	0.0	3.575705600041818	0.0	3.462382626560759	0.0	3.346678143766768	0.0
15	2	8	0	0	1029	14839	693	5133	579	1887	506	987	505	703	468	579	458	511	431	488	430	456	422	463	429	423	419	435	432	422	428	416	424	422	420	441	417	431	421	425	394	426	383	422	376	401	362	376	356	382	373	363	370	356	347	373	361	370	356	350	348	2413	2427	51.0	147.19793876172145	96.17241668701172	14	1	0.8083429336547852	0.01764757786993735	2.0050125313283207			2.9615772053532883	9.93538883867296	2.2611589663273297	8.395760410873761	1.933803146187502	7.222137170851194	1.676829268292683	5.800082270670506	1.6343570989352407	4.9886460403065565	1.4745730669859474	4.5089946265867145	1.4023699439664412	3.9953088350273647	1.2891068971705448	3.649416691594376	1.2527677426873325	3.2185206098249575	1.2078193422822634	3.0686638388123013	1.2061064410019962	2.599557522123894	1.163339534108893	2.498994657321767	1.1908699966920278	2.2286770530763134	1.1716076756727163	2.056047051845994	1.1599912453490917	1.9294956792099127	1.1521369397048336	1.8746014877789585	1.1533674457198173	1.710046024440565	1.1761747778957368	1.589795383982344	1.1153258223404858	1.4988916646141937	1.0981763963757312	1.4127887512554402	1.098868983253938	1.2808227928963845	1.077797957543097	1.145538189684063	1.0895513252127074	1.1226049136005642	1.1775848460931333	1.0342174990740476	1.2062726176115801	0.9904846697457014	1.1675639300134588	1.0194042088002186	1.2553465243245123	0.9999459488676288	1.2895280182562394	0.9428879310344828	1.3165361479968223	3.9203899268887086	3.9193204573347975	1.2439024390243902	2.770280748507276	1.653609405540667	3.7433155080213902	4.761904761904762	5.4543104038514905	15.097049180327867	2.0618000000000003	0.17319382213161497	19.9127282264025	-1.4305142030986845e-05	13.833624604776979	-1.5288182235132244e-05	11.157346518700685	-1.4454835865338749e-05	9.825237024633388	-1.5613000555237332e-05	8.989320905934393	-1.189099524657465e-05	8.38639232682634	-1.1100078306006958e-05	7.91146127319097	-1.2360290096008554e-05	7.50412195463795	-1.2645662221716396e-05	7.148413500786627	-1.2975301513568922e-05	6.837771453945897	-1.3354998108041935e-05	6.548989658683695	-1.3791502365817301e-05	6.2745309726306076	0.0	6.021747404844291	0.0	5.77971415244344	0.0	5.556921407136117	0.0	5.339981606428667	-1.7031108739371525e-05	5.141231608086821	-1.7985395858562846e-05	4.94473785006699	-4.767959313413859e-06	4.763265789785519	-6.771294451432044e-06	4.590650696463551	-1.8104102208519429e-06	4.421667726274981	0.0	4.270911635891269	0.0	4.111320643392698	0.0	3.964456806912671	0.0	3.827765092012286	-2.1592850607163968e-05	3.6991655348702044	0.0	3.575705600041818	0.0	3.462382626560759	0.0	3.346678143766768	0.0
16	1	6	0	0	1449	15567	961	8422	747	2797	583	1298	452	907	410	678	407	519	368	440	341	391	328	394	340	358	347	324	331	334	328	327	299	341	299	319	297	310	285	298	288	302	275	285	267	286	274	275	274	269	269	274	276	274	271	269	264	282	263	264	256	2074	2087	46.0	119.77738990847558	79.49108219146729	13	1	0.81158447265625	0.008823788934968674	1.5037593984962405			4.170384227946467	10.422818117907	3.1356042808666142	13.775393372370704	2.4949066497444976	10.704990814451929	1.9319989395546129	7.627666451195863	1.4628305123143144	6.436275901220551	1.2918268321885438	5.2799626197336655	1.2462108454024925	4.057857701329164	1.1006759586050128	3.290457672749028	0.9934739540846055	2.75974025974026	0.9387790148544606	2.6113467656415694	0.9558885546402767	2.2000983284169124	0.9634339339756227	1.8613201585569024	0.9124490020950491	1.763929231581727	0.8978675645342313	1.6161716008500964	0.8180126942438171	1.5591422431530337	0.8202117737422505	1.3560042507970245	0.8214631447932512	1.229963497857483	0.7962228306420069	1.1147271162982082	0.8152635452641114	1.0625945603602969	0.7885078564055511	0.9541345831938399	0.7803138790659614	0.9135045355819599	0.8157918242177032	0.8378271334125461	0.8385872559221399	0.7905254496297167	0.8492501973164956	0.7806490213396393	0.8998141688129626	0.7623393244671972	0.911843876177658	0.7351735446843399	0.9180373474284522	0.7621209664342468	0.9526569348353677	0.7112068965517242	0.9684863617447886	3.3696181965881395	3.3702603191008333	1.121951219512195	2.254223124054968	1.366786919748568	3.4759358288770055	4.761904761904762	5.476182754266235	15.097049180327867	2.0618000000000003	0.17319382213161497	19.9127282264025	-1.4305142030986845e-05	13.833624604776979	-1.5288182235132244e-05	11.157346518700685	-1.4454835865338749e-05	9.825237024633388	-1.5613000555237332e-05	8.989320905934393	-1.189099524657465e-05	8.38639232682634	-1.1100078306006958e-05	7.91146127319097	-1.2360290096008554e-05	7.50412195463795	-1.2645662221716396e-05	7.148413500786627	-1.2975301513568922e-05	6.837771453945897	-1.3354998108041935e-05	6.548989658683695	-1.3791502365817301e-05	6.2745309726306076	0.0	6.021747404844291	0.0	5.77971415244344	0.0	5.556921407136117	0.0	5.339981606428667	-1.7031108739371525e-05	5.141231608086821	-1.7985395858562846e-05	4.94473785006699	-4.767959313413859e-06	4.763265789785519	-6.771294451432044e-06	4.590650696463551	-1.8104102208519429e-06	4.421667726274981	0.0	4.270911635891269	0.0	4.111320643392698	0.0	3.964456806912671	0.0	3.827765092012286	-2.1592850607163968e-05	3.6991655348702044	0.0	3.575705600041818	0.0	3.462382626560759	0.0	3.346678143766768	0.0
17	2	7	0	0	1748	18998	1018	6048	645	2099	477	1119	407	689	359	486	324	414	294	364	279	322	272	290	262	275	251	268	262	262	277	250	258	251	248	267	242	253	241	244	242	242	243	248	228	249	231	231	232	226	234	230	244	235	251	246	240	244	238	246	222	2207	2219	44.0	106.63537368860045	71.9914436340332	12	1	0.8083200454711914	0.01764757786993735	1.7543859649122806			5.030939703554468	12.72002946001138	3.321587052988776	9.892374627891002	2.1542366654420357	8.033527250459278	1.5807264050901377	6.575777164012458	1.3171947312210752	4.889298892988929	1.1311361774528956	3.7847519663577605	0.9920695673474388	3.2369038311180613	0.8793443799724832	2.7221058929105593	0.8128423260692228	2.272727272727273	0.7784996708549186	1.9220572640509013	0.7365964744580955	1.6900196656833826	0.6968931337979287	1.539610501522376	0.7222405998456279	1.383681013995247	0.7582601078536038	1.2356051994266792	0.7058437294812869	1.147638425312057	0.6803094310638065	1.1349628055260361	0.6693403402019085	1.0038089192191715	0.6732972006481533	0.9127295851569222	0.6850478401177602	0.8514830583019599	0.6967542149329052	0.83026447941078	0.6663354472922817	0.7953238788807971	0.6877660999791586	0.7037747920665387	0.7100446838464834	0.6641589279416951	0.7387529597474349	0.655289324482179	0.7954878883708799	0.6538311724444938	0.8445491251682369	0.6723148401202514	0.8345794067531384	0.6594238149289228	0.8621001919802949	0.6627155172413793	0.839859266825559	3.58570268074736	3.5834248433563727	1.0731707317073171	2.0068889912759427	1.2378365066889856	3.2085561497326207	4.761904761904762	5.454155965366655	15.097049180327867	2.0618000000000003	0.17319382213161497	19.9127282264025	-1.4305142030986845e-05	13.833624604776979	-1.5288182235132244e-05	11.157346518700685	-1.4454835865338749e-05	9.825237024633388	-1.5613000555237332e-05	8.989320905934393	-1.189099524657465e-05	8.38639232682634	-1.1100078306006958e-05	7.91146127319097	-1.2360290096008554e-05	7.50412195463795	-1.2645662221716396e-05	7.148413500786627	-1.2975301513568922e-05	6.837771453945897	-1.3354998108041935e-05	6.548989658683695	-1.3791502365817301e-05	6.2745309726306076	0.0	6.021747404844291	0.0	5.77971415244344	0.0	5.556921407136117	0.0	5.339981606428667	-1.7031108739371525e-05	5.141231608086821	-1.7985395858562846e-05	4.94473785006699	-4.767959313413859e-06	4.763265789785519	-6.771294451432044e-06	4.590650696463551	-1.8104102208519429e-06	4.421667726274981	0.0	4.270911635891269	0.0	4.111320643392698	0.0	3.964456806912671	0.0	3.827765092012286	-2.1592850607163968e-05	3.6991655348702044	0.0	3.575705600041818	0.0	3.462382626560759	0.0	3.346678143766768	0.0
18	1	7	0	0	2241	19355	1245	8225	719	2563	475	1363	424	729	341	489	309	413	271	338	254	309	243	271	223	256	221	243	208	216	210	217	205	209	204	209	204	202	215	209	222	201	210	216	210	220	213	211	205	214	200	211	195	204	191	201	186	196	183	192	183	1996	2009	42.0	93.06277842997251	64.49270534515381	13	1	0.8072109222412109	0.008823788934968674	1.7543859649122806			6.449848899122176	12.959057279635767	4.062255285826155	13.453171513624914	2.4013893991516646	9.809399877526026	1.5740986214209967	8.009637421402127	1.3722126929674099	5.173147885325007	1.0744218287226668	3.8081146328167588	0.9461404207109833	3.2290852228303364	0.8105521325596698	2.5276697577026623	0.7400069921920522	2.1809712027103334	0.6954978677122986	1.7961293743372218	0.6269504343670049	1.5732546705998034	0.6135991337423995	1.3959901189176769	0.5733818502591245	1.1407446527594403	0.5748542333908188	1.0725053131023576	0.5608448238126504	0.9556033103196013	0.5596093707137763	0.8884165781083954	0.5642373115751625	0.8014600857006825	0.600659328379058	0.7818052594171997	0.628432316141086	0.7072235318954294	0.602133272164239	0.7231335788416471	0.613730017242891	0.7026957966015076	0.634173936344419	0.6428419096365353	0.6274101732264186	0.6288938521217821	0.6314127861089187	0.601156728111912	0.6357382714439409	0.5675811028879862	0.642664872139973	0.5493304181470348	0.6467990402336823	0.5297010972379872	0.6628753576991343	0.5172413793103449	0.6923164226535012	3.2428919577579207	3.244299463858924	1.024390243902439	1.7514513155274838	1.1089015730423244	3.4759358288770055	4.761904761904762	5.446672133789029	15.097049180327867	2.0618000000000003	0.17319382213161497	19.9127282264025	-1.4305142030986845e-05	13.833624604776979	-1.5288182235132244e-05	11.157346518700685	-1.4454835865338749e-05	9.825237024633388	-1.5613000555237332e-05	8.989320905934393	-1.189099524657465e-05	8.38639232682634	-1.1100078306006958e-05	7.91146127319097	-1.2360290096008554e-05	7.50412195463795	-1.2645662221716396e-05	7.148413500786627	-1.2975301513568922e-05	6.837771453945897	-1.3354998108041935e-05	6.548989658683695	-1.3791502365817301e-05	6.2745309726306076	0.0	6.021747404844291	0.0	5.77971415244344	0.0	5.556921407136117	0.0	5.339981606428667	-1.7031108739371525e-05	5.141231608086821	-1.7985395858562846e-05	4.94473785006699	-4.767959313413859e-06	4.763265789785519	-6.771294451432044e-06	4.590650696463551	-1.8104102208519429e-06	4.421667726274981	0.0	4.270911635891269	0.0	4.111320643392698	0.0	3.964456806912671	0.0	3.827765092012286	-2.1592850607163968e-05	3.6991655348702044	0.0	3.575705600041818	0.0	3.462382626560759	0.0	3.346678143766768	0.0
19	10737	6	0	0	1591	5319	614	1270	362	536	263	337	224	258	205	226	196	203	182	194	196	184	200	206	200	207	188	201	178	179	182	175	166	181	181	163	176	181	181	177	189	192	169	182	157	161	148	153	140	145	131	131	126	130	120	117	104	107	93	95	82	3334	3347	41.0	86.77840267674998	61.22031116485596	13	1	0.8056116104125977	94.74102179475867	1.5037593984962405			4.579076126061303	3.561313648689364	2.0033933698773163	2.077267820340868	1.2090444540930496	2.0514390691977953	0.8715535524920467	1.9803725686078626	0.7249425547752354	1.830826000567698	0.6459134160942719	1.759987539911222	0.6001408493830185	1.5871774824081313	0.5443560447448705	1.4507927011666168	0.5710290175970167	1.2987012987012987	0.5724262285697931	1.3653234358430542	0.5622873850825156	1.2721238938053099	0.5219757336813171	1.154707876141782	0.4906825449332892	0.9453393187219435	0.49820700227204295	0.8649236395986755	0.4541475158678048	0.8275799003246308	0.4965161573489878	0.6928799149840595	0.48679297469229704	0.7181399777813046	0.5056713415656255	0.6621030187408821	0.5350167015795732	0.6755568065866788	0.4845739190274114	0.6093069969869435	0.45883625098635183	0.5142455602401942	0.44064667877452585	0.4661365505895256	0.4284752402521883	0.42611966615728225	0.4135753749013418	0.37323000655289323	0.41078472924070025	0.36169384007567745	0.4037685060565276	0.3197594971303635	0.3616510762596933	0.289173558186044	0.3368710834208715	0.25592672413793105	0.3102182877463776	5.416734362307067	5.405012596085524	1.0	1.6331787003537066	1.052635317273919	3.4759358288770055	4.761904761904762	5.4358807446611905	15.097049180327867	2.0618000000000003	0.17319382213161497	19.9127282264025	-1.4305142030986845e-05	13.833624604776979	-1.5288182235132244e-05	11.157346518700685	-1.4454835865338749e-05	9.825237024633388	-1.5613000555237332e-05	8.989320905934393	-1.189099524657465e-05	8.38639232682634	-1.1100078306006958e-05	7.91146127319097	-1.2360290096008554e-05	7.50412195463795	-1.2645662221716396e-05	7.148413500786627	-1.2975301513568922e-05	6.837771453945897	-1.3354998108041935e-05	6.548989658683695	-1.3791502365817301e-05	6.2745309726306076	0.0	6.021747404844291	0.0	5.77971415244344	0.0	5.556921407136117	0.0	5.339981606428667	-1.7031108739371525e-05	5.141231608086821	-1.7985395858562846e-05	4.94473785006699	-4.767959313413859e-06	4.763265789785519	-6.771294451432044e-06	4.590650696463551	-1.8104102208519429e-06	4.421667726274981	0.0	4.270911635891269	0.0	4.111320643392698	0.0	3.964456806912671	0.0	3.827765092012286	-2.1592850607163968e-05	3.6991655348702044	0.0	3.575705600041818	0.0	3.462382626560759	0.0	3.346678143766768	0.0
20	10	8	0	0	2601	18080	994	3524	539	1238	328	591	226	352	203	236	179	195	185	178	183	185	170	179	175	170	179	172	162	179	149	162	149	150	143	149	137	144	136	139	129	135	134	131	134	134	143	136	141	144	144	142	138	147	131	137	131	133	125	124	118	2360	2372	39.0	73.11927286806825	54.4195442199707	12	1	0.7919454574584961	0.08823788934968677	2.0050125313283207			7.485969204202044	12.105386495262964	3.2432785173583922	5.764009290457653	1.800207073912027	4.7382118799755055	1.0869565217391304	3.47299759064465	0.7314152561571572	2.497871132557479	0.6396118217909131	1.8378630947745505	0.5480878165283689	1.5246286161063332	0.5533289465813244	1.331139694884834	0.533154643980888	1.305759457933371	0.48656229428432407	1.186373276776246	0.49200146194720124	1.044739429695182	0.4969875336646583	0.9881082323203308	0.4465762487595104	0.9453393187219435	0.40787276559634283	0.8006721692284882	0.40763843291748736	0.6858396964016278	0.3922751961375981	0.6333687566418704	0.3789240768911631	0.5713378828757341	0.3799519472537297	0.5199566079377548	0.3651701296495499	0.47500087963125864	0.38421837366670486	0.4385671242048878	0.3916182014787971	0.42800562156637284	0.42575996665376487	0.4143436005240228	0.4315357776825611	0.4231809098389562	0.4546172059984215	0.40456993076725833	0.4499070844064813	0.408992265316343	0.4407806191117093	0.3744192402295709	0.4555412595194213	0.35944003026863414	0.4527837142753649	0.33405172413793105	0.44641168236673856	3.8342810722989435	3.8305019055616563	0.9512195121951219	1.376112435237004	0.9357014544018726	3.2085561497326207	4.761904761904762	5.343668099341011	15.097049180327867	2.0618000000000003	0.17319382213161497	19.9127282264025	-1.4305142030986845e-05	13.833624604776979	-1.5288182235132244e-05	11.157346518700685	-1.4454835865338749e-05	9.825237024633388	-1.5613000555237332e-05	8.989320905934393	-1.189099524657465e-05	8.38639232682634	-1.1100078306006958e-05	7.91146127319097	-1.2360290096008554e-05	7.50412195463795	-1.2645662221716396e-05	7.148413500786627	-1.2975301513568922e-05	6.837771453945897	-1.3354998108041935e-05	6.548989658683695	-1.3791502365817301e-05	6.2745309726306076	0.0	6.021747404844291	0.0	5.77971415244344	0.0	5.556921407136117	0.0	5.339981606428667	-1.7031108739371525e-05	5.141231608086821	-1.7985395858562846e-05	4.94473785006699	-4.767959313413859e-06	4.763265789785519	-6.771294451432044e-06	4.590650696463551	-1.8104102208519429e-06	4.421667726274981	0.0	4.270911635891269	0.0	4.111320643392698	0.0	3.964456806912671	0.0	3.827765092012286	-2.1592850607163968e-05	3.6991655348702044	0.0	3.575705600041818	0.0	3.462382626560759	0.0	3.346678143766768	0.0
