	counts(inten<0.01	MicrocoloniesPlatonic	MicrocoloniesAggregates	MicrocoloniesLarge	counts(Norminten<0.01	counts(inten<0.02	counts(Norminten<0.02	counts(inten<0.03	counts(Norminten<0.03	counts(inten<0.04	counts(Norminten<0.04	counts(inten<0.05	counts(Norminten<0.05	counts(inten<0.060000000000000005	counts(Norminten<0.060000000000000005	counts(inten<0.06999999999999999	counts(Norminten<0.06999999999999999	counts(inten<0.08	counts(Norminten<0.08	counts(inten<0.09	counts(Norminten<0.09	counts(inten<0.09999999999999999	counts(Norminten<0.09999999999999999	counts(inten<0.11	counts(Norminten<0.11	counts(inten<0.12	counts(Norminten<0.12	counts(inten<0.13	counts(Norminten<0.13	counts(inten<0.14	counts(Norminten<0.14	counts(inten<0.15000000000000002	counts(Norminten<0.15000000000000002	counts(inten<0.16	counts(Norminten<0.16	counts(inten<0.17	counts(Norminten<0.17	counts(inten<0.18000000000000002	counts(Norminten<0.18000000000000002	counts(inten<0.19	counts(Norminten<0.19	counts(inten<0.2	counts(Norminten<0.2	counts(inten<0.21000000000000002	counts(Norminten<0.21000000000000002	counts(inten<0.22	counts(Norminten<0.22	counts(inten<0.23	counts(Norminten<0.23	counts(inten<0.24000000000000002	counts(Norminten<0.24000000000000002	counts(inten<0.25	counts(Norminten<0.25	counts(inten<0.26	counts(Norminten<0.26	counts(inten<0.27	counts(Norminten<0.27	counts(inten<0.28	counts(Norminten<0.28	counts(inten<0.29000000000000004	counts(Norminten<0.29000000000000004	diff	max	med	std	mean	min	eigenLocal	minProp	counts(inten<0.01Normalized	MicrocoloniesPlatonicNormalized	MicrocoloniesAggregatesNormalized	MicrocoloniesLargeNormalized	counts(Norminten<0.01Normalized	counts(inten<0.02Normalized	counts(Norminten<0.02Normalized	counts(inten<0.03Normalized	counts(Norminten<0.03Normalized	counts(inten<0.04Normalized	counts(Norminten<0.04Normalized	counts(inten<0.05Normalized	counts(Norminten<0.05Normalized	counts(inten<0.060000000000000005Normalized	counts(Norminten<0.060000000000000005Normalized	counts(inten<0.06999999999999999Normalized	counts(Norminten<0.06999999999999999Normalized	counts(inten<0.08Normalized	counts(Norminten<0.08Normalized	counts(inten<0.09Normalized	counts(Norminten<0.09Normalized	counts(inten<0.09999999999999999Normalized	counts(Norminten<0.09999999999999999Normalized	counts(inten<0.11Normalized	counts(Norminten<0.11Normalized	counts(inten<0.12Normalized	counts(Norminten<0.12Normalized	counts(inten<0.13Normalized	counts(Norminten<0.13Normalized	counts(inten<0.14Normalized	counts(Norminten<0.14Normalized	counts(inten<0.15000000000000002Normalized	counts(Norminten<0.15000000000000002Normalized	counts(inten<0.16Normalized	counts(Norminten<0.16Normalized	counts(inten<0.17Normalized	counts(Norminten<0.17Normalized	counts(inten<0.18000000000000002Normalized	counts(Norminten<0.18000000000000002Normalized	counts(inten<0.19Normalized	counts(Norminten<0.19Normalized	counts(inten<0.2Normalized	counts(Norminten<0.2Normalized	counts(inten<0.21000000000000002Normalized	counts(Norminten<0.21000000000000002Normalized	counts(inten<0.22Normalized	counts(Norminten<0.22Normalized	counts(inten<0.23Normalized	counts(Norminten<0.23Normalized	counts(inten<0.24000000000000002Normalized	counts(Norminten<0.24000000000000002Normalized	counts(inten<0.25Normalized	counts(Norminten<0.25Normalized	counts(inten<0.26Normalized	counts(Norminten<0.26Normalized	counts(inten<0.27Normalized	counts(Norminten<0.27Normalized	counts(inten<0.28Normalized	counts(Norminten<0.28Normalized	counts(inten<0.29000000000000004Normalized	counts(Norminten<0.29000000000000004Normalized	diffNormalized	maxNormalized	medNormalized	stdNormalized	meanNormalized	minNormalized	eigenLocalNormalized	minPropNormalized	BioVolume	SubstratumCoverage	Homogenity	ThicknessThreshold=0.01	RoughnessThreshold=0.01	ThicknessThreshold=0.02	RoughnessThreshold=0.02	ThicknessThreshold=0.03	RoughnessThreshold=0.03	ThicknessThreshold=0.04	RoughnessThreshold=0.04	ThicknessThreshold=0.05	RoughnessThreshold=0.05	ThicknessThreshold=0.060000000000000005	RoughnessThreshold=0.060000000000000005	ThicknessThreshold=0.06999999999999999	RoughnessThreshold=0.06999999999999999	ThicknessThreshold=0.08	RoughnessThreshold=0.08	ThicknessThreshold=0.09	RoughnessThreshold=0.09	ThicknessThreshold=0.09999999999999999	RoughnessThreshold=0.09999999999999999	ThicknessThreshold=0.11	RoughnessThreshold=0.11	ThicknessThreshold=0.12	RoughnessThreshold=0.12	ThicknessThreshold=0.13	RoughnessThreshold=0.13	ThicknessThreshold=0.14	RoughnessThreshold=0.14	ThicknessThreshold=0.15000000000000002	RoughnessThreshold=0.15000000000000002	ThicknessThreshold=0.16	RoughnessThreshold=0.16	ThicknessThreshold=0.17	RoughnessThreshold=0.17	ThicknessThreshold=0.18000000000000002	RoughnessThreshold=0.18000000000000002	ThicknessThreshold=0.19	RoughnessThreshold=0.19	ThicknessThreshold=0.2	RoughnessThreshold=0.2	ThicknessThreshold=0.21000000000000002	RoughnessThreshold=0.21000000000000002	ThicknessThreshold=0.22	RoughnessThreshold=0.22	ThicknessThreshold=0.23	RoughnessThreshold=0.23	ThicknessThreshold=0.24000000000000002	RoughnessThreshold=0.24000000000000002	ThicknessThreshold=0.25	RoughnessThreshold=0.25	ThicknessThreshold=0.26	RoughnessThreshold=0.26	ThicknessThreshold=0.27	RoughnessThreshold=0.27	ThicknessThreshold=0.28	RoughnessThreshold=0.28	ThicknessThreshold=0.29000000000000004	RoughnessThreshold=0.29000000000000004
0	1	30	0	0	3338	1	3568	3	3792	10	3976	14	4139	13	4293	21	4355	21	4461	32	4567	41	4663	36	4648	60	4691	73	4717	102	4744	144	4735	224	4664	307	4638	428	4577	631	4498	806	4395	1013	4309	1294	4200	1590	4081	1894	3990	2283	3848	2607	3680	2946	3548	3262	3372	3584	3211	2059	2090	558.0	243.69490876958014	575.0488843917847	31	1	0.5292491912841797	4.761904761904762	9.900990099009901			4.714023443016523	0.0061819980217606325	8.000358760482532	0.001759861088298097	10.874677373100086	0.007331270802480902	12.942708333333334	0.02068466232288758	14.149943591672079	0.03506689684937419	14.990048535214218	0.08687019111442044	15.446001064018445	0.11574712010141651	15.704981517338496	0.20535198613874095	15.974116824064359	0.28771929824561404	16.11877354903384	0.26507620941020543	16.017092249905236	0.44686080285990915	15.949272405820752	0.540860932058976	15.934734139585164	0.7433318758198513	15.909319561353499	1.0164466718430154	15.76231691078562	1.520086862106406	15.643132651349992	1.9933770534380884	15.544458223011699	2.619499357365812	15.337957843235817	3.6579710144927535	15.154475927360938	4.430275380640905	14.945929402162825	5.303664921465969	14.885311593201603	6.412924967786698	14.68736886277801	7.514532822912236	14.541761687571267	8.559291395516992	14.570552147239264	9.866459224685595	14.322936053003795	10.774953502789833	14.089360235843639	11.781643671265748	13.982817056829827	12.686683260734288	13.782391890787215	13.526059553911763	13.552526062550122	4.522690330799983	4.546344434534815	13.805047006432458	6.174713309476474	11.173807153215126	6.96629213483146	4.761904761904762	3.6900712018214774	49.95162162162162	0.6253000000000001	0.16227854967783242	20.99819564819336	0.0	18.67663021968328	-6.6758602799665064e-06	13.922438082948043	-8.590319092175079e-06	11.15328059767505	-7.658580482107642e-06	9.623945131951693	-5.771539384984763e-06	8.647917893448211	-4.842563420631838e-06	7.96290588775281	-9.765729905301716e-07	7.4359826545415455	0.0	7.012644290322002	9.97342083347878e-07	6.655429660527601	0.0	6.349408586785165	-1.024359263280818e-06	6.08235531814958	-1.0414583749916684e-06	5.842435953758943	-2.122319907891316e-06	5.624195042665583	-5.417857692382709e-06	5.424055555493916	-5.547567058990609e-06	5.2448388203213225	-4.558092893933179e-06	5.073974683603742	-3.521713712848855e-06	4.917869395373221	-3.6406529875198414e-06	4.771997451979122	-5.035620722082833e-06	4.636385684956829	-3.932997455350646e-06	4.502327534673632	-4.103798749709314e-06	4.38106156649184	-4.3072629067133e-06	4.26860534807272	-6.0539742070428905e-06	4.16343162662333	-6.410790642809978e-06	4.062864041250051	-6.820456595466783e-06	3.965568655151321	-5.461546163718949e-06	3.869758052719347	1.9504050991390912e-06	3.7781064467640215	2.09938047282247e-06	3.6910615032101455	2.268659154379987e-06
1	1	34	0	0	3214	1	3425	16	3599	20	3773	16	3963	33	4109	32	4213	52	4395	52	4531	71	4620	87	4694	147	4744	211	4775	266	4835	361	4883	475	4887	681	4882	881	4874	1068	4841	1288	4818	1599	4739	1837	4689	2131	4591	2422	4468	2742	4340	3080	4219	3341	4085	3599	3970	3863	3822	2309	2343	578.0	295.49355174667676	603.9034128189087	34	1	0.5333576202392578	4.761904761904762	11.221122112211221			4.538906934048863	0.0061819980217606325	7.6797165792188	0.009385925804256517	10.321193002581015	0.014662541604961804	12.281901041666666	0.023639614083300092	13.548254760521008	0.08901596892533449	14.347568001676036	0.13237362455530735	14.942365667671572	0.28661191644160283	15.472628058440415	0.333696977475454	15.848198670863939	0.4982456140350877	15.970133775795913	0.6406008394079964	16.17560908370378	1.0948089670067773	16.129470964232286	1.5633103652663554	16.130666846834675	1.9384929310596124	16.21449411449076	2.548175337050893	16.254993342210387	3.223398479913138	16.39107831628375	4.421790792805662	16.362234809129607	5.392006854764674	16.333232800509368	6.191304347826087	16.31009736868704	7.079646017699115	16.384411344623544	8.371727748691098	16.370733729445902	9.103974625830112	16.397398237515738	10.071364431211304	16.359036488027364	10.945408532176428	16.316096990943617	11.85012316867626	16.154247003647733	12.729902872494318	16.15299207473487	13.36132773445311	16.099156617009537	13.997355320472932	16.226600179841412	14.5790089444088	16.131346811294474	5.07182708781795	5.096691392399556	14.299851558634339	7.4871813122689215	11.734481114843028	7.640449438202247	4.761904761904762	3.718716300617146	49.95162162162162	0.6253000000000001	0.16227854967783242	20.99819564819336	0.0	18.67663021968328	-6.6758602799665064e-06	13.922438082948043	-8.590319092175079e-06	11.15328059767505	-7.658580482107642e-06	9.623945131951693	-5.771539384984763e-06	8.647917893448211	-4.842563420631838e-06	7.96290588775281	-9.765729905301716e-07	7.4359826545415455	0.0	7.012644290322002	9.97342083347878e-07	6.655429660527601	0.0	6.349408586785165	-1.024359263280818e-06	6.08235531814958	-1.0414583749916684e-06	5.842435953758943	-2.122319907891316e-06	5.624195042665583	-5.417857692382709e-06	5.424055555493916	-5.547567058990609e-06	5.2448388203213225	-4.558092893933179e-06	5.073974683603742	-3.521713712848855e-06	4.917869395373221	-3.6406529875198414e-06	4.771997451979122	-5.035620722082833e-06	4.636385684956829	-3.932997455350646e-06	4.502327534673632	-4.103798749709314e-06	4.38106156649184	-4.3072629067133e-06	4.26860534807272	-6.0539742070428905e-06	4.16343162662333	-6.410790642809978e-06	4.062864041250051	-6.820456595466783e-06	3.965568655151321	-5.461546163718949e-06	3.869758052719347	1.9504050991390912e-06	3.7781064467640215	2.09938047282247e-06	3.6910615032101455	2.268659154379987e-06
2	1	34	0	0	2638	6	2781	44	2870	48	2973	44	3110	71	3207	114	3294	181	3423	267	3576	336	3654	465	3701	602	3840	741	3873	902	3968	1042	3987	1189	4015	1357	4025	1580	4035	1772	4005	1975	4016	2192	3980	2403	3926	2601	3877	2785	3800	2910	3741	3087	3618	3207	3501	3333	3390	3526	3275	2512	2541	525.0	319.1109647907893	567.9411125183105	29	1	0.5480442047119141	4.761904761904762	11.221122112211221			3.7254625052958623	0.0370919881305638	6.235705637024082	0.02581129596170542	8.230570691138514	0.03519009985190833	9.677734375	0.06500893872907525	10.63211514136269	0.19151920586965904	11.198016690526904	0.47158103747828245	11.682922503990069	0.9976299399217329	12.050695300123218	1.7134056343451196	12.507869884575026	2.3578947368421055	12.630923986311313	3.423901038215153	12.753713084530824	4.483503388694421	13.055895552835578	5.490108913091799	13.08357543409229	6.5733858038186845	13.306951943391798	7.355121055975153	13.272303595206392	8.068675352877307	13.466375985242326	8.811116161288227	13.48996212755974	9.670114450088745	13.521664823564894	10.27246376811594	13.493480677874734	10.855823668443906	13.657076787050263	11.476439790575917	13.748790935470497	11.90900981266726	13.729192894111064	12.292641429179072	13.814851767388825	12.58586406362979	13.876716330704062	12.576170102424477	13.92466314300603	12.758834469931804	13.851985144913664	12.825434913017396	13.797588082288959	12.962818917237087	13.855963377748711	13.307166849077253	13.822648039505339	5.51772613451654	5.5273977072502225	12.988619495299355	8.085596582391663	11.035695638944043	6.51685393258427	4.761904761904762	3.821115214603522	49.95162162162162	0.6253000000000001	0.16227854967783242	20.99819564819336	0.0	18.67663021968328	-6.6758602799665064e-06	13.922438082948043	-8.590319092175079e-06	11.15328059767505	-7.658580482107642e-06	9.623945131951693	-5.771539384984763e-06	8.647917893448211	-4.842563420631838e-06	7.96290588775281	-9.765729905301716e-07	7.4359826545415455	0.0	7.012644290322002	9.97342083347878e-07	6.655429660527601	0.0	6.349408586785165	-1.024359263280818e-06	6.08235531814958	-1.0414583749916684e-06	5.842435953758943	-2.122319907891316e-06	5.624195042665583	-5.417857692382709e-06	5.424055555493916	-5.547567058990609e-06	5.2448388203213225	-4.558092893933179e-06	5.073974683603742	-3.521713712848855e-06	4.917869395373221	-3.6406529875198414e-06	4.771997451979122	-5.035620722082833e-06	4.636385684956829	-3.932997455350646e-06	4.502327534673632	-4.103798749709314e-06	4.38106156649184	-4.3072629067133e-06	4.26860534807272	-6.0539742070428905e-06	4.16343162662333	-6.410790642809978e-06	4.062864041250051	-6.820456595466783e-06	3.965568655151321	-5.461546163718949e-06	3.869758052719347	1.9504050991390912e-06	3.7781064467640215	2.09938047282247e-06	3.6910615032101455	2.268659154379987e-06
3	1	33	0	0	2164	13	2267	87	2333	93	2461	156	2566	270	2677	361	2773	532	2936	713	2997	863	3046	1035	3102	1146	3193	1309	3212	1397	3269	1561	3320	1737	3336	1870	3361	2062	3364	2140	3376	2273	3357	2333	3287	2504	3219	2618	3207	2748	3123	2926	3044	2985	2955	3072	2826	3153	2730	3201	2623	2776	2803	452.0	330.97542766187104	519.5345964431763	27	1	0.5708065032958984	4.761904761904762	10.891089108910892			3.0560655274678714	0.08036597428288822	5.083187586887304	0.051035971560644815	6.690564955549183	0.06818081846307239	8.011067708333334	0.23048623731217588	8.772349663259375	0.728312473025464	9.347393414574531	1.4933399520145612	9.835077141337116	2.932260375902552	10.336208414011617	4.575498941153821	10.482686253934942	6.056140350877193	10.529226727505272	7.620941020543406	10.689548227023673	8.535041334624264	10.85611315109479	9.698451507742462	10.850618201472875	10.180731671767964	10.96280894731547	11.018564269076021	11.051930758988016	11.787459283387621	11.188998826094247	12.142068696837867	11.2645373194356	12.620111389925945	11.273080660835763	12.405797101449275	11.374279842323372	12.493816302973672	11.416037543358499	12.214659685863873	11.354843167058174	12.409554960848448	11.256819135543433	12.372985490807695	11.427451539338653	12.418655097613883	11.40446976336547	12.645317429448118	11.33030596292712	12.337259764414135	11.313603124162487	12.285542891421716	11.137384724521164	12.26275668948351	11.158342189160468	12.080612899573536	11.070780399274046	6.097614549927513	6.097322224880903	11.182582879762494	8.386216965352256	10.095105907769033	6.067415730337078	4.761904761904762	3.979820232722145	49.95162162162162	0.6253000000000001	0.16227854967783242	20.99819564819336	0.0	18.67663021968328	-6.6758602799665064e-06	13.922438082948043	-8.590319092175079e-06	11.15328059767505	-7.658580482107642e-06	9.623945131951693	-5.771539384984763e-06	8.647917893448211	-4.842563420631838e-06	7.96290588775281	-9.765729905301716e-07	7.4359826545415455	0.0	7.012644290322002	9.97342083347878e-07	6.655429660527601	0.0	6.349408586785165	-1.024359263280818e-06	6.08235531814958	-1.0414583749916684e-06	5.842435953758943	-2.122319907891316e-06	5.624195042665583	-5.417857692382709e-06	5.424055555493916	-5.547567058990609e-06	5.2448388203213225	-4.558092893933179e-06	5.073974683603742	-3.521713712848855e-06	4.917869395373221	-3.6406529875198414e-06	4.771997451979122	-5.035620722082833e-06	4.636385684956829	-3.932997455350646e-06	4.502327534673632	-4.103798749709314e-06	4.38106156649184	-4.3072629067133e-06	4.26860534807272	-6.0539742070428905e-06	4.16343162662333	-6.410790642809978e-06	4.062864041250051	-6.820456595466783e-06	3.965568655151321	-5.461546163718949e-06	3.869758052719347	1.9504050991390912e-06	3.7781064467640215	2.09938047282247e-06	3.6910615032101455	2.268659154379987e-06
4	1	34	0	0	1645	22	1762	242	1886	433	1970	556	2033	788	2067	920	2094	988	2193	1001	2213	1093	2242	1087	2332	1201	2352	1222	2435	1310	2470	1380	2508	1462	2519	1565	2538	1675	2587	1799	2637	1925	2663	2002	2627	2069	2643	2114	2607	2192	2538	2234	2517	2313	2459	2352	2395	2433	2310	2507	2253	2594	2618	352.0	326.5472525654262	446.0652770996094	24	1	0.5959482192993164	4.761904761904762	11.221122112211221			2.323118203643553	0.13600395647873392	3.9508498138929995	0.14196212778937983	5.408660739891024	0.31744402574742303	6.412760416666667	0.8214765893946782	6.950189737103004	2.1255934397928353	7.217430776214254	3.805741705965086	7.4268487320446885	5.445626412390454	7.720471747931702	6.42366681640249	7.740468695348024	7.670175438596491	7.75000864184728	8.00382887858037	8.036114269961061	8.944663737245847	7.99673602611179	9.053863821589983	8.225795554354436	9.546713307098091	8.283309299439955	9.740947271828897	8.348868175765647	9.92128121606949	8.448767398960255	10.161677813129018	8.506217112980528	10.251545382214333	8.669280520089808	10.428985507246377	8.8844715474546	10.580992689495961	9.055974971094335	10.481675392670157	9.074892911427387	10.253741698879969	9.24255140579102	9.991020369582683	9.28948118586089	9.906001446131597	9.268185801928134	9.6546955356757	9.368718826769895	9.559826410415376	9.414602396722692	9.406118776244751	9.438795617561285	9.462507778469197	9.441674160058858	9.46144846586406	9.509137720001688	5.697842990818434	5.6948946074699265	8.708560118753091	8.274016378796041	8.667519439374656	5.393258426966292	4.761904761904762	4.155115204762587	49.95162162162162	0.6253000000000001	0.16227854967783242	20.99819564819336	0.0	18.67663021968328	-6.6758602799665064e-06	13.922438082948043	-8.590319092175079e-06	11.15328059767505	-7.658580482107642e-06	9.623945131951693	-5.771539384984763e-06	8.647917893448211	-4.842563420631838e-06	7.96290588775281	-9.765729905301716e-07	7.4359826545415455	0.0	7.012644290322002	9.97342083347878e-07	6.655429660527601	0.0	6.349408586785165	-1.024359263280818e-06	6.08235531814958	-1.0414583749916684e-06	5.842435953758943	-2.122319907891316e-06	5.624195042665583	-5.417857692382709e-06	5.424055555493916	-5.547567058990609e-06	5.2448388203213225	-4.558092893933179e-06	5.073974683603742	-3.521713712848855e-06	4.917869395373221	-3.6406529875198414e-06	4.771997451979122	-5.035620722082833e-06	4.636385684956829	-3.932997455350646e-06	4.502327534673632	-4.103798749709314e-06	4.38106156649184	-4.3072629067133e-06	4.26860534807272	-6.0539742070428905e-06	4.16343162662333	-6.410790642809978e-06	4.062864041250051	-6.820456595466783e-06	3.965568655151321	-5.461546163718949e-06	3.869758052719347	1.9504050991390912e-06	3.7781064467640215	2.09938047282247e-06	3.6910615032101455	2.268659154379987e-06
5	1	29	0	0	1302	62	1357	1024	1415	1384	1475	1524	1510	1286	1592	1213	1613	1143	1682	1098	1712	1103	1781	1184	1808	1221	1826	1306	1856	1328	1888	1320	1915	1408	1900	1446	1919	1501	1944	1585	1976	1629	1929	1693	1949	1759	1929	1790	1900	1818	1874	1862	1855	1895	1833	1928	1792	1897	1723	1914	1699	2623	2649	250.0	306.1628624210584	364.7491445541382	26	1	0.631591796875	4.761904761904762	9.570957095709572			1.8387233441604294	0.38328387734915925	3.0427373424817254	0.6006992514724171	4.057929452251219	1.0146478790633569	4.801432291666666	2.2516732414343337	5.162216676352945	3.468925334484247	5.558853311917315	5.017787705799619	5.720872495123249	6.299950394091384	5.921492694948072	7.046140024385548	5.988107729975516	7.7403508771929825	6.1564520031802	8.71806199838009	6.2304007719080605	9.09361733819915	6.208350333197334	9.676224346150997	6.269846631984326	9.677889520478065	6.331533585968678	9.317427825227643	6.374833555259654	9.554831704668839	6.372631225893007	9.389000714239334	6.431611757214196	9.186608727584307	6.514526993063235	9.18840579710145	6.657457632829082	8.953993294124114	6.559885737604571	8.863874345549739	6.732762194279397	8.71741500644266	6.7456986991187575	8.459757077366605	6.77023945267959	8.21583514099783	6.843412211510371	8.047020182376075	6.904637832204273	7.832196734862575	7.017879704429726	7.7104579084183165	7.062347284622055	7.377878033602987	7.042426224147796	7.223459259538815	7.170894356983075	5.761542854632518	5.762328424441495	6.185056902523503	7.757519067606826	7.08746110317009	5.842696629213483	4.761904761904762	4.4036320495834165	49.95162162162162	0.6253000000000001	0.16227854967783242	20.99819564819336	0.0	18.67663021968328	-6.6758602799665064e-06	13.922438082948043	-8.590319092175079e-06	11.15328059767505	-7.658580482107642e-06	9.623945131951693	-5.771539384984763e-06	8.647917893448211	-4.842563420631838e-06	7.96290588775281	-9.765729905301716e-07	7.4359826545415455	0.0	7.012644290322002	9.97342083347878e-07	6.655429660527601	0.0	6.349408586785165	-1.024359263280818e-06	6.08235531814958	-1.0414583749916684e-06	5.842435953758943	-2.122319907891316e-06	5.624195042665583	-5.417857692382709e-06	5.424055555493916	-5.547567058990609e-06	5.2448388203213225	-4.558092893933179e-06	5.073974683603742	-3.521713712848855e-06	4.917869395373221	-3.6406529875198414e-06	4.771997451979122	-5.035620722082833e-06	4.636385684956829	-3.932997455350646e-06	4.502327534673632	-4.103798749709314e-06	4.38106156649184	-4.3072629067133e-06	4.26860534807272	-6.0539742070428905e-06	4.16343162662333	-6.410790642809978e-06	4.062864041250051	-6.820456595466783e-06	3.965568655151321	-5.461546163718949e-06	3.869758052719347	1.9504050991390912e-06	3.7781064467640215	2.09938047282247e-06	3.6910615032101455	2.268659154379987e-06
6	1	21	0	0	1224	309	1218	1595	1291	1956	1327	1701	1393	1405	1420	1249	1449	1230	1476	1188	1551	1170	1597	1243	1597	1228	1670	1230	1707	1325	1693	1368	1727	1414	1710	1413	1725	1479	1730	1560	1712	1597	1720	1610	1678	1692	1647	1702	1612	1717	1544	1727	1518	1717	1484	1733	1441	1714	1362	1713	1307	2944	2969	212.0	289.28664044481934	329.074857711792	25	1	0.6508235931396484	4.761904761904762	6.9306930693069315			1.728569411100127	1.9102373887240356	2.731064173281313	0.9356594786118215	3.7023229136793803	1.4339965689652643	4.319661458333333	2.513186472230841	4.762230351099108	3.789922313336211	4.958273682740319	5.1667080334243405	5.139209079624047	6.779474177368681	5.196268262629819	7.623692485400757	5.424973767051417	8.210526315789474	5.520412043278371	9.152492452691261	5.503290947310383	9.145751098532807	5.67795457636339	9.113136252500556	5.766502263360584	9.656026818248069	5.67758811496026	9.656243382508647	5.749001331557923	9.595548317046688	5.735368103303706	9.174728913706902	5.7814123403827455	9.051961564355224	5.797392848765122	9.043478260869566	5.767999730467302	8.778101467597429	5.84914643270081	8.429319371727749	5.79660080143706	8.385370205173952	5.7595467897608055	8.043858405406683	5.744013683010262	7.759399855386841	5.638328951212387	7.463589610614115	5.650264274547755	7.096507542880761	5.681687660323902	6.9306138772245545	5.679041538582801	6.6661481020535165	5.566909180086651	6.464882816922671	5.5163972481323595	6.466634450643588	6.458419438341563	5.244928253339931	7.329911314221663	6.394272032946148	5.617977528089887	4.761904761904762	4.537721432664536	49.95162162162162	0.6253000000000001	0.16227854967783242	20.99819564819336	0.0	18.67663021968328	-6.6758602799665064e-06	13.922438082948043	-8.590319092175079e-06	11.15328059767505	-7.658580482107642e-06	9.623945131951693	-5.771539384984763e-06	8.647917893448211	-4.842563420631838e-06	7.96290588775281	-9.765729905301716e-07	7.4359826545415455	0.0	7.012644290322002	9.97342083347878e-07	6.655429660527601	0.0	6.349408586785165	-1.024359263280818e-06	6.08235531814958	-1.0414583749916684e-06	5.842435953758943	-2.122319907891316e-06	5.624195042665583	-5.417857692382709e-06	5.424055555493916	-5.547567058990609e-06	5.2448388203213225	-4.558092893933179e-06	5.073974683603742	-3.521713712848855e-06	4.917869395373221	-3.6406529875198414e-06	4.771997451979122	-5.035620722082833e-06	4.636385684956829	-3.932997455350646e-06	4.502327534673632	-4.103798749709314e-06	4.38106156649184	-4.3072629067133e-06	4.26860534807272	-6.0539742070428905e-06	4.16343162662333	-6.410790642809978e-06	4.062864041250051	-6.820456595466783e-06	3.965568655151321	-5.461546163718949e-06	3.869758052719347	1.9504050991390912e-06	3.7781064467640215	2.09938047282247e-06	3.6910615032101455	2.268659154379987e-06
7	1	21	0	0	1170	530	1162	2573	1198	2487	1195	1832	1311	1445	1316	1273	1327	1176	1316	1196	1326	1147	1390	1158	1413	1156	1445	1202	1456	1267	1492	1313	1538	1314	1513	1304	1519	1331	1535	1381	1513	1417	1500	1448	1447	1468	1427	1511	1393	1539	1360	1505	1308	1541	1247	1518	1210	1500	1150	1442	1101	2908	2931	178.0	273.0791578021393	293.2259855270386	23	1	0.6684398651123047	4.761904761904762	6.9306930693069315			1.6523089959045334	3.2764589515331357	2.605498004394816	1.509374193397001	3.4356180097505016	1.8232870485770003	3.8899739583333335	2.70673581253786	4.481898054767358	3.897820457488131	4.595132511610042	5.265988251840821	4.706508246142933	6.481838725679326	4.632987150149622	7.675030481935442	4.637985309548793	8.049122807017543	4.804867088388813	8.526618069361607	4.869223612116199	8.609518135100917	4.912960696314429	8.90568274431355	4.918586581987704	9.233347908468154	5.003521244843891	9.268017223124161	5.119840213049268	8.916938110749186	5.074626865671641	8.466982663463412	5.090994402922546	8.14615337535957	5.143929492979458	8.005797101449277	5.0975371449749	7.788709943384818	5.100999795960008	7.581151832460733	4.998618211966285	7.275250272574091	4.990208420758148	7.141169242402761	4.963654503990878	6.954989154013015	4.966403739409874	6.504170448161113	4.868607161468026	6.369084521595371	4.774302232091581	6.070785842831434	4.768660833924489	5.833851897946484	4.700400555873457	5.442125523644186	4.646942134807749	6.387558757633001	6.375758630440931	4.403760514596734	6.919248000440699	5.697690585133473	5.168539325842696	4.761904761904762	4.660546935207154	49.95162162162162	0.6253000000000001	0.16227854967783242	20.99819564819336	0.0	18.67663021968328	-6.6758602799665064e-06	13.922438082948043	-8.590319092175079e-06	11.15328059767505	-7.658580482107642e-06	9.623945131951693	-5.771539384984763e-06	8.647917893448211	-4.842563420631838e-06	7.96290588775281	-9.765729905301716e-07	7.4359826545415455	0.0	7.012644290322002	9.97342083347878e-07	6.655429660527601	0.0	6.349408586785165	-1.024359263280818e-06	6.08235531814958	-1.0414583749916684e-06	5.842435953758943	-2.122319907891316e-06	5.624195042665583	-5.417857692382709e-06	5.424055555493916	-5.547567058990609e-06	5.2448388203213225	-4.558092893933179e-06	5.073974683603742	-3.521713712848855e-06	4.917869395373221	-3.6406529875198414e-06	4.771997451979122	-5.035620722082833e-06	4.636385684956829	-3.932997455350646e-06	4.502327534673632	-4.103798749709314e-06	4.38106156649184	-4.3072629067133e-06	4.26860534807272	-6.0539742070428905e-06	4.16343162662333	-6.410790642809978e-06	4.062864041250051	-6.820456595466783e-06	3.965568655151321	-5.461546163718949e-06	3.869758052719347	1.9504050991390912e-06	3.7781064467640215	2.09938047282247e-06	3.6910615032101455	2.268659154379987e-06
8	1	22	0	0	1074	201	1110	2855	1113	3482	1098	2740	1116	1990	1132	1525	1105	1314	1118	1218	1159	1172	1180	1104	1202	1092	1242	1098	1233	1082	1240	1118	1263	1132	1230	1112	1258	1141	1259	1168	1240	1179	1230	1206	1232	1216	1239	1242	1201	1257	1180	1247	1200	1260	1200	1275	1190	1239	1157	1230	1133	2384	2404	148.0	253.84148835122883	255.76248455047607	20	1	0.6896276473999023	4.761904761904762	7.2607260726072615			1.5167349244456998	1.2425816023738874	2.48890084757164	1.6748011356970225	3.1918554631488383	2.55274849342385	3.57421875	4.04828391176514	3.8152541793442962	5.367932671558049	3.9526519780718603	6.3084305452138665	3.919134598333038	7.2424626577743485	3.9359267734553773	7.816209972405827	4.053864987757957	8.224561403508773	4.078951916761727	8.1290037552463	4.1421137875185225	8.132866612050346	4.222766217870257	8.135141142476106	4.165259104114587	7.885147937618423	4.158422482309937	7.891579021670078	4.20439414114514	7.681867535287731	4.1254402146570515	7.220310369456529	4.216241579247244	6.9832915111083915	4.219027512482826	6.771014492753623	4.177756814123514	6.48051448359259	4.182819832687207	6.31413612565445	4.2559071438441345	6.0263653483992465	4.332773814519513	5.869842620161633	4.279503990877993	5.6805856832971795	4.3090855974291555	5.389169799904923	4.466612074741309	5.207687538747676	4.594356598644665	5.098980203959208	4.689839993694333	4.818761667703796	4.729011689691817	4.64203494735253	4.782003123285358	5.236568114923341	5.229383741924257	3.661553686293914	6.4318061650670995	4.969735194629326	4.49438202247191	4.761904761904762	4.808273991832823	49.95162162162162	0.6253000000000001	0.16227854967783242	20.99819564819336	0.0	18.67663021968328	-6.6758602799665064e-06	13.922438082948043	-8.590319092175079e-06	11.15328059767505	-7.658580482107642e-06	9.623945131951693	-5.771539384984763e-06	8.647917893448211	-4.842563420631838e-06	7.96290588775281	-9.765729905301716e-07	7.4359826545415455	0.0	7.012644290322002	9.97342083347878e-07	6.655429660527601	0.0	6.349408586785165	-1.024359263280818e-06	6.08235531814958	-1.0414583749916684e-06	5.842435953758943	-2.122319907891316e-06	5.624195042665583	-5.417857692382709e-06	5.424055555493916	-5.547567058990609e-06	5.2448388203213225	-4.558092893933179e-06	5.073974683603742	-3.521713712848855e-06	4.917869395373221	-3.6406529875198414e-06	4.771997451979122	-5.035620722082833e-06	4.636385684956829	-3.932997455350646e-06	4.502327534673632	-4.103798749709314e-06	4.38106156649184	-4.3072629067133e-06	4.26860534807272	-6.0539742070428905e-06	4.16343162662333	-6.410790642809978e-06	4.062864041250051	-6.820456595466783e-06	3.965568655151321	-5.461546163718949e-06	3.869758052719347	1.9504050991390912e-06	3.7781064467640215	2.09938047282247e-06	3.6910615032101455	2.268659154379987e-06
9	1	11	0	0	1078	301	1032	4999	970	5288	966	3630	951	2412	903	1770	899	1327	922	1149	932	1061	928	970	903	977	923	958	895	906	891	899	883	918	880	937	868	924	883	908	908	903	905	881	910	890	875	881	843	865	824	882	835	908	814	906	813	901	790	866	793	2257	2280	110.0	214.69671486493928	196.33580112457275	23	1	0.7285022735595703	4.761904761904762	3.6303630363036308			1.5223838440898179	1.8607814045499504	2.314005112336876	2.932515193467396	2.781760825924864	3.876776000351901	3.1445312500000004	5.363237445148708	3.2511709001401665	6.506258092360811	3.153043053179231	7.321916108215438	3.1885086008157475	7.3141156368847495	3.245907410667136	7.373419752294167	3.2598810772997555	7.445614035087719	3.2078537108092227	7.142331197997202	3.111754367827975	7.276383406568854	3.1381748946008434	7.097873601541083	3.0234443618674414	6.60253607345868	2.988027767530769	6.3457330415754925	2.939414114513981	6.229641693811075	2.9515344625188664	6.084020518148172	2.909139658812883	5.655180855621519	2.959016118762776	5.263768115942029	3.059196118729153	4.963447479799923	3.077603210229205	4.612565445026178	3.143567776703054	4.410744375061949	3.059868513078752	4.163712840871496	3.0038483466362598	3.9090744757772957	3.0090563832895123	3.811746402178141	3.1080175686741605	3.752841496176896	3.1165052260806307	3.6232753449310136	3.204067155355876	3.5042003733665212	3.228970816643505	3.268294523908367	3.346980120710758	4.957606642358213	4.95964847403798	2.7214250371103414	5.439960438528861	3.8150119730400354	5.168539325842696	4.761904761904762	5.079318597730654	49.95162162162162	0.6253000000000001	0.16227854967783242	20.99819564819336	0.0	18.67663021968328	-6.6758602799665064e-06	13.922438082948043	-8.590319092175079e-06	11.15328059767505	-7.658580482107642e-06	9.623945131951693	-5.771539384984763e-06	8.647917893448211	-4.842563420631838e-06	7.96290588775281	-9.765729905301716e-07	7.4359826545415455	0.0	7.012644290322002	9.97342083347878e-07	6.655429660527601	0.0	6.349408586785165	-1.024359263280818e-06	6.08235531814958	-1.0414583749916684e-06	5.842435953758943	-2.122319907891316e-06	5.624195042665583	-5.417857692382709e-06	5.424055555493916	-5.547567058990609e-06	5.2448388203213225	-4.558092893933179e-06	5.073974683603742	-3.521713712848855e-06	4.917869395373221	-3.6406529875198414e-06	4.771997451979122	-5.035620722082833e-06	4.636385684956829	-3.932997455350646e-06	4.502327534673632	-4.103798749709314e-06	4.38106156649184	-4.3072629067133e-06	4.26860534807272	-6.0539742070428905e-06	4.16343162662333	-6.410790642809978e-06	4.062864041250051	-6.820456595466783e-06	3.965568655151321	-5.461546163718949e-06	3.869758052719347	1.9504050991390912e-06	3.7781064467640215	2.09938047282247e-06	3.6910615032101455	2.268659154379987e-06
10	1	8	0	0	1271	1287	1112	7185	979	5922	898	3268	835	2150	812	1527	779	1212	747	1069	707	941	705	868	736	839	728	775	707	750	715	721	700	702	693	733	697	727	664	707	676	711	660	688	644	703	669	687	664	676	635	654	644	657	627	660	620	669	609	644	596	2319	2339	93.0	184.20251067813066	161.47503852844238	20	1	0.7477960586547852	4.761904761904762	2.6402640264026402			1.7949442169185144	7.956231454005936	2.4933853536033004	4.214867306473942	2.8075709779179814	4.34157856922919	2.9231770833333335	4.828391176514043	2.8546032614269596	5.799525248165732	2.835294528440239	6.316703896748573	2.7629012236212094	6.680262360138897	2.6298186938919206	6.860039786947314	2.4728926197971317	6.6035087719298255	2.4370009333195064	6.39128193800162	2.5362693407767325	6.248603559991063	2.4751801985584114	5.742016744461733	2.3883521383690294	5.4656755574989075	2.3978000603641973	5.0892920166584315	2.330226364846871	4.763843648208469	2.3243333892336073	4.75943120576586	2.3360257398532025	4.449476712161087	2.2251265038034918	4.098550724637681	2.2775512954415285	3.908096520639807	2.2444399102224035	3.6020942408376966	2.2246787342821612	3.483992467043315	2.3394880402853544	3.2468453140507587	2.3660205245153936	3.054953000723066	2.3188723342097575	2.8263969920912744	2.3970818134445024	2.7154370737755738	2.4005513227918374	2.6394721055788843	2.4434460471348625	2.601897946484132	2.489168642197335	2.43046382609352	2.5155109103954754	5.093792558098669	5.087990254725805	2.300841167738743	4.667301832713603	3.1376305381118206	4.49438202247191	4.761904761904762	5.213840184020158	49.95162162162162	0.6253000000000001	0.16227854967783242	20.99819564819336	0.0	18.67663021968328	-6.6758602799665064e-06	13.922438082948043	-8.590319092175079e-06	11.15328059767505	-7.658580482107642e-06	9.623945131951693	-5.771539384984763e-06	8.647917893448211	-4.842563420631838e-06	7.96290588775281	-9.765729905301716e-07	7.4359826545415455	0.0	7.012644290322002	9.97342083347878e-07	6.655429660527601	0.0	6.349408586785165	-1.024359263280818e-06	6.08235531814958	-1.0414583749916684e-06	5.842435953758943	-2.122319907891316e-06	5.624195042665583	-5.417857692382709e-06	5.424055555493916	-5.547567058990609e-06	5.2448388203213225	-4.558092893933179e-06	5.073974683603742	-3.521713712848855e-06	4.917869395373221	-3.6406529875198414e-06	4.771997451979122	-5.035620722082833e-06	4.636385684956829	-3.932997455350646e-06	4.502327534673632	-4.103798749709314e-06	4.38106156649184	-4.3072629067133e-06	4.26860534807272	-6.0539742070428905e-06	4.16343162662333	-6.410790642809978e-06	4.062864041250051	-6.820456595466783e-06	3.965568655151321	-5.461546163718949e-06	3.869758052719347	1.9504050991390912e-06	3.7781064467640215	2.09938047282247e-06	3.6910615032101455	2.268659154379987e-06
11	1	7	0	0	1467	1121	1180	8490	1041	7285	871	4063	752	2544	736	1663	720	1309	690	1077	658	893	628	752	615	736	592	724	614	686	601	658	609	621	578	598	563	599	569	594	562	602	551	580	558	565	534	573	521	564	529	555	527	558	502	532	489	520	498	530	497	2150	2170	83.0	162.55789474270267	139.5406198501587	20	1	0.7582941055297852	4.761904761904762	2.31023102310231			2.0717412794802996	6.930019782393669	2.645858558679761	4.980406879883614	2.9853742472039	5.340830779607337	2.8352864583333335	6.002984501278016	2.5708522785545793	6.862321968062149	2.5699221341527285	6.8792918011086295	2.5536442631672283	7.214903819654964	2.42914979757085	6.911377783481999	2.3015040223854495	6.266666666666667	2.170832037056241	5.537147485457624	2.1193011475240358	5.481492515081552	2.012783897728818	5.364154997406831	2.074184176744814	4.999271243259	2.0154934773131226	4.644596597727112	2.0272969374167773	4.214169381107491	1.938621499245346	3.8828647490422696	1.886918926165499	3.6660750351918723	1.9067725612412452	3.4434782608695653	1.8934672012398506	3.3089649865332817	1.8737672583826428	3.0366492146596857	1.927594307033301	2.8000792942809003	1.8673940411246328	2.708067489011768	1.8564709236031924	2.5488069414316703	1.9317849839322232	2.3985479061325035	1.9615871361572248	2.306261624302542	1.921972510433018	2.1275744851029796	1.9271695436273348	2.0224019912881146	2.0354778059347667	2.000226440729139	2.097665977292871	4.722576110354523	4.720367188009832	2.053438891637803	4.1188730667217675	2.7114216174767543	4.49438202247191	4.761904761904762	5.287035459680029	49.95162162162162	0.6253000000000001	0.16227854967783242	20.99819564819336	0.0	18.67663021968328	-6.6758602799665064e-06	13.922438082948043	-8.590319092175079e-06	11.15328059767505	-7.658580482107642e-06	9.623945131951693	-5.771539384984763e-06	8.647917893448211	-4.842563420631838e-06	7.96290588775281	-9.765729905301716e-07	7.4359826545415455	0.0	7.012644290322002	9.97342083347878e-07	6.655429660527601	0.0	6.349408586785165	-1.024359263280818e-06	6.08235531814958	-1.0414583749916684e-06	5.842435953758943	-2.122319907891316e-06	5.624195042665583	-5.417857692382709e-06	5.424055555493916	-5.547567058990609e-06	5.2448388203213225	-4.558092893933179e-06	5.073974683603742	-3.521713712848855e-06	4.917869395373221	-3.6406529875198414e-06	4.771997451979122	-5.035620722082833e-06	4.636385684956829	-3.932997455350646e-06	4.502327534673632	-4.103798749709314e-06	4.38106156649184	-4.3072629067133e-06	4.26860534807272	-6.0539742070428905e-06	4.16343162662333	-6.410790642809978e-06	4.062864041250051	-6.820456595466783e-06	3.965568655151321	-5.461546163718949e-06	3.869758052719347	1.9504050991390912e-06	3.7781064467640215	2.09938047282247e-06	3.6910615032101455	2.268659154379987e-06
12	1	5	0	0	1826	1736	1274	10278	971	7483	844	3899	780	2275	695	1594	589	1088	570	923	528	816	519	691	509	627	494	565	479	535	481	514	494	504	490	497	478	479	476	480	454	497	444	494	441	469	425	467	425	447	419	444	424	424	428	426	419	415	395	417	382	2149	2167	76.0	143.9770857565179	122.4010763168335	18	1	0.7660932540893555	4.761904761904762	1.65016501650165			2.5787318175398957	10.731948565776458	2.8566303421678105	6.02928408850928	2.7846286205907655	5.485989941496459	2.7473958333333335	5.7606784569241904	2.66657550169225	6.136706948640484	2.4267607109186775	6.5938611731612475	2.089022876396524	5.996803174778152	2.0066889632107023	5.923121350189309	1.8467995802728225	5.726315789473684	1.794047495592658	5.08799057506811	1.7540232261621695	4.6696953898860505	1.6795865633074936	4.186115433059198	1.6181339098709546	3.89884856434922	1.6130654951540966	3.628149925884097	1.644474034620506	3.420195439739414	1.6434680529934595	3.2270631777157326	1.6020377383785231	2.9316359630332336	1.595120806943467	2.782608695652174	1.5295980593645766	2.7318199307425934	1.5098959396041622	2.5863874345549736	1.52342130717148	2.3243136088809595	1.4862218492096797	2.2070986341509524	1.5143956670467502	2.0200650759219085	1.530090563832895	1.918838324906003	1.5782029330752623	1.7524281876420749	1.6386538535165969	1.703659268146371	1.6512966028217861	1.6140323584318605	1.6144854083217526	1.5737630675170773	1.6122905499514624	4.720379563326451	4.713841334754519	1.880257298367145	3.6480746855528103	2.3783821849456035	4.044943820224719	4.761904761904762	5.341413272574871	49.95162162162162	0.6253000000000001	0.16227854967783242	20.99819564819336	0.0	18.67663021968328	-6.6758602799665064e-06	13.922438082948043	-8.590319092175079e-06	11.15328059767505	-7.658580482107642e-06	9.623945131951693	-5.771539384984763e-06	8.647917893448211	-4.842563420631838e-06	7.96290588775281	-9.765729905301716e-07	7.4359826545415455	0.0	7.012644290322002	9.97342083347878e-07	6.655429660527601	0.0	6.349408586785165	-1.024359263280818e-06	6.08235531814958	-1.0414583749916684e-06	5.842435953758943	-2.122319907891316e-06	5.624195042665583	-5.417857692382709e-06	5.424055555493916	-5.547567058990609e-06	5.2448388203213225	-4.558092893933179e-06	5.073974683603742	-3.521713712848855e-06	4.917869395373221	-3.6406529875198414e-06	4.771997451979122	-5.035620722082833e-06	4.636385684956829	-3.932997455350646e-06	4.502327534673632	-4.103798749709314e-06	4.38106156649184	-4.3072629067133e-06	4.26860534807272	-6.0539742070428905e-06	4.16343162662333	-6.410790642809978e-06	4.062864041250051	-6.820456595466783e-06	3.965568655151321	-5.461546163718949e-06	3.869758052719347	1.9504050991390912e-06	3.7781064467640215	2.09938047282247e-06	3.6910615032101455	2.268659154379987e-06
13	1	4	0	0	2285	2140	1404	11531	1029	8504	805	4328	653	2351	616	1436	530	1014	460	788	440	645	448	603	413	505	401	459	413	426	396	451	381	417	375	405	377	403	387	396	363	385	343	376	332	381	346	361	336	352	325	333	317	346	294	334	283	323	276	312	276	2036	2055	68.0	124.61007403518245	105.1556453704834	19	1	0.7725620269775391	4.761904761904762	1.3201320132013201			3.226945346702443	13.229475766567756	3.14812323422575	6.764319403055119	2.950960711213077	6.234512690429759	2.620442708333333	6.394515609532675	2.2324023110321014	6.341713422529133	2.150913090540871	5.940266401919417	1.8797659159425428	5.588932370611255	1.6194331983805668	5.056792658666496	1.5389996502273522	4.526315789473685	1.5486190328044522	4.44002650762094	1.4232054860608567	3.7610784240709014	1.3633890928872567	3.4007557234941097	1.395176001621512	3.104503716659379	1.3280123411247862	3.1834545069527778	1.2683089214380825	2.829804560260586	1.2577561630051988	2.6296993701707683	1.2635318564198814	2.466491217332762	1.2968734291746256	2.2956521739130435	1.223004615747448	2.116198537899192	1.166428620009522	1.9685863874345548	1.1468840679839714	1.888195063931014	1.209959434885998	1.7061297792901366	1.1972633979475484	1.5907447577729574	1.186824423020742	1.4391287436795022	1.1799300230774956	1.4300475304815046	1.1256173666679428	1.335732853429314	1.1153148892567195	1.2562227753578097	1.1280961334096296	1.1774917915235688	1.1649010256193812	4.47216974915433	4.470209479889496	1.6823354774863928	3.1573555907456705	2.043285248147934	4.269662921348314	4.761904761904762	5.38651533968978	49.95162162162162	0.6253000000000001	0.16227854967783242	20.99819564819336	0.0	18.67663021968328	-6.6758602799665064e-06	13.922438082948043	-8.590319092175079e-06	11.15328059767505	-7.658580482107642e-06	9.623945131951693	-5.771539384984763e-06	8.647917893448211	-4.842563420631838e-06	7.96290588775281	-9.765729905301716e-07	7.4359826545415455	0.0	7.012644290322002	9.97342083347878e-07	6.655429660527601	0.0	6.349408586785165	-1.024359263280818e-06	6.08235531814958	-1.0414583749916684e-06	5.842435953758943	-2.122319907891316e-06	5.624195042665583	-5.417857692382709e-06	5.424055555493916	-5.547567058990609e-06	5.2448388203213225	-4.558092893933179e-06	5.073974683603742	-3.521713712848855e-06	4.917869395373221	-3.6406529875198414e-06	4.771997451979122	-5.035620722082833e-06	4.636385684956829	-3.932997455350646e-06	4.502327534673632	-4.103798749709314e-06	4.38106156649184	-4.3072629067133e-06	4.26860534807272	-6.0539742070428905e-06	4.16343162662333	-6.410790642809978e-06	4.062864041250051	-6.820456595466783e-06	3.965568655151321	-5.461546163718949e-06	3.869758052719347	1.9504050991390912e-06	3.7781064467640215	2.09938047282247e-06	3.6910615032101455	2.268659154379987e-06
14	1	5	0	0	2931	1114	1711	12718	1150	10113	837	5239	690	2561	508	1540	444	1040	418	807	396	603	384	479	353	445	358	399	354	396	322	360	326	341	316	359	301	335	283	329	268	312	257	303	235	283	237	267	230	258	228	239	233	239	231	234	227	234	222	226	229	1862	1879	62.0	107.6020243854577	91.38693714141846	17	1	0.7727279663085938	4.761904761904762	1.65016501650165			4.13924586922751	6.886745796241344	3.836494910085654	7.460637773658399	3.2979638657872097	7.414114162548937	2.724609375	7.740496136400574	2.3588937130354517	6.908178679326715	1.7738049512901988	6.370480681724167	1.5747472956197908	5.732238328832056	1.471571906354515	5.178720400436373	1.3850996852046171	4.231578947368421	1.3273877424038163	3.5269862307635664	1.216444398497536	3.314217621210993	1.2171902624779	2.9562124916648145	1.1958651442470103	2.885876694359423	1.0798484187933868	2.5411166796075384	1.085219707057257	2.3140608034744843	1.0598691933590474	2.331017466398286	1.0088145591044677	2.0503090764428666	0.9483596394222714	1.9072463768115944	0.9029345372460496	1.7149453086351893	0.8739712983744813	1.5863874345549738	0.8118004698079315	1.4025175934185747	0.828787242971045	1.261874379696583	0.8195553021664767	1.165943600867679	0.8326029798422436	1.0328881974156185	0.867267177845604	0.9878073982227733	0.8844136452390979	0.9358128374325135	0.8946165366122802	0.9100808960796516	0.9073816725251369	0.8529267464241234	0.9665301987928924	4.089970566269824	4.087359422244458	1.533894111825829	2.7264076030727264	1.7757447056370483	3.8202247191011236	4.761904761904762	5.387672314432223	49.95162162162162	0.6253000000000001	0.16227854967783242	20.99819564819336	0.0	18.67663021968328	-6.6758602799665064e-06	13.922438082948043	-8.590319092175079e-06	11.15328059767505	-7.658580482107642e-06	9.623945131951693	-5.771539384984763e-06	8.647917893448211	-4.842563420631838e-06	7.96290588775281	-9.765729905301716e-07	7.4359826545415455	0.0	7.012644290322002	9.97342083347878e-07	6.655429660527601	0.0	6.349408586785165	-1.024359263280818e-06	6.08235531814958	-1.0414583749916684e-06	5.842435953758943	-2.122319907891316e-06	5.624195042665583	-5.417857692382709e-06	5.424055555493916	-5.547567058990609e-06	5.2448388203213225	-4.558092893933179e-06	5.073974683603742	-3.521713712848855e-06	4.917869395373221	-3.6406529875198414e-06	4.771997451979122	-5.035620722082833e-06	4.636385684956829	-3.932997455350646e-06	4.502327534673632	-4.103798749709314e-06	4.38106156649184	-4.3072629067133e-06	4.26860534807272	-6.0539742070428905e-06	4.16343162662333	-6.410790642809978e-06	4.062864041250051	-6.820456595466783e-06	3.965568655151321	-5.461546163718949e-06	3.869758052719347	1.9504050991390912e-06	3.7781064467640215	2.09938047282247e-06	3.6910615032101455	2.268659154379987e-06
15	1	2	0	0	3932	4263	1915	15676	1163	8288	699	3631	568	1741	445	1026	408	668	330	507	280	435	256	364	237	309	216	283	219	243	218	233	220	213	197	219	192	227	201	198	190	198	178	203	166	185	170	178	167	167	159	173	148	167	140	159	151	146	145	142	137	1943	1959	56.0	85.70181052287276	76.80466938018799	16	1	0.7578983306884766	4.761904761904762	0.6600660066006601			5.552888010168056	26.353857566765576	4.293914525315037	9.195860806720322	3.3352451964439345	6.076157241096172	2.275390625	5.364714921028915	1.941813955078459	4.696266724212343	1.5538252033939732	4.244229337304542	1.4470650824614293	3.681860772749821	1.1617672944904065	3.2535455303856766	0.9793634137810423	3.052631578947368	0.8849251616025442	2.6802150062587438	0.8167062958751162	2.301333134728532	0.7343941248470013	2.09676224346151	0.7398148773731504	1.770878880629646	0.7310775009222308	1.644667184301546	0.7323568575233023	1.4454397394136806	0.6607412376320644	1.4219855853516006	0.6434963300599926	1.3893139115000916	0.6735699205790691	1.1478260869565218	0.6401401570027965	1.08833067663387	0.605318642453921	1.0628272251308901	0.5734420339919857	0.9168401229061355	0.5944887396838718	0.8412495864643886	0.5950684150513113	0.7546999276934201	0.5806310254163015	0.7476554734431047	0.5508821558847614	0.6902252531514776	0.5360082698418775	0.6358728254349131	0.5950973437376842	0.5678282514001245	0.592659200523175	0.5359097256293166	0.5782298569197654	4.267890875543645	4.261382175719476	1.3854527461652646	2.1715025264732577	1.4923958421871653	3.5955056179775284	4.761904761904762	5.2842760084265	49.95162162162162	0.6253000000000001	0.16227854967783242	20.99819564819336	0.0	18.67663021968328	-6.6758602799665064e-06	13.922438082948043	-8.590319092175079e-06	11.15328059767505	-7.658580482107642e-06	9.623945131951693	-5.771539384984763e-06	8.647917893448211	-4.842563420631838e-06	7.96290588775281	-9.765729905301716e-07	7.4359826545415455	0.0	7.012644290322002	9.97342083347878e-07	6.655429660527601	0.0	6.349408586785165	-1.024359263280818e-06	6.08235531814958	-1.0414583749916684e-06	5.842435953758943	-2.122319907891316e-06	5.624195042665583	-5.417857692382709e-06	5.424055555493916	-5.547567058990609e-06	5.2448388203213225	-4.558092893933179e-06	5.073974683603742	-3.521713712848855e-06	4.917869395373221	-3.6406529875198414e-06	4.771997451979122	-5.035620722082833e-06	4.636385684956829	-3.932997455350646e-06	4.502327534673632	-4.103798749709314e-06	4.38106156649184	-4.3072629067133e-06	4.26860534807272	-6.0539742070428905e-06	4.16343162662333	-6.410790642809978e-06	4.062864041250051	-6.820456595466783e-06	3.965568655151321	-5.461546163718949e-06	3.869758052719347	1.9504050991390912e-06	3.7781064467640215	2.09938047282247e-06	3.6910615032101455	2.268659154379987e-06
16	1	2	0	0	5619	62	2724	15180	1563	14575	924	7034	700	3410	542	1785	454	989	343	710	279	561	256	454	252	343	228	279	218	252	205	248	195	229	181	207	175	210	160	199	164	177	148	166	131	164	127	157	122	143	112	126	108	123	115	110	121	109	120	114	116	1566	1582	53.0	73.26803718446598	68.91543960571289	16	1	0.7446098327636719	4.761904761904762	0.6600660066006601			7.935319870074848	0.38328387734915925	6.107897215121754	8.90489710678837	4.482363062804703	10.685327194615915	3.0078125	10.392565341370801	2.393080578441763	9.19831678895123	1.8925241803135584	7.383966244725738	1.610214577052669	5.45113818001433	1.2075338848794226	4.5562471924533146	0.975865687303253	3.936842105263158	0.8849251616025442	3.342905529784258	0.8683965677659465	2.5545542563491472	0.7751937984496124	2.0671260280062236	0.7364367272481589	1.8364669873196329	0.6874811361883363	1.75054704595186	0.6491344873501997	1.5540173724212811	0.6070769746771759	1.3440685669761703	0.5865200925025974	1.2852683762776178	0.5361750611574679	1.153623188405797	0.5525420302550453	0.9729016654757325	0.5032986465347209	0.8691099476439791	0.4525355810418682	0.8127663792248984	0.4441180584697161	0.74200103974668	0.4347206385404789	0.646240057845264	0.408997955010225	0.544535200311163	0.4019950867267178	0.5083694978301302	0.4402925073701137	0.43991201759648074	0.47686608339244896	0.4239265712507778	0.49047657974331726	0.43023738536438083	0.4895960832313341	3.43979264596055	3.4412999499684584	1.3112320633349828	1.8564570209790632	1.3390997755742813	3.5955056179775284	4.761904761904762	5.191624939109217	49.95162162162162	0.6253000000000001	0.16227854967783242	20.99819564819336	0.0	18.67663021968328	-6.6758602799665064e-06	13.922438082948043	-8.590319092175079e-06	11.15328059767505	-7.658580482107642e-06	9.623945131951693	-5.771539384984763e-06	8.647917893448211	-4.842563420631838e-06	7.96290588775281	-9.765729905301716e-07	7.4359826545415455	0.0	7.012644290322002	9.97342083347878e-07	6.655429660527601	0.0	6.349408586785165	-1.024359263280818e-06	6.08235531814958	-1.0414583749916684e-06	5.842435953758943	-2.122319907891316e-06	5.624195042665583	-5.417857692382709e-06	5.424055555493916	-5.547567058990609e-06	5.2448388203213225	-4.558092893933179e-06	5.073974683603742	-3.521713712848855e-06	4.917869395373221	-3.6406529875198414e-06	4.771997451979122	-5.035620722082833e-06	4.636385684956829	-3.932997455350646e-06	4.502327534673632	-4.103798749709314e-06	4.38106156649184	-4.3072629067133e-06	4.26860534807272	-6.0539742070428905e-06	4.16343162662333	-6.410790642809978e-06	4.062864041250051	-6.820456595466783e-06	3.965568655151321	-5.461546163718949e-06	3.869758052719347	1.9504050991390912e-06	3.7781064467640215	2.09938047282247e-06	3.6910615032101455	2.268659154379987e-06
17	1	1	0	0	5975	685	2697	19197	1385	12646	837	5124	576	2216	388	1164	300	729	262	459	233	326	220	289	159	252	152	231	148	190	116	153	106	147	112	120	111	112	110	112	105	111	102	110	98	105	102	101	99	98	94	102	92	100	103	94	100	95	92	99	79	1658	1672	51.0	65.77926538210151	64.20537185668945	14	1	0.7440481185913086	4.761904761904762	0.33003300330033003			8.438073718401355	4.234668644906034	6.0473563836943365	11.261351104019521	3.9718956122741607	9.271125056817349	2.724609375	7.570586410176854	1.9691634474035076	5.9775571860164005	1.3547959076783407	4.815090593199305	1.064018442986345	4.0180785978063165	0.9223728216863227	2.9455175511775655	0.8149702693249389	2.287719298245614	0.7604825607521863	2.127972903320816	0.5479168820427995	1.8768153720116185	0.516795865633075	1.7114914425427872	0.4999662184987501	1.384637807899723	0.3890137160870586	1.079974588833204	0.35286284953395475	0.9975570032573289	0.37564984068421936	0.7791701837543017	0.37202131581593323	0.6854764673480629	0.3686203545457592	0.6492753623188405	0.35376166571207174	0.6101247732644424	0.3468679861252806	0.5759162303664921	0.33853806826032884	0.5203687184061849	0.35669324381032314	0.4773382484994565	0.35276510832383123	0.44287780187997106	0.3432661408121531	0.44081420977570335	0.34244025906350034	0.4133085348212441	0.39434894138366705	0.3759248150369926	0.3941042011507843	0.36947728686994397	0.3760320444698766	0.3736272030795939	0.33343181530409827	3.6418749725431625	3.6370755476278522	1.2617516081147946	1.6667073903726473	1.2475781847414764	3.146067415730337	4.761904761904762	5.187708513113245	49.95162162162162	0.6253000000000001	0.16227854967783242	20.99819564819336	0.0	18.67663021968328	-6.6758602799665064e-06	13.922438082948043	-8.590319092175079e-06	11.15328059767505	-7.658580482107642e-06	9.623945131951693	-5.771539384984763e-06	8.647917893448211	-4.842563420631838e-06	7.96290588775281	-9.765729905301716e-07	7.4359826545415455	0.0	7.012644290322002	9.97342083347878e-07	6.655429660527601	0.0	6.349408586785165	-1.024359263280818e-06	6.08235531814958	-1.0414583749916684e-06	5.842435953758943	-2.122319907891316e-06	5.624195042665583	-5.417857692382709e-06	5.424055555493916	-5.547567058990609e-06	5.2448388203213225	-4.558092893933179e-06	5.073974683603742	-3.521713712848855e-06	4.917869395373221	-3.6406529875198414e-06	4.771997451979122	-5.035620722082833e-06	4.636385684956829	-3.932997455350646e-06	4.502327534673632	-4.103798749709314e-06	4.38106156649184	-4.3072629067133e-06	4.26860534807272	-6.0539742070428905e-06	4.16343162662333	-6.410790642809978e-06	4.062864041250051	-6.820456595466783e-06	3.965568655151321	-5.461546163718949e-06	3.869758052719347	1.9504050991390912e-06	3.7781064467640215	2.09938047282247e-06	3.6910615032101455	2.268659154379987e-06
18	1	0	0	0	6184	2224	2659	19859	1308	9907	799	3756	474	1743	358	944	292	552	240	381	195	297	168	245	144	215	128	167	108	146	107	128	93	108	80	107	72	93	78	80	78	73	79	79	72	77	76	77	81	72	75	81	69	80	72	73	64	69	67	68	73	1711	1726	49.0	58.9224516123326	60.43063831329346	15	1	0.7305917739868164	4.761904761904762	0.0			8.733229769806524	13.748763600395646	5.962150769092784	11.649693784170637	3.751075422999713	7.26308998401783	2.6009114583333335	5.549399406054696	1.6204574202591364	4.701661631419939	1.2500436467753764	3.9050219243815674	1.0356446178400427	3.0424957283800915	0.8449216687202956	2.4449720849643843	0.6820566631689402	2.0842105263157893	0.5807321373016696	1.8039908695972315	0.49622661015196934	1.6012512102480077	0.43519651842785256	1.2373119952582055	0.3648402134990879	1.0639848418597873	0.35883161742513164	0.9035081527493471	0.30958721704394143	0.7328990228013029	0.26832131477444243	0.6947600805142523	0.24131112377249725	0.5691902809229451	0.26138534231426563	0.463768115942029	0.26279438024325324	0.4012532292640026	0.2686526559205604	0.4136125654450261	0.24872184606881304	0.3816037268312023	0.2657714365645545	0.3639113379649322	0.28862599771949826	0.32537960954446854	0.2738825591586328	0.3500583430571762	0.25683019429762527	0.3306468278569953	0.2756613959186799	0.29194161167766447	0.2522266887365019	0.26835718730553826	0.2738494236900188	0.2566328263577009	0.30810787996454647	3.7582919650309714	3.7545409062234887	1.2122711528946066	1.4929702390363175	1.1742311253635764	3.3707865168539324	4.761904761904762	5.093887170493261	49.95162162162162	0.6253000000000001	0.16227854967783242	20.99819564819336	0.0	18.67663021968328	-6.6758602799665064e-06	13.922438082948043	-8.590319092175079e-06	11.15328059767505	-7.658580482107642e-06	9.623945131951693	-5.771539384984763e-06	8.647917893448211	-4.842563420631838e-06	7.96290588775281	-9.765729905301716e-07	7.4359826545415455	0.0	7.012644290322002	9.97342083347878e-07	6.655429660527601	0.0	6.349408586785165	-1.024359263280818e-06	6.08235531814958	-1.0414583749916684e-06	5.842435953758943	-2.122319907891316e-06	5.624195042665583	-5.417857692382709e-06	5.424055555493916	-5.547567058990609e-06	5.2448388203213225	-4.558092893933179e-06	5.073974683603742	-3.521713712848855e-06	4.917869395373221	-3.6406529875198414e-06	4.771997451979122	-5.035620722082833e-06	4.636385684956829	-3.932997455350646e-06	4.502327534673632	-4.103798749709314e-06	4.38106156649184	-4.3072629067133e-06	4.26860534807272	-6.0539742070428905e-06	4.16343162662333	-6.410790642809978e-06	4.062864041250051	-6.820456595466783e-06	3.965568655151321	-5.461546163718949e-06	3.869758052719347	1.9504050991390912e-06	3.7781064467640215	2.09938047282247e-06	3.6910615032101455	2.268659154379987e-06
19	1	0	0	0	8903	95	3595	20748	1677	15395	893	5874	528	2516	387	1263	285	668	228	430	164	312	133	237	107	172	101	144	94	118	84	106	78	93	79	87	76	78	67	80	60	75	59	67	58	60	63	58	56	59	59	61	54	57	54	57	58	55	54	55	55	1470	1484	45.0	47.260398237008985	54.11846160888672	14	1	0.7113761901855469	4.761904761904762	0.0			12.573082897895777	0.5872898120672602	8.060899591909951	12.171199286669639	4.809291654717522	11.286491400419349	2.9069010416666665	8.678693320331545	1.8050664934532155	6.786793267155805	1.3513041656482419	5.2246214941672875	1.0108175208370278	3.681860772749821	0.8026755852842808	2.759417313739331	0.5736271423574677	2.189473684210526	0.4597462753638218	1.7450850452838524	0.3687239394879217	1.2810009681984063	0.3433972528219774	1.066903756390309	0.3175461117492061	0.859932954379828	0.2816995875113183	0.7482176889955531	0.2596537949400799	0.6311074918566776	0.26496729833976185	0.5648983832218687	0.25471729731541376	0.47738539690311527	0.2245233068596897	0.463768115942029	0.20214952326404098	0.4122464684219205	0.20063932530776032	0.35078534031413616	0.2003592648887661	0.29735355337496283	0.22031053294167016	0.27411503379176705	0.19954389965792474	0.2666305133767173	0.21545427987145777	0.2636241842776265	0.2009975433633589	0.23558586484810912	0.2067460469390099	0.22795440911817635	0.22858043666745487	0.21390790292470444	0.22071446088449276	0.2075706683775522	0.23213607394589117	3.22892413126565	3.228122076961563	1.1133102424542307	1.197478484382867	1.0515788654836937	3.146067415730337	4.761904761904762	4.959910825174334	49.95162162162162	0.6253000000000001	0.16227854967783242	20.99819564819336	0.0	18.67663021968328	-6.6758602799665064e-06	13.922438082948043	-8.590319092175079e-06	11.15328059767505	-7.658580482107642e-06	9.623945131951693	-5.771539384984763e-06	8.647917893448211	-4.842563420631838e-06	7.96290588775281	-9.765729905301716e-07	7.4359826545415455	0.0	7.012644290322002	9.97342083347878e-07	6.655429660527601	0.0	6.349408586785165	-1.024359263280818e-06	6.08235531814958	-1.0414583749916684e-06	5.842435953758943	-2.122319907891316e-06	5.624195042665583	-5.417857692382709e-06	5.424055555493916	-5.547567058990609e-06	5.2448388203213225	-4.558092893933179e-06	5.073974683603742	-3.521713712848855e-06	4.917869395373221	-3.6406529875198414e-06	4.771997451979122	-5.035620722082833e-06	4.636385684956829	-3.932997455350646e-06	4.502327534673632	-4.103798749709314e-06	4.38106156649184	-4.3072629067133e-06	4.26860534807272	-6.0539742070428905e-06	4.16343162662333	-6.410790642809978e-06	4.062864041250051	-6.820456595466783e-06	3.965568655151321	-5.461546163718949e-06	3.869758052719347	1.9504050991390912e-06	3.7781064467640215	2.09938047282247e-06	3.6910615032101455	2.268659154379987e-06
20	1	0	0	0	11570	3	4645	16168	2137	21083	1099	9254	603	3852	436	1754	272	910	195	518	146	364	111	230	94	154	88	121	89	95	84	89	79	88	60	77	62	74	58	63	55	60	52	57	55	54	53	53	51	55	48	53	44	51	44	48	41	46	34	44	36	1296	1310	43.0	39.88896741039838	50.325199127197266	14	1	0.6901311874389648	4.761904761904762	0.0			16.339500070611496	0.0185459940652819	10.415265258531772	9.484478025201211	6.128477201032406	15.456518232870486	3.5774739583333335	13.67256179542869	2.0614679840005468	10.390591281829952	1.522399525123084	7.255729295937785	0.9647100549742863	5.01570853772805	0.6864988558352403	3.324135275620869	0.5106680657572578	2.5543859649122806	0.38369801928860314	1.6935424490096458	0.3239257038492023	1.1469427273404336	0.2991976064191486	0.8964955175224123	0.30065536112424834	0.6923189039498615	0.2816995875113183	0.6282205124585304	0.262982689747004	0.5971769815418024	0.2012409860808318	0.4999675345756769	0.20779568991520594	0.45290409449782726	0.1943634596695821	0.3652173913043478	0.1853037296587042	0.3297971747375364	0.17683465959328026	0.29842931937172773	0.18999585463589885	0.2676181980374665	0.185340607077913	0.2504844274304079	0.18172748004561004	0.24855386840202456	0.175284837861525	0.22905052076580665	0.163775776073848	0.21078735275883448	0.1684597419503044	0.19196160767846432	0.16158272247182154	0.17890479153702551	0.13896836426060657	0.16605653470204174	0.15194361203731058	2.8467249483811448	2.8496225881534007	1.0638297872340425	1.0107020257987664	0.9778717692656844	3.146067415730337	4.761904761904762	4.811784811740926	49.95162162162162	0.6253000000000001	0.16227854967783242	20.99819564819336	0.0	18.67663021968328	-6.6758602799665064e-06	13.922438082948043	-8.590319092175079e-06	11.15328059767505	-7.658580482107642e-06	9.623945131951693	-5.771539384984763e-06	8.647917893448211	-4.842563420631838e-06	7.96290588775281	-9.765729905301716e-07	7.4359826545415455	0.0	7.012644290322002	9.97342083347878e-07	6.655429660527601	0.0	6.349408586785165	-1.024359263280818e-06	6.08235531814958	-1.0414583749916684e-06	5.842435953758943	-2.122319907891316e-06	5.624195042665583	-5.417857692382709e-06	5.424055555493916	-5.547567058990609e-06	5.2448388203213225	-4.558092893933179e-06	5.073974683603742	-3.521713712848855e-06	4.917869395373221	-3.6406529875198414e-06	4.771997451979122	-5.035620722082833e-06	4.636385684956829	-3.932997455350646e-06	4.502327534673632	-4.103798749709314e-06	4.38106156649184	-4.3072629067133e-06	4.26860534807272	-6.0539742070428905e-06	4.16343162662333	-6.410790642809978e-06	4.062864041250051	-6.820456595466783e-06	3.965568655151321	-5.461546163718949e-06	3.869758052719347	1.9504050991390912e-06	3.7781064467640215	2.09938047282247e-06	3.6910615032101455	2.268659154379987e-06
