	counts(inten<0.01	MicrocoloniesPlatonic	MicrocoloniesAggregates	MicrocoloniesLarge	counts(Norminten<0.01	counts(inten<0.02	counts(Norminten<0.02	counts(inten<0.03	counts(Norminten<0.03	counts(inten<0.04	counts(Norminten<0.04	counts(inten<0.05	counts(Norminten<0.05	counts(inten<0.060000000000000005	counts(Norminten<0.060000000000000005	counts(inten<0.06999999999999999	counts(Norminten<0.06999999999999999	counts(inten<0.08	counts(Norminten<0.08	counts(inten<0.09	counts(Norminten<0.09	counts(inten<0.09999999999999999	counts(Norminten<0.09999999999999999	counts(inten<0.11	counts(Norminten<0.11	counts(inten<0.12	counts(Norminten<0.12	counts(inten<0.13	counts(Norminten<0.13	counts(inten<0.14	counts(Norminten<0.14	counts(inten<0.15000000000000002	counts(Norminten<0.15000000000000002	counts(inten<0.16	counts(Norminten<0.16	counts(inten<0.17	counts(Norminten<0.17	counts(inten<0.18000000000000002	counts(Norminten<0.18000000000000002	counts(inten<0.19	counts(Norminten<0.19	counts(inten<0.2	counts(Norminten<0.2	counts(inten<0.21000000000000002	counts(Norminten<0.21000000000000002	counts(inten<0.22	counts(Norminten<0.22	counts(inten<0.23	counts(Norminten<0.23	counts(inten<0.24000000000000002	counts(Norminten<0.24000000000000002	counts(inten<0.25	counts(Norminten<0.25	counts(inten<0.26	counts(Norminten<0.26	counts(inten<0.27	counts(Norminten<0.27	counts(inten<0.28	counts(Norminten<0.28	counts(inten<0.29000000000000004	counts(Norminten<0.29000000000000004	diff	max	med	std	mean	min	eigenLocal	minProp	counts(inten<0.01Normalized	MicrocoloniesPlatonicNormalized	MicrocoloniesAggregatesNormalized	MicrocoloniesLargeNormalized	counts(Norminten<0.01Normalized	counts(inten<0.02Normalized	counts(Norminten<0.02Normalized	counts(inten<0.03Normalized	counts(Norminten<0.03Normalized	counts(inten<0.04Normalized	counts(Norminten<0.04Normalized	counts(inten<0.05Normalized	counts(Norminten<0.05Normalized	counts(inten<0.060000000000000005Normalized	counts(Norminten<0.060000000000000005Normalized	counts(inten<0.06999999999999999Normalized	counts(Norminten<0.06999999999999999Normalized	counts(inten<0.08Normalized	counts(Norminten<0.08Normalized	counts(inten<0.09Normalized	counts(Norminten<0.09Normalized	counts(inten<0.09999999999999999Normalized	counts(Norminten<0.09999999999999999Normalized	counts(inten<0.11Normalized	counts(Norminten<0.11Normalized	counts(inten<0.12Normalized	counts(Norminten<0.12Normalized	counts(inten<0.13Normalized	counts(Norminten<0.13Normalized	counts(inten<0.14Normalized	counts(Norminten<0.14Normalized	counts(inten<0.15000000000000002Normalized	counts(Norminten<0.15000000000000002Normalized	counts(inten<0.16Normalized	counts(Norminten<0.16Normalized	counts(inten<0.17Normalized	counts(Norminten<0.17Normalized	counts(inten<0.18000000000000002Normalized	counts(Norminten<0.18000000000000002Normalized	counts(inten<0.19Normalized	counts(Norminten<0.19Normalized	counts(inten<0.2Normalized	counts(Norminten<0.2Normalized	counts(inten<0.21000000000000002Normalized	counts(Norminten<0.21000000000000002Normalized	counts(inten<0.22Normalized	counts(Norminten<0.22Normalized	counts(inten<0.23Normalized	counts(Norminten<0.23Normalized	counts(inten<0.24000000000000002Normalized	counts(Norminten<0.24000000000000002Normalized	counts(inten<0.25Normalized	counts(Norminten<0.25Normalized	counts(inten<0.26Normalized	counts(Norminten<0.26Normalized	counts(inten<0.27Normalized	counts(Norminten<0.27Normalized	counts(inten<0.28Normalized	counts(Norminten<0.28Normalized	counts(inten<0.29000000000000004Normalized	counts(Norminten<0.29000000000000004Normalized	diffNormalized	maxNormalized	medNormalized	stdNormalized	meanNormalized	minNormalized	eigenLocalNormalized	minPropNormalized	BioVolume	SubstratumCoverage	Homogenity	ThicknessThreshold=0.01	RoughnessThreshold=0.01	ThicknessThreshold=0.02	RoughnessThreshold=0.02	ThicknessThreshold=0.03	RoughnessThreshold=0.03	ThicknessThreshold=0.04	RoughnessThreshold=0.04	ThicknessThreshold=0.05	RoughnessThreshold=0.05	ThicknessThreshold=0.060000000000000005	RoughnessThreshold=0.060000000000000005	ThicknessThreshold=0.06999999999999999	RoughnessThreshold=0.06999999999999999	ThicknessThreshold=0.08	RoughnessThreshold=0.08	ThicknessThreshold=0.09	RoughnessThreshold=0.09	ThicknessThreshold=0.09999999999999999	RoughnessThreshold=0.09999999999999999	ThicknessThreshold=0.11	RoughnessThreshold=0.11	ThicknessThreshold=0.12	RoughnessThreshold=0.12	ThicknessThreshold=0.13	RoughnessThreshold=0.13	ThicknessThreshold=0.14	RoughnessThreshold=0.14	ThicknessThreshold=0.15000000000000002	RoughnessThreshold=0.15000000000000002	ThicknessThreshold=0.16	RoughnessThreshold=0.16	ThicknessThreshold=0.17	RoughnessThreshold=0.17	ThicknessThreshold=0.18000000000000002	RoughnessThreshold=0.18000000000000002	ThicknessThreshold=0.19	RoughnessThreshold=0.19	ThicknessThreshold=0.2	RoughnessThreshold=0.2	ThicknessThreshold=0.21000000000000002	RoughnessThreshold=0.21000000000000002	ThicknessThreshold=0.22	RoughnessThreshold=0.22	ThicknessThreshold=0.23	RoughnessThreshold=0.23	ThicknessThreshold=0.24000000000000002	RoughnessThreshold=0.24000000000000002	ThicknessThreshold=0.25	RoughnessThreshold=0.25	ThicknessThreshold=0.26	RoughnessThreshold=0.26	ThicknessThreshold=0.27	RoughnessThreshold=0.27	ThicknessThreshold=0.28	RoughnessThreshold=0.28	ThicknessThreshold=0.29000000000000004	RoughnessThreshold=0.29000000000000004
0	1	45	0	0	4012	26	4346	23	4663	27	4974	41	5264	60	5553	80	5787	115	5939	166	6094	270	6163	401	6236	619	6288	861	6306	1186	6288	1509	6199	1934	6126	2380	6017	2802	5784	3286	5581	3809	5413	4238	5253	4664	5047	5048	4825	5411	4610	5721	4423	5934	4161	6103	3895	6187	3675	6301	3469	3257	3283	598.0	356.7761827295666	644.9092636108398	26	1	0.5505161285400391	0.5747126436781609	11.450381679389313			10.134128166915051	0.01594553984851737	13.243943318604298	0.02595233796714208	15.003700247755718	0.07433716032047576	16.0586298185575	0.1974856702470979	16.58318369404278	0.37845338715781507	16.941241076331686	0.557607862270858	17.07079646017699	0.8071874780655577	17.03867339912784	1.1420708634330925	17.0676375857723	1.7521090201168072	16.896041232591294	2.4516996820738566	16.772007207982572	3.453855596473608	16.686126738138203	4.460215499378367	16.630623978057915	5.651925276401068	16.54519142218129	6.639387539598733	16.302003892073845	7.903878376721567	16.22093946936398	9.091950949306643	16.08049601795927	10.033301106456118	15.690529799527983	11.045006890524688	15.536872581498287	12.133278119325965	15.361257733129008	12.959055744121335	15.222115969747021	13.783727871856252	15.059378170316883	14.46667048776294	14.776137686041526	15.17599214696396	14.628883317995747	15.736920283875227	14.489287820218829	16.16409250633325	14.215920737956953	16.601381861705022	13.90922401171303	16.828505371957025	13.763014006441466	17.204565312363478	13.569333072560141	5.538833052735405	5.550014369516338	14.65686274509804	6.912293197742738	11.308987866976034	7.428571428571429	4.761904761904762	3.7381505991772492	7.424925925925926	4.563000000000001	0.18201742783247446	20.434109332977282	-1.6213035471260486e-05	14.377415742617352	-1.725703295997423e-05	11.465931538383767	-1.749844215258058e-05	10.051937190207127	-1.2882243412962114e-05	9.179042886727101	-6.081935839631516e-06	8.564812542632305	-7.278693911164581e-06	8.084709825135453	-6.428456634702951e-06	7.677345905221342	-9.967152694564357e-06	7.317942184392796	-6.8929388734180705e-06	6.99793343953158	4.783710508974839e-06	6.695238511706939	3.7482242787479434e-06	6.406775691457835	-2.6168077562181896e-06	6.143103301038272	-2.7547716087728458e-06	5.890452634182537	-4.364848998048912e-06	5.6568834514837585	-6.171087222146798e-06	5.443089711139781	-9.848642774953588e-06	5.248081814514007	-1.0525041705477759e-05	5.056281201361548	-7.509931884917804e-06	4.886638473614981	-8.082114281095935e-06	4.7275418899267665	-1.0917388124065199e-05	4.584282532913343	-9.4663801508941e-06	4.443607202455757	-1.030102160381756e-05	4.320391923256324	-1.1239585821262487e-05	4.195535355333298	-1.2275662271979573e-05	4.083306343872717	-1.3494775834904913e-05	3.9867020385990632	-1.4883056384459113e-05	3.890775418699723	-2.060538624796522e-05	3.8020796197266784	-2.2853068481505012e-05	3.720005698179635	-2.035074509165467e-05
1	1	51	0	0	3507	23	3748	29	4046	30	4291	46	4517	72	4696	133	4920	209	5069	343	5201	512	5280	704	5376	962	5417	1217	5453	1495	5418	1847	5369	2184	5320	2527	5223	2851	5139	3191	5003	3502	4885	3804	4745	4170	4634	4443	4522	4692	4378	4946	4210	5108	4040	5258	3827	5359	3673	5430	3482	3303	3323	578.0	385.3330519640058	639.1037368774414	20	1	0.5613489151000977	0.5747126436781609	12.977099236641221			8.858521306423501	0.014105669865996137	11.421605972878258	0.032722513089005235	13.018436886643714	0.08259684480052862	13.85355459417576	0.22156928856991473	14.229908956305326	0.4541440645893781	14.326682530965892	0.9270230710253016	14.513274336283185	1.466975503614796	14.542689924259811	2.3598211214310285	14.566587312701301	3.3225178455548345	14.475271411338964	4.3042308632917585	14.45899787525887	5.3677044972659305	14.374800976541769	6.304392871943638	14.381032754892138	7.124475791078917	14.256018944875674	8.126539950721577	14.119286803765844	8.925579304426009	14.086744690991898	9.653512625587348	13.958522636164414	10.208758549074371	13.940807856115889	10.725689892776714	13.927785974777985	11.155353104195202	13.862875305068393	11.631960370608201	13.750036222434728	12.323787569820018	13.827057349167513	12.732848054106723	13.848226863477676	13.159444678165755	13.892679211753881	13.605105352918523	13.791521981261875	13.914085696385278	13.802528185855826	14.302812687013763	13.66639288647645	14.576363389092887	13.755523930791702	14.826343381389254	13.620183845100723	5.617060354063568	5.61763562287627	14.166666666666666	7.465562901588594	11.207183419290157	5.714285714285714	4.761904761904762	3.8117080945364377	7.424925925925926	4.563000000000001	0.18201742783247446	20.434109332977282	-1.6213035471260486e-05	14.377415742617352	-1.725703295997423e-05	11.465931538383767	-1.749844215258058e-05	10.051937190207127	-1.2882243412962114e-05	9.179042886727101	-6.081935839631516e-06	8.564812542632305	-7.278693911164581e-06	8.084709825135453	-6.428456634702951e-06	7.677345905221342	-9.967152694564357e-06	7.317942184392796	-6.8929388734180705e-06	6.99793343953158	4.783710508974839e-06	6.695238511706939	3.7482242787479434e-06	6.406775691457835	-2.6168077562181896e-06	6.143103301038272	-2.7547716087728458e-06	5.890452634182537	-4.364848998048912e-06	5.6568834514837585	-6.171087222146798e-06	5.443089711139781	-9.848642774953588e-06	5.248081814514007	-1.0525041705477759e-05	5.056281201361548	-7.509931884917804e-06	4.886638473614981	-8.082114281095935e-06	4.7275418899267665	-1.0917388124065199e-05	4.584282532913343	-9.4663801508941e-06	4.443607202455757	-1.030102160381756e-05	4.320391923256324	-1.1239585821262487e-05	4.195535355333298	-1.2275662271979573e-05	4.083306343872717	-1.3494775834904913e-05	3.9867020385990632	-1.4883056384459113e-05	3.890775418699723	-2.060538624796522e-05	3.8020796197266784	-2.2853068481505012e-05	3.720005698179635	-2.035074509165467e-05
2	1	44	0	0	3036	39	3196	38	3369	51	3521	110	3621	207	3749	367	3887	564	4014	750	4101	940	4202	1142	4284	1433	4320	1707	4336	1933	4393	2201	4347	2430	4324	2662	4265	2912	4220	3140	4116	3340	4032	3530	3973	3644	3872	3853	3759	3989	3622	4106	3497	4208	3348	4297	3174	4315	3018	4397	2924	3361	3382	521.0	391.5416915511753	595.6711530685425	21	1	0.5730257034301758	0.5747126436781609	11.195928753180661			7.668796888024451	0.023918309772776057	9.739448422977297	0.042877775771799964	10.840117120885486	0.14041463616089864	11.367598631109963	0.52983960310197	11.407239391361875	1.305664185694462	11.437549575935078	2.5580260681675613	11.466076696165192	3.958728153295431	11.515951342666973	5.159958720330237	11.485786304439154	6.099935107073328	11.51990349819059	6.98214722426021	11.522013931846912	7.995759401852472	11.46375119414075	8.842726895980107	11.435202278601192	9.211780404117423	11.559005394027102	9.684090109116509	11.43165202756009	9.930933017287181	11.449451887941535	10.16923253237575	11.398257523117216	10.427185161313425	11.44779318015354	10.554267083459381	11.458478327440773	10.639314496862358	11.442193087008343	10.794116747698988	11.512938653684547	10.769276236072937	11.553380676732113	11.042012953516364	11.511606541311938	11.1877717010237	11.493669279345033	11.294493040655773	11.455808163532726	11.462504426466182	11.438332763922105	11.688700288341222	11.33449987501339	11.73670610635115	11.30252415549397	12.005788553953693	11.437512223743399	5.7156947774773394	5.717376971582168	12.769607843137255	7.58585102412327	10.445559124151094	6.0	4.761904761904762	3.8909965858805613	7.424925925925926	4.563000000000001	0.18201742783247446	20.434109332977282	-1.6213035471260486e-05	14.377415742617352	-1.725703295997423e-05	11.465931538383767	-1.749844215258058e-05	10.051937190207127	-1.2882243412962114e-05	9.179042886727101	-6.081935839631516e-06	8.564812542632305	-7.278693911164581e-06	8.084709825135453	-6.428456634702951e-06	7.677345905221342	-9.967152694564357e-06	7.317942184392796	-6.8929388734180705e-06	6.99793343953158	4.783710508974839e-06	6.695238511706939	3.7482242787479434e-06	6.406775691457835	-2.6168077562181896e-06	6.143103301038272	-2.7547716087728458e-06	5.890452634182537	-4.364848998048912e-06	5.6568834514837585	-6.171087222146798e-06	5.443089711139781	-9.848642774953588e-06	5.248081814514007	-1.0525041705477759e-05	5.056281201361548	-7.509931884917804e-06	4.886638473614981	-8.082114281095935e-06	4.7275418899267665	-1.0917388124065199e-05	4.584282532913343	-9.4663801508941e-06	4.443607202455757	-1.030102160381756e-05	4.320391923256324	-1.1239585821262487e-05	4.195535355333298	-1.2275662271979573e-05	4.083306343872717	-1.3494775834904913e-05	3.9867020385990632	-1.4883056384459113e-05	3.890775418699723	-2.060538624796522e-05	3.8020796197266784	-2.2853068481505012e-05	3.720005698179635	-2.035074509165467e-05
3	1	42	0	0	2225	81	2391	121	2551	238	2699	427	2808	596	2911	769	3021	934	3076	1132	3141	1297	3215	1477	3246	1652	3346	1801	3380	1973	3384	2091	3423	2169	3397	2320	3348	2500	3333	2702	3252	2827	3251	2945	3222	3036	3144	3128	3078	3215	3021	3245	2934	3371	2805	3389	2702	3413	2610	3402	2470	3358	3380	438.0	387.01740890126234	529.8484916687012	22	1	0.5866804122924805	0.5747126436781609	10.687022900763358			5.620248048700397	0.049676489528073346	7.286301996038397	0.13653186495757358	8.20811480420863	0.6552683020841937	8.71375992768128	2.0567410047685564	8.84604479727814	3.7593036457676297	8.880956739276344	5.360005576078622	8.911504424778762	6.555766126202007	8.824879504246042	7.788097695218438	8.797087242683098	8.416612589227775	8.814014694593705	9.030325262900464	8.730265458164116	9.217721236469144	8.879099883239572	9.329672606713634	8.91397225592067	9.402401829965688	8.904091566899092	9.200105596620908	9.001735654552148	8.864277248763743	8.9948631043796	8.86274210184513	8.947565342883104	8.951910337666058	9.041586414562026	9.082047662263454	9.053200077948832	9.005192240308348	9.225835745502014	9.005290034553406	9.336694775276015	8.972426633566807	9.381154144536612	8.964291855333295	9.426103999510014	9.016968167157481	9.586519848951227	8.926115420586456	9.611478739435235	9.182533845441421	9.583190980526137	9.218758500625645	9.648966182194766	9.28328573371413	9.774548722942102	9.288990825688073	9.661646782710738	5.7105929969559375	5.713995908914172	10.735294117647058	7.498196158973924	9.291307322936364	6.2857142857142865	4.761904761904762	3.9837156825046356	7.424925925925926	4.563000000000001	0.18201742783247446	20.434109332977282	-1.6213035471260486e-05	14.377415742617352	-1.725703295997423e-05	11.465931538383767	-1.749844215258058e-05	10.051937190207127	-1.2882243412962114e-05	9.179042886727101	-6.081935839631516e-06	8.564812542632305	-7.278693911164581e-06	8.084709825135453	-6.428456634702951e-06	7.677345905221342	-9.967152694564357e-06	7.317942184392796	-6.8929388734180705e-06	6.99793343953158	4.783710508974839e-06	6.695238511706939	3.7482242787479434e-06	6.406775691457835	-2.6168077562181896e-06	6.143103301038272	-2.7547716087728458e-06	5.890452634182537	-4.364848998048912e-06	5.6568834514837585	-6.171087222146798e-06	5.443089711139781	-9.848642774953588e-06	5.248081814514007	-1.0525041705477759e-05	5.056281201361548	-7.509931884917804e-06	4.886638473614981	-8.082114281095935e-06	4.7275418899267665	-1.0917388124065199e-05	4.584282532913343	-9.4663801508941e-06	4.443607202455757	-1.030102160381756e-05	4.320391923256324	-1.1239585821262487e-05	4.195535355333298	-1.2275662271979573e-05	4.083306343872717	-1.3494775834904913e-05	3.9867020385990632	-1.4883056384459113e-05	3.890775418699723	-2.060538624796522e-05	3.8020796197266784	-2.2853068481505012e-05	3.720005698179635	-2.035074509165467e-05
4	12	26	0	0	1817	221	1971	436	2109	671	2219	857	2329	1033	2422	1165	2545	1324	2666	1405	2730	1502	2780	1611	2828	1772	2901	1882	2922	2043	2881	2191	2910	2301	2820	2417	2787	2550	2730	2659	2610	2754	2516	2809	2363	2883	2253	2905	2172	2871	2059	2910	1971	2819	1878	2752	1758	2679	1652	2564	1558	4009	4030	368.0	375.15340093161785	473.6232080459595	21	1	0.5978555679321289	6.896551724137931	6.615776081424936			4.589658743590391	0.13553708871239767	6.006399512418102	0.4919660588553891	6.785932623314779	1.8474160953718237	7.164073093562343	4.127932180530803	7.337050688340736	6.515705815567049	7.389102446763072	8.120164494319368	7.507374631268436	9.293184530076507	7.648611429882947	9.666322669418644	7.645987956868786	9.746917585983129	7.621449720364075	9.849596478356567	7.606035340630967	9.887289365026225	7.698227364398684	9.749274761707419	7.706102642544438	9.735989325200151	7.5805815024338905	9.640091517071454	7.652658707200337	9.403735338591687	7.4670338399618705	9.233296405241243	7.448286920733336	9.130948544419379	7.405799853511651	8.937514705388054	7.265944712006904	8.772656324658364	7.140019297349452	8.589426046540073	6.847489060824713	8.520258888199308	6.7225637047204145	8.325213503754227	6.6515587676854295	8.052166596550274	6.5338114428965826	8.004621224624525	6.456790932319989	7.678897333224374	6.416125725999317	7.4859909689353135	6.277898796557511	7.286821705426356	6.186802486705116	7.00087374399301	6.094269509094465	6.817679370100165	6.812841276013051	9.019607843137255	7.2683391630300545	8.305353040396293	6.0	4.761904761904762	4.059597954766188	7.424925925925926	4.563000000000001	0.18201742783247446	20.434109332977282	-1.6213035471260486e-05	14.377415742617352	-1.725703295997423e-05	11.465931538383767	-1.749844215258058e-05	10.051937190207127	-1.2882243412962114e-05	9.179042886727101	-6.081935839631516e-06	8.564812542632305	-7.278693911164581e-06	8.084709825135453	-6.428456634702951e-06	7.677345905221342	-9.967152694564357e-06	7.317942184392796	-6.8929388734180705e-06	6.99793343953158	4.783710508974839e-06	6.695238511706939	3.7482242787479434e-06	6.406775691457835	-2.6168077562181896e-06	6.143103301038272	-2.7547716087728458e-06	5.890452634182537	-4.364848998048912e-06	5.6568834514837585	-6.171087222146798e-06	5.443089711139781	-9.848642774953588e-06	5.248081814514007	-1.0525041705477759e-05	5.056281201361548	-7.509931884917804e-06	4.886638473614981	-8.082114281095935e-06	4.7275418899267665	-1.0917388124065199e-05	4.584282532913343	-9.4663801508941e-06	4.443607202455757	-1.030102160381756e-05	4.320391923256324	-1.1239585821262487e-05	4.195535355333298	-1.2275662271979573e-05	4.083306343872717	-1.3494775834904913e-05	3.9867020385990632	-1.4883056384459113e-05	3.890775418699723	-2.060538624796522e-05	3.8020796197266784	-2.2853068481505012e-05	3.720005698179635	-2.035074509165467e-05
5	23	20	0	0	1455	677	1615	864	1733	922	1833	1011	1968	1107	2062	1145	2187	1162	2261	1263	2381	1378	2469	1453	2538	1583	2545	1696	2522	1842	2546	1971	2533	2091	2506	2198	2503	2339	2438	2460	2327	2491	2249	2559	2182	2512	2087	2546	1980	2520	1859	2510	1756	2492	1673	2366	1578	2278	1450	2189	1328	4049	4069	309.0	363.1065176324291	426.98477268218994	20	1	0.608729362487793	13.218390804597702	5.089058524173027			3.675263330723181	0.4151973260556254	4.9215297882066125	0.9749052175482938	5.576112487531773	2.538476363536246	5.917866597791696	4.869707624873561	6.199792080143654	6.982464993061688	6.290804808102996	7.980762528751656	6.451327433628319	8.15610303923633	6.486688088134038	8.68937048503612	6.668533818792886	8.942245295262817	6.768834302006798	8.8835901198337	6.8260670772706495	8.832719562548823	6.753529349325974	8.785743887277249	6.651194683263885	8.77811666031262	6.699118537034601	8.672122492080254	6.661231788776101	8.545506559319955	6.635598157072499	8.396684112006723	6.689293922710994	8.375407311920362	6.613677671377804	8.268629625894928	6.47810472982378	7.934889943618003	6.3823145467960725	7.824970186221448	6.3229882059752525	7.423825989301652	6.227248314137376	7.296383332378059	6.063575672199424	7.0677324358435	5.899152730619109	6.904329647356549	5.752473301447946	6.788156138487102	5.715749914588316	6.43599368913552	5.635110523872442	6.196110431116551	5.430304846078945	5.9769550021843605	5.1946019949149225	6.885703110385524	6.878771998038983	7.573529411764706	7.034939083333305	7.487511633202787	5.714285714285714	4.761904761904762	4.133433905297525	7.424925925925926	4.563000000000001	0.18201742783247446	20.434109332977282	-1.6213035471260486e-05	14.377415742617352	-1.725703295997423e-05	11.465931538383767	-1.749844215258058e-05	10.051937190207127	-1.2882243412962114e-05	9.179042886727101	-6.081935839631516e-06	8.564812542632305	-7.278693911164581e-06	8.084709825135453	-6.428456634702951e-06	7.677345905221342	-9.967152694564357e-06	7.317942184392796	-6.8929388734180705e-06	6.99793343953158	4.783710508974839e-06	6.695238511706939	3.7482242787479434e-06	6.406775691457835	-2.6168077562181896e-06	6.143103301038272	-2.7547716087728458e-06	5.890452634182537	-4.364848998048912e-06	5.6568834514837585	-6.171087222146798e-06	5.443089711139781	-9.848642774953588e-06	5.248081814514007	-1.0525041705477759e-05	5.056281201361548	-7.509931884917804e-06	4.886638473614981	-8.082114281095935e-06	4.7275418899267665	-1.0917388124065199e-05	4.584282532913343	-9.4663801508941e-06	4.443607202455757	-1.030102160381756e-05	4.320391923256324	-1.1239585821262487e-05	4.195535355333298	-1.2275662271979573e-05	4.083306343872717	-1.3494775834904913e-05	3.9867020385990632	-1.4883056384459113e-05	3.890775418699723	-2.060538624796522e-05	3.8020796197266784	-2.2853068481505012e-05	3.720005698179635	-2.035074509165467e-05
6	32	19	0	0	1116	1707	1253	1303	1340	1044	1435	931	1545	882	1666	930	1793	997	1924	1050	2029	1112	2084	1264	2200	1378	2240	1447	2245	1622	2242	1721	2225	1866	2162	2000	2132	2064	2071	2202	2013	2246	1945	2238	1895	2256	1806	2226	1725	2142	1663	2099	1570	2043	1472	1968	1383	1924	1280	1813	1210	3977	3995	230.0	344.41430730268917	365.888973236084	18	1	0.6293373107910156	18.39080459770115	4.8346055979643765			2.8189648639773677	1.0468860200545829	3.8183757428005483	1.4702563639646145	4.311593037099006	2.874370199058396	4.632917931168076	4.484369731708491	4.867214819015215	5.563264791219882	5.082677405576912	6.482191398898725	5.289085545722714	6.997964483750965	5.519853109938031	7.223942208462332	5.682677496148999	7.216093445814406	5.713345761596667	7.72805086818293	5.9170006185955195	7.688874009597144	5.944167285850759	7.495855781185247	5.9206709214621025	7.72969881814716	5.899223786343902	7.57215769095389	5.85125966444012	7.625975724385958	5.724725943970768	7.640294915383734	5.6977925062804	7.390697174777097	5.618099449312319	7.401431884642533	5.603964254892682	7.154461185614627	5.519609512458142	6.843408861572333	5.491321104639369	6.667257735614859	5.3887927433311456	6.379320226973119	5.282660623507073	6.007572570466975	5.277187192587187	5.773780051713704	5.14315665334469	5.565089482716352	5.029039972668261	5.353354006854905	4.93875656179695	5.233238134094927	4.793648415849	4.950305810397553	4.73303344416194	6.763260377871877	6.753672679323111	5.637254901960785	6.672790362181212	6.41614904989813	5.142857142857142	4.761904761904762	4.273367342855119	7.424925925925926	4.563000000000001	0.18201742783247446	20.434109332977282	-1.6213035471260486e-05	14.377415742617352	-1.725703295997423e-05	11.465931538383767	-1.749844215258058e-05	10.051937190207127	-1.2882243412962114e-05	9.179042886727101	-6.081935839631516e-06	8.564812542632305	-7.278693911164581e-06	8.084709825135453	-6.428456634702951e-06	7.677345905221342	-9.967152694564357e-06	7.317942184392796	-6.8929388734180705e-06	6.99793343953158	4.783710508974839e-06	6.695238511706939	3.7482242787479434e-06	6.406775691457835	-2.6168077562181896e-06	6.143103301038272	-2.7547716087728458e-06	5.890452634182537	-4.364848998048912e-06	5.6568834514837585	-6.171087222146798e-06	5.443089711139781	-9.848642774953588e-06	5.248081814514007	-1.0525041705477759e-05	5.056281201361548	-7.509931884917804e-06	4.886638473614981	-8.082114281095935e-06	4.7275418899267665	-1.0917388124065199e-05	4.584282532913343	-9.4663801508941e-06	4.443607202455757	-1.030102160381756e-05	4.320391923256324	-1.1239585821262487e-05	4.195535355333298	-1.2275662271979573e-05	4.083306343872717	-1.3494775834904913e-05	3.9867020385990632	-1.4883056384459113e-05	3.890775418699723	-2.060538624796522e-05	3.8020796197266784	-2.2853068481505012e-05	3.720005698179635	-2.035074509165467e-05
7	1	21	0	0	934	2436	991	2257	1084	1332	1118	951	1245	874	1329	819	1402	822	1498	821	1552	924	1669	934	1751	960	1796	1053	1835	1099	1910	1223	1967	1329	1991	1423	2001	1493	2021	1605	2011	1700	2041	1784	2022	1813	1957	1905	1967	1966	1911	1989	1886	1994	1816	2006	1815	2035	1752	2036	1717	3003	3022	180.0	324.9372058934111	321.7316551208496	19	1	0.6483345031738281	0.5747126436781609	5.343511450381679			2.3592412033645713	1.493974425807243	3.019960383970745	2.5467142083408554	3.4878857106084493	3.6672999091434706	3.6094789178020275	4.580704204999759	3.922124562895757	5.51280433959884	4.054548782720118	5.708510489997909	4.135693215339233	5.769635712781638	4.297681891209548	5.6484348125215	4.346730149838958	5.99610642439974	4.575611360894835	5.710442651014918	4.7093945832548885	5.356545028456646	4.765948413119626	5.454828014919188	4.839390263199536	5.2373236751810905	5.025654519142218	5.381027807110172	5.1727765213275125	5.431362131676815	5.271937721760313	5.4360698322955265	5.347693623389812	5.34608085365417	5.4824620893578935	5.394776646163154	5.598396481167005	5.415219953492817	5.792042681196436	5.4551570192337095	5.859341041467443	5.358040015367792	5.839350719102464	5.459391299363787	6.0237643167758925	5.513953162249334	6.064163995811253	5.4711998679650105	6.178339775928716	5.431614502465202	6.204304748889649	5.456721614710842	6.4814484162411174	5.5351557187542495	6.561306269193319	5.559196155526431	6.71621357324467	5.106882301923371	5.108785691342789	4.411764705882353	6.2954349161055205	5.6418159723929415	5.428571428571429	4.761904761904762	4.40236332027875	7.424925925925926	4.563000000000001	0.18201742783247446	20.434109332977282	-1.6213035471260486e-05	14.377415742617352	-1.725703295997423e-05	11.465931538383767	-1.749844215258058e-05	10.051937190207127	-1.2882243412962114e-05	9.179042886727101	-6.081935839631516e-06	8.564812542632305	-7.278693911164581e-06	8.084709825135453	-6.428456634702951e-06	7.677345905221342	-9.967152694564357e-06	7.317942184392796	-6.8929388734180705e-06	6.99793343953158	4.783710508974839e-06	6.695238511706939	3.7482242787479434e-06	6.406775691457835	-2.6168077562181896e-06	6.143103301038272	-2.7547716087728458e-06	5.890452634182537	-4.364848998048912e-06	5.6568834514837585	-6.171087222146798e-06	5.443089711139781	-9.848642774953588e-06	5.248081814514007	-1.0525041705477759e-05	5.056281201361548	-7.509931884917804e-06	4.886638473614981	-8.082114281095935e-06	4.7275418899267665	-1.0917388124065199e-05	4.584282532913343	-9.4663801508941e-06	4.443607202455757	-1.030102160381756e-05	4.320391923256324	-1.1239585821262487e-05	4.195535355333298	-1.2275662271979573e-05	4.083306343872717	-1.3494775834904913e-05	3.9867020385990632	-1.4883056384459113e-05	3.890775418699723	-2.060538624796522e-05	3.8020796197266784	-2.2853068481505012e-05	3.720005698179635	-2.035074509165467e-05
8	1	21	0	0	844	3416	921	2920	1008	1419	1021	913	1086	822	1135	811	1240	802	1319	817	1412	829	1462	841	1529	934	1593	1009	1608	1051	1671	1113	1734	1185	1777	1288	1819	1387	1845	1461	1838	1529	1832	1601	1850	1617	1831	1695	1808	1747	1754	1811	1743	1842	1732	1836	1712	1836	1643	1850	1606	2842	2860	147.0	309.08168086460466	289.32526111602783	18	1	0.6647453308105469	0.5747126436781609	5.343511450381679			2.131905327237364	2.0949986200975133	2.8066433033673626	3.2948185593067345	3.243347598056565	3.906830759065004	3.296313036740492	4.3976687057463515	3.421226727152443	5.184811404062066	3.462688388553298	5.652749703770823	3.657817109144543	5.629255281813715	3.784140463621758	5.620915032679739	3.954628203332867	5.379623621025308	4.008114924882114	5.141843971631205	4.1123154299238855	5.211471933935945	4.227258252839401	5.22689598010775	4.240729996307822	5.008577964163171	4.3967898960663065	4.897043294614573	4.560037868826592	4.842862397319057	4.705290472912143	4.920349925507125	4.861296702121973	4.966519855337129	5.005018582318313	4.910759302208329	5.116784053896049	4.870512534641481	5.198932970089108	4.895575329480476	5.360920339621548	4.7787924461388425	5.4633884346840125	4.857568636441796	5.536840815826545	4.899733557705792	5.565956906673437	4.9815701160807615	5.709886653999869	5.017569665767754	5.917321489579774	4.994287579565856	6.113630682426883	4.993880048959609	6.153097146281177	5.05133245958934	6.282026207705847	4.833086747274798	4.834919615235068	3.602941176470588	5.988245021968633	5.073544531289681	5.142857142857142	4.761904761904762	4.513797194751936	7.424925925925926	4.563000000000001	0.18201742783247446	20.434109332977282	-1.6213035471260486e-05	14.377415742617352	-1.725703295997423e-05	11.465931538383767	-1.749844215258058e-05	10.051937190207127	-1.2882243412962114e-05	9.179042886727101	-6.081935839631516e-06	8.564812542632305	-7.278693911164581e-06	8.084709825135453	-6.428456634702951e-06	7.677345905221342	-9.967152694564357e-06	7.317942184392796	-6.8929388734180705e-06	6.99793343953158	4.783710508974839e-06	6.695238511706939	3.7482242787479434e-06	6.406775691457835	-2.6168077562181896e-06	6.143103301038272	-2.7547716087728458e-06	5.890452634182537	-4.364848998048912e-06	5.6568834514837585	-6.171087222146798e-06	5.443089711139781	-9.848642774953588e-06	5.248081814514007	-1.0525041705477759e-05	5.056281201361548	-7.509931884917804e-06	4.886638473614981	-8.082114281095935e-06	4.7275418899267665	-1.0917388124065199e-05	4.584282532913343	-9.4663801508941e-06	4.443607202455757	-1.030102160381756e-05	4.320391923256324	-1.1239585821262487e-05	4.195535355333298	-1.2275662271979573e-05	4.083306343872717	-1.3494775834904913e-05	3.9867020385990632	-1.4883056384459113e-05	3.890775418699723	-2.060538624796522e-05	3.8020796197266784	-2.2853068481505012e-05	3.720005698179635	-2.035074509165467e-05
9	1	19	0	0	802	4951	843	3370	865	1441	908	999	974	845	1068	769	1104	800	1168	787	1197	827	1259	839	1304	908	1361	947	1427	1037	1446	1091	1476	1164	1478	1196	1528	1260	1518	1306	1535	1383	1534	1442	1545	1462	1538	1474	1532	1524	1479	1507	1470	1532	1444	1534	1400	1545	1377	1543	1348	2760	2775	113.0	283.3895362439559	245.4036569595337	15	1	0.6909990310668945	0.5747126436781609	4.8346055979643765			2.025815251711334	3.036398761154212	2.568947127837879	3.8025816934464705	2.7832298336497314	3.9674017785853914	2.931490927874992	4.8119069408988	3.068393031534512	5.329885202472562	3.2582829946915615	5.360005576078622	3.2566371681415927	5.615217238716923	3.3509295386733995	5.4145166838665295	3.3524716426270826	5.36664503569111	3.451584603574953	5.129616043042309	3.5071676393857074	5.066398839415244	3.6116123553762867	4.90571902196436	3.763384144733372	4.941860465116279	3.804762531245889	4.800246392115453	3.881554725713985	4.757039519391883	3.913573055128952	4.5688963593994725	4.083596130204715	4.5117628101836935	4.117950248216369	4.389768411145844	4.273266334456167	4.405440703341509	4.353255008797321	4.40938140231783	4.477092932278536	4.320714011289417	4.589126932028406	4.224221929271508	4.691615116065413	4.274295330248212	4.693301177291912	4.1453485173571	4.815567057590251	4.173136117240064	4.933378886231637	4.172787117131821	4.999464343106095	4.202366381068951	5.156917084862557	4.213084316295325	5.272833952669666	4.693638079689812	4.691224451845215	2.769607843137255	5.490477387542917	4.303344882236962	4.285714285714286	4.761904761904762	4.692066786242656	7.424925925925926	4.563000000000001	0.18201742783247446	20.434109332977282	-1.6213035471260486e-05	14.377415742617352	-1.725703295997423e-05	11.465931538383767	-1.749844215258058e-05	10.051937190207127	-1.2882243412962114e-05	9.179042886727101	-6.081935839631516e-06	8.564812542632305	-7.278693911164581e-06	8.084709825135453	-6.428456634702951e-06	7.677345905221342	-9.967152694564357e-06	7.317942184392796	-6.8929388734180705e-06	6.99793343953158	4.783710508974839e-06	6.695238511706939	3.7482242787479434e-06	6.406775691457835	-2.6168077562181896e-06	6.143103301038272	-2.7547716087728458e-06	5.890452634182537	-4.364848998048912e-06	5.6568834514837585	-6.171087222146798e-06	5.443089711139781	-9.848642774953588e-06	5.248081814514007	-1.0525041705477759e-05	5.056281201361548	-7.509931884917804e-06	4.886638473614981	-8.082114281095935e-06	4.7275418899267665	-1.0917388124065199e-05	4.584282532913343	-9.4663801508941e-06	4.443607202455757	-1.030102160381756e-05	4.320391923256324	-1.1239585821262487e-05	4.195535355333298	-1.2275662271979573e-05	4.083306343872717	-1.3494775834904913e-05	3.9867020385990632	-1.4883056384459113e-05	3.890775418699723	-2.060538624796522e-05	3.8020796197266784	-2.2853068481505012e-05	3.720005698179635	-2.035074509165467e-05
10	29	18	0	0	805	6449	844	2201	863	1094	903	875	943	781	1020	771	1067	795	1098	842	1148	895	1189	935	1207	1011	1205	1070	1239	1097	1274	1148	1334	1191	1351	1214	1347	1216	1344	1232	1311	1314	1246	1337	1226	1366	1188	1329	1147	1301	1109	1253	1076	1227	1043	1190	1009	1148	974	1109	914	3145	3161	91.0	256.2760761074852	208.27184772491455	16	1	0.7142114639282227	16.666666666666664	4.580152671755725			2.0333931142489075	3.9551071724264824	2.5719945147036416	2.4835259072034663	2.776794620161524	3.012031607059277	2.915348356686253	4.214633206492944	2.970733705068834	4.926201589504227	3.1118433095368845	5.373945772635394	3.1474926253687316	5.580122130974942	3.1501032820748223	5.792913656690747	3.2152359613499506	5.807916937053862	3.2596775962276565	5.716556615309367	3.2462817030203603	5.641111483093405	3.1976435622545383	5.542892664732698	3.267577403871512	5.227792603888677	3.3521905012498356	5.051038366772263	3.5081260190396044	4.867383219583964	3.5772917438966267	4.6376590136379265	3.599871719493292	4.3542091882407705	3.645932235574967	4.141037276057948	3.649675677180479	4.185646481699742	3.535955502582439	4.088309940984008	3.552696398041091	4.037000916156869	3.5447872530882614	3.8086777096348943	3.512586513137747	3.648857102790633	3.519182559578587	3.4466633657919346	3.5248640503177624	3.34232246465637	3.5633754697642637	3.2370382460149068	3.6031853729957506	3.1225350197198423	3.6476668414350986	3.0280690257754475	3.575200469391746	5.348366579936398	5.3437695467685495	2.230392156862745	4.965172742387679	3.6522095926583455	4.571428571428571	4.761904761904762	4.849685365082576	7.424925925925926	4.563000000000001	0.18201742783247446	20.434109332977282	-1.6213035471260486e-05	14.377415742617352	-1.725703295997423e-05	11.465931538383767	-1.749844215258058e-05	10.051937190207127	-1.2882243412962114e-05	9.179042886727101	-6.081935839631516e-06	8.564812542632305	-7.278693911164581e-06	8.084709825135453	-6.428456634702951e-06	7.677345905221342	-9.967152694564357e-06	7.317942184392796	-6.8929388734180705e-06	6.99793343953158	4.783710508974839e-06	6.695238511706939	3.7482242787479434e-06	6.406775691457835	-2.6168077562181896e-06	6.143103301038272	-2.7547716087728458e-06	5.890452634182537	-4.364848998048912e-06	5.6568834514837585	-6.171087222146798e-06	5.443089711139781	-9.848642774953588e-06	5.248081814514007	-1.0525041705477759e-05	5.056281201361548	-7.509931884917804e-06	4.886638473614981	-8.082114281095935e-06	4.7275418899267665	-1.0917388124065199e-05	4.584282532913343	-9.4663801508941e-06	4.443607202455757	-1.030102160381756e-05	4.320391923256324	-1.1239585821262487e-05	4.195535355333298	-1.2275662271979573e-05	4.083306343872717	-1.3494775834904913e-05	3.9867020385990632	-1.4883056384459113e-05	3.890775418699723	-2.060538624796522e-05	3.8020796197266784	-2.2853068481505012e-05	3.720005698179635	-2.035074509165467e-05
11	53	13	0	0	794	7720	804	2345	816	1281	856	901	902	842	922	783	941	815	966	801	1011	870	1046	909	1060	937	1071	942	1085	989	1082	1049	1093	1064	1076	1057	1069	1078	1041	1083	1022	1093	1019	1081	987	1078	987	1042	979	1023	954	1019	930	995	884	976	857	970	796	957	762	3019	3034	77.0	231.46211979950866	177.99903011322021	15	1	0.7350931167602539	30.45977011494253	3.307888040712468			2.0056076182778044	4.734598755021311	2.450099040073137	2.646010110128182	2.6255671031886485	3.5268852729825726	2.763608187512107	4.339868021771591	2.841571370065841	5.3109625331146715	2.812862285679419	5.4575869519760225	2.775811209439528	5.720502561942865	2.7714023410603623	5.510835913312693	2.8315361994118473	5.645684620376379	2.867638995503893	5.557593543653705	2.85091847986875	5.228211137149872	2.842054983547394	4.879817654372151	2.8614378395484996	4.713114754098361	2.846993816603079	4.615452305526222	2.8743491295429444	4.348359148310107	2.849123550283324	4.037895862780303	2.85691378480945	3.8600637376016045	2.823969834251146	3.6402137743269134	2.845132373820328	3.4816678877456755	2.891764572336682	3.3055071400177356	2.86012344605755	3.1858616307592276	2.9450378946112075	2.986186736974838	2.998101304587493	2.8691628102650397	3.0273220575635453	2.802992793090169	3.046583240516281	2.7103592928550024	3.020157157499146	2.6549154017735703	3.060386387172803	2.6383788929688565	2.981050108606097	2.613040629095675	2.9806375904557014	5.134091798037515	5.129072067350768	1.8872549019607843	4.484419402620256	3.1213520807767696	4.285714285714286	4.761904761904762	4.991477329021725	7.424925925925926	4.563000000000001	0.18201742783247446	20.434109332977282	-1.6213035471260486e-05	14.377415742617352	-1.725703295997423e-05	11.465931538383767	-1.749844215258058e-05	10.051937190207127	-1.2882243412962114e-05	9.179042886727101	-6.081935839631516e-06	8.564812542632305	-7.278693911164581e-06	8.084709825135453	-6.428456634702951e-06	7.677345905221342	-9.967152694564357e-06	7.317942184392796	-6.8929388734180705e-06	6.99793343953158	4.783710508974839e-06	6.695238511706939	3.7482242787479434e-06	6.406775691457835	-2.6168077562181896e-06	6.143103301038272	-2.7547716087728458e-06	5.890452634182537	-4.364848998048912e-06	5.6568834514837585	-6.171087222146798e-06	5.443089711139781	-9.848642774953588e-06	5.248081814514007	-1.0525041705477759e-05	5.056281201361548	-7.509931884917804e-06	4.886638473614981	-8.082114281095935e-06	4.7275418899267665	-1.0917388124065199e-05	4.584282532913343	-9.4663801508941e-06	4.443607202455757	-1.030102160381756e-05	4.320391923256324	-1.1239585821262487e-05	4.195535355333298	-1.2275662271979573e-05	4.083306343872717	-1.3494775834904913e-05	3.9867020385990632	-1.4883056384459113e-05	3.890775418699723	-2.060538624796522e-05	3.8020796197266784	-2.2853068481505012e-05	3.720005698179635	-2.035074509165467e-05
12	1	11	0	0	888	9895	827	4080	809	1912	797	1187	788	921	757	874	775	798	800	807	794	805	813	769	827	763	833	792	838	784	832	811	830	818	823	833	844	840	843	828	831	829	835	826	831	854	821	837	821	832	810	845	801	812	763	821	730	808	697	800	700	2526	2541	66.0	204.2098719261545	148.08987522125244	15	1	0.7592782974243164	0.5747126436781609	2.7989821882951653			2.243047311121776	6.0685044923492075	2.5201889379856772	4.603719082866943	2.603043855979922	5.264172241953691	2.5731258474849876	5.7174509898367125	2.482437072740447	5.809259492872462	2.3094758679602174	6.091865895309124	2.286135693215339	5.60117919562013	2.2951572182694515	5.552115583075335	2.223778182327405	5.223880597014925	2.2288628139050335	4.701638542430913	2.2242543234447703	4.257337350742104	2.210487209425751	4.102776626605885	2.210032174692758	3.736179946626001	2.1891856334692803	3.5682858148539247	2.182717088308	3.3430054354489354	2.179208812159085	3.182182832257325	2.255598909615693	3.0078418734557957	2.2868458888316194	2.783099727740244	2.31340998301829	2.640716083203262	2.369600998921619	2.5257621624927378	2.4080674606624357	2.5238644087832847	2.4497225040281676	2.398693185074798	2.5142402155938015	2.3334735661197588	2.570367784723765	2.3243659569785993	2.6239926619930554	2.2118711013047863	2.6067646053980185	2.233284369729612	2.606863550333893	2.1977424180606557	2.610291363942776	2.18435998252512	2.7381185214159984	4.295699199020458	4.295640119689619	1.6176470588235297	3.9564258405024284	2.596871678850217	4.285714285714286	4.761904761904762	5.155701123573095	7.424925925925926	4.563000000000001	0.18201742783247446	20.434109332977282	-1.6213035471260486e-05	14.377415742617352	-1.725703295997423e-05	11.465931538383767	-1.749844215258058e-05	10.051937190207127	-1.2882243412962114e-05	9.179042886727101	-6.081935839631516e-06	8.564812542632305	-7.278693911164581e-06	8.084709825135453	-6.428456634702951e-06	7.677345905221342	-9.967152694564357e-06	7.317942184392796	-6.8929388734180705e-06	6.99793343953158	4.783710508974839e-06	6.695238511706939	3.7482242787479434e-06	6.406775691457835	-2.6168077562181896e-06	6.143103301038272	-2.7547716087728458e-06	5.890452634182537	-4.364848998048912e-06	5.6568834514837585	-6.171087222146798e-06	5.443089711139781	-9.848642774953588e-06	5.248081814514007	-1.0525041705477759e-05	5.056281201361548	-7.509931884917804e-06	4.886638473614981	-8.082114281095935e-06	4.7275418899267665	-1.0917388124065199e-05	4.584282532913343	-9.4663801508941e-06	4.443607202455757	-1.030102160381756e-05	4.320391923256324	-1.1239585821262487e-05	4.195535355333298	-1.2275662271979573e-05	4.083306343872717	-1.3494775834904913e-05	3.9867020385990632	-1.4883056384459113e-05	3.890775418699723	-2.060538624796522e-05	3.8020796197266784	-2.2853068481505012e-05	3.720005698179635	-2.035074509165467e-05
13	10	11	0	0	947	11181	848	3750	755	1771	707	1122	678	908	681	830	685	729	701	678	678	670	672	692	666	703	677	674	700	686	680	670	652	672	651	689	643	686	651	655	641	653	634	643	628	651	608	643	593	636	575	629	568	599	542	583	523	586	499	557	478	2608	2623	59.0	180.83819073584476	125.70104503631592	15	1	0.7768392562866211	5.747126436781609	2.7989821882951653			2.3920786076940566	6.857195424856643	2.5841840621666923	4.2313594511644705	2.4292930917983204	4.875967071391206	2.2825595660876865	5.404363951640095	2.1359039788299783	5.727261258988268	2.077613033131979	5.785181571060153	2.0206489675516224	5.116866708780796	2.011131512508607	4.6646026831785345	1.8988937123652148	4.3478260869565215	1.8423072705340497	4.230863291758377	1.7912374599930072	3.922553286463564	1.7965184163040018	3.4915043514297555	1.8460889287409674	3.2691574532977503	1.7892382581239312	2.9479056670186554	1.71461631515279	2.7463320936695412	1.7237727056082188	2.6320815983496963	1.7184242877759368	2.4564041966555665	1.7659984266066246	2.2016066686834055	1.7844714790790903	2.0800815468416523	1.799194051875816	1.9661804727395042	1.8198151206931528	1.923929426367586	1.8141672137017366	1.8427236774230527	1.816010289704171	1.783761043331931	1.8246437977977341	1.7302085052538922	1.8607089038852127	1.6316635340905994	1.851725316023232	1.5858767205266306	1.8676570367460628	1.5939072487420098	1.8687738746161338	1.5208606378331149	1.8697437903383531	4.435147866605446	4.434263689077477	1.446078431372549	3.5036155893370777	2.20426604701358	4.285714285714286	4.761904761904762	5.27494469426982	7.424925925925926	4.563000000000001	0.18201742783247446	20.434109332977282	-1.6213035471260486e-05	14.377415742617352	-1.725703295997423e-05	11.465931538383767	-1.749844215258058e-05	10.051937190207127	-1.2882243412962114e-05	9.179042886727101	-6.081935839631516e-06	8.564812542632305	-7.278693911164581e-06	8.084709825135453	-6.428456634702951e-06	7.677345905221342	-9.967152694564357e-06	7.317942184392796	-6.8929388734180705e-06	6.99793343953158	4.783710508974839e-06	6.695238511706939	3.7482242787479434e-06	6.406775691457835	-2.6168077562181896e-06	6.143103301038272	-2.7547716087728458e-06	5.890452634182537	-4.364848998048912e-06	5.6568834514837585	-6.171087222146798e-06	5.443089711139781	-9.848642774953588e-06	5.248081814514007	-1.0525041705477759e-05	5.056281201361548	-7.509931884917804e-06	4.886638473614981	-8.082114281095935e-06	4.7275418899267665	-1.0917388124065199e-05	4.584282532913343	-9.4663801508941e-06	4.443607202455757	-1.030102160381756e-05	4.320391923256324	-1.1239585821262487e-05	4.195535355333298	-1.2275662271979573e-05	4.083306343872717	-1.3494775834904913e-05	3.9867020385990632	-1.4883056384459113e-05	3.890775418699723	-2.060538624796522e-05	3.8020796197266784	-2.2853068481505012e-05	3.720005698179635	-2.035074509165467e-05
14	1	9	0	0	1116	13008	844	5923	696	2721	676	1457	632	952	636	746	594	695	574	640	567	623	563	590	550	579	550	574	525	574	509	543	520	552	530	526	503	506	510	520	507	530	480	497	476	500	473	503	470	484	472	486	475	480	453	459	454	470	446	467	435	2250	2264	54.0	160.00367381267412	107.37129783630371	14	1	0.7928199768066406	0.5747126436781609	2.2900763358778624			2.8189648639773677	7.977676244212076	2.5719945147036416	6.6832912077992415	2.2394542938961997	7.491533823407946	2.182475624717505	7.017966379268821	1.9909901395583278	6.004793742903999	1.9403258282994693	5.199693315675751	1.7522123893805308	4.878219976135327	1.6467753041083315	4.403164774681803	1.588012883349671	4.042829331602856	1.5434806448075447	3.607238933724627	1.4792501546488799	3.2306662202879144	1.4595053603651418	2.973476999585578	1.3845666965557255	2.7354174609226076	1.3392974608604131	2.3891235480464625	1.3674854047230842	2.2559156483714085	1.4033787004183658	2.009397562745922	1.3442728098775991	1.8118666523436102	1.3835010715351437	1.7478404087257573	1.4114306394588125	1.6882744560889371	1.3621658436914694	1.519738250313427	1.3793503144107333	1.4776723704820167	1.4113504803962524	1.4415085688083913	1.4393336191584494	1.3574533725985134	1.4977945609748358	1.336854266380591	1.5560505798335844	1.307510010623519	1.5476597198496753	1.248571894891464	1.6212548655501196	1.278389772881817	1.670286869897386	1.2751201397990388	1.7015450811656563	3.826335391051477	3.8273629401720957	1.3235294117647058	3.099961151127423	1.8828396070690576	4.0	4.761904761904762	5.3834580272862755	7.424925925925926	4.563000000000001	0.18201742783247446	20.434109332977282	-1.6213035471260486e-05	14.377415742617352	-1.725703295997423e-05	11.465931538383767	-1.749844215258058e-05	10.051937190207127	-1.2882243412962114e-05	9.179042886727101	-6.081935839631516e-06	8.564812542632305	-7.278693911164581e-06	8.084709825135453	-6.428456634702951e-06	7.677345905221342	-9.967152694564357e-06	7.317942184392796	-6.8929388734180705e-06	6.99793343953158	4.783710508974839e-06	6.695238511706939	3.7482242787479434e-06	6.406775691457835	-2.6168077562181896e-06	6.143103301038272	-2.7547716087728458e-06	5.890452634182537	-4.364848998048912e-06	5.6568834514837585	-6.171087222146798e-06	5.443089711139781	-9.848642774953588e-06	5.248081814514007	-1.0525041705477759e-05	5.056281201361548	-7.509931884917804e-06	4.886638473614981	-8.082114281095935e-06	4.7275418899267665	-1.0917388124065199e-05	4.584282532913343	-9.4663801508941e-06	4.443607202455757	-1.030102160381756e-05	4.320391923256324	-1.1239585821262487e-05	4.195535355333298	-1.2275662271979573e-05	4.083306343872717	-1.3494775834904913e-05	3.9867020385990632	-1.4883056384459113e-05	3.890775418699723	-2.060538624796522e-05	3.8020796197266784	-2.2853068481505012e-05	3.720005698179635	-2.035074509165467e-05
15	1	7	0	0	1366	12358	913	8734	761	3654	671	1962	587	1144	565	865	537	716	517	624	488	551	459	523	459	540	448	485	431	465	428	454	409	453	419	435	403	431	399	409	391	415	392	405	384	392	367	394	377	390	375	378	371	372	374	378	367	367	360	372	365	1975	1988	50.0	142.1424108325538	93.3988847732544	13	1	0.8023929595947266	0.5747126436781609	1.7811704834605597			3.450453408775165	7.579037747999141	2.7822642084412617	9.855118252392128	2.448598732262943	10.060295696704385	2.166333053528766	9.450411829873321	1.849226601140409	7.215844581809007	1.7237171273415095	6.029135010803652	1.584070796460177	5.0256194286516465	1.4832453523066331	4.293085655314758	1.3667553563926622	3.575600259571707	1.2583616624629894	3.1976033259965764	1.2345014926978835	3.013056578506863	1.1888334571701518	2.5124326564442603	1.1366633261247956	2.2159740754860846	1.1261676095250626	1.9975360788454768	1.0755798664071952	1.8513220810004494	1.1094635386326326	1.6617641440959623	1.077021754235929	1.5433093422136284	1.0823861324363182	1.3747437060939127	1.0884997633696167	1.3219507533526582	1.1124354390147002	1.2384184937161729	1.112753194818743	1.158495138457901	1.0950647490600942	1.1291339485298333	1.1545293072824157	1.093815734118637	1.1899850855202616	1.0397755405182374	1.215357400248968	1.0133202582332272	1.2777587974034847	1.0282356781459117	1.3105738670856693	0.9982320141438868	1.3482136169575312	1.0157273918741807	1.4277332290240563	3.35867217658963	3.3607762919885724	1.2254901960784315	2.7539114634604545	1.6378224260199212	3.7142857142857144	4.761904761904762	5.448461120728967	7.424925925925926	4.563000000000001	0.18201742783247446	20.434109332977282	-1.6213035471260486e-05	14.377415742617352	-1.725703295997423e-05	11.465931538383767	-1.749844215258058e-05	10.051937190207127	-1.2882243412962114e-05	9.179042886727101	-6.081935839631516e-06	8.564812542632305	-7.278693911164581e-06	8.084709825135453	-6.428456634702951e-06	7.677345905221342	-9.967152694564357e-06	7.317942184392796	-6.8929388734180705e-06	6.99793343953158	4.783710508974839e-06	6.695238511706939	3.7482242787479434e-06	6.406775691457835	-2.6168077562181896e-06	6.143103301038272	-2.7547716087728458e-06	5.890452634182537	-4.364848998048912e-06	5.6568834514837585	-6.171087222146798e-06	5.443089711139781	-9.848642774953588e-06	5.248081814514007	-1.0525041705477759e-05	5.056281201361548	-7.509931884917804e-06	4.886638473614981	-8.082114281095935e-06	4.7275418899267665	-1.0917388124065199e-05	4.584282532913343	-9.4663801508941e-06	4.443607202455757	-1.030102160381756e-05	4.320391923256324	-1.1239585821262487e-05	4.195535355333298	-1.2275662271979573e-05	4.083306343872717	-1.3494775834904913e-05	3.9867020385990632	-1.4883056384459113e-05	3.890775418699723	-2.060538624796522e-05	3.8020796197266784	-2.2853068481505012e-05	3.720005698179635	-2.035074509165467e-05
16	1	6	0	0	1657	16415	1004	7180	754	2751	566	1328	463	855	395	655	365	531	334	433	316	384	308	345	310	325	317	300	305	306	296	315	296	308	306	298	298	299	297	308	285	300	284	297	285	285	278	282	277	282	268	279	269	279	267	269	258	264	246	264	242	2096	2109	45.0	119.28973082669727	76.90416717529297	13	1	0.8101329803466797	0.5747126436781609	1.5267175572519083			4.185506074919801	10.067155254362026	3.059576413225659	8.101642895829572	2.4260754850542168	7.574130668208475	1.8273390585652483	6.396609026540147	1.458589295277699	5.392960766998865	1.2050765757520288	4.56541437234265	1.0766961651917404	3.7271004421983576	0.958228138627496	2.979016167870657	0.8850301078280353	2.491888384166126	0.8443908323281062	2.1093176815847396	0.8337591780748231	1.81341368150876	0.8412058167922726	1.554082055532532	0.8043673189514214	1.45825390773923	0.778844888830417	1.3859556494192187	0.778414768842371	1.258735542931873	0.8102526081660754	1.1384039423921763	0.7964081458121759	1.0706484763848605	0.8056859181292895	1.035259319014487	0.7934077559088	0.9556270506163795	0.8059481241841195	0.9081735620585267	0.8258715117795359	0.8422732511747496	0.8295040878438862	0.808161861638104	0.8482881117167881	0.7909129154396298	0.8504426744518135	0.7674533751444133	0.8812160125794406	0.7599901936749204	0.9121967885206697	0.7317338556117731	0.9213298575152662	0.7180742554059568	0.9212793049209796	0.7208387942332897	0.946606688832388	3.5644439909528423	3.565330583402363	1.1029411764705883	2.3111565033447192	1.3485746640322667	3.7142857142857144	4.761904761904762	5.501017915546748	7.424925925925926	4.563000000000001	0.18201742783247446	20.434109332977282	-1.6213035471260486e-05	14.377415742617352	-1.725703295997423e-05	11.465931538383767	-1.749844215258058e-05	10.051937190207127	-1.2882243412962114e-05	9.179042886727101	-6.081935839631516e-06	8.564812542632305	-7.278693911164581e-06	8.084709825135453	-6.428456634702951e-06	7.677345905221342	-9.967152694564357e-06	7.317942184392796	-6.8929388734180705e-06	6.99793343953158	4.783710508974839e-06	6.695238511706939	3.7482242787479434e-06	6.406775691457835	-2.6168077562181896e-06	6.143103301038272	-2.7547716087728458e-06	5.890452634182537	-4.364848998048912e-06	5.6568834514837585	-6.171087222146798e-06	5.443089711139781	-9.848642774953588e-06	5.248081814514007	-1.0525041705477759e-05	5.056281201361548	-7.509931884917804e-06	4.886638473614981	-8.082114281095935e-06	4.7275418899267665	-1.0917388124065199e-05	4.584282532913343	-9.4663801508941e-06	4.443607202455757	-1.030102160381756e-05	4.320391923256324	-1.1239585821262487e-05	4.195535355333298	-1.2275662271979573e-05	4.083306343872717	-1.3494775834904913e-05	3.9867020385990632	-1.4883056384459113e-05	3.890775418699723	-2.060538624796522e-05	3.8020796197266784	-2.2853068481505012e-05	3.720005698179635	-2.035074509165467e-05
17	1	5	0	0	2164	17879	1231	8611	726	2986	487	1329	384	779	314	551	308	425	297	321	287	310	283	303	268	286	259	283	248	268	239	256	237	243	226	238	226	236	220	224	212	217	226	215	214	220	214	220	215	219	208	213	199	212	202	201	195	206	195	202	196	1985	1997	42.0	103.68994795589752	67.0759744644165	12	1	0.8161563873291016	0.5747126436781609	1.2722646310432568			5.466164843769734	10.965011805832388	3.7513332317537715	9.716329662393933	2.3359824962193123	8.221139285812615	1.572286433783173	6.4014257502047105	1.2097155278329081	4.913586476598965	0.9579596070535115	3.840524151390535	0.9085545722713865	2.9830841580683654	0.8520771172825339	2.2084623323013415	0.8038089903374876	2.011680726800779	0.7758526154183573	1.8525311812179017	0.7207982571743632	1.595804039727709	0.687294342426494	1.4660174057190218	0.6540429347539427	1.2771635531833778	0.6288646230759111	1.1263639563533967	0.6232577709987903	0.993093301728718	0.5984218609331144	0.9091950949306643	0.6039873857501737	0.8450603358756757	0.5968043837994738	0.7529158683741723	0.5901840149216335	0.6912368999458478	0.6413530847380668	0.6574320398740177	0.6201280825291953	0.6501758430120874	0.6385391179805454	0.6304808849658967	0.6584185704660991	0.6142196045435423	0.6600450607685717	0.5859052648951972	0.6519032955513333	0.5774835880253875	0.6901264092927912	0.5467602415537783	0.6963539620754919	0.5603155174758602	0.7302823758519961	0.5515508955875928	0.7666731859964796	3.3756781116609695	3.3759910739945567	1.0294117647058822	2.0089214376541733	1.1762296251359514	3.428571428571429	4.761904761904762	5.5419184473443215	7.424925925925926	4.563000000000001	0.18201742783247446	20.434109332977282	-1.6213035471260486e-05	14.377415742617352	-1.725703295997423e-05	11.465931538383767	-1.749844215258058e-05	10.051937190207127	-1.2882243412962114e-05	9.179042886727101	-6.081935839631516e-06	8.564812542632305	-7.278693911164581e-06	8.084709825135453	-6.428456634702951e-06	7.677345905221342	-9.967152694564357e-06	7.317942184392796	-6.8929388734180705e-06	6.99793343953158	4.783710508974839e-06	6.695238511706939	3.7482242787479434e-06	6.406775691457835	-2.6168077562181896e-06	6.143103301038272	-2.7547716087728458e-06	5.890452634182537	-4.364848998048912e-06	5.6568834514837585	-6.171087222146798e-06	5.443089711139781	-9.848642774953588e-06	5.248081814514007	-1.0525041705477759e-05	5.056281201361548	-7.509931884917804e-06	4.886638473614981	-8.082114281095935e-06	4.7275418899267665	-1.0917388124065199e-05	4.584282532913343	-9.4663801508941e-06	4.443607202455757	-1.030102160381756e-05	4.320391923256324	-1.1239585821262487e-05	4.195535355333298	-1.2275662271979573e-05	4.083306343872717	-1.3494775834904913e-05	3.9867020385990632	-1.4883056384459113e-05	3.890775418699723	-2.060538624796522e-05	3.8020796197266784	-2.2853068481505012e-05	3.720005698179635	-2.035074509165467e-05
18	1	2	0	0	2740	19429	1276	8952	666	3003	425	1331	368	695	331	425	283	368	266	323	214	280	207	257	211	219	195	208	194	207	187	198	191	196	183	192	173	193	179	183	183	178	187	187	195	188	181	186	170	189	157	174	154	163	152	155	149	154	142	151	147	1890	1903	40.0	90.77112009839138	60.02864074707031	13	1	0.8129110336303711	0.5747126436781609	0.5089058524173028			6.921114450983859	11.915611296801693	3.888465640713089	10.101101281819822	2.142926091573088	8.267944164532913	1.3721185510428102	6.411059197533837	1.1593107141732035	4.383751734578024	1.0098236622124594	2.9622917683139334	0.8348082595870208	2.5829999298097843	0.7631397750745926	2.2222222222222223	0.5993558325164542	1.8170019467878002	0.5674964360127207	1.5712888236732696	0.5674941502380247	1.221961834616672	0.5174609914021866	1.077496891835889	0.5116303602510681	0.9864658787647732	0.4920405209840811	0.8711721224920803	0.5022879082732866	0.8010135273202829	0.484562834295398	0.7334683118768385	0.4623443262600887	0.6910874780678197	0.48558174863684456	0.6151053746092568	0.5094512958993347	0.5670053833657185	0.530677109938135	0.5718129835183317	0.5650699817438929	0.5556048113012383	0.5400728053947603	0.5330429300166217	0.5206100324615668	0.5300799326882625	0.49820708913781614	0.47862683611156953	0.5044879774618358	0.44400860777423656	0.5193030406559617	0.42163103204395846	0.532085847944863	0.4188766489868081	0.5317953711332485	0.4122979467016164	0.5750048894973597	3.214121728483241	3.2170811285987186	0.9803921568627451	1.7586280317461425	1.0526491216434604	3.7142857142857144	4.761904761904762	5.519881634534451	7.424925925925926	4.563000000000001	0.18201742783247446	20.434109332977282	-1.6213035471260486e-05	14.377415742617352	-1.725703295997423e-05	11.465931538383767	-1.749844215258058e-05	10.051937190207127	-1.2882243412962114e-05	9.179042886727101	-6.081935839631516e-06	8.564812542632305	-7.278693911164581e-06	8.084709825135453	-6.428456634702951e-06	7.677345905221342	-9.967152694564357e-06	7.317942184392796	-6.8929388734180705e-06	6.99793343953158	4.783710508974839e-06	6.695238511706939	3.7482242787479434e-06	6.406775691457835	-2.6168077562181896e-06	6.143103301038272	-2.7547716087728458e-06	5.890452634182537	-4.364848998048912e-06	5.6568834514837585	-6.171087222146798e-06	5.443089711139781	-9.848642774953588e-06	5.248081814514007	-1.0525041705477759e-05	5.056281201361548	-7.509931884917804e-06	4.886638473614981	-8.082114281095935e-06	4.7275418899267665	-1.0917388124065199e-05	4.584282532913343	-9.4663801508941e-06	4.443607202455757	-1.030102160381756e-05	4.320391923256324	-1.1239585821262487e-05	4.195535355333298	-1.2275662271979573e-05	4.083306343872717	-1.3494775834904913e-05	3.9867020385990632	-1.4883056384459113e-05	3.890775418699723	-2.060538624796522e-05	3.8020796197266784	-2.2853068481505012e-05	3.720005698179635	-2.035074509165467e-05
19	1	1	0	0	3374	17007	1443	12624	760	4236	443	1589	342	816	297	471	241	357	210	291	212	241	197	209	175	208	163	198	166	171	159	167	157	170	173	152	170	160	162	177	147	169	136	159	136	141	133	136	143	129	137	141	130	138	132	127	122	132	122	124	121	1710	1722	38.0	82.21665376745165	55.40576934814453	12	1	0.8060512542724609	0.5747126436781609	0.2544529262086514			8.522569400591074	10.430222930912882	4.3973792472954445	14.244448456400072	2.445381125518839	11.662674485834641	1.4302318073222704	7.653773902991186	1.0774028919761838	5.146966065346285	0.9060955518945634	3.2829162891196764	0.7109144542772862	2.5057906927774267	0.602478769795731	2.002063983488132	0.5937543761377958	1.563919532770928	0.5400811492488212	1.2778185375397408	0.4706705037519163	1.1605847561656064	0.43254431589003284	1.0256941566514712	0.43778680310142937	0.8149065955013344	0.41836600447309563	0.7347764871524112	0.41287540104139275	0.6947566308390208	0.4580839908912779	0.5806624135691637	0.45432679459083863	0.5729222616106278	0.43946504625233973	0.5949379852778057	0.40923136883717043	0.538336571847227	0.38594698904591634	0.48619392716264564	0.39410008983163813	0.4167036084759287	0.3968490779972549	0.38975181979709983	0.43792490965884734	0.361800588977703	0.43474121791006887	0.3878527809869615	0.4258664744807705	0.37590912805426163	0.45097369320122993	0.3454654262553724	0.4356676070421026	0.3590371277029784	0.4568946146356078	0.3385757972913936	0.473303344416194	2.908014897199122	2.9110949571450306	0.9313725490196079	1.592891129194845	0.9715834593697832	3.428571428571429	4.761904761904762	5.473301912365365	7.424925925925926	4.563000000000001	0.18201742783247446	20.434109332977282	-1.6213035471260486e-05	14.377415742617352	-1.725703295997423e-05	11.465931538383767	-1.749844215258058e-05	10.051937190207127	-1.2882243412962114e-05	9.179042886727101	-6.081935839631516e-06	8.564812542632305	-7.278693911164581e-06	8.084709825135453	-6.428456634702951e-06	7.677345905221342	-9.967152694564357e-06	7.317942184392796	-6.8929388734180705e-06	6.99793343953158	4.783710508974839e-06	6.695238511706939	3.7482242787479434e-06	6.406775691457835	-2.6168077562181896e-06	6.143103301038272	-2.7547716087728458e-06	5.890452634182537	-4.364848998048912e-06	5.6568834514837585	-6.171087222146798e-06	5.443089711139781	-9.848642774953588e-06	5.248081814514007	-1.0525041705477759e-05	5.056281201361548	-7.509931884917804e-06	4.886638473614981	-8.082114281095935e-06	4.7275418899267665	-1.0917388124065199e-05	4.584282532913343	-9.4663801508941e-06	4.443607202455757	-1.030102160381756e-05	4.320391923256324	-1.1239585821262487e-05	4.195535355333298	-1.2275662271979573e-05	4.083306343872717	-1.3494775834904913e-05	3.9867020385990632	-1.4883056384459113e-05	3.890775418699723	-2.060538624796522e-05	3.8020796197266784	-2.2853068481505012e-05	3.720005698179635	-2.035074509165467e-05
20	1	2	0	0	3990	18137	1506	12863	705	3737	424	1394	299	663	269	388	218	289	159	241	152	190	156	158	156	150	159	158	153	156	140	159	124	149	127	132	119	124	118	120	105	114	101	106	97	105	95	99	94	93	92	93	93	91	89	94	95	89	95	96	93	1680	1692	36.0	69.82273583047201	49.88912868499756	12	1	0.7895059585571289	0.5747126436781609	0.5089058524173028			10.078557174972847	11.123240624329215	4.589364619838489	14.514127098754287	2.268412754593134	10.288813633985848	1.3688900368050623	6.714512788401329	0.9419399552657279	4.181909928093856	0.8206724022210019	2.704398132013661	0.6430678466076696	2.028497227486488	0.4561624971310535	1.6580667354661163	0.4257106847780423	1.2329656067488644	0.42767847351683297	0.9660063585228662	0.41956913477313684	0.8369601606963508	0.4219297314510137	0.8184832159138002	0.40350229442481145	0.7434235608082348	0.36837258255492694	0.6995776135163675	0.32609267343396625	0.6089337529118477	0.33628131123232535	0.5042594644153264	0.31802875621358706	0.44401475274823643	0.320104169492445	0.4033477866290209	0.2923081205979789	0.3631382792342242	0.2866223962767467	0.32412928477509706	0.2810860934828595	0.3103111978012235	0.28346362714089635	0.2837163982346535	0.2878667238316898	0.26083298275136724	0.2919430076476375	0.2558177917148044	0.3046583240516281	0.24788210618070877	0.30406559617355655	0.2556988194331103	0.3392493661393422	0.242078063375493	0.35577859336379297	0.2621231979030144	0.3637786035595541	2.856997091985103	2.8603790171250822	0.8823529411764706	1.3527674920346164	0.8748448546602027	3.428571428571429	4.761904761904762	5.360954963955597	7.424925925925926	4.563000000000001	0.18201742783247446	20.434109332977282	-1.6213035471260486e-05	14.377415742617352	-1.725703295997423e-05	11.465931538383767	-1.749844215258058e-05	10.051937190207127	-1.2882243412962114e-05	9.179042886727101	-6.081935839631516e-06	8.564812542632305	-7.278693911164581e-06	8.084709825135453	-6.428456634702951e-06	7.677345905221342	-9.967152694564357e-06	7.317942184392796	-6.8929388734180705e-06	6.99793343953158	4.783710508974839e-06	6.695238511706939	3.7482242787479434e-06	6.406775691457835	-2.6168077562181896e-06	6.143103301038272	-2.7547716087728458e-06	5.890452634182537	-4.364848998048912e-06	5.6568834514837585	-6.171087222146798e-06	5.443089711139781	-9.848642774953588e-06	5.248081814514007	-1.0525041705477759e-05	5.056281201361548	-7.509931884917804e-06	4.886638473614981	-8.082114281095935e-06	4.7275418899267665	-1.0917388124065199e-05	4.584282532913343	-9.4663801508941e-06	4.443607202455757	-1.030102160381756e-05	4.320391923256324	-1.1239585821262487e-05	4.195535355333298	-1.2275662271979573e-05	4.083306343872717	-1.3494775834904913e-05	3.9867020385990632	-1.4883056384459113e-05	3.890775418699723	-2.060538624796522e-05	3.8020796197266784	-2.2853068481505012e-05	3.720005698179635	-2.035074509165467e-05
