	counts(inten<0.01	MicrocoloniesPlatonic	MicrocoloniesAggregates	MicrocoloniesLarge	counts(Norminten<0.01	counts(inten<0.02	counts(Norminten<0.02	counts(inten<0.03	counts(Norminten<0.03	counts(inten<0.04	counts(Norminten<0.04	counts(inten<0.05	counts(Norminten<0.05	counts(inten<0.060000000000000005	counts(Norminten<0.060000000000000005	counts(inten<0.06999999999999999	counts(Norminten<0.06999999999999999	counts(inten<0.08	counts(Norminten<0.08	counts(inten<0.09	counts(Norminten<0.09	counts(inten<0.09999999999999999	counts(Norminten<0.09999999999999999	counts(inten<0.11	counts(Norminten<0.11	counts(inten<0.12	counts(Norminten<0.12	counts(inten<0.13	counts(Norminten<0.13	counts(inten<0.14	counts(Norminten<0.14	counts(inten<0.15000000000000002	counts(Norminten<0.15000000000000002	counts(inten<0.16	counts(Norminten<0.16	counts(inten<0.17	counts(Norminten<0.17	counts(inten<0.18000000000000002	counts(Norminten<0.18000000000000002	counts(inten<0.19	counts(Norminten<0.19	counts(inten<0.2	counts(Norminten<0.2	counts(inten<0.21000000000000002	counts(Norminten<0.21000000000000002	counts(inten<0.22	counts(Norminten<0.22	counts(inten<0.23	counts(Norminten<0.23	counts(inten<0.24000000000000002	counts(Norminten<0.24000000000000002	counts(inten<0.25	counts(Norminten<0.25	counts(inten<0.26	counts(Norminten<0.26	counts(inten<0.27	counts(Norminten<0.27	counts(inten<0.28	counts(Norminten<0.28	counts(inten<0.29000000000000004	counts(Norminten<0.29000000000000004	diff	max	med	std	mean	min	eigenLocal	minProp	counts(inten<0.01Normalized	MicrocoloniesPlatonicNormalized	MicrocoloniesAggregatesNormalized	MicrocoloniesLargeNormalized	counts(Norminten<0.01Normalized	counts(inten<0.02Normalized	counts(Norminten<0.02Normalized	counts(inten<0.03Normalized	counts(Norminten<0.03Normalized	counts(inten<0.04Normalized	counts(Norminten<0.04Normalized	counts(inten<0.05Normalized	counts(Norminten<0.05Normalized	counts(inten<0.060000000000000005Normalized	counts(Norminten<0.060000000000000005Normalized	counts(inten<0.06999999999999999Normalized	counts(Norminten<0.06999999999999999Normalized	counts(inten<0.08Normalized	counts(Norminten<0.08Normalized	counts(inten<0.09Normalized	counts(Norminten<0.09Normalized	counts(inten<0.09999999999999999Normalized	counts(Norminten<0.09999999999999999Normalized	counts(inten<0.11Normalized	counts(Norminten<0.11Normalized	counts(inten<0.12Normalized	counts(Norminten<0.12Normalized	counts(inten<0.13Normalized	counts(Norminten<0.13Normalized	counts(inten<0.14Normalized	counts(Norminten<0.14Normalized	counts(inten<0.15000000000000002Normalized	counts(Norminten<0.15000000000000002Normalized	counts(inten<0.16Normalized	counts(Norminten<0.16Normalized	counts(inten<0.17Normalized	counts(Norminten<0.17Normalized	counts(inten<0.18000000000000002Normalized	counts(Norminten<0.18000000000000002Normalized	counts(inten<0.19Normalized	counts(Norminten<0.19Normalized	counts(inten<0.2Normalized	counts(Norminten<0.2Normalized	counts(inten<0.21000000000000002Normalized	counts(Norminten<0.21000000000000002Normalized	counts(inten<0.22Normalized	counts(Norminten<0.22Normalized	counts(inten<0.23Normalized	counts(Norminten<0.23Normalized	counts(inten<0.24000000000000002Normalized	counts(Norminten<0.24000000000000002Normalized	counts(inten<0.25Normalized	counts(Norminten<0.25Normalized	counts(inten<0.26Normalized	counts(Norminten<0.26Normalized	counts(inten<0.27Normalized	counts(Norminten<0.27Normalized	counts(inten<0.28Normalized	counts(Norminten<0.28Normalized	counts(inten<0.29000000000000004Normalized	counts(Norminten<0.29000000000000004Normalized	diffNormalized	maxNormalized	medNormalized	stdNormalized	meanNormalized	minNormalized	eigenLocalNormalized	minPropNormalized	BioVolume	SubstratumCoverage	Homogenity	ThicknessThreshold=0.01	RoughnessThreshold=0.01	ThicknessThreshold=0.02	RoughnessThreshold=0.02	ThicknessThreshold=0.03	RoughnessThreshold=0.03	ThicknessThreshold=0.04	RoughnessThreshold=0.04	ThicknessThreshold=0.05	RoughnessThreshold=0.05	ThicknessThreshold=0.060000000000000005	RoughnessThreshold=0.060000000000000005	ThicknessThreshold=0.06999999999999999	RoughnessThreshold=0.06999999999999999	ThicknessThreshold=0.08	RoughnessThreshold=0.08	ThicknessThreshold=0.09	RoughnessThreshold=0.09	ThicknessThreshold=0.09999999999999999	RoughnessThreshold=0.09999999999999999	ThicknessThreshold=0.11	RoughnessThreshold=0.11	ThicknessThreshold=0.12	RoughnessThreshold=0.12	ThicknessThreshold=0.13	RoughnessThreshold=0.13	ThicknessThreshold=0.14	RoughnessThreshold=0.14	ThicknessThreshold=0.15000000000000002	RoughnessThreshold=0.15000000000000002	ThicknessThreshold=0.16	RoughnessThreshold=0.16	ThicknessThreshold=0.17	RoughnessThreshold=0.17	ThicknessThreshold=0.18000000000000002	RoughnessThreshold=0.18000000000000002	ThicknessThreshold=0.19	RoughnessThreshold=0.19	ThicknessThreshold=0.2	RoughnessThreshold=0.2	ThicknessThreshold=0.21000000000000002	RoughnessThreshold=0.21000000000000002	ThicknessThreshold=0.22	RoughnessThreshold=0.22	ThicknessThreshold=0.23	RoughnessThreshold=0.23	ThicknessThreshold=0.24000000000000002	RoughnessThreshold=0.24000000000000002	ThicknessThreshold=0.25	RoughnessThreshold=0.25	ThicknessThreshold=0.26	RoughnessThreshold=0.26	ThicknessThreshold=0.27	RoughnessThreshold=0.27	ThicknessThreshold=0.28	RoughnessThreshold=0.28	ThicknessThreshold=0.29000000000000004	RoughnessThreshold=0.29000000000000004
0	1	13	0	0	2668	5	2773	195	2886	212	2973	178	3103	130	3191	128	3301	135	3416	140	3561	139	3648	136	3749	150	3839	149	3944	160	4089	179	4214	212	4300	234	4400	287	4466	307	4539	345	4640	400	4710	451	4733	512	4835	584	4876	682	4950	767	5004	853	5054	973	5106	1092	5147	4053	4095	1411.0	1034.8361511923506	1560.2482948303223	42	1	0.5502281188964844	4.545454545454546	5.555555555555555			9.853745014034569	0.004910867750331484	11.179648443799389	0.1762887157141049	12.120957580848383	0.3438153776292957	12.779401650618983	0.49634710835982376	13.445123272238831	0.5404955928820888	13.81564705372992	0.7273553812933288	14.222930759619112	0.9316770186335404	14.546073922670754	1.1031439602868174	15.008851049481581	1.1764705882352942	15.201900237529692	1.195079086115993	15.424175100798157	1.3208876364917224	15.551324637446326	1.3046143069783733	15.711269569374178	1.3802622498274673	16.075640824028937	1.5169491525423728	16.34790704891958	1.7570031493452678	16.527019755553848	1.8906035388220086	16.693857419281404	2.2404371584699456	16.734112709832132	2.3331813345493235	16.74784148771308	2.5446231007523235	16.903460837887067	2.86286859433152	16.970526770915903	3.142200236884275	16.864421877783716	3.458291117865586	17.018655403027104	3.822489854693022	16.938201271407234	4.339802736239262	17.026692350027517	4.7471684099771	16.99381919445765	5.108090304808671	16.99852011300955	5.646144025996634	17.107246959493416	6.133797674549233	17.120713169011744	4.74479044720206	4.761904761904762	15.390488656195462	6.710876910225212	10.796875798838853	7.304347826086957	4.761904761904762	3.6150573797845365	11.049999999999999	2.3491000000000004	0.11566263169044243	20.88889503479004	-8.583077033116372e-06	17.021768098400777	-1.336345838666785e-05	13.923439051671474	-8.685749580188771e-06	12.231143171387581	-7.877225562384672e-06	11.16323063972556	-7.040015447805325e-06	10.426479620237824	-8.216412077714933e-06	9.88753598031015	-9.434031486604199e-06	9.470160382727618	-9.628108943122481e-06	9.132080002444956	-7.640495060419943e-06	8.851417245238268	-7.794718298880679e-06	8.613655254169544	-5.67748909638219e-06	8.40506970966558	-4.630722994781175e-06	8.219351604475191	-4.718182933388693e-06	8.051240849419086	-6.009254251547383e-06	7.899111947968898	-6.125349144901259e-06	7.75895358418017	-4.993639351875548e-06	7.62770444854579	-5.091332134324616e-06	7.507158886923204	-5.191838429988058e-06	7.3891705227713125	-6.618037328377747e-06	7.277784529625759	-6.751857098294886e-06	7.17657953886161	-6.89048809461467e-06	7.074186807387862	-5.628855766199847e-06	6.97290646059017	-5.749910517017579e-06	6.874512822697578	-5.876252008943655e-06	6.78249963554058	-6.011710812663068e-06	6.691801604645691	-6.151612645254953e-06	6.604125237161774	-6.298081919151522e-06	6.518984565262971	-4.838483361262134e-06	6.433237633859433	-1.6528433864777576e-06
1	1	18	0	0	2780	7	2848	276	2949	279	3028	222	3101	166	3187	159	3285	166	3362	164	3420	156	3525	185	3613	194	3684	216	3758	259	3813	273	3888	322	3959	347	4033	390	4096	462	4169	527	4222	591	4267	655	4359	751	4434	843	4512	934	4584	1035	4619	1151	4684	1250	4717	1359	4753	4056	4095	1389.0	1132.5683378903118	1588.5946598052979	39	1	0.5591297149658203	4.545454545454546	7.6923076923076925			10.267395479391343	0.006875214850464078	11.48201902918884	0.24951633608765617	12.385552288954221	0.4524740111253467	13.015818431911965	0.6190396519993308	13.43645738550197	0.6901712955263596	13.79832878728839	0.9035117627003068	14.15399198586755	1.1456176673567977	14.316130131153127	1.2922543534788433	14.414566298575402	1.3203554803216249	14.689336167020878	1.6256590509666082	14.864642475109028	1.7083480098626276	14.923438386129789	1.8912529550827424	14.970322272238379	2.2342995169082123	14.990564554175185	2.3135593220338984	15.083213717655275	2.6686557268357367	15.216388654008764	2.80358729902238	15.301437948173161	3.0444964871194378	15.347721822541965	3.511171910624715	15.382628588296065	3.8870039828883316	15.380692167577415	4.229888348124821	15.37436045254738	4.563505887270954	15.531801175841794	5.072610604525498	15.607180570221754	5.517737923812017	15.673741619481016	5.94336621062679	15.767749036873969	6.405892182954756	15.68634109896081	6.892628301095874	15.754069689223732	7.25352521325364	15.8039333936409	7.6335449081615465	15.8101320560157	4.748302505268088	4.761904761904762	15.150523560209425	7.344666785406388	10.993031874123426	6.782608695652175	4.761904761904762	3.6735418146164966	11.049999999999999	2.3491000000000004	0.11566263169044243	20.88889503479004	-8.583077033116372e-06	17.021768098400777	-1.336345838666785e-05	13.923439051671474	-8.685749580188771e-06	12.231143171387581	-7.877225562384672e-06	11.16323063972556	-7.040015447805325e-06	10.426479620237824	-8.216412077714933e-06	9.88753598031015	-9.434031486604199e-06	9.470160382727618	-9.628108943122481e-06	9.132080002444956	-7.640495060419943e-06	8.851417245238268	-7.794718298880679e-06	8.613655254169544	-5.67748909638219e-06	8.40506970966558	-4.630722994781175e-06	8.219351604475191	-4.718182933388693e-06	8.051240849419086	-6.009254251547383e-06	7.899111947968898	-6.125349144901259e-06	7.75895358418017	-4.993639351875548e-06	7.62770444854579	-5.091332134324616e-06	7.507158886923204	-5.191838429988058e-06	7.3891705227713125	-6.618037328377747e-06	7.277784529625759	-6.751857098294886e-06	7.17657953886161	-6.89048809461467e-06	7.074186807387862	-5.628855766199847e-06	6.97290646059017	-5.749910517017579e-06	6.874512822697578	-5.876252008943655e-06	6.78249963554058	-6.011710812663068e-06	6.691801604645691	-6.151612645254953e-06	6.604125237161774	-6.298081919151522e-06	6.518984565262971	-4.838483361262134e-06	6.433237633859433	-1.6528433864777576e-06
2	1	22	0	0	2662	26	2712	450	2777	334	2826	243	2858	218	2897	151	2946	189	2992	207	3044	234	3077	259	3114	294	3149	356	3244	428	3292	476	3346	550	3366	626	3396	731	3418	841	3464	894	3507	996	3525	1129	3562	1244	3573	1328	3589	1439	3597	1568	3602	1703	3654	1790	3655	1925	3675	4060	4095	1229.0	1145.1426004015927	1492.0683727264404	35	1	0.576970100402832	4.545454545454546	9.401709401709402			9.83158516767617	0.025536512301723716	10.933720367682632	0.40682011318639594	11.663166736665266	0.5416713968310602	12.147524071526822	0.6775974569181864	12.38355214697344	0.9063695326791952	12.542754470277526	0.8580520513694737	12.693351717006335	1.3043478260869565	12.740589337421223	1.631077141281223	12.829806962825593	1.9805332204824375	12.822436137850564	2.2759226713532517	12.811651444087879	2.588939767523776	12.756218099327555	3.1170650555993347	12.922758236067402	3.692201518288475	12.942286523038213	4.033898305084746	12.980564068743453	4.558262887452345	12.937197324928896	5.057768441464006	12.884622680881739	5.70647931303669	12.807254196642686	6.3915488676090595	12.781344550217696	6.593892904558195	12.775956284153006	7.128542799885486	12.700871946386105	7.865951369051766	12.69196508106182	8.40256670043904	12.576557550158396	8.69223720382249	12.467433216382396	9.15685650652243	12.37272977435333	9.704771925481216	12.232561298648372	10.198215462003713	12.289788779765908	10.387048105379213	12.245786846249205	10.812784362186148	12.22432890929049	4.752985249356122	4.761904761904762	13.405322862129147	7.426210446064974	10.32507259074102	6.086956521739131	4.761904761904762	3.7907550482142574	11.049999999999999	2.3491000000000004	0.11566263169044243	20.88889503479004	-8.583077033116372e-06	17.021768098400777	-1.336345838666785e-05	13.923439051671474	-8.685749580188771e-06	12.231143171387581	-7.877225562384672e-06	11.16323063972556	-7.040015447805325e-06	10.426479620237824	-8.216412077714933e-06	9.88753598031015	-9.434031486604199e-06	9.470160382727618	-9.628108943122481e-06	9.132080002444956	-7.640495060419943e-06	8.851417245238268	-7.794718298880679e-06	8.613655254169544	-5.67748909638219e-06	8.40506970966558	-4.630722994781175e-06	8.219351604475191	-4.718182933388693e-06	8.051240849419086	-6.009254251547383e-06	7.899111947968898	-6.125349144901259e-06	7.75895358418017	-4.993639351875548e-06	7.62770444854579	-5.091332134324616e-06	7.507158886923204	-5.191838429988058e-06	7.3891705227713125	-6.618037328377747e-06	7.277784529625759	-6.751857098294886e-06	7.17657953886161	-6.89048809461467e-06	7.074186807387862	-5.628855766199847e-06	6.97290646059017	-5.749910517017579e-06	6.874512822697578	-5.876252008943655e-06	6.78249963554058	-6.011710812663068e-06	6.691801604645691	-6.151612645254953e-06	6.604125237161774	-6.298081919151522e-06	6.518984565262971	-4.838483361262134e-06	6.433237633859433	-1.6528433864777576e-06
3	1	25	0	0	2258	82	2266	409	2280	371	2309	285	2318	245	2356	223	2376	221	2404	278	2438	309	2440	380	2462	500	2465	595	2489	695	2518	828	2528	936	2558	1087	2557	1238	2615	1335	2626	1459	2635	1590	2659	1683	2668	1756	2665	1859	2687	1889	2714	1903	2758	1973	2773	2046	2748	2093	2760	4063	4095	1025.0	1115.6024827035299	1353.2927436828613	32	1	0.5993976593017578	4.545454545454546	10.683760683760683			8.339488846210665	0.08053823110543634	9.135623286566682	0.3697542806516354	9.575808483830324	0.6016769108512674	9.925206327372765	0.7947130667558975	10.043762728021145	1.018626309662398	10.2004589340607	1.2671894533469712	10.237407902106941	1.5251897860593513	10.236756940895928	2.190528721140966	10.27564696956925	2.6153195090986037	10.167937658874026	3.3391915641476277	10.12918620916646	4.4029587883057415	9.985416835453293	5.209701427195517	9.915149583715094	5.995514147688061	9.899355244535304	7.016949152542374	9.807192458393141	7.757334659373447	9.831655008071335	8.782419002989416	9.701407595705126	9.664324746291959	9.798411270983214	10.14591883264934	9.689321821267804	10.761174214485912	9.599271402550091	11.379902662467794	9.58060099445125	11.7257716156901	9.506502761446642	11.860857818304627	9.380499824005632	12.16782301348344	9.33407440858721	12.020362710785873	9.335443037974683	11.778176641703286	9.366297629559194	11.815078747230373	9.32665141934616	11.87257006905356	9.20695547291185	11.75644554288603	9.180720486977348	4.7564973074221495	4.761904761904762	11.18019197207679	7.234643797028939	9.364749009133002	5.565217391304348	4.761904761904762	3.938106500318738	11.049999999999999	2.3491000000000004	0.11566263169044243	20.88889503479004	-8.583077033116372e-06	17.021768098400777	-1.336345838666785e-05	13.923439051671474	-8.685749580188771e-06	12.231143171387581	-7.877225562384672e-06	11.16323063972556	-7.040015447805325e-06	10.426479620237824	-8.216412077714933e-06	9.88753598031015	-9.434031486604199e-06	9.470160382727618	-9.628108943122481e-06	9.132080002444956	-7.640495060419943e-06	8.851417245238268	-7.794718298880679e-06	8.613655254169544	-5.67748909638219e-06	8.40506970966558	-4.630722994781175e-06	8.219351604475191	-4.718182933388693e-06	8.051240849419086	-6.009254251547383e-06	7.899111947968898	-6.125349144901259e-06	7.75895358418017	-4.993639351875548e-06	7.62770444854579	-5.091332134324616e-06	7.507158886923204	-5.191838429988058e-06	7.3891705227713125	-6.618037328377747e-06	7.277784529625759	-6.751857098294886e-06	7.17657953886161	-6.89048809461467e-06	7.074186807387862	-5.628855766199847e-06	6.97290646059017	-5.749910517017579e-06	6.874512822697578	-5.876252008943655e-06	6.78249963554058	-6.011710812663068e-06	6.691801604645691	-6.151612645254953e-06	6.604125237161774	-6.298081919151522e-06	6.518984565262971	-4.838483361262134e-06	6.433237633859433	-1.6528433864777576e-06
4	1	25	0	0	1669	116	1699	505	1704	472	1727	376	1753	414	1759	445	1740	529	1762	597	1776	728	1791	815	1811	963	1845	1065	1850	1168	1865	1184	1875	1266	1862	1336	1879	1397	1909	1427	1905	1473	1938	1522	1952	1559	1982	1583	2007	1586	2028	1588	2043	1617	2074	1613	2102	1626	2096	1654	2105	4062	4095	794.0	1084.3455236707546	1196.5682315826416	33	1	0.6230258941650391	4.545454545454546	10.683760683760683			6.164130595361206	0.11393213180769042	6.849701661022416	0.4565425714647332	7.1566568668626624	0.7654757464199413	7.423486932599725	1.0484635547376053	7.595649724858096	1.7212705804091135	7.615707667662466	2.5286964427775884	7.497091645482357	3.650793650793651	7.502980752853006	4.704121030651643	7.485458990137402	6.161658908167584	7.46343292911614	7.161687170474516	7.450835184728051	8.480098626276858	7.473871830187151	9.324927764644077	7.369637095167908	10.07591442374051	7.332127693033495	10.033898305084746	7.273926368468015	10.492292391844853	7.156583903451456	10.794215076351296	7.1290359297340355	10.905542544886806	7.1530275779376495	10.845113239094086	7.029001549701129	10.864434282342527	7.060109289617486	10.893215001431434	7.03322043669381	10.861840730160942	7.062177088900766	10.692333671057074	7.064413938753959	10.380939913601257	7.04484663216035	10.10499522748966	7.027380297193176	10.008046048152504	7.043401480676492	9.659261033594827	7.069823758912956	9.435385597400337	7.022481321405836	9.290569005223839	7.001962545321491	4.75532662140014	4.761904761904762	8.660558464223387	7.031943490883645	8.280219644552789	5.739130434782608	4.761904761904762	4.09334652146687	11.049999999999999	2.3491000000000004	0.11566263169044243	20.88889503479004	-8.583077033116372e-06	17.021768098400777	-1.336345838666785e-05	13.923439051671474	-8.685749580188771e-06	12.231143171387581	-7.877225562384672e-06	11.16323063972556	-7.040015447805325e-06	10.426479620237824	-8.216412077714933e-06	9.88753598031015	-9.434031486604199e-06	9.470160382727618	-9.628108943122481e-06	9.132080002444956	-7.640495060419943e-06	8.851417245238268	-7.794718298880679e-06	8.613655254169544	-5.67748909638219e-06	8.40506970966558	-4.630722994781175e-06	8.219351604475191	-4.718182933388693e-06	8.051240849419086	-6.009254251547383e-06	7.899111947968898	-6.125349144901259e-06	7.75895358418017	-4.993639351875548e-06	7.62770444854579	-5.091332134324616e-06	7.507158886923204	-5.191838429988058e-06	7.3891705227713125	-6.618037328377747e-06	7.277784529625759	-6.751857098294886e-06	7.17657953886161	-6.89048809461467e-06	7.074186807387862	-5.628855766199847e-06	6.97290646059017	-5.749910517017579e-06	6.874512822697578	-5.876252008943655e-06	6.78249963554058	-6.011710812663068e-06	6.691801604645691	-6.151612645254953e-06	6.604125237161774	-6.298081919151522e-06	6.518984565262971	-4.838483361262134e-06	6.433237633859433	-1.6528433864777576e-06
5	1	24	0	0	1199	135	1212	695	1240	795	1228	811	1224	830	1263	963	1286	1039	1294	1036	1305	1032	1296	1108	1308	1118	1342	1118	1378	1110	1380	1152	1405	1146	1402	1160	1434	1148	1442	1145	1470	1133	1483	1144	1519	1146	1551	1168	1560	1172	1608	1214	1605	1199	1637	1236	1658	1233	1666	1224	1688	4064	4095	579.0	1037.3993584055734	1034.234782218933	31	1	0.6479358673095703	4.545454545454546	10.256410256410255			4.4282759639533165	0.13259342925895007	4.886308659893566	0.6283110636989893	5.2078958420831585	1.2893076661098588	5.2785419532324624	2.261446656628186	5.303522682958533	3.450856477631798	5.468242628912845	5.472212751449028	5.540953940281787	7.170462387853692	5.510134559700221	8.16326530612245	5.500295034982719	8.734659331358442	5.400675084385549	9.736379613356766	5.38138731177487	9.845015850651638	5.436279672688974	9.788985202696788	5.489383738995339	9.575569358178054	5.425381349268752	9.76271186440678	5.450595492105365	9.497762307309795	5.388577138903836	9.372222671083462	5.440679895283986	8.961748633879782	5.403177458033573	8.701930384556924	5.423953951737879	8.356689777253282	5.402550091074682	8.187804179788149	5.473084960726382	7.98439350658399	5.5264564404062	7.889226612630868	5.4910242872228086	7.6711611467469565	5.585854726091639	7.72510340439071	5.520776004402862	7.420932103732128	5.559328941112545	7.401640816815378	5.5764832503699715	7.154877270353392	5.581800515964754	6.87524574509914	5.614875428267306	4.757667993444159	4.761904761904762	6.3154450261780095	6.727499220997328	7.156876586537998	5.391304347826087	4.761904761904762	4.257007699719583	11.049999999999999	2.3491000000000004	0.11566263169044243	20.88889503479004	-8.583077033116372e-06	17.021768098400777	-1.336345838666785e-05	13.923439051671474	-8.685749580188771e-06	12.231143171387581	-7.877225562384672e-06	11.16323063972556	-7.040015447805325e-06	10.426479620237824	-8.216412077714933e-06	9.88753598031015	-9.434031486604199e-06	9.470160382727618	-9.628108943122481e-06	9.132080002444956	-7.640495060419943e-06	8.851417245238268	-7.794718298880679e-06	8.613655254169544	-5.67748909638219e-06	8.40506970966558	-4.630722994781175e-06	8.219351604475191	-4.718182933388693e-06	8.051240849419086	-6.009254251547383e-06	7.899111947968898	-6.125349144901259e-06	7.75895358418017	-4.993639351875548e-06	7.62770444854579	-5.091332134324616e-06	7.507158886923204	-5.191838429988058e-06	7.3891705227713125	-6.618037328377747e-06	7.277784529625759	-6.751857098294886e-06	7.17657953886161	-6.89048809461467e-06	7.074186807387862	-5.628855766199847e-06	6.97290646059017	-5.749910517017579e-06	6.874512822697578	-5.876252008943655e-06	6.78249963554058	-6.011710812663068e-06	6.691801604645691	-6.151612645254953e-06	6.604125237161774	-6.298081919151522e-06	6.518984565262971	-4.838483361262134e-06	6.433237633859433	-1.6528433864777576e-06
6	1	20	0	0	979	148	993	1066	1004	1605	1003	1682	1032	1663	1036	1392	1064	1233	1043	1141	1054	1061	1081	999	1089	990	1112	945	1137	922	1144	918	1159	910	1184	931	1194	944	1216	950	1268	974	1291	968	1284	969	1295	986	1325	1008	1359	1001	1380	1027	1384	1042	1391	1049	1414	1058	1428	4060	4095	437.0	981.6401499188637	900.9404668807983	35	1	0.6686220169067383	4.545454545454546	8.547008547008547			3.6157482641453687	0.1453616854098119	4.003386550556362	0.9637116459037735	4.216715665686686	2.6029418919576393	4.311382393397524	4.690201327310245	4.47159755621994	6.914185930483951	4.485431008356064	7.90998977156495	4.584428454478866	8.509316770186336	4.44132175097939	8.990623276337562	4.442383882660373	8.98011002962336	4.504729757886403	8.778558875219684	4.480375215996051	8.717858400845369	4.50457749331605	8.274231678486997	4.529339122814006	7.953761214630779	4.497562509828589	7.779661016949152	4.496256352562362	7.5418531410575165	4.55069567222692	7.522016643774744	4.530105854232272	7.369242779078846	4.556354916067146	7.2199422404620766	4.678621503948048	7.183950435167429	4.703096539162114	6.928141998282279	4.626360164300642	6.751201839336724	4.614288259397827	6.659912191827086	4.6638507567757825	6.5977222149496	4.720880953208045	6.369710467706014	4.746835443037975	6.356378040477812	4.700129049786049	6.239894604467333	4.678460917529934	6.087158358962456	4.737494555566723	5.942818626074257	4.750024947610019	4.752985249356122	4.761904761904762	4.766579406631763	6.365902668408068	6.234483546811196	6.086956521739131	4.761904761904762	4.392917907126917	11.049999999999999	2.3491000000000004	0.11566263169044243	20.88889503479004	-8.583077033116372e-06	17.021768098400777	-1.336345838666785e-05	13.923439051671474	-8.685749580188771e-06	12.231143171387581	-7.877225562384672e-06	11.16323063972556	-7.040015447805325e-06	10.426479620237824	-8.216412077714933e-06	9.88753598031015	-9.434031486604199e-06	9.470160382727618	-9.628108943122481e-06	9.132080002444956	-7.640495060419943e-06	8.851417245238268	-7.794718298880679e-06	8.613655254169544	-5.67748909638219e-06	8.40506970966558	-4.630722994781175e-06	8.219351604475191	-4.718182933388693e-06	8.051240849419086	-6.009254251547383e-06	7.899111947968898	-6.125349144901259e-06	7.75895358418017	-4.993639351875548e-06	7.62770444854579	-5.091332134324616e-06	7.507158886923204	-5.191838429988058e-06	7.3891705227713125	-6.618037328377747e-06	7.277784529625759	-6.751857098294886e-06	7.17657953886161	-6.89048809461467e-06	7.074186807387862	-5.628855766199847e-06	6.97290646059017	-5.749910517017579e-06	6.874512822697578	-5.876252008943655e-06	6.78249963554058	-6.011710812663068e-06	6.691801604645691	-6.151612645254953e-06	6.604125237161774	-6.298081919151522e-06	6.518984565262971	-4.838483361262134e-06	6.433237633859433	-1.6528433864777576e-06
7	1	18	0	0	836	194	850	1695	847	2465	879	2385	896	1948	893	1514	908	1193	935	1005	935	946	955	881	997	844	1011	848	1000	860	1037	857	1058	849	1065	834	1076	852	1109	873	1130	842	1141	842	1165	853	1200	881	1218	898	1241	910	1262	938	1318	932	1323	975	1321	1012	1351	4063	4095	358.0	928.6897519071314	805.1394500732422	32	1	0.6842784881591797	4.545454545454546	7.6923076923076925			3.0876052592702026	0.19054166871286154	3.426866634413804	1.532355759668758	3.5573288534229315	3.9976646502651594	3.7783700137551586	6.650493558641458	3.8823172581134364	8.099118576417762	3.866302983071394	8.603250369360154	3.9122754104011372	8.233264320220842	3.981434167944132	7.918997714916082	3.9408244120374274	8.006771053745238	3.979664124682252	7.741652021089631	4.101867851559286	7.432194434660092	4.0954387102001135	7.424919008843359	3.98358761900968	7.4189095928226365	4.076898883472245	7.26271186440678	4.104434185514219	7.036300348085529	4.093320009224383	6.738304920416903	4.08240695071518	6.6510538641686185	4.155425659472422	6.6347469220246245	4.169433990111431	6.210355509662192	4.156648451730419	6.02633839106785	4.197593139727607	5.943008430293319	4.275788348476751	5.950692333671057	4.2872228088701165	5.877732687524545	4.310973703407788	5.79064587973274	4.340946615299945	5.805533205421798	4.475989947700876	5.581172525300916	4.449751109915242	5.65774966633784	4.425905451134117	5.684435207549289	4.493896151415361	4.7564973074221495	4.761904761904762	3.904886561954625	6.022521155310812	5.57154311399621	5.565217391304348	4.761904761904762	4.4957825917890455	11.049999999999999	2.3491000000000004	0.11566263169044243	20.88889503479004	-8.583077033116372e-06	17.021768098400777	-1.336345838666785e-05	13.923439051671474	-8.685749580188771e-06	12.231143171387581	-7.877225562384672e-06	11.16323063972556	-7.040015447805325e-06	10.426479620237824	-8.216412077714933e-06	9.88753598031015	-9.434031486604199e-06	9.470160382727618	-9.628108943122481e-06	9.132080002444956	-7.640495060419943e-06	8.851417245238268	-7.794718298880679e-06	8.613655254169544	-5.67748909638219e-06	8.40506970966558	-4.630722994781175e-06	8.219351604475191	-4.718182933388693e-06	8.051240849419086	-6.009254251547383e-06	7.899111947968898	-6.125349144901259e-06	7.75895358418017	-4.993639351875548e-06	7.62770444854579	-5.091332134324616e-06	7.507158886923204	-5.191838429988058e-06	7.3891705227713125	-6.618037328377747e-06	7.277784529625759	-6.751857098294886e-06	7.17657953886161	-6.89048809461467e-06	7.074186807387862	-5.628855766199847e-06	6.97290646059017	-5.749910517017579e-06	6.874512822697578	-5.876252008943655e-06	6.78249963554058	-6.011710812663068e-06	6.691801604645691	-6.151612645254953e-06	6.604125237161774	-6.298081919151522e-06	6.518984565262971	-4.838483361262134e-06	6.433237633859433	-1.6528433864777576e-06
8	1	14	0	0	812	251	839	2092	837	3000	844	2552	808	1936	849	1484	883	1164	900	891	897	918	906	885	941	838	973	811	999	807	1007	760	1004	799	1026	826	1055	803	1081	813	1099	838	1122	840	1133	840	1152	831	1168	865	1202	900	1214	897	1249	919	1270	962	1301	994	1316	4065	4095	326.0	895.6717749611729	756.6084508895874	30	1	0.6911725997924805	4.545454545454546	5.982905982905983			2.998965873836608	0.24652556106664045	3.382518948556684	1.8912615039687564	3.515329693406132	4.865311947584373	3.6279229711141676	7.116167531091406	3.5010182416915807	8.049226675536337	3.675802052214573	8.43277645186953	3.804558576414322	8.03312629399586	3.832396525293817	7.02072334725396	3.7806625642754783	7.76978417266187	3.775471933991749	7.7768014059753945	3.8714720645108205	7.379358929200423	3.941505306651543	7.10095438227826	3.97960403139067	6.961697722567288	3.9589558106620535	6.440677966101695	3.8949451061023392	6.621912812862589	3.943423783534476	6.6736689019956374	4.002731722123156	6.268540202966433	4.050509592326139	6.17875056999544	4.055051287727843	6.18085263313173	4.087431693989071	6.012024048096192	4.082294444044102	5.852435031003971	4.10475681453768	5.612968591691996	4.111228440689898	5.661735829297029	4.1754958835585505	5.727012408526885	4.175839295542103	5.551773225227455	4.241662704611832	5.5033235523085215	4.271491995156733	5.582313004120002	4.358897041578718	5.583328652474302	4.37747397132688	4.758838679466168	4.761904761904762	3.555846422338569	5.808400708461642	5.2357099185262195	5.217391304347826	4.761904761904762	4.541077639935633	11.049999999999999	2.3491000000000004	0.11566263169044243	20.88889503479004	-8.583077033116372e-06	17.021768098400777	-1.336345838666785e-05	13.923439051671474	-8.685749580188771e-06	12.231143171387581	-7.877225562384672e-06	11.16323063972556	-7.040015447805325e-06	10.426479620237824	-8.216412077714933e-06	9.88753598031015	-9.434031486604199e-06	9.470160382727618	-9.628108943122481e-06	9.132080002444956	-7.640495060419943e-06	8.851417245238268	-7.794718298880679e-06	8.613655254169544	-5.67748909638219e-06	8.40506970966558	-4.630722994781175e-06	8.219351604475191	-4.718182933388693e-06	8.051240849419086	-6.009254251547383e-06	7.899111947968898	-6.125349144901259e-06	7.75895358418017	-4.993639351875548e-06	7.62770444854579	-5.091332134324616e-06	7.507158886923204	-5.191838429988058e-06	7.3891705227713125	-6.618037328377747e-06	7.277784529625759	-6.751857098294886e-06	7.17657953886161	-6.89048809461467e-06	7.074186807387862	-5.628855766199847e-06	6.97290646059017	-5.749910517017579e-06	6.874512822697578	-5.876252008943655e-06	6.78249963554058	-6.011710812663068e-06	6.691801604645691	-6.151612645254953e-06	6.604125237161774	-6.298081919151522e-06	6.518984565262971	-4.838483361262134e-06	6.433237633859433	-1.6528433864777576e-06
9	1	13	0	0	728	472	738	3603	739	3885	777	2878	786	1849	800	1298	813	1036	826	966	850	865	849	774	842	730	864	714	884	742	913	751	928	731	944	730	941	725	970	758	1009	793	1029	798	1041	807	1064	829	1083	841	1107	847	1117	861	1143	881	1138	916	1154	929	1167	4068	4095	266.0	828.7356749783864	657.7320261001587	27	1	0.709223747253418	4.545454545454546	5.555555555555555			2.688728024819028	0.46358591563129203	2.9753265602322205	3.257273039579077	3.103737925241495	6.300578972121762	3.3399243466299864	8.025207740784117	3.405693487586117	7.687510394146018	3.463653288305841	7.375838163427663	3.502951441251239	7.149758454106281	3.5172883665474366	7.611693325979041	3.5825676473067523	7.32120186203978	3.5379422427803475	6.80140597539543	3.464165226692997	6.428319830926382	3.499959491209592	6.25164171263462	3.521491455204557	6.40096618357488	3.589400849190124	6.364406779661016	3.600108623967103	6.05834576495939	3.6282573602890307	5.8980366809404545	3.5702090526235915	5.6596409055425445	3.634592326139089	5.760753913968688	3.7229724743561365	5.848945272164037	3.7486338797814205	5.7114228456913825	3.7508106939540244	5.622517940500244	3.791199002316052	5.5994596420128335	3.8120380147835267	5.504647205131562	3.8454858095668185	5.389755011135858	3.842184920198129	5.328959584081203	3.881681722475039	5.275765015869214	3.8275258980223326	5.315383276272268	3.866385231346534	5.218221648036848	3.881848118950205	4.762350737532193	4.761904761904762	2.9013961605584644	5.374322398269797	4.55148774605412	4.695652173913043	4.761904761904762	4.65967560249181	11.049999999999999	2.3491000000000004	0.11566263169044243	20.88889503479004	-8.583077033116372e-06	17.021768098400777	-1.336345838666785e-05	13.923439051671474	-8.685749580188771e-06	12.231143171387581	-7.877225562384672e-06	11.16323063972556	-7.040015447805325e-06	10.426479620237824	-8.216412077714933e-06	9.88753598031015	-9.434031486604199e-06	9.470160382727618	-9.628108943122481e-06	9.132080002444956	-7.640495060419943e-06	8.851417245238268	-7.794718298880679e-06	8.613655254169544	-5.67748909638219e-06	8.40506970966558	-4.630722994781175e-06	8.219351604475191	-4.718182933388693e-06	8.051240849419086	-6.009254251547383e-06	7.899111947968898	-6.125349144901259e-06	7.75895358418017	-4.993639351875548e-06	7.62770444854579	-5.091332134324616e-06	7.507158886923204	-5.191838429988058e-06	7.3891705227713125	-6.618037328377747e-06	7.277784529625759	-6.751857098294886e-06	7.17657953886161	-6.89048809461467e-06	7.074186807387862	-5.628855766199847e-06	6.97290646059017	-5.749910517017579e-06	6.874512822697578	-5.876252008943655e-06	6.78249963554058	-6.011710812663068e-06	6.691801604645691	-6.151612645254953e-06	6.604125237161774	-6.298081919151522e-06	6.518984565262971	-4.838483361262134e-06	6.433237633859433	-1.6528433864777576e-06
10	1	13	0	0	688	1145	686	5810	688	4865	696	2896	679	1770	718	1166	705	933	716	789	715	698	720	690	724	638	764	664	771	697	768	698	796	694	828	677	845	721	849	691	869	723	890	716	914	719	898	752	923	771	928	764	958	804	970	826	992	851	993	868	1002	4073	4095	204.0	713.1274217583497	520.2844562530518	22	1	0.7362089157104492	4.545454545454546	5.555555555555555			2.5409957157630374	1.1245887148259097	2.7656829543621995	5.2524996835843565	2.8895422091558167	7.889914208332657	2.9917469050894088	8.075400145000279	2.9420685471640886	7.359055380009978	3.108628826254492	6.625752926468917	3.037614718428196	6.438923395445134	3.0488843467893036	6.217004176187849	3.0135716092050915	5.907744392721117	3.00037504688086	6.063268892794376	2.978688389698017	5.6181754138781255	3.094871587134408	5.813851676735837	3.0713460542564635	6.012767425810904	3.019342663940871	5.915254237288135	3.088024207626954	5.751698988894414	3.182412176185718	5.469823058899572	3.2059794362029064	5.628415300546448	3.181205035971223	5.2515579875361	3.206405431333481	5.332644932880956	3.242258652094718	5.124534783853421	3.2932189954601143	5.009405699156971	3.199714947443435	5.079365079365079	3.2488560366068286	5.046472051315617	3.2236773543613437	4.861597200127267	3.295266923500275	4.976171318932971	3.294165591251783	4.946403976286005	3.336472487555496	4.938199965183078	3.3269675344255707	4.875582766949391	3.3330006985330805	4.768204167642239	4.761904761904762	2.225130890052356	4.62460684545316	3.6003542979942855	3.826086956521739	4.761904761904762	4.8369710351043205	11.049999999999999	2.3491000000000004	0.11566263169044243	20.88889503479004	-8.583077033116372e-06	17.021768098400777	-1.336345838666785e-05	13.923439051671474	-8.685749580188771e-06	12.231143171387581	-7.877225562384672e-06	11.16323063972556	-7.040015447805325e-06	10.426479620237824	-8.216412077714933e-06	9.88753598031015	-9.434031486604199e-06	9.470160382727618	-9.628108943122481e-06	9.132080002444956	-7.640495060419943e-06	8.851417245238268	-7.794718298880679e-06	8.613655254169544	-5.67748909638219e-06	8.40506970966558	-4.630722994781175e-06	8.219351604475191	-4.718182933388693e-06	8.051240849419086	-6.009254251547383e-06	7.899111947968898	-6.125349144901259e-06	7.75895358418017	-4.993639351875548e-06	7.62770444854579	-5.091332134324616e-06	7.507158886923204	-5.191838429988058e-06	7.3891705227713125	-6.618037328377747e-06	7.277784529625759	-6.751857098294886e-06	7.17657953886161	-6.89048809461467e-06	7.074186807387862	-5.628855766199847e-06	6.97290646059017	-5.749910517017579e-06	6.874512822697578	-5.876252008943655e-06	6.78249963554058	-6.011710812663068e-06	6.691801604645691	-6.151612645254953e-06	6.604125237161774	-6.298081919151522e-06	6.518984565262971	-4.838483361262134e-06	6.433237633859433	-1.6528433864777576e-06
11	1	8	0	0	648	2332	640	8103	642	4951	642	2687	643	1650	637	1115	608	937	631	787	619	686	640	640	650	644	649	661	664	610	657	663	676	626	695	626	699	620	693	641	713	648	705	657	733	654	756	679	752	688	765	692	771	690	806	706	802	705	807	736	811	4067	4095	164.0	603.8604105851991	408.9877862930298	28	1	0.7609748840332031	4.545454545454546	3.418803418803419			2.393263406707047	2.290428718754604	2.580228995323335	7.325474171443036	2.6963460730785385	8.02938648416341	2.7596286107290235	7.4926105627126205	2.786082585900602	6.860136371195742	2.7579339308135253	6.335947266734856	2.6196734025593518	6.466528640441684	2.6869357860671097	6.201244976755181	2.6089522043327995	5.80617858654253	2.6670000416718755	5.623901581722319	2.674236813955402	5.671010919337795	2.6290204974479465	5.787584274581911	2.6451021790224276	5.262249827467218	2.5829532945431675	5.618644067796611	2.6224929200450013	5.188131940991215	2.6712276116534706	5.057768441464006	2.652046894563114	4.839968774395004	2.5966726618705036	4.871561027511779	2.6308021548225224	4.779465997934799	2.5683060109289615	4.702261666189522	2.6410607480002883	4.556538702710235	2.693746659540353	4.58628841607565	2.646955297430482	4.503207226076712	2.6574495431965817	4.403436207445116	2.652036323610347	4.2705947886365045	2.737213883040141	4.227798071740823	2.697430378043858	4.090988220275054	2.703789325560358	4.134134696399483	2.697668230050228	4.761180051510185	4.761904761904762	1.7888307155322862	3.9160140295891948	2.8301843664748945	4.869565217391305	4.761904761904762	4.999686086331146	11.049999999999999	2.3491000000000004	0.11566263169044243	20.88889503479004	-8.583077033116372e-06	17.021768098400777	-1.336345838666785e-05	13.923439051671474	-8.685749580188771e-06	12.231143171387581	-7.877225562384672e-06	11.16323063972556	-7.040015447805325e-06	10.426479620237824	-8.216412077714933e-06	9.88753598031015	-9.434031486604199e-06	9.470160382727618	-9.628108943122481e-06	9.132080002444956	-7.640495060419943e-06	8.851417245238268	-7.794718298880679e-06	8.613655254169544	-5.67748909638219e-06	8.40506970966558	-4.630722994781175e-06	8.219351604475191	-4.718182933388693e-06	8.051240849419086	-6.009254251547383e-06	7.899111947968898	-6.125349144901259e-06	7.75895358418017	-4.993639351875548e-06	7.62770444854579	-5.091332134324616e-06	7.507158886923204	-5.191838429988058e-06	7.3891705227713125	-6.618037328377747e-06	7.277784529625759	-6.751857098294886e-06	7.17657953886161	-6.89048809461467e-06	7.074186807387862	-5.628855766199847e-06	6.97290646059017	-5.749910517017579e-06	6.874512822697578	-5.876252008943655e-06	6.78249963554058	-6.011710812663068e-06	6.691801604645691	-6.151612645254953e-06	6.604125237161774	-6.298081919151522e-06	6.518984565262971	-4.838483361262134e-06	6.433237633859433	-1.6528433864777576e-06
12	1	2	0	0	695	4045	677	9135	675	4861	619	2463	615	1510	589	1112	600	882	600	729	585	670	585	672	600	634	614	628	630	589	633	608	617	600	593	587	585	596	579	601	589	614	592	624	578	618	579	597	595	580	598	581	612	594	614	594	602	567	585	587	577	4068	4095	144.0	542.1001347056102	348.466233253479	27	1	0.7763423919677734	4.545454545454546	0.8547008547008548			2.566848869847836	3.9728920100181706	2.7293984841154653	8.258448297683838	2.8349433011339773	7.883427125735879	2.66076341127923	6.867993976911493	2.6647601715845575	6.278064194245801	2.550114733515175	6.318899874985793	2.585204015683571	6.086956521739131	2.5549310168625445	5.744228193207785	2.4656494984405293	5.670757511637749	2.437804725590699	5.905096660808436	2.4685262898049865	5.58295174357168	2.4872397310216314	5.4986428508887135	2.5096601999760986	5.081090407177364	2.488598836295015	5.1525423728813555	2.393606703650541	4.972650422675286	2.2791913290798678	4.742667851660338	2.2195242250635507	4.652615144418423	2.1695143884892087	4.567563459492324	2.1732713452881707	4.528691547425874	2.156648451730419	4.466075007157171	2.0825826907833105	4.305720058524351	2.063067878140032	4.032421479229989	2.0943329813445972	3.7963084173321118	2.0773265710216418	3.6971046770601332	2.105118326912493	3.676425078913165	2.0851728587923657	3.557099227498653	2.0247544732947667	3.2901990367318517	1.9599959794954265	3.297197101612088	1.91930279745867	4.762350737532193	4.761904761904762	1.5706806282722512	3.515500760998877	2.411376864178005	4.695652173913043	4.761904761904762	5.100652251199608	11.049999999999999	2.3491000000000004	0.11566263169044243	20.88889503479004	-8.583077033116372e-06	17.021768098400777	-1.336345838666785e-05	13.923439051671474	-8.685749580188771e-06	12.231143171387581	-7.877225562384672e-06	11.16323063972556	-7.040015447805325e-06	10.426479620237824	-8.216412077714933e-06	9.88753598031015	-9.434031486604199e-06	9.470160382727618	-9.628108943122481e-06	9.132080002444956	-7.640495060419943e-06	8.851417245238268	-7.794718298880679e-06	8.613655254169544	-5.67748909638219e-06	8.40506970966558	-4.630722994781175e-06	8.219351604475191	-4.718182933388693e-06	8.051240849419086	-6.009254251547383e-06	7.899111947968898	-6.125349144901259e-06	7.75895358418017	-4.993639351875548e-06	7.62770444854579	-5.091332134324616e-06	7.507158886923204	-5.191838429988058e-06	7.3891705227713125	-6.618037328377747e-06	7.277784529625759	-6.751857098294886e-06	7.17657953886161	-6.89048809461467e-06	7.074186807387862	-5.628855766199847e-06	6.97290646059017	-5.749910517017579e-06	6.874512822697578	-5.876252008943655e-06	6.78249963554058	-6.011710812663068e-06	6.691801604645691	-6.151612645254953e-06	6.604125237161774	-6.298081919151522e-06	6.518984565262971	-4.838483361262134e-06	6.433237633859433	-1.6528433864777576e-06
13	1	4	0	0	778	5082	645	9583	630	4898	595	2431	594	1547	566	1055	558	917	541	737	528	628	542	620	527	600	518	567	516	577	531	547	524	537	487	543	501	522	504	521	508	520	504	527	506	510	512	482	520	499	523	513	513	506	507	501	511	514	509	520	511	4074	4095	133.0	514.4767173228306	317.35402393341064	21	1	0.7884664535522461	4.545454545454546	1.7094017094017095			2.873393411139016	4.9914059814369205	2.6003870343492985	8.663460321478293	2.645947081058379	7.943432639756086	2.5575997248968365	6.778763036082762	2.5737683608475237	6.431897555296858	2.450534701476382	5.994999431753608	2.404239734585721	6.328502415458938	2.303696133537728	5.807264990938461	2.225406726797606	5.315277190012696	2.25861566029087	5.448154657293498	2.16818892454538	5.2835505459668894	2.098355343109455	4.964539007092199	2.055531211408995	4.977570738440304	2.087592388740368	4.635593220338983	2.0328199557745275	4.450522128294381	1.8717810746406334	4.387169750343379	1.900823310695451	4.074941451990632	1.8884892086330936	3.959568323453412	1.8744004132536345	3.835373948960023	1.8360655737704918	3.771829373031778	1.823160625495424	3.5532641259666966	1.8243363620167468	3.255656872678149	1.8303414290742697	3.2661343107736616	1.8167923020808003	3.2643970728603247	1.7645844799119428	3.1317695116667696	1.7217958296542824	3.0001796514761363	1.7186869366339297	2.982649567689897	1.7053640231849096	2.920856035499635	1.6997638292918207	4.769374853664248	4.761904761904762	1.4506980802792322	3.3363638476991087	2.1960812211901137	3.6521739130434785	4.761904761904762	5.1803086278889925	11.049999999999999	2.3491000000000004	0.11566263169044243	20.88889503479004	-8.583077033116372e-06	17.021768098400777	-1.336345838666785e-05	13.923439051671474	-8.685749580188771e-06	12.231143171387581	-7.877225562384672e-06	11.16323063972556	-7.040015447805325e-06	10.426479620237824	-8.216412077714933e-06	9.88753598031015	-9.434031486604199e-06	9.470160382727618	-9.628108943122481e-06	9.132080002444956	-7.640495060419943e-06	8.851417245238268	-7.794718298880679e-06	8.613655254169544	-5.67748909638219e-06	8.40506970966558	-4.630722994781175e-06	8.219351604475191	-4.718182933388693e-06	8.051240849419086	-6.009254251547383e-06	7.899111947968898	-6.125349144901259e-06	7.75895358418017	-4.993639351875548e-06	7.62770444854579	-5.091332134324616e-06	7.507158886923204	-5.191838429988058e-06	7.3891705227713125	-6.618037328377747e-06	7.277784529625759	-6.751857098294886e-06	7.17657953886161	-6.89048809461467e-06	7.074186807387862	-5.628855766199847e-06	6.97290646059017	-5.749910517017579e-06	6.874512822697578	-5.876252008943655e-06	6.78249963554058	-6.011710812663068e-06	6.691801604645691	-6.151612645254953e-06	6.604125237161774	-6.298081919151522e-06	6.518984565262971	-4.838483361262134e-06	6.433237633859433	-1.6528433864777576e-06
14	1	4	0	0	822	6941	759	9866	678	4584	598	2299	558	1626	519	1074	474	778	456	705	466	625	459	567	439	542	437	503	423	458	415	459	421	455	408	438	407	437	399	429	399	419	403	420	422	410	428	413	432	399	429	409	434	408	444	430	429	432	424	425	423	4073	4095	122.0	475.5171027631751	279.78854751586914	22	1	0.8016395568847656	4.545454545454546	1.7094017094017095			3.035898951100606	6.817266611010166	3.0599903241412676	8.91930497043774	2.8475430491390172	7.434196655908922	2.5704951856946354	6.410685405164241	2.4177823995840373	6.760352569432896	2.2470450707884138	6.102966246164336	2.042311172390021	5.369220151828848	1.9417475728155338	5.555117800015759	1.964090027817584	5.289885738468049	1.9127390923865482	4.982425307557118	1.8061384020406486	4.772807326523424	1.7702341408085556	4.404167761141756	1.6850575628410949	3.9510006901311248	1.6315458405409655	3.889830508474576	1.6332389339333515	3.7709265705287582	1.5681451302944116	3.5388220085642725	1.54418181128353	3.4113973458235756	1.4950539568345325	3.260373917008664	1.4722160726145672	3.090426316565865	1.4681238615664844	3.006012024048096	1.5205015493262233	2.8565456698947953	1.5250311776233743	2.789598108747045	1.5205913410770855	2.6115983767508837	1.4902560183416125	2.60260897231944	1.49284534947716	2.525221266324194	1.507844868572981	2.5750044912869035	1.4428898156868022	2.5068183137004585	1.420578282574463	2.3872381059372016	1.4070452050693545	4.768204167642239	4.761904761904762	1.330715532286213	3.0837120849264066	1.9361291452620235	3.826086956521739	4.761904761904762	5.266857320660995	11.049999999999999	2.3491000000000004	0.11566263169044243	20.88889503479004	-8.583077033116372e-06	17.021768098400777	-1.336345838666785e-05	13.923439051671474	-8.685749580188771e-06	12.231143171387581	-7.877225562384672e-06	11.16323063972556	-7.040015447805325e-06	10.426479620237824	-8.216412077714933e-06	9.88753598031015	-9.434031486604199e-06	9.470160382727618	-9.628108943122481e-06	9.132080002444956	-7.640495060419943e-06	8.851417245238268	-7.794718298880679e-06	8.613655254169544	-5.67748909638219e-06	8.40506970966558	-4.630722994781175e-06	8.219351604475191	-4.718182933388693e-06	8.051240849419086	-6.009254251547383e-06	7.899111947968898	-6.125349144901259e-06	7.75895358418017	-4.993639351875548e-06	7.62770444854579	-5.091332134324616e-06	7.507158886923204	-5.191838429988058e-06	7.3891705227713125	-6.618037328377747e-06	7.277784529625759	-6.751857098294886e-06	7.17657953886161	-6.89048809461467e-06	7.074186807387862	-5.628855766199847e-06	6.97290646059017	-5.749910517017579e-06	6.874512822697578	-5.876252008943655e-06	6.78249963554058	-6.011710812663068e-06	6.691801604645691	-6.151612645254953e-06	6.604125237161774	-6.298081919151522e-06	6.518984565262971	-4.838483361262134e-06	6.433237633859433	-1.6528433864777576e-06
15	1	3	0	0	1029	9636	823	9801	635	4502	521	2359	450	1405	420	989	382	789	385	606	350	520	358	423	344	410	342	391	348	363	337	344	325	360	329	334	329	346	329	345	331	329	330	327	326	329	311	331	310	333	305	333	297	324	293	315	303	307	308	302	293	4073	4095	111.0	441.3706353552789	244.63852787017822	22	1	0.8181076049804688	4.545454545454546	1.282051282051282			3.800413650465357	9.464224328438835	3.3180132236736006	8.860542065199702	2.6669466610667785	7.3012114626749485	2.2395116918844566	6.577993419218115	1.9498245157935787	5.841510061533344	1.8184179763605663	5.619956813274236	1.6459132233185403	5.445134575569358	1.639414069153466	4.775037428098653	1.475174913596898	4.401184934405417	1.4918531483102053	3.717047451669596	1.4152884061548587	3.610426206410708	1.3854006319371304	3.4235180807284826	1.3862884914153688	3.1314699792960665	1.3248938512344708	2.9152542372881354	1.2608139038677892	2.9835902536051715	1.2645091859481898	2.698553769087824	1.2482452479417234	2.701014832162373	1.232763788968825	2.6219790241678065	1.2213120802892776	2.4266115946304767	1.2021857923497268	2.3403950758660175	1.174605462275708	2.2922037204765555	1.1081418136468912	2.2357311719013846	1.0911650827173531	2.1796046602958503	1.059506027026088	2.1189945911549475	1.021601541001651	2.0053227703162717	0.9950417713781159	1.8863404994311037	1.0191039956948742	1.781465792375094	1.0319295071531478	1.696343312924788	0.9746199647407111	4.768204167642239	4.761904761904762	1.2107329842931938	2.862273416177372	1.6928919645525633	3.826086956521739	4.761904761904762	5.375054151674313	11.049999999999999	2.3491000000000004	0.11566263169044243	20.88889503479004	-8.583077033116372e-06	17.021768098400777	-1.336345838666785e-05	13.923439051671474	-8.685749580188771e-06	12.231143171387581	-7.877225562384672e-06	11.16323063972556	-7.040015447805325e-06	10.426479620237824	-8.216412077714933e-06	9.88753598031015	-9.434031486604199e-06	9.470160382727618	-9.628108943122481e-06	9.132080002444956	-7.640495060419943e-06	8.851417245238268	-7.794718298880679e-06	8.613655254169544	-5.67748909638219e-06	8.40506970966558	-4.630722994781175e-06	8.219351604475191	-4.718182933388693e-06	8.051240849419086	-6.009254251547383e-06	7.899111947968898	-6.125349144901259e-06	7.75895358418017	-4.993639351875548e-06	7.62770444854579	-5.091332134324616e-06	7.507158886923204	-5.191838429988058e-06	7.3891705227713125	-6.618037328377747e-06	7.277784529625759	-6.751857098294886e-06	7.17657953886161	-6.89048809461467e-06	7.074186807387862	-5.628855766199847e-06	6.97290646059017	-5.749910517017579e-06	6.874512822697578	-5.876252008943655e-06	6.78249963554058	-6.011710812663068e-06	6.691801604645691	-6.151612645254953e-06	6.604125237161774	-6.298081919151522e-06	6.518984565262971	-4.838483361262134e-06	6.433237633859433	-1.6528433864777576e-06
16	1	2	0	0	1115	10993	769	9929	602	4188	467	2258	405	1367	348	890	331	679	315	507	313	433	312	352	301	339	312	324	321	307	292	311	282	299	273	319	272	304	261	283	269	287	263	267	270	262	269	263	259	269	246	266	250	266	253	264	249	248	257	257	258	4075	4095	105.0	420.54345460425657	226.84852504730225	20	1	0.8266029357910156	4.545454545454546	0.8547008547008548			4.118038114935736	10.7970338358788	3.1003064021931945	8.976259786283833	2.52834943301134	6.791975478827784	2.007393397524072	6.296358262227428	1.7548420642142206	5.683519042075503	1.5066891804130407	5.057392885555177	1.4261708819854366	4.685990338164251	1.3413387838528361	3.994957056181546	1.3192278513023687	3.664832839610664	1.3001625203150393	3.093145869947276	1.2383773553855015	2.9852060584712925	1.263874260714575	2.8368794326241136	1.2787316257021073	2.6483781918564526	1.1479792420191854	2.635593220338983	1.0939985258175893	2.4780374606331845	1.0492735798293489	2.577361234547952	1.0319839131919413	2.3731459797033567	0.9779676258992805	2.15078279373765	0.9925466755221016	2.1168313910606282	0.9581056466302368	1.9109647867162898	0.972832744829574	1.8254023549083813	0.9584892214502049	1.7764268828098613	0.9116508271735305	1.7607016625212726	0.8545524021259597	1.6926503340757237	0.8599339570720967	1.6463452373584204	0.859199891326496	1.5809329899994011	0.8374815014126193	1.4390994023095225	0.8610580627868798	1.4435769252373196	0.8581977846522303	4.770545539686257	4.761904761904762	1.1452879581151831	2.727209864091296	1.5697856284802827	3.4782608695652173	4.761904761904762	5.4308693804597326	11.049999999999999	2.3491000000000004	0.11566263169044243	20.88889503479004	-8.583077033116372e-06	17.021768098400777	-1.336345838666785e-05	13.923439051671474	-8.685749580188771e-06	12.231143171387581	-7.877225562384672e-06	11.16323063972556	-7.040015447805325e-06	10.426479620237824	-8.216412077714933e-06	9.88753598031015	-9.434031486604199e-06	9.470160382727618	-9.628108943122481e-06	9.132080002444956	-7.640495060419943e-06	8.851417245238268	-7.794718298880679e-06	8.613655254169544	-5.67748909638219e-06	8.40506970966558	-4.630722994781175e-06	8.219351604475191	-4.718182933388693e-06	8.051240849419086	-6.009254251547383e-06	7.899111947968898	-6.125349144901259e-06	7.75895358418017	-4.993639351875548e-06	7.62770444854579	-5.091332134324616e-06	7.507158886923204	-5.191838429988058e-06	7.3891705227713125	-6.618037328377747e-06	7.277784529625759	-6.751857098294886e-06	7.17657953886161	-6.89048809461467e-06	7.074186807387862	-5.628855766199847e-06	6.97290646059017	-5.749910517017579e-06	6.874512822697578	-5.876252008943655e-06	6.78249963554058	-6.011710812663068e-06	6.691801604645691	-6.151612645254953e-06	6.604125237161774	-6.298081919151522e-06	6.518984565262971	-4.838483361262134e-06	6.433237633859433	-1.6528433864777576e-06
17	1	2	0	0	1222	12764	769	9464	549	4353	470	2052	383	1224	329	769	316	530	296	472	302	372	252	336	256	318	231	295	217	280	221	256	209	238	214	213	229	227	228	208	222	212	229	221	222	236	225	223	228	232	244	223	235	224	238	230	236	238	231	233	234	4074	4095	99.0	402.10973264286423	208.47171020507812	21	1	0.8375616073608398	4.545454545454546	0.8547008547008548			4.513222041660511	12.53646319304621	3.1003064021931945	8.55587900265789	2.305753884922302	7.059567635944925	2.0202888583218708	5.721934080642463	1.659517310108757	5.088973889905205	1.424427414815777	4.369814751676327	1.3615407815933476	3.657694962042788	1.260432634985522	3.7191710661098414	1.272865211160752	3.1485399915361825	1.050131266408301	2.952548330404218	1.0532378836501275	2.8002817893624514	0.9357530584136757	2.5829612118028193	0.8644385133251007	2.4154589371980677	0.8688473030350684	2.169491525423729	0.8108003258719012	1.972484667661197	0.8225074948112846	1.7209339904661873	0.8688393975035095	1.7720530835284933	0.85431654676259	1.5807873537011703	0.8191277396502104	1.5636524561144713	0.8342440801457195	1.581734898368165	0.7998847013043165	1.6442555563296872	0.8017103153393906	1.5062478892266127	0.8025343189017952	1.5185233669328446	0.8476048216208706	1.4190264078905506	0.8083379196477711	1.3863959893544593	0.8082591863071386	1.3773279837115995	0.7937575676039285	1.3810712006034933	0.7739471303648607	1.3087681851373365	0.7783654325915578	4.769374853664248	4.761904761904762	1.0798429319371727	2.6076678100785107	1.442618569181346	3.6521739130434785	4.761904761904762	5.502869020555519	11.049999999999999	2.3491000000000004	0.11566263169044243	20.88889503479004	-8.583077033116372e-06	17.021768098400777	-1.336345838666785e-05	13.923439051671474	-8.685749580188771e-06	12.231143171387581	-7.877225562384672e-06	11.16323063972556	-7.040015447805325e-06	10.426479620237824	-8.216412077714933e-06	9.88753598031015	-9.434031486604199e-06	9.470160382727618	-9.628108943122481e-06	9.132080002444956	-7.640495060419943e-06	8.851417245238268	-7.794718298880679e-06	8.613655254169544	-5.67748909638219e-06	8.40506970966558	-4.630722994781175e-06	8.219351604475191	-4.718182933388693e-06	8.051240849419086	-6.009254251547383e-06	7.899111947968898	-6.125349144901259e-06	7.75895358418017	-4.993639351875548e-06	7.62770444854579	-5.091332134324616e-06	7.507158886923204	-5.191838429988058e-06	7.3891705227713125	-6.618037328377747e-06	7.277784529625759	-6.751857098294886e-06	7.17657953886161	-6.89048809461467e-06	7.074186807387862	-5.628855766199847e-06	6.97290646059017	-5.749910517017579e-06	6.874512822697578	-5.876252008943655e-06	6.78249963554058	-6.011710812663068e-06	6.691801604645691	-6.151612645254953e-06	6.604125237161774	-6.298081919151522e-06	6.518984565262971	-4.838483361262134e-06	6.433237633859433	-1.6528433864777576e-06
18	1	1	0	0	1151	14972	721	9476	500	3976	411	1840	344	944	294	626	240	442	228	377	209	328	207	259	193	233	190	209	180	202	184	192	188	186	197	177	202	185	201	188	203	198	193	205	202	204	195	199	182	195	198	200	201	200	206	189	214	202	207	202	197	4075	4095	94.0	385.72819775624987	192.98765182495117	20	1	0.8483610153198242	4.545454545454546	0.4273504273504274			4.2509971930861274	14.705102391592595	2.906789227543945	8.566727539009529	2.099958000839983	6.448160101198488	1.7666781292984868	5.130779097652111	1.49053251873998	3.924829536005322	1.2728925834523963	3.557222411637686	1.0340816062734284	3.0503795721187026	0.9708737864077669	2.970609093058073	0.8808901626907191	2.776132035548032	0.8626078259782473	2.2759226713532517	0.7940426232206039	2.051778795350476	0.7696670177428502	1.8299623500569124	0.7170457714217424	1.7425810904071772	0.7233841799025004	1.6271186440677967	0.7293323505450595	1.5415216310293387	0.7571681143823508	1.4300719075704937	0.7663998178851917	1.444184231069477	0.7531474820143885	1.4287885696914424	0.7490222123828499	1.4603923882578551	0.703096539162113	1.467220154594904	0.7278230165021258	1.4213056503866788	0.694815606627472	1.3441404930766632	0.6406195001759943	1.2763450713444167	0.6878104700038212	1.2726694241170855	0.6913869014859659	1.2378535619236246	0.6995856822658426	1.1318042996586624	0.7197632180815283	1.1721696744617884	0.6935370388983817	1.1346402291748583	0.6552905564980208	4.770545539686257	4.761904761904762	1.025305410122164	2.5014341187854865	1.3354693059864253	3.4782608695652173	4.761904761904762	5.573822281755125	11.049999999999999	2.3491000000000004	0.11566263169044243	20.88889503479004	-8.583077033116372e-06	17.021768098400777	-1.336345838666785e-05	13.923439051671474	-8.685749580188771e-06	12.231143171387581	-7.877225562384672e-06	11.16323063972556	-7.040015447805325e-06	10.426479620237824	-8.216412077714933e-06	9.88753598031015	-9.434031486604199e-06	9.470160382727618	-9.628108943122481e-06	9.132080002444956	-7.640495060419943e-06	8.851417245238268	-7.794718298880679e-06	8.613655254169544	-5.67748909638219e-06	8.40506970966558	-4.630722994781175e-06	8.219351604475191	-4.718182933388693e-06	8.051240849419086	-6.009254251547383e-06	7.899111947968898	-6.125349144901259e-06	7.75895358418017	-4.993639351875548e-06	7.62770444854579	-5.091332134324616e-06	7.507158886923204	-5.191838429988058e-06	7.3891705227713125	-6.618037328377747e-06	7.277784529625759	-6.751857098294886e-06	7.17657953886161	-6.89048809461467e-06	7.074186807387862	-5.628855766199847e-06	6.97290646059017	-5.749910517017579e-06	6.874512822697578	-5.876252008943655e-06	6.78249963554058	-6.011710812663068e-06	6.691801604645691	-6.151612645254953e-06	6.604125237161774	-6.298081919151522e-06	6.518984565262971	-4.838483361262134e-06	6.433237633859433	-1.6528433864777576e-06
19	1	2	0	0	1172	15455	724	9345	515	3663	369	1599	301	885	266	600	214	404	210	329	187	283	184	224	178	208	186	189	185	184	178	177	177	189	178	182	176	177	180	179	174	179	191	175	188	175	174	180	179	189	184	179	176	173	171	180	180	183	176	174	185	4077	4095	91.0	375.11353170364674	185.17669486999512	18	1	0.8532905578613281	4.545454545454546	0.8547008547008548			4.328556655340523	15.179492216274614	2.9188840509595226	8.448297683837488	2.162956740865183	5.940545888000519	1.5861416781292985	4.458758574535721	1.3042159538974827	3.679527690004989	1.151664718361692	3.409478349812479	0.9220560989271404	2.7881297446514837	0.8942258559018905	2.592388306674021	0.7881648824074855	2.395260262378333	0.7667625119806643	1.968365553602812	0.7323294659754792	1.8316308559351884	0.7534635015798428	1.6548463356973995	0.7369637095167908	1.5873015873015872	0.6997955653404623	1.5	0.6866586491833806	1.566384883142715	0.6841417480206011	1.4704694190837844	0.6677542967712562	1.3817330210772834	0.6744604316546763	1.3603891168870648	0.6420190391853	1.3202537247381618	0.6958105646630237	1.25250501002004	0.6773798371405924	1.2192572981258274	0.6199893105291289	1.21580547112462	0.6300598380851813	1.2370729153030502	0.6391774064681974	1.1390391345847917	0.6053935057787562	1.0707433310639352	0.5807240372206751	1.0779088568177735	0.6054083142741827	1.0619160912203331	0.589674004087513	0.9773633657248778	0.6153743804676846	4.772886911730274	4.761904761904762	0.9925828970331588	2.432598373880277	1.2814176961290926	3.130434782608696	4.761904761904762	5.606209901601536	11.049999999999999	2.3491000000000004	0.11566263169044243	20.88889503479004	-8.583077033116372e-06	17.021768098400777	-1.336345838666785e-05	13.923439051671474	-8.685749580188771e-06	12.231143171387581	-7.877225562384672e-06	11.16323063972556	-7.040015447805325e-06	10.426479620237824	-8.216412077714933e-06	9.88753598031015	-9.434031486604199e-06	9.470160382727618	-9.628108943122481e-06	9.132080002444956	-7.640495060419943e-06	8.851417245238268	-7.794718298880679e-06	8.613655254169544	-5.67748909638219e-06	8.40506970966558	-4.630722994781175e-06	8.219351604475191	-4.718182933388693e-06	8.051240849419086	-6.009254251547383e-06	7.899111947968898	-6.125349144901259e-06	7.75895358418017	-4.993639351875548e-06	7.62770444854579	-5.091332134324616e-06	7.507158886923204	-5.191838429988058e-06	7.3891705227713125	-6.618037328377747e-06	7.277784529625759	-6.751857098294886e-06	7.17657953886161	-6.89048809461467e-06	7.074186807387862	-5.628855766199847e-06	6.97290646059017	-5.749910517017579e-06	6.874512822697578	-5.876252008943655e-06	6.78249963554058	-6.011710812663068e-06	6.691801604645691	-6.151612645254953e-06	6.604125237161774	-6.298081919151522e-06	6.518984565262971	-4.838483361262134e-06	6.433237633859433	-1.6528433864777576e-06
20	2	1	0	0	1165	17014	661	9116	433	3402	282	1366	228	725	180	445	179	294	172	228	172	184	170	175	168	169	159	173	165	174	162	167	157	161	150	170	147	160	143	161	146	151	142	142	138	144	152	145	162	139	158	151	159	156	156	161	167	166	172	159	182	4077	4095	87.0	361.70295852586963	172.49216747283936	18	1	0.8629131317138672	9.090909090909092	0.4273504273504274			4.302703501255724	16.710700780827974	2.664892759232382	8.241271448460411	1.8185636287274254	5.517263748560679	1.2121733149931224	3.809045786626513	0.9879110880020797	3.0143023449193413	0.7793219898688141	2.5286964427775884	0.7712525313455987	2.0289855072463765	0.7324135581672628	1.7965487353242455	0.7249431003961898	1.5573423614049937	0.708421886069092	1.5377855887521967	0.6911873611453961	1.4882000704473406	0.644089767479543	1.5147535242097891	0.6572919571365972	1.5010351966873705	0.6368925931750276	1.4152542372881356	0.609070101253055	1.3343278634178684	0.5765239449611808	1.3735153914518865	0.5577266001441743	1.249024199843872	0.5358213429256594	1.2235902112783097	0.5387056305807689	1.11373358902493	0.517304189435337	1.0163183509876896	0.49722562513511565	1.003274576743538	0.5415998574737217	0.9793988517392773	0.5702217529039071	0.9098049482916611	0.5488588599020392	0.9608654152083996	0.5469179966978536	0.9655257783004271	0.5297833322013177	0.9641295885981196	0.5616843804654917	0.9632681483200836	0.5762723221764332	0.8931079031623884	0.6053953364601005	4.772886911730274	4.761904761904762	0.9489528795811518	2.3456312672635096	1.1936411112561363	3.130434782608696	4.761904761904762	5.669431237304823	11.049999999999999	2.3491000000000004	0.11566263169044243	20.88889503479004	-8.583077033116372e-06	17.021768098400777	-1.336345838666785e-05	13.923439051671474	-8.685749580188771e-06	12.231143171387581	-7.877225562384672e-06	11.16323063972556	-7.040015447805325e-06	10.426479620237824	-8.216412077714933e-06	9.88753598031015	-9.434031486604199e-06	9.470160382727618	-9.628108943122481e-06	9.132080002444956	-7.640495060419943e-06	8.851417245238268	-7.794718298880679e-06	8.613655254169544	-5.67748909638219e-06	8.40506970966558	-4.630722994781175e-06	8.219351604475191	-4.718182933388693e-06	8.051240849419086	-6.009254251547383e-06	7.899111947968898	-6.125349144901259e-06	7.75895358418017	-4.993639351875548e-06	7.62770444854579	-5.091332134324616e-06	7.507158886923204	-5.191838429988058e-06	7.3891705227713125	-6.618037328377747e-06	7.277784529625759	-6.751857098294886e-06	7.17657953886161	-6.89048809461467e-06	7.074186807387862	-5.628855766199847e-06	6.97290646059017	-5.749910517017579e-06	6.874512822697578	-5.876252008943655e-06	6.78249963554058	-6.011710812663068e-06	6.691801604645691	-6.151612645254953e-06	6.604125237161774	-6.298081919151522e-06	6.518984565262971	-4.838483361262134e-06	6.433237633859433	-1.6528433864777576e-06
