	counts(inten<0.01	MicrocoloniesPlatonic	MicrocoloniesAggregates	MicrocoloniesLarge	counts(Norminten<0.01	counts(inten<0.02	counts(Norminten<0.02	counts(inten<0.03	counts(Norminten<0.03	counts(inten<0.04	counts(Norminten<0.04	counts(inten<0.05	counts(Norminten<0.05	counts(inten<0.060000000000000005	counts(Norminten<0.060000000000000005	counts(inten<0.06999999999999999	counts(Norminten<0.06999999999999999	counts(inten<0.08	counts(Norminten<0.08	counts(inten<0.09	counts(Norminten<0.09	counts(inten<0.09999999999999999	counts(Norminten<0.09999999999999999	counts(inten<0.11	counts(Norminten<0.11	counts(inten<0.12	counts(Norminten<0.12	counts(inten<0.13	counts(Norminten<0.13	counts(inten<0.14	counts(Norminten<0.14	counts(inten<0.15000000000000002	counts(Norminten<0.15000000000000002	counts(inten<0.16	counts(Norminten<0.16	counts(inten<0.17	counts(Norminten<0.17	counts(inten<0.18000000000000002	counts(Norminten<0.18000000000000002	counts(inten<0.19	counts(Norminten<0.19	counts(inten<0.2	counts(Norminten<0.2	counts(inten<0.21000000000000002	counts(Norminten<0.21000000000000002	counts(inten<0.22	counts(Norminten<0.22	counts(inten<0.23	counts(Norminten<0.23	counts(inten<0.24000000000000002	counts(Norminten<0.24000000000000002	counts(inten<0.25	counts(Norminten<0.25	counts(inten<0.26	counts(Norminten<0.26	counts(inten<0.27	counts(Norminten<0.27	counts(inten<0.28	counts(Norminten<0.28	counts(inten<0.29000000000000004	counts(Norminten<0.29000000000000004	diff	max	med	std	mean	min	eigenLocal	minProp	counts(inten<0.01Normalized	MicrocoloniesPlatonicNormalized	MicrocoloniesAggregatesNormalized	MicrocoloniesLargeNormalized	counts(Norminten<0.01Normalized	counts(inten<0.02Normalized	counts(Norminten<0.02Normalized	counts(inten<0.03Normalized	counts(Norminten<0.03Normalized	counts(inten<0.04Normalized	counts(Norminten<0.04Normalized	counts(inten<0.05Normalized	counts(Norminten<0.05Normalized	counts(inten<0.060000000000000005Normalized	counts(Norminten<0.060000000000000005Normalized	counts(inten<0.06999999999999999Normalized	counts(Norminten<0.06999999999999999Normalized	counts(inten<0.08Normalized	counts(Norminten<0.08Normalized	counts(inten<0.09Normalized	counts(Norminten<0.09Normalized	counts(inten<0.09999999999999999Normalized	counts(Norminten<0.09999999999999999Normalized	counts(inten<0.11Normalized	counts(Norminten<0.11Normalized	counts(inten<0.12Normalized	counts(Norminten<0.12Normalized	counts(inten<0.13Normalized	counts(Norminten<0.13Normalized	counts(inten<0.14Normalized	counts(Norminten<0.14Normalized	counts(inten<0.15000000000000002Normalized	counts(Norminten<0.15000000000000002Normalized	counts(inten<0.16Normalized	counts(Norminten<0.16Normalized	counts(inten<0.17Normalized	counts(Norminten<0.17Normalized	counts(inten<0.18000000000000002Normalized	counts(Norminten<0.18000000000000002Normalized	counts(inten<0.19Normalized	counts(Norminten<0.19Normalized	counts(inten<0.2Normalized	counts(Norminten<0.2Normalized	counts(inten<0.21000000000000002Normalized	counts(Norminten<0.21000000000000002Normalized	counts(inten<0.22Normalized	counts(Norminten<0.22Normalized	counts(inten<0.23Normalized	counts(Norminten<0.23Normalized	counts(inten<0.24000000000000002Normalized	counts(Norminten<0.24000000000000002Normalized	counts(inten<0.25Normalized	counts(Norminten<0.25Normalized	counts(inten<0.26Normalized	counts(Norminten<0.26Normalized	counts(inten<0.27Normalized	counts(Norminten<0.27Normalized	counts(inten<0.28Normalized	counts(Norminten<0.28Normalized	counts(inten<0.29000000000000004Normalized	counts(Norminten<0.29000000000000004Normalized	diffNormalized	maxNormalized	medNormalized	stdNormalized	meanNormalized	minNormalized	eigenLocalNormalized	minPropNormalized	BioVolume	SubstratumCoverage	Homogenity	ThicknessThreshold=0.01	RoughnessThreshold=0.01	ThicknessThreshold=0.02	RoughnessThreshold=0.02	ThicknessThreshold=0.03	RoughnessThreshold=0.03	ThicknessThreshold=0.04	RoughnessThreshold=0.04	ThicknessThreshold=0.05	RoughnessThreshold=0.05	ThicknessThreshold=0.060000000000000005	RoughnessThreshold=0.060000000000000005	ThicknessThreshold=0.06999999999999999	RoughnessThreshold=0.06999999999999999	ThicknessThreshold=0.08	RoughnessThreshold=0.08	ThicknessThreshold=0.09	RoughnessThreshold=0.09	ThicknessThreshold=0.09999999999999999	RoughnessThreshold=0.09999999999999999	ThicknessThreshold=0.11	RoughnessThreshold=0.11	ThicknessThreshold=0.12	RoughnessThreshold=0.12	ThicknessThreshold=0.13	RoughnessThreshold=0.13	ThicknessThreshold=0.14	RoughnessThreshold=0.14	ThicknessThreshold=0.15000000000000002	RoughnessThreshold=0.15000000000000002	ThicknessThreshold=0.16	RoughnessThreshold=0.16	ThicknessThreshold=0.17	RoughnessThreshold=0.17	ThicknessThreshold=0.18000000000000002	RoughnessThreshold=0.18000000000000002	ThicknessThreshold=0.19	RoughnessThreshold=0.19	ThicknessThreshold=0.2	RoughnessThreshold=0.2	ThicknessThreshold=0.21000000000000002	RoughnessThreshold=0.21000000000000002	ThicknessThreshold=0.22	RoughnessThreshold=0.22	ThicknessThreshold=0.23	RoughnessThreshold=0.23	ThicknessThreshold=0.24000000000000002	RoughnessThreshold=0.24000000000000002	ThicknessThreshold=0.25	RoughnessThreshold=0.25	ThicknessThreshold=0.26	RoughnessThreshold=0.26	ThicknessThreshold=0.27	RoughnessThreshold=0.27	ThicknessThreshold=0.28	RoughnessThreshold=0.28	ThicknessThreshold=0.29000000000000004	RoughnessThreshold=0.29000000000000004
0	1	28	0	0	3013	1	3109	43	3163	229	3236	574	3329	801	3401	872	3470	873	3551	812	3611	782	3671	694	3746	761	3829	757	3899	828	3953	928	4010	1029	4055	1114	4085	1266	4121	1426	4191	1562	4227	1705	4238	1866	4269	2022	4308	2182	4311	2297	4337	2460	4341	2567	4369	2699	4406	2853	4420	4058	4095	926.0	956.9841244616721	1210.6875247955322	37	1	0.6087398529052734	4.166666666666666	9.003215434083602			10.990333758891117	0.0023054223533751383	11.846065917317585	0.040895127773498054	12.429267525935241	0.21467274124903915	13.080032336297496	0.6339739341727413	13.675951031139594	1.093291476148229	14.094488188976378	1.4744922978068618	14.446294754371358	1.867499518685691	14.881401391333501	2.106410023606319	15.247867578751794	2.391291052535013	15.526137709355439	2.430652843933875	15.874899351612493	2.976609559571306	16.156799864973205	3.1498356426580116	16.470240358214	3.6503108054490148	16.763496034943387	4.238023473535187	16.894880977459447	4.864098321909714	17.00851474350908	5.371004291017791	16.971333610303283	6.100322844889895	17.118763760229303	6.91830001940617	17.34182976786527	7.515034880923743	17.46982972392131	8.148148148148149	17.487827019889412	8.857875249216747	17.44442628309905	9.551251771374588	17.527870453250873	10.19387993459472	17.45273470709688	10.61509311890568	17.485083051120785	11.323881421469343	17.535142995637422	11.68039313828093	17.628308586184634	12.250363108206246	17.734664305264854	12.736607142857142	17.76741568517104	4.74603230296013	4.761904761904762	13.15340909090909	6.590736747917683	9.509674054179452	7.520325203252034	4.761904761904762	4.0550878516604385	5.436393861892583	13.215800000000002	0.05431334153831808	20.865983835204922	-1.0490437489390353e-05	18.635216981933038	-1.52633014902706e-05	15.999992340150918	-1.7234676935980836e-05	13.973841333218108	-1.9419964500304895e-05	12.468423982331077	-1.9951378490618363e-05	11.36949791664298	-1.9639704453458037e-05	10.569480766269995	-1.937963630882527e-05	9.959875027945701	-1.9098591422710246e-05	9.465433697665759	-1.873577983585115e-05	9.05802769495308	-1.9512099940975897e-05	8.710386033607392	-2.0288219518535192e-05	8.41695992031757	-1.9762533398681443e-05	8.151007284588129	-1.9130439535512927e-05	7.916937136637177	-2.125967846862284e-05	7.707320333639865	-2.2035071019033893e-05	7.513768906291119	-2.1296468132877793e-05	7.33224176956191	-2.2051828096549204e-05	7.156392357302466	-2.281795186064099e-05	6.988757775492658	-2.1914704598210747e-05	6.8251065529868855	-2.2680167763456318e-05	6.67814094965929	-2.345376541183008e-05	6.530109664473377	-2.6132859457481837e-05	6.3919913093567455	-2.7061663867073107e-05	6.254331558080004	-2.6018421042097804e-05	6.119820213729322	-2.6938985270591746e-05	5.989779994032427	-2.790597831920146e-05	5.865933836264877	-2.890417598641059e-05	5.743488635630776	-2.994267130087087e-05	5.625133445901569	-3.104789017644755e-05
1	1	29	0	0	2759	1	2804	63	2832	386	2923	704	3002	886	3041	1060	3099	1083	3158	996	3203	932	3221	944	3268	1068	3310	1142	3327	1295	3368	1446	3359	1598	3381	1705	3422	1839	3429	1947	3435	2054	3431	2136	3427	2266	3446	2338	3434	2418	3410	2511	3420	2597	3423	2714	3405	2791	3386	2839	3378	4054	4095	803.0	915.0947894060074	1101.6384601593018	41	1	0.623356819152832	4.166666666666666	9.32475884244373			10.063833667700164	0.0023054223533751383	10.683939798056773	0.05991611743559017	11.128575919522163	0.3618501228040572	11.81487469684721	0.7775568809366026	12.332593870676197	1.209308673991674	12.602569415665146	1.7923874262331119	12.901748542880934	2.3167262070293284	13.234431313385297	2.5837246102363225	13.525040114855164	2.8499785945813714	13.62290644560988	3.30624824880919	13.84921812094758	4.1774231401079565	13.966834043630532	4.751799608871136	14.05398555316183	5.709121368425693	14.282685212671216	6.603644334840389	14.152096060669898	7.553769794374852	14.181452120296967	8.22043295887373	14.216867469879519	8.861369440562811	14.2441739708387	9.445953813312634	14.213597053833741	9.882126533557853	14.180029756984624	10.207885304659499	14.141289097961543	10.756669514858066	14.081399150049034	11.043930089749646	13.971844739197655	11.296426068675542	13.80510910489454	11.6040482462221	13.788098693759071	11.954520346160928	13.826951042171595	12.34927424125222	13.73870238863783	12.667937545388524	13.629045242312026	12.674107142857144	13.578807734051534	4.741354104534344	4.761904761904762	11.40625	6.302245462806232	8.653118552148625	8.333333333333332	4.761904761904762	4.152457987648281	5.436393861892583	13.215800000000002	0.05431334153831808	20.865983835204922	-1.0490437489390353e-05	18.635216981933038	-1.52633014902706e-05	15.999992340150918	-1.7234676935980836e-05	13.973841333218108	-1.9419964500304895e-05	12.468423982331077	-1.9951378490618363e-05	11.36949791664298	-1.9639704453458037e-05	10.569480766269995	-1.937963630882527e-05	9.959875027945701	-1.9098591422710246e-05	9.465433697665759	-1.873577983585115e-05	9.05802769495308	-1.9512099940975897e-05	8.710386033607392	-2.0288219518535192e-05	8.41695992031757	-1.9762533398681443e-05	8.151007284588129	-1.9130439535512927e-05	7.916937136637177	-2.125967846862284e-05	7.707320333639865	-2.2035071019033893e-05	7.513768906291119	-2.1296468132877793e-05	7.33224176956191	-2.2051828096549204e-05	7.156392357302466	-2.281795186064099e-05	6.988757775492658	-2.1914704598210747e-05	6.8251065529868855	-2.2680167763456318e-05	6.67814094965929	-2.345376541183008e-05	6.530109664473377	-2.6132859457481837e-05	6.3919913093567455	-2.7061663867073107e-05	6.254331558080004	-2.6018421042097804e-05	6.119820213729322	-2.6938985270591746e-05	5.989779994032427	-2.790597831920146e-05	5.865933836264877	-2.890417598641059e-05	5.743488635630776	-2.994267130087087e-05	5.625133445901569	-3.104789017644755e-05
2	1	23	0	0	2400	1	2400	83	2444	521	2459	912	2479	1237	2453	1450	2445	1335	2426	1438	2428	1563	2443	1592	2451	1618	2483	1710	2471	1803	2474	1806	2501	1839	2493	1916	2499	2052	2470	2141	2466	2240	2484	2247	2472	2299	2477	2357	2497	2370	2508	2404	2485	2432	2462	2460	2476	2488	2449	2458	2427	4057	4095	672.0	866.0919561359206	982.1479845046997	38	1	0.6433582305908203	4.166666666666666	7.395498392282958			8.754331570308226	0.0023054223533751383	9.144598971232616	0.07893710709768229	9.603898145237347	0.4884039222303467	9.939369442198869	1.0072895957587806	10.184044039109358	1.6883914556746058	10.165768752590136	2.4518507245641623	10.17901748542881	2.8557982330416927	10.16679238957338	3.730317258554048	10.252512456718183	4.779524188123051	10.332431060734224	5.5757915382460075	10.386913590710684	6.328717828365798	10.47723532638508	7.115216577206342	10.438051788957885	7.948684036503108	10.49149739196811	8.247705165091109	10.537181377712239	8.692980382888207	10.456776141940354	9.237741671086255	10.382218529289572	9.887727075603527	10.260457774269929	10.387153114690472	10.203997186245708	10.777002646139042	10.26615969581749	10.738351254480287	10.200544689279525	10.913320041773474	10.12177182085649	11.133679735474729	10.159492228822524	11.07217939733707	10.153435083599854	11.10957068256389	10.018545395903887	11.194991714233106	9.945063822911617	11.19352049870319	9.990316333118141	11.292665214233843	9.857510867815167	10.973214285714286	9.755999517626723	4.744862753353683	4.761904761904762	9.545454545454547	5.964763611509147	7.7145481508008125	7.723577235772358	4.761904761904762	4.28569631622354	5.436393861892583	13.215800000000002	0.05431334153831808	20.865983835204922	-1.0490437489390353e-05	18.635216981933038	-1.52633014902706e-05	15.999992340150918	-1.7234676935980836e-05	13.973841333218108	-1.9419964500304895e-05	12.468423982331077	-1.9951378490618363e-05	11.36949791664298	-1.9639704453458037e-05	10.569480766269995	-1.937963630882527e-05	9.959875027945701	-1.9098591422710246e-05	9.465433697665759	-1.873577983585115e-05	9.05802769495308	-1.9512099940975897e-05	8.710386033607392	-2.0288219518535192e-05	8.41695992031757	-1.9762533398681443e-05	8.151007284588129	-1.9130439535512927e-05	7.916937136637177	-2.125967846862284e-05	7.707320333639865	-2.2035071019033893e-05	7.513768906291119	-2.1296468132877793e-05	7.33224176956191	-2.2051828096549204e-05	7.156392357302466	-2.281795186064099e-05	6.988757775492658	-2.1914704598210747e-05	6.8251065529868855	-2.2680167763456318e-05	6.67814094965929	-2.345376541183008e-05	6.530109664473377	-2.6132859457481837e-05	6.3919913093567455	-2.7061663867073107e-05	6.254331558080004	-2.6018421042097804e-05	6.119820213729322	-2.6938985270591746e-05	5.989779994032427	-2.790597831920146e-05	5.865933836264877	-2.890417598641059e-05	5.743488635630776	-2.994267130087087e-05	5.625133445901569	-3.104789017644755e-05
3	1	22	0	0	1884	6	1850	138	1850	679	1863	1389	1859	1875	1806	2200	1796	2210	1796	2184	1800	2118	1773	2049	1773	2069	1733	2133	1702	2121	1685	2093	1700	2103	1697	2064	1713	2052	1694	1994	1713	1971	1704	1944	1701	1884	1718	1855	1721	1860	1718	1862	1720	1806	1689	1787	1672	1782	1653	1792	1651	4059	4095	554.0	825.0706497268837	874.6323843002319	36	1	0.6665382385253906	4.166666666666666	7.07395498392283			6.8721502826919565	0.013832534120250829	7.048961706991808	0.13124482866843562	7.269726501100283	0.6365187393366706	7.5303152789005665	1.5341285619615639	7.637005997863774	2.5592028936054048	7.484459179444674	3.720049375200798	7.477102414654454	4.727576101140181	7.526611348587712	5.665516615216997	7.600709399543957	6.476668093694575	7.498731179157502	7.1763799383580835	7.513666991566724	8.092779472737229	7.3125448331153216	8.875296467357384	7.189625311536349	9.350614998016136	7.145583308595903	9.558386993652098	7.162418369496525	9.940912313873788	7.117990017197265	9.951304180126321	7.116742833402576	9.887727075603527	7.036929339924397	9.673976324471182	7.088178094095254	9.482800096223237	7.042486361382047	9.290322580645162	7.0190641247833625	8.943320991170607	7.020268061457993	8.762399622106756	7.002197086825617	8.689558514365803	6.955184000647748	8.604833864781183	6.934365424931463	8.313386116737249	6.822588463402811	8.131228102106748	6.7462879276952865	8.088235294117647	6.653517952020609	8.0	6.636652329460947	4.747201852566577	4.761904761904762	7.869318181818182	5.68225042797048	6.8700376617242584	7.317073170731707	4.761904761904762	4.4401086947268675	5.436393861892583	13.215800000000002	0.05431334153831808	20.865983835204922	-1.0490437489390353e-05	18.635216981933038	-1.52633014902706e-05	15.999992340150918	-1.7234676935980836e-05	13.973841333218108	-1.9419964500304895e-05	12.468423982331077	-1.9951378490618363e-05	11.36949791664298	-1.9639704453458037e-05	10.569480766269995	-1.937963630882527e-05	9.959875027945701	-1.9098591422710246e-05	9.465433697665759	-1.873577983585115e-05	9.05802769495308	-1.9512099940975897e-05	8.710386033607392	-2.0288219518535192e-05	8.41695992031757	-1.9762533398681443e-05	8.151007284588129	-1.9130439535512927e-05	7.916937136637177	-2.125967846862284e-05	7.707320333639865	-2.2035071019033893e-05	7.513768906291119	-2.1296468132877793e-05	7.33224176956191	-2.2051828096549204e-05	7.156392357302466	-2.281795186064099e-05	6.988757775492658	-2.1914704598210747e-05	6.8251065529868855	-2.2680167763456318e-05	6.67814094965929	-2.345376541183008e-05	6.530109664473377	-2.6132859457481837e-05	6.3919913093567455	-2.7061663867073107e-05	6.254331558080004	-2.6018421042097804e-05	6.119820213729322	-2.6938985270591746e-05	5.989779994032427	-2.790597831920146e-05	5.865933836264877	-2.890417598641059e-05	5.743488635630776	-2.994267130087087e-05	5.625133445901569	-3.104789017644755e-05
4	1	23	0	0	1521	7	1486	191	1470	1096	1455	2260	1441	3147	1397	3261	1383	3064	1360	2888	1359	2803	1325	2466	1266	2203	1312	2147	1282	1957	1263	1883	1234	1714	1223	1640	1226	1548	1215	1510	1216	1526	1224	1485	1238	1457	1227	1442	1221	1403	1253	1383	1265	1361	1244	1340	1242	1283	1251	1310	1267	4072	4095	464.0	800.2717092621851	792.1474571228027	23	1	0.6845207214355469	4.166666666666666	7.395498392282958			5.548057632682838	0.016137956473625967	5.662030863021528	0.1816504512729797	5.77648538195536	1.0274293642312091	5.8811641067097815	2.4961343052794347	5.919809382959494	4.295366136627312	5.7894736842105265	5.514127732968093	5.757701915070775	6.554431300404303	5.699438437683346	7.491763729279619	5.738535596655687	8.571341202372944	5.603958721028591	8.636873073690108	5.365088782472348	8.616913087694595	5.536098569559897	8.933549702492407	5.41545220293161	8.627606577613191	5.356006954751707	8.59935150933918	5.199073098799242	8.102103521626093	5.129818380101506	7.907044019092618	5.093477357706689	7.459162530718451	5.047148257383792	7.325829613817193	5.031654735796748	7.341833052682222	5.05868738634485	7.096774193548387	5.108525212511348	6.9163581125985	5.013893429225237	6.811525743977326	4.967857433477094	6.554543330997431	5.072669122707583	6.391238042423403	5.099983873568779	6.264960412447063	5.025044433672645	6.097283523683851	5.011297611362169	5.823347857661583	5.035421027209789	5.848214285714286	5.0930578445954096	4.762405997450382	4.761904761904762	6.59090909090909	5.511460459723041	6.22213739367404	4.67479674796748	4.761904761904762	4.559898039294412	5.436393861892583	13.215800000000002	0.05431334153831808	20.865983835204922	-1.0490437489390353e-05	18.635216981933038	-1.52633014902706e-05	15.999992340150918	-1.7234676935980836e-05	13.973841333218108	-1.9419964500304895e-05	12.468423982331077	-1.9951378490618363e-05	11.36949791664298	-1.9639704453458037e-05	10.569480766269995	-1.937963630882527e-05	9.959875027945701	-1.9098591422710246e-05	9.465433697665759	-1.873577983585115e-05	9.05802769495308	-1.9512099940975897e-05	8.710386033607392	-2.0288219518535192e-05	8.41695992031757	-1.9762533398681443e-05	8.151007284588129	-1.9130439535512927e-05	7.916937136637177	-2.125967846862284e-05	7.707320333639865	-2.2035071019033893e-05	7.513768906291119	-2.1296468132877793e-05	7.33224176956191	-2.2051828096549204e-05	7.156392357302466	-2.281795186064099e-05	6.988757775492658	-2.1914704598210747e-05	6.8251065529868855	-2.2680167763456318e-05	6.67814094965929	-2.345376541183008e-05	6.530109664473377	-2.6132859457481837e-05	6.3919913093567455	-2.7061663867073107e-05	6.254331558080004	-2.6018421042097804e-05	6.119820213729322	-2.6938985270591746e-05	5.989779994032427	-2.790597831920146e-05	5.865933836264877	-2.890417598641059e-05	5.743488635630776	-2.994267130087087e-05	5.625133445901569	-3.104789017644755e-05
5	1	18	0	0	1144	7	1106	455	1115	2162	1100	3766	1043	4330	1092	4120	1074	3725	1080	3323	1046	2833	1015	2477	1020	2084	1013	1812	1027	1631	1008	1526	995	1384	987	1283	968	1200	997	1094	985	1099	976	1103	976	1070	980	1101	995	1085	1003	1058	1010	1005	1026	1014	1025	1013	1038	1010	1065	4057	4095	396.0	779.2065061646	723.9265241622925	38	1	0.698969841003418	4.166666666666666	5.787781350482315			4.172898048513588	0.016137956473625967	4.2141360259096965	0.4327275148125957	4.381483810122603	2.026735661923243	4.44624090541633	4.159487519328474	4.2847752855147485	5.910052548966082	4.525486945710734	6.9666379208305855	4.471273938384679	7.968425781333561	4.526024641689716	8.620197670497289	4.4168566844016555	8.663078710782216	4.292843850448317	8.675399271504624	4.322583379243125	8.151451146053352	4.274441959576354	7.53963300461865	4.3382756727073035	7.190406912665873	4.274627878376659	6.968991186007216	4.1921213397935535	6.542188607894114	4.139927016484208	6.185815534448676	4.0216036560033235	5.7822965354406595	4.141569393096	5.30758781292451	4.07580585095378	5.2874669232619675	4.0337245825756325	5.271206690561529	4.027399521333663	5.079274660590525	4.004576659038902	5.2007557864903164	4.04833591016356	5.068909133380052	4.0605643496214725	4.88932020888211	4.071923883244638	4.626219849014914	4.144449830344159	4.613914547026437	4.135732730794061	4.597857661583152	4.178071164063757	4.508928571428571	4.281062829119267	4.744862753353683	4.761904761904762	5.625	5.366384690325402	5.686277543101906	7.723577235772358	4.761904761904762	4.656150073635888	5.436393861892583	13.215800000000002	0.05431334153831808	20.865983835204922	-1.0490437489390353e-05	18.635216981933038	-1.52633014902706e-05	15.999992340150918	-1.7234676935980836e-05	13.973841333218108	-1.9419964500304895e-05	12.468423982331077	-1.9951378490618363e-05	11.36949791664298	-1.9639704453458037e-05	10.569480766269995	-1.937963630882527e-05	9.959875027945701	-1.9098591422710246e-05	9.465433697665759	-1.873577983585115e-05	9.05802769495308	-1.9512099940975897e-05	8.710386033607392	-2.0288219518535192e-05	8.41695992031757	-1.9762533398681443e-05	8.151007284588129	-1.9130439535512927e-05	7.916937136637177	-2.125967846862284e-05	7.707320333639865	-2.2035071019033893e-05	7.513768906291119	-2.1296468132877793e-05	7.33224176956191	-2.2051828096549204e-05	7.156392357302466	-2.281795186064099e-05	6.988757775492658	-2.1914704598210747e-05	6.8251065529868855	-2.2680167763456318e-05	6.67814094965929	-2.345376541183008e-05	6.530109664473377	-2.6132859457481837e-05	6.3919913093567455	-2.7061663867073107e-05	6.254331558080004	-2.6018421042097804e-05	6.119820213729322	-2.6938985270591746e-05	5.989779994032427	-2.790597831920146e-05	5.865933836264877	-2.890417598641059e-05	5.743488635630776	-2.994267130087087e-05	5.625133445901569	-3.104789017644755e-05
6	1	16	0	0	1046	38	1023	927	984	3312	971	4967	972	5245	921	4887	896	4052	851	3294	818	2558	819	2085	828	1758	801	1509	822	1325	809	1221	803	1157	828	1058	844	1023	877	979	929	964	907	954	887	894	881	852	863	831	863	840	865	819	903	819	930	810	970	820	948	4069	4095	346.0	758.4600382539755	669.1184339523315	26	1	0.7098665237426758	4.166666666666666	5.144694533762058			3.8154295093926685	0.08760604942825526	3.897885311487902	0.8816228708379698	3.8667085822068534	3.1047865459249677	3.9248181083265963	5.485973050585376	3.9930983485333993	7.158943561045519	3.816825528387899	8.263582407548318	3.7302248126561204	8.667935910325797	3.5663397871092113	8.544968741082776	3.454100160459421	7.822151550363893	3.4638809000169175	7.302465676660129	3.5089206255032415	6.876320112649613	3.379889446812102	6.278866558482086	3.4723102268407047	5.8413790063042805	3.430728128578093	5.57610631593369	3.383189382768064	5.4691562278421175	3.4730086825217064	5.101007665975604	3.506439551308683	4.9294077964631615	3.643085614588958	4.749660392004658	3.8440849091736666	4.637960067356266	3.748553479914035	4.559139784946237	3.660146901048114	4.243805183708345	3.600032690421706	4.024563060935286	3.511270241679551	3.882270497547302	3.4937856766932516	3.8818799389990297	3.487340751491695	3.770023936659915	3.6476005816771693	3.7266232879828913	3.7524209167204647	3.6764705882352944	3.9043632265335693	3.660714285714286	3.810748884511798	4.758897348631042	4.761904761904762	4.9147727272727275	5.223504045858114	5.255772509594753	5.284552845528456	4.761904761904762	4.728737740746025	5.436393861892583	13.215800000000002	0.05431334153831808	20.865983835204922	-1.0490437489390353e-05	18.635216981933038	-1.52633014902706e-05	15.999992340150918	-1.7234676935980836e-05	13.973841333218108	-1.9419964500304895e-05	12.468423982331077	-1.9951378490618363e-05	11.36949791664298	-1.9639704453458037e-05	10.569480766269995	-1.937963630882527e-05	9.959875027945701	-1.9098591422710246e-05	9.465433697665759	-1.873577983585115e-05	9.05802769495308	-1.9512099940975897e-05	8.710386033607392	-2.0288219518535192e-05	8.41695992031757	-1.9762533398681443e-05	8.151007284588129	-1.9130439535512927e-05	7.916937136637177	-2.125967846862284e-05	7.707320333639865	-2.2035071019033893e-05	7.513768906291119	-2.1296468132877793e-05	7.33224176956191	-2.2051828096549204e-05	7.156392357302466	-2.281795186064099e-05	6.988757775492658	-2.1914704598210747e-05	6.8251065529868855	-2.2680167763456318e-05	6.67814094965929	-2.345376541183008e-05	6.530109664473377	-2.6132859457481837e-05	6.3919913093567455	-2.7061663867073107e-05	6.254331558080004	-2.6018421042097804e-05	6.119820213729322	-2.6938985270591746e-05	5.989779994032427	-2.790597831920146e-05	5.865933836264877	-2.890417598641059e-05	5.743488635630776	-2.994267130087087e-05	5.625133445901569	-3.104789017644755e-05
7	1	14	0	0	929	62	901	1607	886	4524	875	5509	855	5636	856	5014	860	3963	836	2998	813	2242	826	1787	799	1499	777	1333	757	1186	765	1062	785	941	782	900	810	895	809	856	801	840	785	852	810	841	825	806	842	822	856	777	868	767	863	768	862	785	881	779	873	4067	4095	314.0	735.814976356563	626.3315114974976	28	1	0.7171697616577148	4.166666666666666	4.501607717041801			3.3886558453401423	0.14293618590925858	3.433034863783578	1.5283365193491016	3.481609556743163	4.240958434107655	3.536782538399353	6.084603490170091	3.5124476213951197	7.692622671125367	3.5474513054289267	8.478330712389456	3.5803497085761866	8.47754936145635	3.50347833375241	7.777114840851902	3.4329870787940204	6.855849795119565	3.4934867196751815	6.258755954048753	3.3860236470737806	5.8632558867245566	3.2786193510274697	5.546540173927516	3.1977358171756856	5.228585284133492	3.2441372291251427	4.849979449239622	3.307352011796924	4.448121011581187	3.2800637557149446	4.339231473892291	3.3651848774407975	4.312629499349492	3.3606114734349686	4.152920628759945	3.3144370422476936	4.041375992302141	3.2443379070920813	4.07168458781362	3.342411487992077	3.9922149435108705	3.371199738476626	3.807274444969296	3.4258279762389128	3.8402242466713385	3.4654467430468405	3.5907389435741024	3.4994355749072734	3.530657337506905	3.48602359024075	3.494562497156118	3.4780503550677855	3.5629992737835874	3.5461278377072936	3.477678571428571	3.5092655866864977	4.756558249418149	4.761904761904762	4.4602272727272725	5.067547810230795	4.91969100384401	5.691056910569105	4.761904761904762	4.777387868063498	5.436393861892583	13.215800000000002	0.05431334153831808	20.865983835204922	-1.0490437489390353e-05	18.635216981933038	-1.52633014902706e-05	15.999992340150918	-1.7234676935980836e-05	13.973841333218108	-1.9419964500304895e-05	12.468423982331077	-1.9951378490618363e-05	11.36949791664298	-1.9639704453458037e-05	10.569480766269995	-1.937963630882527e-05	9.959875027945701	-1.9098591422710246e-05	9.465433697665759	-1.873577983585115e-05	9.05802769495308	-1.9512099940975897e-05	8.710386033607392	-2.0288219518535192e-05	8.41695992031757	-1.9762533398681443e-05	8.151007284588129	-1.9130439535512927e-05	7.916937136637177	-2.125967846862284e-05	7.707320333639865	-2.2035071019033893e-05	7.513768906291119	-2.1296468132877793e-05	7.33224176956191	-2.2051828096549204e-05	7.156392357302466	-2.281795186064099e-05	6.988757775492658	-2.1914704598210747e-05	6.8251065529868855	-2.2680167763456318e-05	6.67814094965929	-2.345376541183008e-05	6.530109664473377	-2.6132859457481837e-05	6.3919913093567455	-2.7061663867073107e-05	6.254331558080004	-2.6018421042097804e-05	6.119820213729322	-2.6938985270591746e-05	5.989779994032427	-2.790597831920146e-05	5.865933836264877	-2.890417598641059e-05	5.743488635630776	-2.994267130087087e-05	5.625133445901569	-3.104789017644755e-05
8	1	10	0	0	960	139	898	2601	826	5823	791	6244	778	5853	800	4658	811	3435	852	2606	836	1996	810	1670	778	1363	756	1174	738	1030	735	959	724	886	711	817	751	782	760	800	738	791	763	846	765	835	766	796	788	770	796	737	805	726	809	724	801	709	813	758	801	4071	4095	284.0	709.4568301889391	583.042088508606	24	1	0.7233858108520508	4.166666666666666	3.215434083601286			3.50173262812329	0.3204537071191442	3.421604115069537	2.4736797055550803	3.245834643193964	5.458687215253951	3.1972514147130155	6.896399381488845	3.19612192917591	7.988807752678633	3.3153750518027354	7.876359086220599	3.376353039134055	7.348065116478063	3.5705305506663314	6.760227243248853	3.5301072544548604	6.103602226163537	3.4258162747420067	5.848977304567106	3.2970292833834813	5.331299381991707	3.1900080172159164	4.88494986060833	3.1174756051197567	4.540845567164837	3.116916161316314	4.379595378362333	3.0503475879502844	4.1881351926258565	2.982257455643639	3.939057904633335	3.1200664727877028	3.768129908928829	3.1570639305445938	3.8812342324859306	3.0537509827450657	3.805629059417849	3.1534137874028763	4.043010752688172	3.156721960881406	3.9637330295262507	3.130107878391631	3.7600377893245156	3.2061192936772724	3.5972903527213265	3.222541597506174	3.405887517907482	3.2454442831801322	3.341925980482416	3.267894651801583	3.294353187423215	3.2319238218205295	3.2180464778503994	3.272419900177105	3.3839285714285716	3.2198416207742087	4.7612364478439355	4.761904761904762	4.034090909090909	4.88601961335327	4.579662471141168	4.878048780487805	4.761904761904762	4.818795746080641	5.436393861892583	13.215800000000002	0.05431334153831808	20.865983835204922	-1.0490437489390353e-05	18.635216981933038	-1.52633014902706e-05	15.999992340150918	-1.7234676935980836e-05	13.973841333218108	-1.9419964500304895e-05	12.468423982331077	-1.9951378490618363e-05	11.36949791664298	-1.9639704453458037e-05	10.569480766269995	-1.937963630882527e-05	9.959875027945701	-1.9098591422710246e-05	9.465433697665759	-1.873577983585115e-05	9.05802769495308	-1.9512099940975897e-05	8.710386033607392	-2.0288219518535192e-05	8.41695992031757	-1.9762533398681443e-05	8.151007284588129	-1.9130439535512927e-05	7.916937136637177	-2.125967846862284e-05	7.707320333639865	-2.2035071019033893e-05	7.513768906291119	-2.1296468132877793e-05	7.33224176956191	-2.2051828096549204e-05	7.156392357302466	-2.281795186064099e-05	6.988757775492658	-2.1914704598210747e-05	6.8251065529868855	-2.2680167763456318e-05	6.67814094965929	-2.345376541183008e-05	6.530109664473377	-2.6132859457481837e-05	6.3919913093567455	-2.7061663867073107e-05	6.254331558080004	-2.6018421042097804e-05	6.119820213729322	-2.6938985270591746e-05	5.989779994032427	-2.790597831920146e-05	5.865933836264877	-2.890417598641059e-05	5.743488635630776	-2.994267130087087e-05	5.625133445901569	-3.104789017644755e-05
9	1	13	0	0	992	272	906	3906	875	6235	824	6515	731	5497	762	4256	748	3094	731	2323	745	1880	761	1532	760	1240	767	1118	759	1042	742	924	771	875	751	810	760	732	737	751	738	729	721	739	728	765	742	759	781	771	774	749	782	758	775	763	769	758	756	737	748	4073	4095	264.0	686.5984300987327	549.0219640731812	22	1	0.7281789779663086	4.166666666666666	4.180064308681672			3.618457049060733	0.6270748801180376	3.4520861116403125	3.7147992810065906	3.4383841559258097	5.84491066239196	3.330638641875505	7.195714601281201	3.003040013146003	7.502900429946085	3.1578947368421053	7.196604609479362	3.1140716069941714	6.618606541596252	3.0634481602547985	6.0260966562037925	3.145849168144582	5.748883860314353	3.2185755371341567	5.365648641075932	3.220748400220367	4.850191660799499	3.236423477783873	4.6519369200682394	3.2061842605499935	4.593748622316272	3.1466010771383743	4.2197561309768465	3.248367389930482	4.136138028834791	3.1500356528669102	3.9053083265030617	3.157457415870378	3.5272008866188016	3.061521206330744	3.643508635746167	3.0537509827450657	3.507337021890786	2.979831377087122	3.5316606929510157	3.004043905257077	3.6314440330390205	3.0320366132723113	3.5852621634388284	3.177638538530393	3.601962158374212	3.1334763774745964	3.461342945607468	3.1527173036607	3.4892285030381145	3.130554209080627	3.471811439231924	3.102808263395739	3.4404502541757442	3.042988246659153	3.2901785714285716	3.00679342364433	4.763575547056829	4.761904761904762	3.75	4.728594120471792	4.312442161988189	4.471544715447155	4.761904761904762	4.850725171504722	5.436393861892583	13.215800000000002	0.05431334153831808	20.865983835204922	-1.0490437489390353e-05	18.635216981933038	-1.52633014902706e-05	15.999992340150918	-1.7234676935980836e-05	13.973841333218108	-1.9419964500304895e-05	12.468423982331077	-1.9951378490618363e-05	11.36949791664298	-1.9639704453458037e-05	10.569480766269995	-1.937963630882527e-05	9.959875027945701	-1.9098591422710246e-05	9.465433697665759	-1.873577983585115e-05	9.05802769495308	-1.9512099940975897e-05	8.710386033607392	-2.0288219518535192e-05	8.41695992031757	-1.9762533398681443e-05	8.151007284588129	-1.9130439535512927e-05	7.916937136637177	-2.125967846862284e-05	7.707320333639865	-2.2035071019033893e-05	7.513768906291119	-2.1296468132877793e-05	7.33224176956191	-2.2051828096549204e-05	7.156392357302466	-2.281795186064099e-05	6.988757775492658	-2.1914704598210747e-05	6.8251065529868855	-2.2680167763456318e-05	6.67814094965929	-2.345376541183008e-05	6.530109664473377	-2.6132859457481837e-05	6.3919913093567455	-2.7061663867073107e-05	6.254331558080004	-2.6018421042097804e-05	6.119820213729322	-2.6938985270591746e-05	5.989779994032427	-2.790597831920146e-05	5.865933836264877	-2.890417598641059e-05	5.743488635630776	-2.994267130087087e-05	5.625133445901569	-3.104789017644755e-05
10	1	13	0	0	965	548	932	5226	890	7075	819	6467	798	5128	794	3901	760	2808	718	2109	709	1698	683	1374	676	1242	708	1062	695	938	694	927	701	823	706	796	719	784	710	742	731	713	713	685	682	679	677	697	656	696	666	706	667	702	685	727	716	700	709	730	756	4074	4095	245.0	661.401962240748	514.6942071914673	21	1	0.7330732345581055	4.166666666666666	4.180064308681672			3.519970818894766	1.2633714496495758	3.551152600495332	4.97018459870467	3.497327884313109	6.632356525488873	3.310428455941795	7.14269935939916	3.278284446635445	6.999249300484542	3.2905097389142144	6.596323914844687	3.1640299750208163	6.006802575566347	3.008968234012237	5.470959039144984	2.993834980153703	5.192342975964773	2.8886821180849265	4.8122723451947325	2.8647709454591683	4.858014550574982	2.9874678256466516	4.418923979528149	2.9358340725721286	4.135255477670502	2.9430473686442475	4.2334566378956024	2.953444280598273	3.890333254549752	2.96128518099073	3.837809170242515	2.987120897382634	3.7777670698212305	2.94936235616666	3.5998447506307008	3.0247858650225514	3.4303584315612223	2.9467680608365017	3.2735961768219837	2.814227944210613	3.223203265926137	2.7664269369074863	3.29239489844119	2.669053625193262	3.251576734407849	2.696247115501397	3.2626276630158513	2.6890824060635383	3.231449088565642	2.767005978348683	3.308003822177731	2.8889606197546804	3.1771968046477848	2.8538077604250525	3.2589285714285716	3.038951642079029	4.764745096663274	4.761904761904762	3.4801136363636362	4.555066386432567	4.0428054702155976	4.2682926829268295	4.761904761904762	4.883327999056728	5.436393861892583	13.215800000000002	0.05431334153831808	20.865983835204922	-1.0490437489390353e-05	18.635216981933038	-1.52633014902706e-05	15.999992340150918	-1.7234676935980836e-05	13.973841333218108	-1.9419964500304895e-05	12.468423982331077	-1.9951378490618363e-05	11.36949791664298	-1.9639704453458037e-05	10.569480766269995	-1.937963630882527e-05	9.959875027945701	-1.9098591422710246e-05	9.465433697665759	-1.873577983585115e-05	9.05802769495308	-1.9512099940975897e-05	8.710386033607392	-2.0288219518535192e-05	8.41695992031757	-1.9762533398681443e-05	8.151007284588129	-1.9130439535512927e-05	7.916937136637177	-2.125967846862284e-05	7.707320333639865	-2.2035071019033893e-05	7.513768906291119	-2.1296468132877793e-05	7.33224176956191	-2.2051828096549204e-05	7.156392357302466	-2.281795186064099e-05	6.988757775492658	-2.1914704598210747e-05	6.8251065529868855	-2.2680167763456318e-05	6.67814094965929	-2.345376541183008e-05	6.530109664473377	-2.6132859457481837e-05	6.3919913093567455	-2.7061663867073107e-05	6.254331558080004	-2.6018421042097804e-05	6.119820213729322	-2.6938985270591746e-05	5.989779994032427	-2.790597831920146e-05	5.865933836264877	-2.890417598641059e-05	5.743488635630776	-2.994267130087087e-05	5.625133445901569	-3.104789017644755e-05
11	1	11	0	0	1103	794	957	6185	880	7239	802	6438	778	4544	725	3412	711	2580	691	1941	694	1630	688	1389	674	1216	648	1080	635	934	617	854	644	775	647	735	645	708	631	685	617	695	632	673	657	668	685	637	710	623	733	648	726	647	708	638	704	637	718	633	702	4075	4095	229.0	641.5551442920482	488.9750156402588	20	1	0.7355470657348633	4.166666666666666	3.536977491961415			4.023344884187488	1.8305053485798597	3.6464088397790055	5.882241053001987	3.4580320653882426	6.786095955903032	3.2417138237671783	7.110669317428761	3.19612192917591	6.202142905889579	3.004558640696229	5.769458394629601	2.9600333055786843	5.51907074250754	2.895817617969994	5.035150068743677	2.9304957351575034	4.984404623570423	2.9098291321265437	4.864808069487251	2.856295291774378	4.7563169834937025	2.734292586185071	4.493820996130321	2.68238077134288	4.117621125953357	2.616513294601586	3.9000776362058733	2.71329260585633	3.6634365398251005	2.7138123400864056	3.543705703678704	2.679684254258413	3.4115549559099887	2.621193868649524	3.3233068115660775	2.553068233541606	3.343757517440462	2.612001983798975	3.216248506571087	2.711067095815796	3.1709864236210006	2.799117358613926	3.0089749645725083	2.8887623077549027	2.910534921747255	2.967491194688474	2.9945930957992513	2.926947266569908	2.9782728779230343	2.859912748424624	2.9030349911270874	2.8405422853453843	2.8912490922294842	2.890033810980518	2.825892857142857	2.8218836676448125	4.765914646269722	4.761904761904762	3.252840909090909	4.4183816191096925	3.840787093400899	4.0650406504065035	4.761904761904762	4.899807292640109	5.436393861892583	13.215800000000002	0.05431334153831808	20.865983835204922	-1.0490437489390353e-05	18.635216981933038	-1.52633014902706e-05	15.999992340150918	-1.7234676935980836e-05	13.973841333218108	-1.9419964500304895e-05	12.468423982331077	-1.9951378490618363e-05	11.36949791664298	-1.9639704453458037e-05	10.569480766269995	-1.937963630882527e-05	9.959875027945701	-1.9098591422710246e-05	9.465433697665759	-1.873577983585115e-05	9.05802769495308	-1.9512099940975897e-05	8.710386033607392	-2.0288219518535192e-05	8.41695992031757	-1.9762533398681443e-05	8.151007284588129	-1.9130439535512927e-05	7.916937136637177	-2.125967846862284e-05	7.707320333639865	-2.2035071019033893e-05	7.513768906291119	-2.1296468132877793e-05	7.33224176956191	-2.2051828096549204e-05	7.156392357302466	-2.281795186064099e-05	6.988757775492658	-2.1914704598210747e-05	6.8251065529868855	-2.2680167763456318e-05	6.67814094965929	-2.345376541183008e-05	6.530109664473377	-2.6132859457481837e-05	6.3919913093567455	-2.7061663867073107e-05	6.254331558080004	-2.6018421042097804e-05	6.119820213729322	-2.6938985270591746e-05	5.989779994032427	-2.790597831920146e-05	5.865933836264877	-2.890417598641059e-05	5.743488635630776	-2.994267130087087e-05	5.625133445901569	-3.104789017644755e-05
12	1	10	0	0	1072	1216	1024	6920	928	7525	850	6072	798	4272	729	3146	739	2366	695	1821	664	1549	653	1289	633	1055	655	1038	642	946	645	852	648	793	665	725	651	750	650	671	647	651	666	634	668	658	673	643	671	637	646	655	693	657	678	654	674	657	685	662	702	4076	4095	218.0	627.5193056287975	471.83363342285156	19	1	0.7365779876708984	4.166666666666666	3.215434083601286			3.9102681014043403	2.803393581704168	3.9016955610592494	6.581262423083873	3.646651996227601	7.054202523576504	3.4357316087308	6.706428098078197	3.278284446635445	5.830887872790555	3.0211355159552427	5.319670606537141	3.0766028309741884	5.061287355338311	2.912580672198475	4.723857947028457	2.803817245165104	4.73671335086539	2.7618000338352227	4.514569907537125	2.682544391236174	4.126574356567316	2.7638296974555887	4.319061290725252	2.711950323152959	4.170524181104792	2.7352529578898266	3.8909439649267026	2.730145354961028	3.748522807846845	2.7893125288368776	3.4954920206354565	2.7046115496468635	3.6139353346504124	2.7001204669131393	3.2553852124975737	2.6772044523523815	3.1320663940341595	2.7525210778641096	3.029868578255675	2.7564578691095156	3.123516566979968	2.7500817260542663	3.0373169579593764	2.730083814793718	2.975940200887643	2.615278733654508	3.02694209529091	2.7939042089985486	3.0243049162216904	2.7387300048473096	2.9758383764845067	2.7194964493221434	2.9820261437908497	2.7572049589438095	2.955357142857143	2.8218836676448125	4.767084195876168	4.761904761904762	3.096590909090909	4.321716987689848	3.7061454502129254	3.861788617886179	4.761904761904762	4.906674723774894	5.436393861892583	13.215800000000002	0.05431334153831808	20.865983835204922	-1.0490437489390353e-05	18.635216981933038	-1.52633014902706e-05	15.999992340150918	-1.7234676935980836e-05	13.973841333218108	-1.9419964500304895e-05	12.468423982331077	-1.9951378490618363e-05	11.36949791664298	-1.9639704453458037e-05	10.569480766269995	-1.937963630882527e-05	9.959875027945701	-1.9098591422710246e-05	9.465433697665759	-1.873577983585115e-05	9.05802769495308	-1.9512099940975897e-05	8.710386033607392	-2.0288219518535192e-05	8.41695992031757	-1.9762533398681443e-05	8.151007284588129	-1.9130439535512927e-05	7.916937136637177	-2.125967846862284e-05	7.707320333639865	-2.2035071019033893e-05	7.513768906291119	-2.1296468132877793e-05	7.33224176956191	-2.2051828096549204e-05	7.156392357302466	-2.281795186064099e-05	6.988757775492658	-2.1914704598210747e-05	6.8251065529868855	-2.2680167763456318e-05	6.67814094965929	-2.345376541183008e-05	6.530109664473377	-2.6132859457481837e-05	6.3919913093567455	-2.7061663867073107e-05	6.254331558080004	-2.6018421042097804e-05	6.119820213729322	-2.6938985270591746e-05	5.989779994032427	-2.790597831920146e-05	5.865933836264877	-2.890417598641059e-05	5.743488635630776	-2.994267130087087e-05	5.625133445901569	-3.104789017644755e-05
13	1	11	0	0	1035	1807	937	7609	930	7949	845	5833	766	4025	765	2840	685	2151	714	1687	640	1389	639	1172	627	1019	626	967	632	916	619	833	614	746	645	707	664	714	644	638	643	640	649	623	654	641	678	633	678	617	686	640	684	649	680	653	680	645	682	646	693	4078	4095	205.0	611.3062385518084	452.34790420532227	17	1	0.7377948760986328	4.166666666666666	3.536977491961415			3.775305489695422	4.165898192548875	3.5702038483520675	7.236535516942946	3.6545111600125746	7.451675197330183	3.4155214227970894	6.442456372873869	3.1468244187001893	5.493755544939603	3.170327393286366	4.802245557077394	2.851790174854288	4.601364793462682	2.9922051797837566	4.376248411113129	2.7024744531711846	4.247446639349276	2.702588394518694	4.104791258055478	2.657117430181803	3.9857623406086207	2.6414616650491585	4.023634169683352	2.6697081062814174	4.038266543226205	2.624994699122175	3.804174087774581	2.5868969875710977	3.52635310801229	2.7054234302252422	3.408707391157611	2.7586206896551726	3.440466438587192	2.675196277987787	3.0952843004075294	2.6606529565109445	3.0791436131825836	2.6822615308315423	2.977299880525687	2.698687794008418	3.0428178106902117	2.770513239620791	2.9900803023145963	2.758564569940597	2.8825040878299464	2.777215497348285	2.957622810665927	2.7576197387518144	2.9874792855827654	2.7468088544191307	2.971288164899668	2.7437056165267917	2.9275599128540306	2.745129608758654	2.883928571428571	2.7857056719057764	4.769423295089061	4.761904761904762	2.911931818181818	4.210057813572539	3.5530894966562885	3.4552845528455287	4.761904761904762	4.9147809607110515	5.436393861892583	13.215800000000002	0.05431334153831808	20.865983835204922	-1.0490437489390353e-05	18.635216981933038	-1.52633014902706e-05	15.999992340150918	-1.7234676935980836e-05	13.973841333218108	-1.9419964500304895e-05	12.468423982331077	-1.9951378490618363e-05	11.36949791664298	-1.9639704453458037e-05	10.569480766269995	-1.937963630882527e-05	9.959875027945701	-1.9098591422710246e-05	9.465433697665759	-1.873577983585115e-05	9.05802769495308	-1.9512099940975897e-05	8.710386033607392	-2.0288219518535192e-05	8.41695992031757	-1.9762533398681443e-05	8.151007284588129	-1.9130439535512927e-05	7.916937136637177	-2.125967846862284e-05	7.707320333639865	-2.2035071019033893e-05	7.513768906291119	-2.1296468132877793e-05	7.33224176956191	-2.2051828096549204e-05	7.156392357302466	-2.281795186064099e-05	6.988757775492658	-2.1914704598210747e-05	6.8251065529868855	-2.2680167763456318e-05	6.67814094965929	-2.345376541183008e-05	6.530109664473377	-2.6132859457481837e-05	6.3919913093567455	-2.7061663867073107e-05	6.254331558080004	-2.6018421042097804e-05	6.119820213729322	-2.6938985270591746e-05	5.989779994032427	-2.790597831920146e-05	5.865933836264877	-2.890417598641059e-05	5.743488635630776	-2.994267130087087e-05	5.625133445901569	-3.104789017644755e-05
14	1	11	0	0	1042	2909	975	8545	963	7768	863	5624	814	3654	728	2549	748	1737	697	1420	651	1177	646	1072	633	993	637	951	631	863	608	810	632	725	637	750	621	682	624	652	616	638	628	631	638	630	642	607	640	634	652	632	649	637	657	633	645	619	660	639	665	4078	4095	188.0	592.0923286874156	426.7823781967163	17	1	0.7392368316650391	4.166666666666666	3.536977491961415			3.8008389567754883	6.706473625968277	3.7149933320632504	8.126717833128858	3.784187362464634	7.281999362543826	3.4882780921584478	6.211619173845814	3.344014460603073	4.987374599058214	3.016991297140489	4.3101844806303795	3.1140716069941714	3.715746465013798	2.9209621993127146	3.6836234402967656	2.7489232328350646	3.599168246590423	2.732194214176958	3.7545530961053517	2.682544391236174	3.8840647735273413	2.687877125617115	3.957059043814755	2.6654838845942637	3.8046113829740333	2.5783469742589373	3.6991368680641186	2.662734358542237	3.4270857953202554	2.6718677907805883	3.6160262282435753	2.5799750727046113	3.286271864308775	2.592115648236614	3.1632058994760333	2.548930359581247	3.069521289391388	2.595470325673665	3.015531660692951	2.632664851035735	2.9906009683850754	2.623406341941811	2.8672649976381672	2.6039547562861096	2.9619247839289886	2.6395692482085744	2.9206525255326032	2.6165134655700695	2.9322408396243786	2.6539020843431893	2.880283933202894	2.6024854744996775	2.8095497458242558	2.6565770407341813	2.852678571428571	2.673151907384331	4.769423295089061	4.761904761904762	2.6704545454545454	4.077731875683374	3.352278127590146	3.4552845528455287	4.761904761904762	4.924386470309383	5.436393861892583	13.215800000000002	0.05431334153831808	20.865983835204922	-1.0490437489390353e-05	18.635216981933038	-1.52633014902706e-05	15.999992340150918	-1.7234676935980836e-05	13.973841333218108	-1.9419964500304895e-05	12.468423982331077	-1.9951378490618363e-05	11.36949791664298	-1.9639704453458037e-05	10.569480766269995	-1.937963630882527e-05	9.959875027945701	-1.9098591422710246e-05	9.465433697665759	-1.873577983585115e-05	9.05802769495308	-1.9512099940975897e-05	8.710386033607392	-2.0288219518535192e-05	8.41695992031757	-1.9762533398681443e-05	8.151007284588129	-1.9130439535512927e-05	7.916937136637177	-2.125967846862284e-05	7.707320333639865	-2.2035071019033893e-05	7.513768906291119	-2.1296468132877793e-05	7.33224176956191	-2.2051828096549204e-05	7.156392357302466	-2.281795186064099e-05	6.988757775492658	-2.1914704598210747e-05	6.8251065529868855	-2.2680167763456318e-05	6.67814094965929	-2.345376541183008e-05	6.530109664473377	-2.6132859457481837e-05	6.3919913093567455	-2.7061663867073107e-05	6.254331558080004	-2.6018421042097804e-05	6.119820213729322	-2.6938985270591746e-05	5.989779994032427	-2.790597831920146e-05	5.865933836264877	-2.890417598641059e-05	5.743488635630776	-2.994267130087087e-05	5.625133445901569	-3.104789017644755e-05
15	1	12	0	0	1024	3776	939	8846	838	7770	783	5227	778	3319	773	2251	795	1625	756	1339	713	1166	705	996	676	927	636	813	636	781	622	775	604	778	602	759	616	719	615	705	621	666	617	637	635	619	631	626	629	606	640	627	666	612	664	625	669	617	670	623	664	4080	4095	178.0	577.7733847151663	410.28980922698975	15	1	0.7415809631347656	4.166666666666666	3.858520900321544			3.7351814699981762	8.705274806344523	3.577824347494761	8.412983727543343	3.2929896259038043	7.283874233646436	3.164915117219078	5.773138944113099	3.19612192917591	4.530130348734048	3.2034811438043933	3.806286883444089	3.309741881765196	3.476158897897191	3.168217249182801	3.4735012581389917	3.010725445486023	3.56553116017369	2.9817289798680426	3.488372093023256	2.8647709454591683	3.6259094109363996	2.683657538292755	3.3828485831981023	2.686604993030034	3.443107172772561	2.6377168059030573	3.5392976206786315	2.544765114809353	3.6776175844953913	2.5250618682102264	3.659418542982498	2.5592023265475694	3.464559340818195	2.5547293648485856	3.420337667378226	2.5696197293830427	3.2042338224681264	2.550008265829063	3.044205495818399	2.620285549228357	2.9383841260799395	2.578457012095456	2.95701464336325	2.559199283912442	2.8311142256482134	2.590988219100441	2.8975460973242755	2.6850507982583456	2.8171607438777393	2.682178057844563	2.8438822405241844	2.69932214331827	2.800472040668119	2.6968282080180326	2.78125	2.6691321300799933	4.7717623943019545	4.761904761904762	2.528409090909091	3.9791175018217757	3.222732764310169	3.048780487804878	4.761904761904762	4.940001776256934	5.436393861892583	13.215800000000002	0.05431334153831808	20.865983835204922	-1.0490437489390353e-05	18.635216981933038	-1.52633014902706e-05	15.999992340150918	-1.7234676935980836e-05	13.973841333218108	-1.9419964500304895e-05	12.468423982331077	-1.9951378490618363e-05	11.36949791664298	-1.9639704453458037e-05	10.569480766269995	-1.937963630882527e-05	9.959875027945701	-1.9098591422710246e-05	9.465433697665759	-1.873577983585115e-05	9.05802769495308	-1.9512099940975897e-05	8.710386033607392	-2.0288219518535192e-05	8.41695992031757	-1.9762533398681443e-05	8.151007284588129	-1.9130439535512927e-05	7.916937136637177	-2.125967846862284e-05	7.707320333639865	-2.2035071019033893e-05	7.513768906291119	-2.1296468132877793e-05	7.33224176956191	-2.2051828096549204e-05	7.156392357302466	-2.281795186064099e-05	6.988757775492658	-2.1914704598210747e-05	6.8251065529868855	-2.2680167763456318e-05	6.67814094965929	-2.345376541183008e-05	6.530109664473377	-2.6132859457481837e-05	6.3919913093567455	-2.7061663867073107e-05	6.254331558080004	-2.6018421042097804e-05	6.119820213729322	-2.6938985270591746e-05	5.989779994032427	-2.790597831920146e-05	5.865933836264877	-2.890417598641059e-05	5.743488635630776	-2.994267130087087e-05	5.625133445901569	-3.104789017644755e-05
16	1	8	0	0	956	4565	887	9325	833	7693	825	4979	751	3080	724	2086	719	1560	701	1291	689	1010	701	950	672	861	652	837	675	765	631	717	635	723	657	695	622	719	597	699	579	663	582	680	576	633	631	638	628	653	634	621	612	595	621	589	621	582	628	598	630	4077	4095	168.0	567.180634140299	395.5928010940552	18	1	0.7441978454589844	4.166666666666666	2.572347266881029			3.4871420755061098	10.524253043157508	3.379691369784721	8.868536429950451	3.2733417164413705	7.211691696195886	3.334680679062248	5.499226861055887	3.0852025306055375	4.203917286562478	3.0004144218814757	3.527283180304029	2.993338884263114	3.3371125419813032	2.937725253541195	3.348984409452904	2.909382653492104	3.0884961164454774	2.9648113686347486	3.3272625385261976	2.8478196380895877	3.367754048345459	2.75117093548251	3.4827112720009987	2.851349638829046	3.3725697659039806	2.675883126245706	3.2744211535826824	2.6753739203707605	3.417631765540061	2.7557568893922237	3.350850971505713	2.58412962193602	3.464559340818195	2.4799567980725294	3.3912284106345814	2.395829023047958	3.189800336781333	2.4053562572326004	3.249701314217443	2.376825947016588	3.0048419253773853	2.578457012095456	3.0136986301369864	2.5551306046057447	3.0506890913338003	2.5666977045463746	2.8698183834742825	2.467343976777939	2.738906278770024	2.5084827920504122	2.6800746234699915	2.5056488056810844	2.64161220043573	2.5277733054258573	2.669642857142857	2.532459701732524	4.768253745482615	4.761904761904762	2.3863636363636367	3.906165371592263	3.1072911213978607	3.6585365853658534	4.761904761904762	4.95743399737983	5.436393861892583	13.215800000000002	0.05431334153831808	20.865983835204922	-1.0490437489390353e-05	18.635216981933038	-1.52633014902706e-05	15.999992340150918	-1.7234676935980836e-05	13.973841333218108	-1.9419964500304895e-05	12.468423982331077	-1.9951378490618363e-05	11.36949791664298	-1.9639704453458037e-05	10.569480766269995	-1.937963630882527e-05	9.959875027945701	-1.9098591422710246e-05	9.465433697665759	-1.873577983585115e-05	9.05802769495308	-1.9512099940975897e-05	8.710386033607392	-2.0288219518535192e-05	8.41695992031757	-1.9762533398681443e-05	8.151007284588129	-1.9130439535512927e-05	7.916937136637177	-2.125967846862284e-05	7.707320333639865	-2.2035071019033893e-05	7.513768906291119	-2.1296468132877793e-05	7.33224176956191	-2.2051828096549204e-05	7.156392357302466	-2.281795186064099e-05	6.988757775492658	-2.1914704598210747e-05	6.8251065529868855	-2.2680167763456318e-05	6.67814094965929	-2.345376541183008e-05	6.530109664473377	-2.6132859457481837e-05	6.3919913093567455	-2.7061663867073107e-05	6.254331558080004	-2.6018421042097804e-05	6.119820213729322	-2.6938985270591746e-05	5.989779994032427	-2.790597831920146e-05	5.865933836264877	-2.890417598641059e-05	5.743488635630776	-2.994267130087087e-05	5.625133445901569	-3.104789017644755e-05
17	1	11	0	0	957	5325	851	9885	780	7578	681	4724	620	2975	695	1879	691	1421	654	1142	638	930	626	876	623	762	644	681	642	623	619	698	622	690	636	651	636	647	632	605	643	636	636	641	656	626	667	621	657	638	656	642	643	631	643	647	652	647	666	657	673	4080	4095	160.0	560.0897497925904	384.3490152359009	15	1	0.7487020492553711	4.166666666666666	3.536977491961415			3.490789713660405	12.27637403172261	3.2425223852162315	9.40112414048903	3.0650738761395786	7.103886607795714	2.752627324171382	5.217583388557544	2.547038041245584	4.060601924520576	2.8802320762536264	3.177260352728318	2.8767693588676106	3.0397672577919437	2.74075936635655	2.962463358323173	2.694029220505025	2.84386276068742	2.647606158010489	3.0680862986831046	2.640166122812222	2.9805210044590473	2.7174142368876324	2.8336037947821744	2.711950323152959	2.7465502799453336	2.624994699122175	3.1876512764305613	2.620602485780493	3.2616402741668638	2.667673335850006	3.138710766115423	2.642293311175737	3.1176215486917553	2.625347900137083	2.935183388317485	2.6606529565109445	3.0598989656001923	2.6285336419242853	3.063321385902031	2.706940661880003	2.9716130257286624	2.725563909774436	2.9333963155408598	2.6731223044999592	2.980612006540528	2.6557629245779526	2.9668653819492583	2.592323818738913	2.9046216166451853	2.5973501373404426	2.9439868953906356	2.6307295029051	2.9366376180101668	2.680727741104492	2.9330357142857144	2.7053101258190293	4.7717623943019545	4.761904761904762	2.272727272727273	3.857330546801448	3.018973750931771	3.048780487804878	4.761904761904762	4.987438509174087	5.436393861892583	13.215800000000002	0.05431334153831808	20.865983835204922	-1.0490437489390353e-05	18.635216981933038	-1.52633014902706e-05	15.999992340150918	-1.7234676935980836e-05	13.973841333218108	-1.9419964500304895e-05	12.468423982331077	-1.9951378490618363e-05	11.36949791664298	-1.9639704453458037e-05	10.569480766269995	-1.937963630882527e-05	9.959875027945701	-1.9098591422710246e-05	9.465433697665759	-1.873577983585115e-05	9.05802769495308	-1.9512099940975897e-05	8.710386033607392	-2.0288219518535192e-05	8.41695992031757	-1.9762533398681443e-05	8.151007284588129	-1.9130439535512927e-05	7.916937136637177	-2.125967846862284e-05	7.707320333639865	-2.2035071019033893e-05	7.513768906291119	-2.1296468132877793e-05	7.33224176956191	-2.2051828096549204e-05	7.156392357302466	-2.281795186064099e-05	6.988757775492658	-2.1914704598210747e-05	6.8251065529868855	-2.2680167763456318e-05	6.67814094965929	-2.345376541183008e-05	6.530109664473377	-2.6132859457481837e-05	6.3919913093567455	-2.7061663867073107e-05	6.254331558080004	-2.6018421042097804e-05	6.119820213729322	-2.6938985270591746e-05	5.989779994032427	-2.790597831920146e-05	5.865933836264877	-2.890417598641059e-05	5.743488635630776	-2.994267130087087e-05	5.625133445901569	-3.104789017644755e-05
18	1	11	0	0	936	6306	816	10636	702	7384	607	4214	611	2686	576	1960	535	1374	584	1068	576	933	598	798	633	672	632	609	615	596	624	556	643	564	625	577	678	598	692	633	667	635	654	616	656	644	660	633	652	661	669	691	670	677	671	651	650	653	640	659	635	4081	4095	150.0	551.0509685313214	368.8694591522217	14	1	0.7551679611206055	4.166666666666666	3.536977491961415			3.414189312420208	14.537993360383622	3.1091636502190894	10.11536230230059	2.758566488525621	6.92202411084238	2.453516572352466	4.654296443560857	2.510064908388793	3.666143451852863	2.387070037297969	3.3142258069970745	2.2273105745212325	2.9392260465912248	2.4474059173581426	2.7704998832654546	2.4322270078540664	2.8530365115283467	2.529182879377432	2.794900532362006	2.682544391236174	2.6284909645623094	2.6667791889953163	2.5340157283734865	2.5978963375997974	2.627518405854605	2.646198210423646	2.539160615609444	2.709079418580156	2.6660363980146538	2.621534331613607	2.781929511595391	2.81678437889489	2.8815111068279284	2.8745897893906034	3.071026586454493	2.7599619315595647	3.0550878037045948	2.70292610348818	2.943847072879331	2.706940661880003	3.0570587676825216	2.696959790781301	2.9900803023145963	2.652778907966474	3.0880635365568794	2.7083923727784303	3.193308378390868	2.7011772294791165	3.1163689928190017	2.7104540313459364	2.9621877417299904	2.6226597805035508	2.9638707334785765	2.576074706166479	2.9419642857142856	2.552558588254211	4.772931943908401	4.761904761904762	2.130681818181818	3.795080582259406	2.8973853725564007	2.8455284552845526	4.761904761904762	5.030510833960253	5.436393861892583	13.215800000000002	0.05431334153831808	20.865983835204922	-1.0490437489390353e-05	18.635216981933038	-1.52633014902706e-05	15.999992340150918	-1.7234676935980836e-05	13.973841333218108	-1.9419964500304895e-05	12.468423982331077	-1.9951378490618363e-05	11.36949791664298	-1.9639704453458037e-05	10.569480766269995	-1.937963630882527e-05	9.959875027945701	-1.9098591422710246e-05	9.465433697665759	-1.873577983585115e-05	9.05802769495308	-1.9512099940975897e-05	8.710386033607392	-2.0288219518535192e-05	8.41695992031757	-1.9762533398681443e-05	8.151007284588129	-1.9130439535512927e-05	7.916937136637177	-2.125967846862284e-05	7.707320333639865	-2.2035071019033893e-05	7.513768906291119	-2.1296468132877793e-05	7.33224176956191	-2.2051828096549204e-05	7.156392357302466	-2.281795186064099e-05	6.988757775492658	-2.1914704598210747e-05	6.8251065529868855	-2.2680167763456318e-05	6.67814094965929	-2.345376541183008e-05	6.530109664473377	-2.6132859457481837e-05	6.3919913093567455	-2.7061663867073107e-05	6.254331558080004	-2.6018421042097804e-05	6.119820213729322	-2.6938985270591746e-05	5.989779994032427	-2.790597831920146e-05	5.865933836264877	-2.890417598641059e-05	5.743488635630776	-2.994267130087087e-05	5.625133445901569	-3.104789017644755e-05
19	3	11	0	0	852	7221	743	10759	641	6903	614	4171	587	2643	573	1728	558	1128	527	935	526	782	519	714	552	594	574	600	578	582	583	539	589	528	609	527	613	528	631	578	614	577	608	587	584	576	600	608	607	608	609	622	609	611	607	610	596	582	578	605	585	4085	4095	141.0	549.6293637842979	356.96477031707764	10	1	0.7643184661865234	12.5	3.536977491961415			3.10778770745942	16.647454813721872	2.831015431510764	10.232341388722455	2.5188619930839358	6.471117610664266	2.4818108326596606	4.606803622708195	2.411469887437351	3.607452398826179	2.374637380853709	2.9219296910668087	2.3230641132389676	2.41298906881725	2.2085323946022966	2.4254844483644193	2.2210961912000675	2.391291052535013	2.195060057519878	2.5007004763239005	2.3392804170021613	2.3233982633184698	2.422043124182455	2.4965672200724005	2.441600135175094	2.565798174844597	2.4723294177515798	2.461524409736494	2.481567305666737	2.495863861971165	2.5544230527242986	2.5408610963791523	2.5467386788533446	2.54421047559389	2.621193868649524	2.804191732971085	2.540654611660529	2.776040413759923	2.5128120350471153	2.805256869772999	2.4098374185029297	2.7342637425234977	2.451781627983001	2.8719886632026452	2.4696883391651068	2.8404578369539824	2.4654872272377637	2.874439669115948	2.455249153362361	2.8125575400478735	2.451930845047665	2.7756290667516037	2.404777275661717	2.64161220043573	2.326517469006601	2.700892857142857	2.351569723037344	4.777610142334187	4.761904761904762	2.002840909090909	3.7852900095552955	2.8038767601192083	2.0325203252032518	4.761904761904762	5.091466432238022	5.436393861892583	13.215800000000002	0.05431334153831808	20.865983835204922	-1.0490437489390353e-05	18.635216981933038	-1.52633014902706e-05	15.999992340150918	-1.7234676935980836e-05	13.973841333218108	-1.9419964500304895e-05	12.468423982331077	-1.9951378490618363e-05	11.36949791664298	-1.9639704453458037e-05	10.569480766269995	-1.937963630882527e-05	9.959875027945701	-1.9098591422710246e-05	9.465433697665759	-1.873577983585115e-05	9.05802769495308	-1.9512099940975897e-05	8.710386033607392	-2.0288219518535192e-05	8.41695992031757	-1.9762533398681443e-05	8.151007284588129	-1.9130439535512927e-05	7.916937136637177	-2.125967846862284e-05	7.707320333639865	-2.2035071019033893e-05	7.513768906291119	-2.1296468132877793e-05	7.33224176956191	-2.2051828096549204e-05	7.156392357302466	-2.281795186064099e-05	6.988757775492658	-2.1914704598210747e-05	6.8251065529868855	-2.2680167763456318e-05	6.67814094965929	-2.345376541183008e-05	6.530109664473377	-2.6132859457481837e-05	6.3919913093567455	-2.7061663867073107e-05	6.254331558080004	-2.6018421042097804e-05	6.119820213729322	-2.6938985270591746e-05	5.989779994032427	-2.790597831920146e-05	5.865933836264877	-2.890417598641059e-05	5.743488635630776	-2.994267130087087e-05	5.625133445901569	-3.104789017644755e-05
20	2	6	0	0	825	8375	701	11197	618	6823	554	3951	552	2432	519	1609	497	1163	484	934	523	731	522	626	509	562	506	560	508	521	517	488	521	484	504	512	527	515	538	506	577	495	589	507	586	515	597	499	600	520	618	537	628	575	607	594	626	575	605	592	594	4082	4095	135.0	547.4897205259724	347.72151374816895	13	1	0.7714729309082031	8.333333333333332	1.929260450160772			3.0093014772934525	19.307912209516783	2.6709849495141933	10.648901062322274	2.4284816095567434	6.396122766559799	2.2392886014551334	4.363817097415508	2.2676854818831647	3.3194567665324506	2.1508495648570247	2.7207088384991294	2.0691090757701915	2.4878601835411898	2.028329561646132	2.4228903473501258	2.2084283422008277	2.2353372882392515	2.2077482659448484	2.1924908938077894	2.157053862779167	2.198232026910741	2.135111186125997	2.330129405400907	2.145904617074304	2.296874311158136	2.1924430685721554	2.2286157921176417	2.195070570886876	2.2878752068069015	2.1140052850132123	2.4685405718142808	2.1894474449522225	2.481568929793283	2.234868940306568	2.454880652047351	2.3875532751272397	2.3815251383209044	2.434286658951893	2.422939068100358	2.418090286374515	2.4446976170131967	2.439522719843086	2.3571091166745393	2.4412075840182275	2.429338939500117	2.5019229990688636	2.48163038957438	2.5318497016610224	2.6468422021727123	2.451930845047665	2.702825681394185	2.525823111684958	2.609840232389252	2.4351956206729994	2.642857142857143	2.38774771877638	4.774101493514848	4.761904761904762	1.9176136363636365	3.7705543153158403	2.7312730904115194	2.642276422764228	4.761904761904762	5.1391255149143955	5.436393861892583	13.215800000000002	0.05431334153831808	20.865983835204922	-1.0490437489390353e-05	18.635216981933038	-1.52633014902706e-05	15.999992340150918	-1.7234676935980836e-05	13.973841333218108	-1.9419964500304895e-05	12.468423982331077	-1.9951378490618363e-05	11.36949791664298	-1.9639704453458037e-05	10.569480766269995	-1.937963630882527e-05	9.959875027945701	-1.9098591422710246e-05	9.465433697665759	-1.873577983585115e-05	9.05802769495308	-1.9512099940975897e-05	8.710386033607392	-2.0288219518535192e-05	8.41695992031757	-1.9762533398681443e-05	8.151007284588129	-1.9130439535512927e-05	7.916937136637177	-2.125967846862284e-05	7.707320333639865	-2.2035071019033893e-05	7.513768906291119	-2.1296468132877793e-05	7.33224176956191	-2.2051828096549204e-05	7.156392357302466	-2.281795186064099e-05	6.988757775492658	-2.1914704598210747e-05	6.8251065529868855	-2.2680167763456318e-05	6.67814094965929	-2.345376541183008e-05	6.530109664473377	-2.6132859457481837e-05	6.3919913093567455	-2.7061663867073107e-05	6.254331558080004	-2.6018421042097804e-05	6.119820213729322	-2.6938985270591746e-05	5.989779994032427	-2.790597831920146e-05	5.865933836264877	-2.890417598641059e-05	5.743488635630776	-2.994267130087087e-05	5.625133445901569	-3.104789017644755e-05
