	counts(inten<0.01	MicrocoloniesPlatonic	MicrocoloniesAggregates	MicrocoloniesLarge	counts(Norminten<0.01	counts(inten<0.02	counts(Norminten<0.02	counts(inten<0.03	counts(Norminten<0.03	counts(inten<0.04	counts(Norminten<0.04	counts(inten<0.05	counts(Norminten<0.05	counts(inten<0.060000000000000005	counts(Norminten<0.060000000000000005	counts(inten<0.06999999999999999	counts(Norminten<0.06999999999999999	counts(inten<0.08	counts(Norminten<0.08	counts(inten<0.09	counts(Norminten<0.09	counts(inten<0.09999999999999999	counts(Norminten<0.09999999999999999	counts(inten<0.11	counts(Norminten<0.11	counts(inten<0.12	counts(Norminten<0.12	counts(inten<0.13	counts(Norminten<0.13	counts(inten<0.14	counts(Norminten<0.14	counts(inten<0.15000000000000002	counts(Norminten<0.15000000000000002	counts(inten<0.16	counts(Norminten<0.16	counts(inten<0.17	counts(Norminten<0.17	counts(inten<0.18000000000000002	counts(Norminten<0.18000000000000002	counts(inten<0.19	counts(Norminten<0.19	counts(inten<0.2	counts(Norminten<0.2	counts(inten<0.21000000000000002	counts(Norminten<0.21000000000000002	counts(inten<0.22	counts(Norminten<0.22	counts(inten<0.23	counts(Norminten<0.23	counts(inten<0.24000000000000002	counts(Norminten<0.24000000000000002	counts(inten<0.25	counts(Norminten<0.25	counts(inten<0.26	counts(Norminten<0.26	counts(inten<0.27	counts(Norminten<0.27	counts(inten<0.28	counts(Norminten<0.28	counts(inten<0.29000000000000004	counts(Norminten<0.29000000000000004	diff	max	med	std	mean	min	eigenLocal	minProp	counts(inten<0.01Normalized	MicrocoloniesPlatonicNormalized	MicrocoloniesAggregatesNormalized	MicrocoloniesLargeNormalized	counts(Norminten<0.01Normalized	counts(inten<0.02Normalized	counts(Norminten<0.02Normalized	counts(inten<0.03Normalized	counts(Norminten<0.03Normalized	counts(inten<0.04Normalized	counts(Norminten<0.04Normalized	counts(inten<0.05Normalized	counts(Norminten<0.05Normalized	counts(inten<0.060000000000000005Normalized	counts(Norminten<0.060000000000000005Normalized	counts(inten<0.06999999999999999Normalized	counts(Norminten<0.06999999999999999Normalized	counts(inten<0.08Normalized	counts(Norminten<0.08Normalized	counts(inten<0.09Normalized	counts(Norminten<0.09Normalized	counts(inten<0.09999999999999999Normalized	counts(Norminten<0.09999999999999999Normalized	counts(inten<0.11Normalized	counts(Norminten<0.11Normalized	counts(inten<0.12Normalized	counts(Norminten<0.12Normalized	counts(inten<0.13Normalized	counts(Norminten<0.13Normalized	counts(inten<0.14Normalized	counts(Norminten<0.14Normalized	counts(inten<0.15000000000000002Normalized	counts(Norminten<0.15000000000000002Normalized	counts(inten<0.16Normalized	counts(Norminten<0.16Normalized	counts(inten<0.17Normalized	counts(Norminten<0.17Normalized	counts(inten<0.18000000000000002Normalized	counts(Norminten<0.18000000000000002Normalized	counts(inten<0.19Normalized	counts(Norminten<0.19Normalized	counts(inten<0.2Normalized	counts(Norminten<0.2Normalized	counts(inten<0.21000000000000002Normalized	counts(Norminten<0.21000000000000002Normalized	counts(inten<0.22Normalized	counts(Norminten<0.22Normalized	counts(inten<0.23Normalized	counts(Norminten<0.23Normalized	counts(inten<0.24000000000000002Normalized	counts(Norminten<0.24000000000000002Normalized	counts(inten<0.25Normalized	counts(Norminten<0.25Normalized	counts(inten<0.26Normalized	counts(Norminten<0.26Normalized	counts(inten<0.27Normalized	counts(Norminten<0.27Normalized	counts(inten<0.28Normalized	counts(Norminten<0.28Normalized	counts(inten<0.29000000000000004Normalized	counts(Norminten<0.29000000000000004Normalized	diffNormalized	maxNormalized	medNormalized	stdNormalized	meanNormalized	minNormalized	eigenLocalNormalized	minPropNormalized	BioVolume	SubstratumCoverage	Homogenity	ThicknessThreshold=0.01	RoughnessThreshold=0.01	ThicknessThreshold=0.02	RoughnessThreshold=0.02	ThicknessThreshold=0.03	RoughnessThreshold=0.03	ThicknessThreshold=0.04	RoughnessThreshold=0.04	ThicknessThreshold=0.05	RoughnessThreshold=0.05	ThicknessThreshold=0.060000000000000005	RoughnessThreshold=0.060000000000000005	ThicknessThreshold=0.06999999999999999	RoughnessThreshold=0.06999999999999999	ThicknessThreshold=0.08	RoughnessThreshold=0.08	ThicknessThreshold=0.09	RoughnessThreshold=0.09	ThicknessThreshold=0.09999999999999999	RoughnessThreshold=0.09999999999999999	ThicknessThreshold=0.11	RoughnessThreshold=0.11	ThicknessThreshold=0.12	RoughnessThreshold=0.12	ThicknessThreshold=0.13	RoughnessThreshold=0.13	ThicknessThreshold=0.14	RoughnessThreshold=0.14	ThicknessThreshold=0.15000000000000002	RoughnessThreshold=0.15000000000000002	ThicknessThreshold=0.16	RoughnessThreshold=0.16	ThicknessThreshold=0.17	RoughnessThreshold=0.17	ThicknessThreshold=0.18000000000000002	RoughnessThreshold=0.18000000000000002	ThicknessThreshold=0.19	RoughnessThreshold=0.19	ThicknessThreshold=0.2	RoughnessThreshold=0.2	ThicknessThreshold=0.21000000000000002	RoughnessThreshold=0.21000000000000002	ThicknessThreshold=0.22	RoughnessThreshold=0.22	ThicknessThreshold=0.23	RoughnessThreshold=0.23	ThicknessThreshold=0.24000000000000002	RoughnessThreshold=0.24000000000000002	ThicknessThreshold=0.25	RoughnessThreshold=0.25	ThicknessThreshold=0.26	RoughnessThreshold=0.26	ThicknessThreshold=0.27	RoughnessThreshold=0.27	ThicknessThreshold=0.28	RoughnessThreshold=0.28	ThicknessThreshold=0.29000000000000004	RoughnessThreshold=0.29000000000000004
0	1	18	0	0	3102	1	3282	12	3475	32	3671	97	3833	86	3995	96	4153	105	4309	107	4405	132	4527	133	4656	135	4786	160	4920	210	5034	272	5109	328	5176	421	5176	518	5204	630	5227	730	5283	842	5326	990	5377	1186	5392	1342	5434	1526	5439	1740	5401	1968	5344	2240	5324	2481	5286	4043	4095	1160.0	711.3523896191206	1266.3479232788086	52	1	0.5551576614379883	4.761904761904762	4.81283422459893			8.264506847125274	0.010249051962693451	8.797276650494545	0.021120067584216272	9.287967071149836	0.04774053021826374	9.838394125371854	0.1650249238673676	10.180610889774236	0.1770895537755081	10.540897097625331	0.2320129540566015	10.853827457334763	0.29172339065929487	11.107101430596726	0.3277684178281513	11.311694314621745	0.43679682329583064	11.55230050782147	0.4639642782390288	11.793611793611793	0.4876815259013077	11.970686075886046	0.5881704223798846	12.236979555290254	0.778816199376947	12.4115486082004	1.0042088163626965	12.538346381328685	1.192944171667576	12.637335807412473	1.5095016134815347	12.632709345178533	1.836488690349571	12.637202525497814	2.1863612701717856	12.66660204526729	2.4869689639900523	12.765494744472635	2.8284456985454667	12.804423608606804	3.253154574132492	12.943838617269684	3.8081171333162085	12.998408948459572	4.232236904348923	13.14847077042199	4.716427136454953	13.20754716981132	5.2525130558154975	13.159690073583159	5.821624020115367	13.107034239183754	6.4792317482355655	13.136921064969034	7.100947365408283	13.108168427317363	4.7400755035524185	4.761904761904762	12.133891213389122	5.640298229926315	9.071793312244974	7.417974322396577	4.761904761904762	3.912350971939883	29.76212121212121	2.2308000000000003	0.046896599146211145	20.986159324645996	-3.8147009036072765e-06	19.682535413561155	-9.537088784574331e-06	16.728676561828856	-1.2408736132044224e-05	14.305023250913514	-1.340939653884319e-05	12.642927249196811	-1.4476249300314618e-05	11.452168534711092	-1.4633489619002463e-05	10.561893735868473	-1.4842755844582493e-05	9.868491675222968	-1.5099368947040473e-05	9.300488632772257	-1.641774963957909e-05	8.818538830200778	-1.6764722831980805e-05	8.405311278375969	-1.928882116369458e-05	8.036394139456188	-1.865299073275531e-05	7.70339416776806	-1.4622777337844648e-05	7.405749322515138	-1.6171865343808082e-05	7.127004122222961	-1.7809164120945595e-05	6.8722049101196365	-1.833048396143755e-05	6.639043525771275	-2.0142685750182856e-05	6.422702419148552	-2.077528156998803e-05	6.222401156382497	-2.14542494834219e-05	6.033399948444893	-2.078837846490298e-05	5.864368396007362	-2.1499735553252694e-05	5.701490166032648	-2.3757166126438608e-05	5.551066765638042	-2.4640214369865017e-05	5.410764573528494	-2.5586572166926795e-05	5.285675574130782	-2.659941448038875e-05	5.165674884618844	-2.7677686422191968e-05	5.0558507282996965	-2.7034187433428315e-05	4.952985146178821	-3.0079937433730137e-05	4.857799715473673	-3.14394348761581e-05
1	1	17	0	0	2900	1	3007	9	3077	47	3164	95	3244	112	3280	141	3328	157	3435	188	3505	209	3579	246	3651	334	3755	439	3805	533	3847	652	3924	722	3969	808	3993	892	4029	1039	4065	1219	4087	1382	4116	1535	4145	1717	4151	1841	4142	1987	4187	2163	4170	2354	4155	2519	4178	2647	4168	4050	4095	1046.0	785.7930219870955	1223.3848934173584	45	1	0.5846881866455078	4.761904761904762	4.545454545454546			7.726328129162892	0.010249051962693451	8.06014956978583	0.015840050688162202	8.22419415192174	0.07011890375807486	8.479618363573017	0.16162234811752496	8.616201859229749	0.23062825607973148	8.654353562005277	0.34076902627063343	8.697697514570212	0.4361959269858028	8.854233793014563	0.5758921733803033	9.00056494273535	0.6915949702183984	9.133130885242554	0.8581594920812112	9.24795460877935	1.2065602196373095	9.391961181561241	1.613792596404808	9.46376162761777	1.9767096869900609	9.484947853743929	2.407147603928229	9.630156821361082	2.6259319876341154	9.690414571023975	2.8970957332377196	9.745442120420766	3.1624477061618097	9.783875667799903	3.605760888426167	9.850724567440508	4.152897489183388	9.875558777334783	4.642413248681514	9.89542012261089	5.044032597266035	9.978093931296792	5.513100436681222	10.006749915626054	5.805922608723075	10.022260936895083	6.141245557100912	10.167310167310168	6.529417091798232	10.160323570976074	6.963466942759947	10.190817227509076	7.286243202591693	10.30917659831717	7.57606113512121	10.335763527252888	4.748282411424016	4.761904761904762	10.94142259414226	6.230536448152439	8.76401713177654	6.419400855920114	4.761904761904762	4.120460824370406	29.76212121212121	2.2308000000000003	0.046896599146211145	20.986159324645996	-3.8147009036072765e-06	19.682535413561155	-9.537088784574331e-06	16.728676561828856	-1.2408736132044224e-05	14.305023250913514	-1.340939653884319e-05	12.642927249196811	-1.4476249300314618e-05	11.452168534711092	-1.4633489619002463e-05	10.561893735868473	-1.4842755844582493e-05	9.868491675222968	-1.5099368947040473e-05	9.300488632772257	-1.641774963957909e-05	8.818538830200778	-1.6764722831980805e-05	8.405311278375969	-1.928882116369458e-05	8.036394139456188	-1.865299073275531e-05	7.70339416776806	-1.4622777337844648e-05	7.405749322515138	-1.6171865343808082e-05	7.127004122222961	-1.7809164120945595e-05	6.8722049101196365	-1.833048396143755e-05	6.639043525771275	-2.0142685750182856e-05	6.422702419148552	-2.077528156998803e-05	6.222401156382497	-2.14542494834219e-05	6.033399948444893	-2.078837846490298e-05	5.864368396007362	-2.1499735553252694e-05	5.701490166032648	-2.3757166126438608e-05	5.551066765638042	-2.4640214369865017e-05	5.410764573528494	-2.5586572166926795e-05	5.285675574130782	-2.659941448038875e-05	5.165674884618844	-2.7677686422191968e-05	5.0558507282996965	-2.7034187433428315e-05	4.952985146178821	-3.0079937433730137e-05	4.857799715473673	-3.14394348761581e-05
2	1	21	0	0	2647	1	2779	20	2872	50	2933	115	3006	130	3079	179	3138	186	3238	251	3264	304	3329	403	3402	466	3479	568	3534	697	3596	758	3628	883	3656	1012	3682	1165	3740	1329	3749	1449	3802	1576	3861	1695	3850	1872	3857	2028	3883	2109	3894	2253	3891	2395	3895	2516	3877	2594	3838	4043	4095	987.0	777.9561623214419	1175.353271484375	52	1	0.5919685363769531	4.761904761904762	5.614973262032086			7.052272606170405	0.010249051962693451	7.4490042083255155	0.03520011264036045	7.676270914630886	0.07459457846603709	7.860531182161713	0.19564810561595128	7.98406374501992	0.26769351152111687	8.12401055408971	0.4326074872513715	8.201134255024437	0.5167671491678938	8.346436396442842	0.7688773165875326	8.38169585537466	1.0059563203176702	8.495164212621532	1.4058466475964557	8.617239545074597	1.683404378296366	8.701633275806007	2.0880049994485903	8.789732875690195	2.584928052217772	8.866096304149512	2.798493686775456	8.903722973470439	3.2114929987270413	8.926217100444358	3.6285406955898174	8.986405681790448	4.1303268808055025	9.082078678970372	4.6121811556481	9.084960984830126	4.936463053180254	9.186903467439894	5.2940978870637245	9.282365668950595	5.569794952681388	9.267952143665296	6.010788594913948	9.298008774890313	6.395660538017597	9.395567169957413	6.518312471024572	9.455817002986814	6.801098801581791	9.480532137810048	7.084750776512349	9.55312469341705	7.277565660071734	9.566461864929552	7.424368184550216	9.51743292168824	4.7400755035524185	4.761904761904762	10.324267782426778	6.168398151654926	8.419930851364974	7.417974322396577	4.761904761904762	4.171767480706742	29.76212121212121	2.2308000000000003	0.046896599146211145	20.986159324645996	-3.8147009036072765e-06	19.682535413561155	-9.537088784574331e-06	16.728676561828856	-1.2408736132044224e-05	14.305023250913514	-1.340939653884319e-05	12.642927249196811	-1.4476249300314618e-05	11.452168534711092	-1.4633489619002463e-05	10.561893735868473	-1.4842755844582493e-05	9.868491675222968	-1.5099368947040473e-05	9.300488632772257	-1.641774963957909e-05	8.818538830200778	-1.6764722831980805e-05	8.405311278375969	-1.928882116369458e-05	8.036394139456188	-1.865299073275531e-05	7.70339416776806	-1.4622777337844648e-05	7.405749322515138	-1.6171865343808082e-05	7.127004122222961	-1.7809164120945595e-05	6.8722049101196365	-1.833048396143755e-05	6.639043525771275	-2.0142685750182856e-05	6.422702419148552	-2.077528156998803e-05	6.222401156382497	-2.14542494834219e-05	6.033399948444893	-2.078837846490298e-05	5.864368396007362	-2.1499735553252694e-05	5.701490166032648	-2.3757166126438608e-05	5.551066765638042	-2.4640214369865017e-05	5.410764573528494	-2.5586572166926795e-05	5.285675574130782	-2.659941448038875e-05	5.165674884618844	-2.7677686422191968e-05	5.0558507282996965	-2.7034187433428315e-05	4.952985146178821	-3.0079937433730137e-05	4.857799715473673	-3.14394348761581e-05
3	1	27	0	0	2404	1	2480	14	2541	81	2546	137	2616	244	2591	347	2705	431	2753	570	2776	670	2805	781	2890	800	2938	958	2969	1039	3029	1162	3088	1309	3088	1424	3117	1525	3111	1686	3108	1745	3098	1832	3123	1952	3135	2043	3150	2158	3167	2261	3158	2371	3126	2413	3132	2500	3125	2545	3076	4047	4095	861.0	762.5784868420767	1072.94153881073	48	1	0.6098251342773438	4.761904761904762	7.219251336898395			6.404859593968136	0.010249051962693451	6.647546036936768	0.02464007884825232	6.791575346127118	0.12084321711498008	6.8233591509661515	0.23307643886422022	6.948207171314741	0.5024401293165579	6.836411609498681	0.8386301568504241	7.069492721428011	1.1974550607062484	7.096275293207888	1.7460560575892174	7.128550151507369	2.2170747849106553	7.15798606680787	2.7244819646968534	7.320347526533094	2.889964597933675	7.348490533003177	3.521670403999559	7.384469979605034	3.8532858626316573	7.4681328435119205	4.290039134608285	7.578472034751024	4.760865611929441	7.539430636261536	5.105772678379347	7.607448807751446	5.406651067148833	7.554638173870811	5.851119208745445	7.531624097319828	5.9448778659762205	7.485804035278483	6.154052873794887	7.508113956004328	6.414300736067298	7.546761031270312	6.559851014641664	7.593655079311509	6.80563877763411	7.663085559427023	6.98810075722454	7.6685850270755935	7.1573037099646815	7.616587885580625	7.137997337671942	7.6817423722162275	7.231285433298623	7.710908776864807	7.284123758550617	7.627833159748053	4.744765165193331	4.761904761904762	9.006276150627615	6.046468884174592	7.686279337049153	6.847360912981455	4.761904761904762	4.297607909478229	29.76212121212121	2.2308000000000003	0.046896599146211145	20.986159324645996	-3.8147009036072765e-06	19.682535413561155	-9.537088784574331e-06	16.728676561828856	-1.2408736132044224e-05	14.305023250913514	-1.340939653884319e-05	12.642927249196811	-1.4476249300314618e-05	11.452168534711092	-1.4633489619002463e-05	10.561893735868473	-1.4842755844582493e-05	9.868491675222968	-1.5099368947040473e-05	9.300488632772257	-1.641774963957909e-05	8.818538830200778	-1.6764722831980805e-05	8.405311278375969	-1.928882116369458e-05	8.036394139456188	-1.865299073275531e-05	7.70339416776806	-1.4622777337844648e-05	7.405749322515138	-1.6171865343808082e-05	7.127004122222961	-1.7809164120945595e-05	6.8722049101196365	-1.833048396143755e-05	6.639043525771275	-2.0142685750182856e-05	6.422702419148552	-2.077528156998803e-05	6.222401156382497	-2.14542494834219e-05	6.033399948444893	-2.078837846490298e-05	5.864368396007362	-2.1499735553252694e-05	5.701490166032648	-2.3757166126438608e-05	5.551066765638042	-2.4640214369865017e-05	5.410764573528494	-2.5586572166926795e-05	5.285675574130782	-2.659941448038875e-05	5.165674884618844	-2.7677686422191968e-05	5.0558507282996965	-2.7034187433428315e-05	4.952985146178821	-3.0079937433730137e-05	4.857799715473673	-3.14394348761581e-05
4	1	25	0	0	2080	1	2087	30	2150	221	2149	539	2190	773	2201	950	2257	1116	2273	1145	2329	1206	2303	1296	2304	1372	2293	1413	2279	1433	2301	1563	2309	1682	2315	1689	2329	1736	2356	1768	2340	1862	2366	1910	2381	1982	2399	2083	2386	2085	2391	2163	2390	2165	2383	2201	2376	2258	2383	2281	2383	4052	4095	692.0	724.7294467446808	923.066535949707	43	1	0.633296012878418	4.761904761904762	6.684491978609626			5.541642244365109	0.010249051962693451	5.594124427051224	0.05280016896054067	5.7465120008552955	0.3297080368198839	5.759386808886982	0.916994164582589	5.816733067729084	1.5917468031217181	5.807387862796834	2.295961524518452	5.898648825235867	3.1006028950073627	5.859002448769171	3.507428396385358	5.980689230137127	3.990734612839179	5.876948988184857	4.52103537291565	5.836014083436764	4.956289285456253	5.735224231509967	5.194280042642355	5.668308212704572	5.314493398605548	5.67321679528588	5.770508749907701	5.666674847228017	6.117475904709948	5.652131451731042	6.055934026532808	5.684231079003246	6.154718854144509	5.721223895094706	6.1356932153392325	5.6705277952794075	6.3434742615746265	5.717047239337925	6.416070408814539	5.724245702608487	6.512881177707676	5.775017452637154	6.688286668379143	5.751892387059447	6.575420227695607	5.7854239256678275	6.6852109411219285	5.803647313081275	6.535454463126755	5.806247258905511	6.510871172903417	5.827528696164034	6.5312970033553155	5.8800305968860265	6.52852113683849	5.909338888062292	4.750627242244472	4.761904761904762	7.2384937238493725	5.746364636292531	6.612613069166802	6.134094151212553	4.761904761904762	4.4630137411645725	29.76212121212121	2.2308000000000003	0.046896599146211145	20.986159324645996	-3.8147009036072765e-06	19.682535413561155	-9.537088784574331e-06	16.728676561828856	-1.2408736132044224e-05	14.305023250913514	-1.340939653884319e-05	12.642927249196811	-1.4476249300314618e-05	11.452168534711092	-1.4633489619002463e-05	10.561893735868473	-1.4842755844582493e-05	9.868491675222968	-1.5099368947040473e-05	9.300488632772257	-1.641774963957909e-05	8.818538830200778	-1.6764722831980805e-05	8.405311278375969	-1.928882116369458e-05	8.036394139456188	-1.865299073275531e-05	7.70339416776806	-1.4622777337844648e-05	7.405749322515138	-1.6171865343808082e-05	7.127004122222961	-1.7809164120945595e-05	6.8722049101196365	-1.833048396143755e-05	6.639043525771275	-2.0142685750182856e-05	6.422702419148552	-2.077528156998803e-05	6.222401156382497	-2.14542494834219e-05	6.033399948444893	-2.078837846490298e-05	5.864368396007362	-2.1499735553252694e-05	5.701490166032648	-2.3757166126438608e-05	5.551066765638042	-2.4640214369865017e-05	5.410764573528494	-2.5586572166926795e-05	5.285675574130782	-2.659941448038875e-05	5.165674884618844	-2.7677686422191968e-05	5.0558507282996965	-2.7034187433428315e-05	4.952985146178821	-3.0079937433730137e-05	4.857799715473673	-3.14394348761581e-05
5	1	20	0	0	1767	1	1805	66	1817	577	1844	1156	1822	1482	1818	1678	1846	1767	1868	1814	1865	1873	1845	1858	1867	1799	1863	1768	1816	1821	1832	1747	1835	1764	1830	1774	1841	1682	1868	1659	1869	1725	1835	1790	1883	1820	1900	1844	1895	1819	1872	1815	1880	1871	1890	1861	1881	1859	1878	1853	1889	4039	4095	568.0	684.4797181016894	808.028450012207	56	1	0.6510734558105469	4.761904761904762	5.347593582887701			4.707731656631322	0.010249051962693451	4.838234111560833	0.11616037171318949	4.856470839792591	0.860821435498068	4.941977326936993	1.9666887834090405	4.839309428950863	3.0517060313407325	4.796833773087071	4.055393092781014	4.824504090113164	4.909287917094991	4.815053486274004	5.55674682187165	4.789173642853474	6.197882197220384	4.708194043943145	6.481546082467034	4.7290964816738015	6.498807889603353	4.659713363847827	6.499283167297724	4.516738795204696	6.7534490431686685	4.516876648832565	6.449826478623644	4.503399023240974	6.415711947626841	4.4679916011523995	6.360702760846182	4.493202840895224	5.963270226193009	4.536182612918893	5.757418011452368	4.52915232879368	5.8767417299764935	4.4339736619548145	6.012966508784306	4.526986416636615	5.9805467928496325	4.573794564406249	5.920883637297713	4.568246468347717	5.736541675864896	4.529616724738676	5.609643022716736	4.565212112381924	5.647960877833791	4.605038740802105	5.505102795444461	4.613460217796527	5.377183848200856	4.633947738544674	5.303529007699133	4.684322769429152	4.735385841911506	4.761904761904762	5.941422594142259	5.427225379107169	5.788509582694303	7.988587731811697	4.761904761904762	4.588296342784382	29.76212121212121	2.2308000000000003	0.046896599146211145	20.986159324645996	-3.8147009036072765e-06	19.682535413561155	-9.537088784574331e-06	16.728676561828856	-1.2408736132044224e-05	14.305023250913514	-1.340939653884319e-05	12.642927249196811	-1.4476249300314618e-05	11.452168534711092	-1.4633489619002463e-05	10.561893735868473	-1.4842755844582493e-05	9.868491675222968	-1.5099368947040473e-05	9.300488632772257	-1.641774963957909e-05	8.818538830200778	-1.6764722831980805e-05	8.405311278375969	-1.928882116369458e-05	8.036394139456188	-1.865299073275531e-05	7.70339416776806	-1.4622777337844648e-05	7.405749322515138	-1.6171865343808082e-05	7.127004122222961	-1.7809164120945595e-05	6.8722049101196365	-1.833048396143755e-05	6.639043525771275	-2.0142685750182856e-05	6.422702419148552	-2.077528156998803e-05	6.222401156382497	-2.14542494834219e-05	6.033399948444893	-2.078837846490298e-05	5.864368396007362	-2.1499735553252694e-05	5.701490166032648	-2.3757166126438608e-05	5.551066765638042	-2.4640214369865017e-05	5.410764573528494	-2.5586572166926795e-05	5.285675574130782	-2.659941448038875e-05	5.165674884618844	-2.7677686422191968e-05	5.0558507282996965	-2.7034187433428315e-05	4.952985146178821	-3.0079937433730137e-05	4.857799715473673	-3.14394348761581e-05
6	1	16	0	0	1565	1	1607	236	1582	998	1554	1857	1541	2163	1568	2284	1589	2364	1640	2093	1615	2019	1635	1860	1621	1783	1639	1736	1675	1620	1642	1597	1647	1595	1652	1615	1631	1592	1632	1569	1637	1611	1642	1539	1656	1565	1641	1556	1634	1597	1621	1634	1619	1620	1663	1625	1634	1639	1633	1656	1640	4051	4095	499.0	669.1704684713122	744.1449403762817	44	1	0.6599636077880859	4.761904761904762	4.27807486631016			4.16955293866894	0.010249051962693451	4.307502613450559	0.41536132915625334	4.22836371411771	1.4889077861821003	4.164768311312411	3.1592915837288826	4.092961487383798	4.4540081955398145	4.1372031662269135	5.519974865263311	4.15283694430651	6.567943766843552	4.227348885165614	6.411395313217951	4.1471932617739204	6.681005956320318	4.172302038941486	6.488522988906718	4.105980394640189	6.441008597644679	4.099447237437783	6.381649082821747	4.166044868925036	6.008010680907877	4.048423284597746	5.896034851953039	4.042015363094215	5.80105473722495	4.033400068362713	5.790605951954105	3.980670197447099	5.644189179607176	3.9630888780961633	5.445080687142114	3.96694615421897	5.488365754778046	3.9676211187628367	5.169807517887735	3.981247746123332	5.142613038906414	3.9503141474687657	4.996146930387876	3.939057904633335	5.036424989750544	3.9222802942315136	5.050224076649668	3.9314246861416673	4.890270776104084	4.051946786218996	4.80698121579648	4.007652310409105	4.740830730070577	4.029412490438474	4.7396891725578865	4.066855130684918	4.749454826834244	4.761904761904762	5.2196652719665275	5.305838658753351	5.3308644246579595	6.276747503566334	4.761904761904762	4.65094772480787	29.76212121212121	2.2308000000000003	0.046896599146211145	20.986159324645996	-3.8147009036072765e-06	19.682535413561155	-9.537088784574331e-06	16.728676561828856	-1.2408736132044224e-05	14.305023250913514	-1.340939653884319e-05	12.642927249196811	-1.4476249300314618e-05	11.452168534711092	-1.4633489619002463e-05	10.561893735868473	-1.4842755844582493e-05	9.868491675222968	-1.5099368947040473e-05	9.300488632772257	-1.641774963957909e-05	8.818538830200778	-1.6764722831980805e-05	8.405311278375969	-1.928882116369458e-05	8.036394139456188	-1.865299073275531e-05	7.70339416776806	-1.4622777337844648e-05	7.405749322515138	-1.6171865343808082e-05	7.127004122222961	-1.7809164120945595e-05	6.8722049101196365	-1.833048396143755e-05	6.639043525771275	-2.0142685750182856e-05	6.422702419148552	-2.077528156998803e-05	6.222401156382497	-2.14542494834219e-05	6.033399948444893	-2.078837846490298e-05	5.864368396007362	-2.1499735553252694e-05	5.701490166032648	-2.3757166126438608e-05	5.551066765638042	-2.4640214369865017e-05	5.410764573528494	-2.5586572166926795e-05	5.285675574130782	-2.659941448038875e-05	5.165674884618844	-2.7677686422191968e-05	5.0558507282996965	-2.7034187433428315e-05	4.952985146178821	-3.0079937433730137e-05	4.857799715473673	-3.14394348761581e-05
7	1	15	0	0	1455	2	1425	556	1441	1957	1329	2902	1373	3062	1406	2890	1388	2489	1423	2282	1420	1976	1402	1729	1388	1710	1413	1617	1447	1527	1449	1477	1396	1474	1418	1445	1416	1443	1429	1405	1448	1359	1439	1382	1487	1383	1532	1416	1561	1421	1556	1388	1541	1402	1542	1435	1545	1454	1531	1409	1515	4051	4095	417.0	640.7579139744036	665.5198240280151	44	1	0.6717252731323242	4.761904761904762	4.010695187165775			3.8764853199765548	0.020498103925386903	3.8196585091269735	0.9785631314020206	3.851499438712781	2.9196318011606914	3.5617613164312707	4.937137413021658	3.6467463479415674	6.30521178675123	3.70976253298153	6.984556637745608	3.627525285523874	6.915233517628428	3.6679984534089445	6.990350742839639	3.646448564531868	6.538716082064858	3.577717100058693	6.031535617107375	3.5157932065148563	6.1772993280832305	3.5341787348990774	5.944197331176708	3.5989653285579264	5.663106364040944	3.5725732882960624	5.453001550616555	3.426019093430191	5.3609747226768505	3.4620831095268327	5.1810684833273575	3.4559343958216386	5.115932780259519	3.47013113161729	4.875932673954537	3.50894198613871	4.629850441181481	3.4771052313640207	4.642413248681514	3.5749489121288613	4.544558359621451	3.6879227750896706	4.546622142306704	3.763077961525481	4.481377526885112	3.7650019357336433	4.289908823983928	3.742016949564119	4.232197301295016	3.757126845670289	4.244934181334123	3.789365250662219	4.2057156080064795	3.777728427961606	4.032742780274192	3.7568814164558844	4.749454826834244	4.761904761904762	4.361924686192468	5.080556107973695	4.767614158636361	6.276747503566334	4.761904761904762	4.733835462900092	29.76212121212121	2.2308000000000003	0.046896599146211145	20.986159324645996	-3.8147009036072765e-06	19.682535413561155	-9.537088784574331e-06	16.728676561828856	-1.2408736132044224e-05	14.305023250913514	-1.340939653884319e-05	12.642927249196811	-1.4476249300314618e-05	11.452168534711092	-1.4633489619002463e-05	10.561893735868473	-1.4842755844582493e-05	9.868491675222968	-1.5099368947040473e-05	9.300488632772257	-1.641774963957909e-05	8.818538830200778	-1.6764722831980805e-05	8.405311278375969	-1.928882116369458e-05	8.036394139456188	-1.865299073275531e-05	7.70339416776806	-1.4622777337844648e-05	7.405749322515138	-1.6171865343808082e-05	7.127004122222961	-1.7809164120945595e-05	6.8722049101196365	-1.833048396143755e-05	6.639043525771275	-2.0142685750182856e-05	6.422702419148552	-2.077528156998803e-05	6.222401156382497	-2.14542494834219e-05	6.033399948444893	-2.078837846490298e-05	5.864368396007362	-2.1499735553252694e-05	5.701490166032648	-2.3757166126438608e-05	5.551066765638042	-2.4640214369865017e-05	5.410764573528494	-2.5586572166926795e-05	5.285675574130782	-2.659941448038875e-05	5.165674884618844	-2.7677686422191968e-05	5.0558507282996965	-2.7034187433428315e-05	4.952985146178821	-3.0079937433730137e-05	4.857799715473673	-3.14394348761581e-05
8	1	16	0	0	1409	6	1343	682	1361	2281	1326	3239	1344	3362	1318	3131	1338	2504	1373	2278	1373	1952	1386	1694	1374	1551	1418	1483	1418	1427	1452	1424	1454	1404	1447	1355	1444	1355	1466	1328	1471	1367	1502	1322	1483	1368	1489	1387	1514	1391	1515	1391	1526	1432	1527	1440	1493	1476	1470	1435	1510	4060	4095	389.0	626.0904319852634	637.4061002731323	35	1	0.6757001876831055	4.761904761904762	4.27807486631016			3.7539297703415566	0.06149431177616071	3.5998606159701936	1.2003238410362913	3.637675736355375	3.403004669620612	3.553721223166189	5.510471426870141	3.5697211155378485	6.922966044107653	3.4775725593667546	7.5670058244918685	3.496850743538144	6.956908287722613	3.5391158654465777	6.978097717874101	3.525756252888912	6.459298477829252	3.5368872330109475	5.909439754412894	3.4803313153828617	5.602918864243913	3.54668467522073	5.451604602433555	3.526836790528777	5.292241507194778	3.579969920362928	5.257328509192941	3.568360860922277	5.106382978723404	3.5328873480150396	4.858372176407314	3.524272081614722	4.803942423597816	3.559980573093735	4.6087107409335415	3.564677943100858	4.657104895581372	3.6293342998671014	4.440861298666398	3.5653323716792884	4.495268138801261	3.5844105823162655	4.453506293347033	3.649775806373849	4.386767163896685	3.6657955865272935	4.299180961211559	3.7055923848376677	4.322757871222869	3.7205789191559866	4.259724892767342	3.661826743843814	4.269350919819507	3.6272114886372044	4.107158189988265	3.7444824678867237	4.7600065655262975	4.761904761904762	4.069037656903766	4.964257949834212	4.566214617125291	4.9928673323823105	4.761904761904762	4.7618477950470455	29.76212121212121	2.2308000000000003	0.046896599146211145	20.986159324645996	-3.8147009036072765e-06	19.682535413561155	-9.537088784574331e-06	16.728676561828856	-1.2408736132044224e-05	14.305023250913514	-1.340939653884319e-05	12.642927249196811	-1.4476249300314618e-05	11.452168534711092	-1.4633489619002463e-05	10.561893735868473	-1.4842755844582493e-05	9.868491675222968	-1.5099368947040473e-05	9.300488632772257	-1.641774963957909e-05	8.818538830200778	-1.6764722831980805e-05	8.405311278375969	-1.928882116369458e-05	8.036394139456188	-1.865299073275531e-05	7.70339416776806	-1.4622777337844648e-05	7.405749322515138	-1.6171865343808082e-05	7.127004122222961	-1.7809164120945595e-05	6.8722049101196365	-1.833048396143755e-05	6.639043525771275	-2.0142685750182856e-05	6.422702419148552	-2.077528156998803e-05	6.222401156382497	-2.14542494834219e-05	6.033399948444893	-2.078837846490298e-05	5.864368396007362	-2.1499735553252694e-05	5.701490166032648	-2.3757166126438608e-05	5.551066765638042	-2.4640214369865017e-05	5.410764573528494	-2.5586572166926795e-05	5.285675574130782	-2.659941448038875e-05	5.165674884618844	-2.7677686422191968e-05	5.0558507282996965	-2.7034187433428315e-05	4.952985146178821	-3.0079937433730137e-05	4.857799715473673	-3.14394348761581e-05
9	1	19	0	0	1416	15	1416	1277	1379	3029	1377	3534	1397	3339	1337	2838	1340	2363	1363	2028	1361	1807	1393	1629	1348	1578	1366	1542	1361	1486	1372	1435	1363	1426	1390	1398	1404	1364	1410	1400	1424	1348	1414	1347	1450	1360	1454	1379	1439	1371	1395	1359	1381	1366	1407	1368	1432	1391	1409	1407	1409	4060	4095	361.0	613.5273590007714	605.4451780319214	35	1	0.6804733276367188	4.761904761904762	5.080213903743315			3.7725795278947087	0.15373577944040176	3.795534350121961	2.2475271920870146	3.6857860693857916	4.518939563472527	3.6904028086725806	6.012351349971929	3.710491367861886	6.875604884376994	3.5277044854881265	6.858882954298282	3.502077725217573	6.5651654488372735	3.5133393478541044	6.212283657527952	3.4949411945970934	5.9794837855724685	3.5547502998443363	5.682690295123143	3.4144735175663006	5.700455169424175	3.4166228958755407	5.668492445686137	3.3850669054369993	5.511051772734016	3.382726398579847	5.297939895148785	3.345031536064005	5.186397526823059	3.3937203965037357	5.012549300824668	3.4266468161960315	4.835850528256399	3.4239922292374945	4.858580600381746	3.4507827266999467	4.59237556638163	3.4166968708469256	4.5248412778393625	3.485995912970309	4.468980021030494	3.5001564719193086	4.427819162599538	3.46897449496167	4.323693588571068	3.3754355400696863	4.2002781641168285	3.3534882591486364	4.123524617381593	3.428195507041567	4.046738648128975	3.512214264691455	4.023487215087354	3.476694549312804	4.027018517988494	3.4940237067896645	4.7600065655262975	4.761904761904762	3.776150627615063	4.864645606710145	4.337254727579072	4.9928673323823105	4.761904761904762	4.795485444374182	29.76212121212121	2.2308000000000003	0.046896599146211145	20.986159324645996	-3.8147009036072765e-06	19.682535413561155	-9.537088784574331e-06	16.728676561828856	-1.2408736132044224e-05	14.305023250913514	-1.340939653884319e-05	12.642927249196811	-1.4476249300314618e-05	11.452168534711092	-1.4633489619002463e-05	10.561893735868473	-1.4842755844582493e-05	9.868491675222968	-1.5099368947040473e-05	9.300488632772257	-1.641774963957909e-05	8.818538830200778	-1.6764722831980805e-05	8.405311278375969	-1.928882116369458e-05	8.036394139456188	-1.865299073275531e-05	7.70339416776806	-1.4622777337844648e-05	7.405749322515138	-1.6171865343808082e-05	7.127004122222961	-1.7809164120945595e-05	6.8722049101196365	-1.833048396143755e-05	6.639043525771275	-2.0142685750182856e-05	6.422702419148552	-2.077528156998803e-05	6.222401156382497	-2.14542494834219e-05	6.033399948444893	-2.078837846490298e-05	5.864368396007362	-2.1499735553252694e-05	5.701490166032648	-2.3757166126438608e-05	5.551066765638042	-2.4640214369865017e-05	5.410764573528494	-2.5586572166926795e-05	5.285675574130782	-2.659941448038875e-05	5.165674884618844	-2.7677686422191968e-05	5.0558507282996965	-2.7034187433428315e-05	4.952985146178821	-3.0079937433730137e-05	4.857799715473673	-3.14394348761581e-05
10	1	19	0	0	1332	116	1329	1826	1372	3808	1384	4032	1360	3303	1356	2688	1375	2214	1358	1883	1339	1774	1363	1638	1331	1491	1346	1409	1378	1367	1399	1353	1376	1369	1390	1386	1363	1352	1435	1369	1433	1381	1427	1325	1443	1352	1405	1338	1448	1336	1472	1385	1440	1387	1428	1376	1399	1385	1367	1405	1383	4065	4095	320.0	596.168283033255	563.2335939407349	30	1	0.6888275146484375	4.761904761904762	5.080213903743315			3.5487824372568872	1.1888900276724403	3.5623341464068403	3.2137702840649087	3.6670764954295185	5.681123095973384	3.7091630262911046	6.859592711682744	3.6122177954847277	6.801474373494224	3.577836411609499	6.496362713584841	3.593549904607584	6.151196065901703	3.500451089057868	5.768111502527186	3.4384469210620923	5.870284579748511	3.4781942991298136	5.714086374101724	3.3714126497631653	5.3861715193988875	3.3665991345889297	5.179575782082859	3.4273491518678805	5.069722593087079	3.4492960871816365	4.995200472568855	3.3769357253294716	4.979087106746681	3.3937203965037357	4.969523126568663	3.326580919141874	4.793306388711622	3.4847013113161727	4.750997744230435	3.472592448989483	4.704800190781181	3.448109218315815	4.450938896167154	3.4691669671835554	4.4426919032597265	3.382200717363568	4.296172617518623	3.4906706523311315	4.213314831751238	3.561749903213318	4.2806366867562975	3.4967582137393456	4.18691701633109	3.4793626041615906	4.070403786422127	3.431276366133621	4.006132130047437	3.373059935351741	4.021294255702796	3.4295491742300253	4.765868642577438	4.761904761904762	3.3472803347280333	4.727005856170805	4.034861712817218	4.279600570613409	4.761904761904762	4.854359731707991	29.76212121212121	2.2308000000000003	0.046896599146211145	20.986159324645996	-3.8147009036072765e-06	19.682535413561155	-9.537088784574331e-06	16.728676561828856	-1.2408736132044224e-05	14.305023250913514	-1.340939653884319e-05	12.642927249196811	-1.4476249300314618e-05	11.452168534711092	-1.4633489619002463e-05	10.561893735868473	-1.4842755844582493e-05	9.868491675222968	-1.5099368947040473e-05	9.300488632772257	-1.641774963957909e-05	8.818538830200778	-1.6764722831980805e-05	8.405311278375969	-1.928882116369458e-05	8.036394139456188	-1.865299073275531e-05	7.70339416776806	-1.4622777337844648e-05	7.405749322515138	-1.6171865343808082e-05	7.127004122222961	-1.7809164120945595e-05	6.8722049101196365	-1.833048396143755e-05	6.639043525771275	-2.0142685750182856e-05	6.422702419148552	-2.077528156998803e-05	6.222401156382497	-2.14542494834219e-05	6.033399948444893	-2.078837846490298e-05	5.864368396007362	-2.1499735553252694e-05	5.701490166032648	-2.3757166126438608e-05	5.551066765638042	-2.4640214369865017e-05	5.410764573528494	-2.5586572166926795e-05	5.285675574130782	-2.659941448038875e-05	5.165674884618844	-2.7677686422191968e-05	5.0558507282996965	-2.7034187433428315e-05	4.952985146178821	-3.0079937433730137e-05	4.857799715473673	-3.14394348761581e-05
11	1	21	0	0	1400	102	1356	2290	1304	4273	1305	4086	1296	3298	1327	2511	1367	2063	1324	1957	1317	1677	1329	1575	1321	1425	1355	1353	1349	1415	1375	1359	1394	1312	1399	1318	1400	1314	1394	1354	1425	1339	1411	1326	1405	1329	1405	1312	1404	1342	1413	1357	1403	1375	1423	1381	1417	1400	1404	1397	1396	4070	4095	304.0	588.3289238500575	545.9312973022461	25	1	0.691105842590332	4.761904761904762	5.614973262032086			3.729951510630362	1.045403300194732	3.634706623421878	4.030412897321272	3.4853263484257226	6.374852675707529	3.4974405703106157	6.951462256928495	3.4422310756972117	6.791178469204951	3.50131926121372	6.068588829542983	3.5726419778898677	5.731670046953575	3.4128109292434594	5.994792464389646	3.3819526475270916	5.549305095962938	3.391430831653355	5.494313821251657	3.3460827275260265	5.147749440069359	3.3891098271679048	4.973716134249899	3.35522061383873	5.247737724373239	3.390123030646712	5.0173521376356796	3.4211107566201195	4.771776686670304	3.4156941256897313	4.725708139117963	3.4168842896541625	4.6585832801531595	3.3851384167071394	4.69894152351206	3.4532060291765614	4.561714305181753	3.4094478675848734	4.454298095334072	3.377809832912609	4.367113564668769	3.382200717363568	4.212689442589262	3.3846005496359868	4.232236904348923	3.4189895470383274	4.194096739298408	3.4069109540807654	4.150692788359947	3.467179961990156	4.085194497855347	3.47542431080153	4.049519842647229	3.46435709526982	3.9983972065600044	3.4617864405098446	4.771730719628579	4.761904761904762	3.1799163179916317	4.664847741050927	3.910912475766222	3.566333808844508	4.761904761904762	4.870415744543661	29.76212121212121	2.2308000000000003	0.046896599146211145	20.986159324645996	-3.8147009036072765e-06	19.682535413561155	-9.537088784574331e-06	16.728676561828856	-1.2408736132044224e-05	14.305023250913514	-1.340939653884319e-05	12.642927249196811	-1.4476249300314618e-05	11.452168534711092	-1.4633489619002463e-05	10.561893735868473	-1.4842755844582493e-05	9.868491675222968	-1.5099368947040473e-05	9.300488632772257	-1.641774963957909e-05	8.818538830200778	-1.6764722831980805e-05	8.405311278375969	-1.928882116369458e-05	8.036394139456188	-1.865299073275531e-05	7.70339416776806	-1.4622777337844648e-05	7.405749322515138	-1.6171865343808082e-05	7.127004122222961	-1.7809164120945595e-05	6.8722049101196365	-1.833048396143755e-05	6.639043525771275	-2.0142685750182856e-05	6.422702419148552	-2.077528156998803e-05	6.222401156382497	-2.14542494834219e-05	6.033399948444893	-2.078837846490298e-05	5.864368396007362	-2.1499735553252694e-05	5.701490166032648	-2.3757166126438608e-05	5.551066765638042	-2.4640214369865017e-05	5.410764573528494	-2.5586572166926795e-05	5.285675574130782	-2.659941448038875e-05	5.165674884618844	-2.7677686422191968e-05	5.0558507282996965	-2.7034187433428315e-05	4.952985146178821	-3.0079937433730137e-05	4.857799715473673	-3.14394348761581e-05
12	1	20	0	0	1337	246	1296	2898	1279	4492	1258	4137	1303	3253	1328	2701	1309	2191	1335	1836	1293	1624	1285	1565	1305	1455	1277	1388	1277	1317	1297	1302	1332	1255	1332	1294	1316	1334	1340	1311	1359	1297	1377	1253	1380	1288	1347	1296	1340	1278	1332	1302	1325	1322	1309	1316	1324	1326	1341	1362	1359	4070	4095	280.0	578.8187796536317	521.1253890991211	25	1	0.7005796432495117	4.761904761904762	5.347593582887701			3.5621036926519953	2.5212667828225888	3.473878896721795	5.1004963215882295	3.4185064414390336	6.701576929388772	3.3714791091576664	7.038227938549483	3.4608233731739704	6.698515330601487	3.503957783641161	6.527781134446673	3.42105950918642	6.087294751757287	3.4411650985951803	5.62413845918211	3.3203225309434545	5.373924553275977	3.2791486972720545	5.459429289053234	3.3055548519466043	5.256123112491872	3.194017158150121	5.102378414145499	3.176142864249117	4.884290164663996	3.197810596908208	4.806911319500849	3.26895231550789	4.564466266593927	3.2521119195273207	4.639655790605952	3.2118712322749126	4.729490179394455	3.2540067994171933	4.5497136907860485	3.2932680657199636	4.418628419582325	3.327292497281624	4.209076556149014	3.317706455102777	4.232386961093586	3.2425796201343253	4.161315181094272	3.2303167638975943	4.030401463306948	3.2229965156794425	4.024107556791841	3.2175032175032174	3.9907024481540736	3.189415720481458	3.892915249223488	3.2473265966839993	3.83547379382159	3.308905174328226	3.898222616560291	3.3700342210980514	4.771730719628579	4.761904761904762	2.928870292887029	4.589442006480801	3.733209280613805	3.566333808844508	4.761904761904762	4.937180261709649	29.76212121212121	2.2308000000000003	0.046896599146211145	20.986159324645996	-3.8147009036072765e-06	19.682535413561155	-9.537088784574331e-06	16.728676561828856	-1.2408736132044224e-05	14.305023250913514	-1.340939653884319e-05	12.642927249196811	-1.4476249300314618e-05	11.452168534711092	-1.4633489619002463e-05	10.561893735868473	-1.4842755844582493e-05	9.868491675222968	-1.5099368947040473e-05	9.300488632772257	-1.641774963957909e-05	8.818538830200778	-1.6764722831980805e-05	8.405311278375969	-1.928882116369458e-05	8.036394139456188	-1.865299073275531e-05	7.70339416776806	-1.4622777337844648e-05	7.405749322515138	-1.6171865343808082e-05	7.127004122222961	-1.7809164120945595e-05	6.8722049101196365	-1.833048396143755e-05	6.639043525771275	-2.0142685750182856e-05	6.422702419148552	-2.077528156998803e-05	6.222401156382497	-2.14542494834219e-05	6.033399948444893	-2.078837846490298e-05	5.864368396007362	-2.1499735553252694e-05	5.701490166032648	-2.3757166126438608e-05	5.551066765638042	-2.4640214369865017e-05	5.410764573528494	-2.5586572166926795e-05	5.285675574130782	-2.659941448038875e-05	5.165674884618844	-2.7677686422191968e-05	5.0558507282996965	-2.7034187433428315e-05	4.952985146178821	-3.0079937433730137e-05	4.857799715473673	-3.14394348761581e-05
13	1	13	0	0	1257	322	1269	3780	1265	4953	1283	4227	1271	3296	1301	2535	1334	2124	1369	1812	1378	1576	1398	1434	1408	1292	1376	1259	1391	1251	1409	1283	1409	1282	1444	1287	1456	1330	1456	1370	1414	1368	1416	1403	1382	1392	1375	1400	1359	1407	1359	1391	1340	1444	1354	1443	1369	1446	1346	1405	1339	4070	4095	256.0	556.909831498383	487.4195327758789	25	1	0.7057275772094727	4.761904761904762	3.4759358288770055			3.34896360633026	3.300194731987291	3.4015064197067577	6.652821289028125	3.381087293526487	7.389338942845634	3.438479886366682	7.1913438472924005	3.375830013280212	6.787060107489242	3.4327176781002637	6.126592068057133	3.4863967801792857	5.901147445336593	3.528805258409589	5.55062030938888	3.5385958605105032	5.215089344804765	3.5675096332967566	5.002441917253889	3.566453050989134	4.667292825662886	3.441634776518846	4.628166011101717	3.4596826344326717	4.6395193591455275	3.4739515274045214	4.7367643801225725	3.457923282695659	4.662665939261684	3.525562771619708	4.614557188956615	3.553559661240329	4.715308799546196	3.5356969402622633	4.754468158944994	3.426549701933795	4.660511702381358	3.4215295396882928	4.7129564311868055	3.3225147253275633	4.574132492113565	3.309982908451891	4.495247880811713	3.27611976278868	4.437226024157179	3.288327526132404	4.299180961211559	3.2539277822296686	4.3589820991940105	3.2990595000243648	4.268599319627274	3.357696458353772	4.182575494619924	3.321242628371209	4.021294255702796	3.320438426821406	4.771730719628579	4.761904761904762	2.6778242677824267	4.415726414457892	3.491749128663639	3.566333808844508	4.761904761904762	4.973459188995939	29.76212121212121	2.2308000000000003	0.046896599146211145	20.986159324645996	-3.8147009036072765e-06	19.682535413561155	-9.537088784574331e-06	16.728676561828856	-1.2408736132044224e-05	14.305023250913514	-1.340939653884319e-05	12.642927249196811	-1.4476249300314618e-05	11.452168534711092	-1.4633489619002463e-05	10.561893735868473	-1.4842755844582493e-05	9.868491675222968	-1.5099368947040473e-05	9.300488632772257	-1.641774963957909e-05	8.818538830200778	-1.6764722831980805e-05	8.405311278375969	-1.928882116369458e-05	8.036394139456188	-1.865299073275531e-05	7.70339416776806	-1.4622777337844648e-05	7.405749322515138	-1.6171865343808082e-05	7.127004122222961	-1.7809164120945595e-05	6.8722049101196365	-1.833048396143755e-05	6.639043525771275	-2.0142685750182856e-05	6.422702419148552	-2.077528156998803e-05	6.222401156382497	-2.14542494834219e-05	6.033399948444893	-2.078837846490298e-05	5.864368396007362	-2.1499735553252694e-05	5.701490166032648	-2.3757166126438608e-05	5.551066765638042	-2.4640214369865017e-05	5.410764573528494	-2.5586572166926795e-05	5.285675574130782	-2.659941448038875e-05	5.165674884618844	-2.7677686422191968e-05	5.0558507282996965	-2.7034187433428315e-05	4.952985146178821	-3.0079937433730137e-05	4.857799715473673	-3.14394348761581e-05
14	1	16	0	0	1383	462	1323	4210	1267	5097	1284	4238	1308	3183	1354	2483	1342	1969	1371	1719	1348	1535	1331	1410	1338	1406	1347	1332	1368	1283	1379	1289	1389	1313	1402	1358	1415	1356	1438	1370	1446	1347	1420	1343	1425	1347	1411	1369	1404	1379	1386	1395	1369	1410	1363	1431	1344	1435	1319	1436	1328	4067	4095	247.0	552.2421430341747	476.39047050476074	28	1	0.7092399597167969	4.761904761904762	4.27807486631016			3.684659242286993	4.735062006764374	3.546251373736832	7.4096237107958745	3.386432886085423	7.60417132882782	3.4411599174550425	7.210058013916535	3.4741035856573705	6.554372670551654	3.572559366754617	6.0009183846098075	3.507304706897002	5.4705081543633485	3.5339605619280836	5.265737478940114	3.4615582147809563	5.079417604235605	3.3965345650343224	4.918719039977674	3.389143595329162	5.079112780868435	3.36910032265326	4.896518766312539	3.4024772422026563	4.7581961133363	3.3999852067358662	4.758916045189396	3.4088399145949397	4.775413711583925	3.423018702085063	4.869128719971315	3.453493764186171	4.807487768559881	3.4919864011656143	4.754468158944994	3.50409538118548	4.588968759581644	3.431194877371028	4.511404481171689	3.425892535160476	4.426261829652997	3.3966442791459044	4.395710249165168	3.3846005496359868	4.348923018701315	3.353658536585366	4.3115438108484	3.324348607367475	4.25634678660911	3.3209882559329467	4.233101612187546	3.296379868537232	4.15075783871341	3.2546203765390977	4.110020321131114	3.29316073996925	4.7682134733978945	4.761904761904762	2.583682008368201	4.3787164101805205	3.412739741502165	3.9942938659058487	4.761904761904762	4.998211928750552	29.76212121212121	2.2308000000000003	0.046896599146211145	20.986159324645996	-3.8147009036072765e-06	19.682535413561155	-9.537088784574331e-06	16.728676561828856	-1.2408736132044224e-05	14.305023250913514	-1.340939653884319e-05	12.642927249196811	-1.4476249300314618e-05	11.452168534711092	-1.4633489619002463e-05	10.561893735868473	-1.4842755844582493e-05	9.868491675222968	-1.5099368947040473e-05	9.300488632772257	-1.641774963957909e-05	8.818538830200778	-1.6764722831980805e-05	8.405311278375969	-1.928882116369458e-05	8.036394139456188	-1.865299073275531e-05	7.70339416776806	-1.4622777337844648e-05	7.405749322515138	-1.6171865343808082e-05	7.127004122222961	-1.7809164120945595e-05	6.8722049101196365	-1.833048396143755e-05	6.639043525771275	-2.0142685750182856e-05	6.422702419148552	-2.077528156998803e-05	6.222401156382497	-2.14542494834219e-05	6.033399948444893	-2.078837846490298e-05	5.864368396007362	-2.1499735553252694e-05	5.701490166032648	-2.3757166126438608e-05	5.551066765638042	-2.4640214369865017e-05	5.410764573528494	-2.5586572166926795e-05	5.285675574130782	-2.659941448038875e-05	5.165674884618844	-2.7677686422191968e-05	5.0558507282996965	-2.7034187433428315e-05	4.952985146178821	-3.0079937433730137e-05	4.857799715473673	-3.14394348761581e-05
15	1	19	0	0	1458	682	1381	4858	1377	5370	1371	4150	1380	2990	1400	2378	1389	1899	1388	1752	1382	1556	1393	1449	1389	1432	1404	1402	1390	1377	1403	1395	1412	1387	1439	1398	1428	1388	1430	1385	1422	1389	1446	1385	1427	1408	1427	1387	1402	1408	1380	1428	1358	1434	1356	1434	1332	1433	1316	1443	1284	4073	4095	230.0	527.5864903158069	446.07385063171387	22	1	0.7158346176147461	4.761904761904762	5.080213903743315			3.8844780732136193	6.989853438556934	3.7017181762135793	8.550107360343553	3.6804404768268566	8.011457727252383	3.674322622142417	7.06034468092346	3.6653386454183265	6.156950764985688	3.6939313984168867	5.747154216110399	3.6301387763635886	5.276025893923818	3.577780641835288	5.366824934905805	3.5488675466077755	5.148908007941761	3.5547502998443363	5.054768715551525	3.51832619873857	5.1730366303012785	3.511668042320102	5.153843326103739	3.4571954434661496	5.106809078771696	3.459158263270791	5.1502621280366245	3.4652857879107666	5.044553555191853	3.513355144294155	5.012549300824668	3.485221975447246	4.920938807345955	3.4725594949004375	4.80652437966337	3.4459361217467164	4.732054645181072	3.4940195723088077	4.65249084618227	3.4307008053852623	4.6267087276550996	3.4351604438987984	4.453506293347033	3.3797791813316618	4.44037970292346	3.339140534262486	4.413537320352341	3.2976372599014105	4.328795242551394	3.303932556892939	4.241976039047478	3.2669479054252917	4.14497281036677	3.2472179041133074	4.130055239131057	3.184049992560631	4.775247965859263	4.761904761904762	2.405857740585774	4.183222255083147	3.195559214445994	3.138373751783167	4.761904761904762	5.044686323375356	29.76212121212121	2.2308000000000003	0.046896599146211145	20.986159324645996	-3.8147009036072765e-06	19.682535413561155	-9.537088784574331e-06	16.728676561828856	-1.2408736132044224e-05	14.305023250913514	-1.340939653884319e-05	12.642927249196811	-1.4476249300314618e-05	11.452168534711092	-1.4633489619002463e-05	10.561893735868473	-1.4842755844582493e-05	9.868491675222968	-1.5099368947040473e-05	9.300488632772257	-1.641774963957909e-05	8.818538830200778	-1.6764722831980805e-05	8.405311278375969	-1.928882116369458e-05	8.036394139456188	-1.865299073275531e-05	7.70339416776806	-1.4622777337844648e-05	7.405749322515138	-1.6171865343808082e-05	7.127004122222961	-1.7809164120945595e-05	6.8722049101196365	-1.833048396143755e-05	6.639043525771275	-2.0142685750182856e-05	6.422702419148552	-2.077528156998803e-05	6.222401156382497	-2.14542494834219e-05	6.033399948444893	-2.078837846490298e-05	5.864368396007362	-2.1499735553252694e-05	5.701490166032648	-2.3757166126438608e-05	5.551066765638042	-2.4640214369865017e-05	5.410764573528494	-2.5586572166926795e-05	5.285675574130782	-2.659941448038875e-05	5.165674884618844	-2.7677686422191968e-05	5.0558507282996965	-2.7034187433428315e-05	4.952985146178821	-3.0079937433730137e-05	4.857799715473673	-3.14394348761581e-05
16	1	21	0	0	1564	996	1522	5627	1437	5604	1396	4020	1394	3004	1382	2258	1385	1978	1375	1704	1390	1650	1378	1559	1410	1505	1457	1433	1416	1392	1395	1372	1387	1382	1376	1371	1380	1386	1380	1378	1376	1412	1376	1446	1369	1403	1378	1401	1375	1379	1332	1377	1325	1372	1301	1375	1279	1376	1256	1368	1232	4076	4095	211.0	494.46619239371046	409.7676811218262	19	1	0.7221565246582031	4.761904761904762	5.614973262032086			4.1668886875899185	10.208055754842677	4.0796633339587745	9.903551691365413	3.840808253594911	8.360560354473437	3.7413233993514323	6.839177257183689	3.7025232403718458	6.185779296995656	3.646437994722955	5.457138023539647	3.61968481300473	5.49551301641986	3.5442711689650728	5.219788635319345	3.5694109188023218	5.459960291197882	3.516472299487075	5.43849856973418	3.5715190354365616	5.436745899862727	3.644231009729622	5.267801345439841	3.521862408595732	5.16243880729862	3.439433911092483	5.065347411947132	3.4039315777848675	5.02636843062375	3.3595390399921867	4.915740408748656	3.3680716569448177	4.913848117421825	3.3511413307430793	4.782231476661461	3.3344642078224207	4.8104112015807585	3.3248761628609405	4.857401995364305	3.2912609688664505	4.61027865404837	3.317204689343059	4.498458772155151	3.314690709223277	4.348923018701315	3.2229965156794425	4.255910987482615	3.2175032175032174	4.1416367313671625	3.169923493007163	4.067445644135483	3.1369567350142256	3.9800995024875623	3.099168455597503	3.915395403417385	3.055100927441353	4.778765212089948	4.761904761904762	2.207112970711297	3.9206121050776686	2.9354710825049297	2.710413694721826	4.761904761904762	5.08923856661004	29.76212121212121	2.2308000000000003	0.046896599146211145	20.986159324645996	-3.8147009036072765e-06	19.682535413561155	-9.537088784574331e-06	16.728676561828856	-1.2408736132044224e-05	14.305023250913514	-1.340939653884319e-05	12.642927249196811	-1.4476249300314618e-05	11.452168534711092	-1.4633489619002463e-05	10.561893735868473	-1.4842755844582493e-05	9.868491675222968	-1.5099368947040473e-05	9.300488632772257	-1.641774963957909e-05	8.818538830200778	-1.6764722831980805e-05	8.405311278375969	-1.928882116369458e-05	8.036394139456188	-1.865299073275531e-05	7.70339416776806	-1.4622777337844648e-05	7.405749322515138	-1.6171865343808082e-05	7.127004122222961	-1.7809164120945595e-05	6.8722049101196365	-1.833048396143755e-05	6.639043525771275	-2.0142685750182856e-05	6.422702419148552	-2.077528156998803e-05	6.222401156382497	-2.14542494834219e-05	6.033399948444893	-2.078837846490298e-05	5.864368396007362	-2.1499735553252694e-05	5.701490166032648	-2.3757166126438608e-05	5.551066765638042	-2.4640214369865017e-05	5.410764573528494	-2.5586572166926795e-05	5.285675574130782	-2.659941448038875e-05	5.165674884618844	-2.7677686422191968e-05	5.0558507282996965	-2.7034187433428315e-05	4.952985146178821	-3.0079937433730137e-05	4.857799715473673	-3.14394348761581e-05
17	1	16	0	0	1598	905	1508	6098	1488	5891	1422	4074	1414	2832	1381	2170	1408	1929	1369	1744	1334	1639	1344	1554	1357	1501	1369	1453	1371	1408	1336	1381	1347	1410	1368	1364	1366	1360	1337	1352	1356	1367	1362	1368	1379	1361	1337	1344	1318	1361	1298	1361	1294	1336	1288	1367	1270	1366	1237	1346	1205	4076	4095	203.0	476.4556489519204	393.14184761047363	19	1	0.7256498336791992	4.761904761904762	4.27807486631016			4.257473224276656	9.275392026237574	4.042136864395421	10.732514344045901	3.977120863847758	8.78873323486849	3.811004207648809	6.931046802429439	3.7556440903054447	5.831600189444639	3.6437994722955147	5.244459482321096	3.679795102318166	5.359375434112189	3.528805258409589	5.342318884974729	3.4256073134405014	5.42356055592323	3.429708832010616	5.421056303634968	3.437270447579726	5.422296076873058	3.424126460068533	5.341322648237327	3.409938815102224	5.221777184394007	3.2939668137774603	5.098574909547367	3.305764841583429	5.128205128205128	3.3400068362713022	4.890641807099319	3.3339028140482756	4.82166914840814	3.246721709567751	4.692000694082942	3.2859981582901177	4.657104895581372	3.2910474809713666	4.595384460344654	3.3153023199903835	4.47226603575184	3.2185070171637657	4.315437965579245	3.1772817125500215	4.29215680090826	3.140727835849787	4.20645958893525	3.1422257837352174	4.0329640474537385	3.1382486233614344	4.043780505842331	3.1148827626802706	3.9511743607543677	3.052286130234165	3.8524285182747073	2.9881466051678816	4.778765212089948	4.761904761904762	2.1234309623430963	3.777806882550573	2.8163678546429773	2.710413694721826	4.761904761904762	5.113856890183525	29.76212121212121	2.2308000000000003	0.046896599146211145	20.986159324645996	-3.8147009036072765e-06	19.682535413561155	-9.537088784574331e-06	16.728676561828856	-1.2408736132044224e-05	14.305023250913514	-1.340939653884319e-05	12.642927249196811	-1.4476249300314618e-05	11.452168534711092	-1.4633489619002463e-05	10.561893735868473	-1.4842755844582493e-05	9.868491675222968	-1.5099368947040473e-05	9.300488632772257	-1.641774963957909e-05	8.818538830200778	-1.6764722831980805e-05	8.405311278375969	-1.928882116369458e-05	8.036394139456188	-1.865299073275531e-05	7.70339416776806	-1.4622777337844648e-05	7.405749322515138	-1.6171865343808082e-05	7.127004122222961	-1.7809164120945595e-05	6.8722049101196365	-1.833048396143755e-05	6.639043525771275	-2.0142685750182856e-05	6.422702419148552	-2.077528156998803e-05	6.222401156382497	-2.14542494834219e-05	6.033399948444893	-2.078837846490298e-05	5.864368396007362	-2.1499735553252694e-05	5.701490166032648	-2.3757166126438608e-05	5.551066765638042	-2.4640214369865017e-05	5.410764573528494	-2.5586572166926795e-05	5.285675574130782	-2.659941448038875e-05	5.165674884618844	-2.7677686422191968e-05	5.0558507282996965	-2.7034187433428315e-05	4.952985146178821	-3.0079937433730137e-05	4.857799715473673	-3.14394348761581e-05
18	1	14	0	0	1633	1340	1583	6406	1571	6045	1515	4179	1492	2844	1496	2274	1422	2054	1414	1841	1441	1640	1439	1580	1408	1551	1387	1500	1360	1500	1340	1449	1320	1414	1298	1426	1289	1445	1267	1408	1250	1385	1281	1337	1263	1317	1226	1306	1214	1296	1203	1284	1194	1257	1180	1268	1158	1262	1184	1227	1176	4075	4095	192.0	455.80154476418824	369.13905906677246	20	1	0.7329578399658203	4.761904761904762	3.7433155080213902			4.350722012042415	13.733729630009226	4.243171522770526	11.274596078707452	4.198962955043566	9.018484536543884	4.060247098866347	7.109682029296177	3.9628154050464803	5.856310359738895	3.9472295514511875	5.495806849215748	3.7163839740741706	5.706665184897063	3.6447995875757186	5.639454740389033	3.7003749165425504	5.42686962276638	3.672136167606604	5.511756087350869	3.566453050989134	5.602918864243913	3.4691478452264826	5.514097709811418	3.3825797144704772	5.5629728526924795	3.3038289898666138	5.349627113638042	3.2395022946474588	5.142753227859611	3.1691000537135605	5.112943707422015	3.1459741781172967	5.123023470183649	3.0767362797474505	4.886343918098213	3.029128095768914	4.718427417981126	3.095324392895977	4.491249286170177	3.036422646952759	4.327681388012619	2.9513011241905587	4.193424094528641	2.9265705607251338	4.087167681100003	2.9108594657375146	3.968474733426055	2.899395352225541	3.7944878799770576	2.875103552458457	3.7509244194645763	2.840184440302168	3.6503528867291446	2.921509117378538	3.5118349122756807	2.916232703466746	4.77759279667972	4.761904761904762	2.00836820083682	3.614040922119689	2.6444180037503506	2.8530670470756063	4.761904761904762	5.165358449982495	29.76212121212121	2.2308000000000003	0.046896599146211145	20.986159324645996	-3.8147009036072765e-06	19.682535413561155	-9.537088784574331e-06	16.728676561828856	-1.2408736132044224e-05	14.305023250913514	-1.340939653884319e-05	12.642927249196811	-1.4476249300314618e-05	11.452168534711092	-1.4633489619002463e-05	10.561893735868473	-1.4842755844582493e-05	9.868491675222968	-1.5099368947040473e-05	9.300488632772257	-1.641774963957909e-05	8.818538830200778	-1.6764722831980805e-05	8.405311278375969	-1.928882116369458e-05	8.036394139456188	-1.865299073275531e-05	7.70339416776806	-1.4622777337844648e-05	7.405749322515138	-1.6171865343808082e-05	7.127004122222961	-1.7809164120945595e-05	6.8722049101196365	-1.833048396143755e-05	6.639043525771275	-2.0142685750182856e-05	6.422702419148552	-2.077528156998803e-05	6.222401156382497	-2.14542494834219e-05	6.033399948444893	-2.078837846490298e-05	5.864368396007362	-2.1499735553252694e-05	5.701490166032648	-2.3757166126438608e-05	5.551066765638042	-2.4640214369865017e-05	5.410764573528494	-2.5586572166926795e-05	5.285675574130782	-2.659941448038875e-05	5.165674884618844	-2.7677686422191968e-05	5.0558507282996965	-2.7034187433428315e-05	4.952985146178821	-3.0079937433730137e-05	4.857799715473673	-3.14394348761581e-05
19	1	9	0	0	1851	2085	1680	7610	1619	6017	1533	3962	1486	2892	1441	2436	1410	2065	1396	1820	1359	1636	1325	1603	1330	1518	1347	1476	1324	1415	1330	1374	1295	1366	1279	1344	1290	1314	1269	1347	1260	1320	1237	1332	1237	1293	1226	1270	1182	1283	1156	1257	1135	1245	1083	1241	1064	1222	1045	1199	1039	4079	4095	174.0	412.86073668210054	328.0173978805542	16	1	0.741633415222168	4.761904761904762	2.406417112299465			4.931528747269143	21.369273342215845	4.503176347602326	13.39364285965715	4.32725717645801	8.976711572602904	4.108487658456838	6.7405025604382525	3.946879150066401	5.955151040915924	3.8021108179419527	5.887328709186264	3.685022083997595	5.737226682966132	3.598401855909267	5.575126359319957	3.489805351548457	5.413633355393778	3.3812233648914183	5.591990511407242	3.3688796575394515	5.483707824579149	3.36910032265326	5.425872146454435	3.2930408396756707	5.247737724373239	3.279173549643729	5.072731300302739	3.17814808452156	4.968176032005819	3.1227110698764586	4.8189315166726425	3.148414809752764	4.6585832801531595	3.0815930063137444	4.674648620510151	3.0533611205350653	4.496984975982012	2.9890056783858885	4.474453290335584	2.9739151340305323	4.248817034700315	2.9513011241905587	4.077832006164912	2.8494286678559377	4.046169857138352	2.797135114208285	3.8850254983773755	2.7561253976348317	3.7582636520059163	2.6387602943326347	3.6710545777251884	2.609634062591975	3.534652319796367	2.5785278949835915	3.4316952402759093	2.5765015126717254	4.7822824583206325	4.761904761904762	1.8200836820083683	3.273564152305666	2.3498329184985423	2.282453637660485	4.761904761904762	5.226497649968302	29.76212121212121	2.2308000000000003	0.046896599146211145	20.986159324645996	-3.8147009036072765e-06	19.682535413561155	-9.537088784574331e-06	16.728676561828856	-1.2408736132044224e-05	14.305023250913514	-1.340939653884319e-05	12.642927249196811	-1.4476249300314618e-05	11.452168534711092	-1.4633489619002463e-05	10.561893735868473	-1.4842755844582493e-05	9.868491675222968	-1.5099368947040473e-05	9.300488632772257	-1.641774963957909e-05	8.818538830200778	-1.6764722831980805e-05	8.405311278375969	-1.928882116369458e-05	8.036394139456188	-1.865299073275531e-05	7.70339416776806	-1.4622777337844648e-05	7.405749322515138	-1.6171865343808082e-05	7.127004122222961	-1.7809164120945595e-05	6.8722049101196365	-1.833048396143755e-05	6.639043525771275	-2.0142685750182856e-05	6.422702419148552	-2.077528156998803e-05	6.222401156382497	-2.14542494834219e-05	6.033399948444893	-2.078837846490298e-05	5.864368396007362	-2.1499735553252694e-05	5.701490166032648	-2.3757166126438608e-05	5.551066765638042	-2.4640214369865017e-05	5.410764573528494	-2.5586572166926795e-05	5.285675574130782	-2.659941448038875e-05	5.165674884618844	-2.7677686422191968e-05	5.0558507282996965	-2.7034187433428315e-05	4.952985146178821	-3.0079937433730137e-05	4.857799715473673	-3.14394348761581e-05
20	1	12	0	0	1976	2471	1829	8313	1740	6206	1669	4003	1580	2915	1541	2409	1440	2025	1421	1821	1448	1765	1398	1670	1381	1578	1366	1514	1358	1446	1342	1442	1333	1418	1290	1403	1237	1355	1189	1358	1187	1333	1164	1329	1119	1292	1082	1238	1057	1187	1021	1185	983	1162	957	1113	929	1069	904	1043	871	4077	4095	163.0	375.8901574094342	297.3008451461792	18	1	0.7422895431518555	4.761904761904762	3.2085561497326207			5.264560132146853	25.325407399815518	4.902565202240866	14.63092681896582	4.650665526273587	9.258679079204523	4.472971886473883	6.810255363310026	4.196547144754316	6.002512200646583	4.065963060686016	5.8220750658578435	3.763426809189034	5.626093962714973	3.66284314989045	5.5781896155613415	3.7183503672127776	5.840502978160159	3.5675096332967566	5.825716877136678	3.498062260948859	5.700455169424175	3.4166228958755407	5.565562621769658	3.3776053325374327	5.36270582999555	3.3087600779111908	5.323783504393414	3.271406483912926	5.1573013275140935	3.149567849992675	5.030476873431337	3.019061333072999	4.803942423597816	2.887323943661972	4.712823182370293	2.876460039742161	4.541273464381835	2.8126132656759695	4.464375692834828	2.6902271907681214	4.245531019978969	2.604655641414506	3.975083483174929	2.5480931488356395	3.7434166955753883	2.470480061943477	3.662494204914233	2.387023141740123	3.507712741872189	2.3317577116124943	3.292412365034758	2.2785244775826548	3.092097651278491	2.2306116909714513	2.985202781991471	2.159896840747905	4.779937627500177	4.761904761904762	1.705020920502092	2.980425201942934	2.1297873744987257	2.5677603423680457	4.761904761904762	5.231121566599085	29.76212121212121	2.2308000000000003	0.046896599146211145	20.986159324645996	-3.8147009036072765e-06	19.682535413561155	-9.537088784574331e-06	16.728676561828856	-1.2408736132044224e-05	14.305023250913514	-1.340939653884319e-05	12.642927249196811	-1.4476249300314618e-05	11.452168534711092	-1.4633489619002463e-05	10.561893735868473	-1.4842755844582493e-05	9.868491675222968	-1.5099368947040473e-05	9.300488632772257	-1.641774963957909e-05	8.818538830200778	-1.6764722831980805e-05	8.405311278375969	-1.928882116369458e-05	8.036394139456188	-1.865299073275531e-05	7.70339416776806	-1.4622777337844648e-05	7.405749322515138	-1.6171865343808082e-05	7.127004122222961	-1.7809164120945595e-05	6.8722049101196365	-1.833048396143755e-05	6.639043525771275	-2.0142685750182856e-05	6.422702419148552	-2.077528156998803e-05	6.222401156382497	-2.14542494834219e-05	6.033399948444893	-2.078837846490298e-05	5.864368396007362	-2.1499735553252694e-05	5.701490166032648	-2.3757166126438608e-05	5.551066765638042	-2.4640214369865017e-05	5.410764573528494	-2.5586572166926795e-05	5.285675574130782	-2.659941448038875e-05	5.165674884618844	-2.7677686422191968e-05	5.0558507282996965	-2.7034187433428315e-05	4.952985146178821	-3.0079937433730137e-05	4.857799715473673	-3.14394348761581e-05
