	counts(inten<0.01	MicrocoloniesPlatonic	MicrocoloniesAggregates	MicrocoloniesLarge	counts(Norminten<0.01	counts(inten<0.02	counts(Norminten<0.02	counts(inten<0.03	counts(Norminten<0.03	counts(inten<0.04	counts(Norminten<0.04	counts(inten<0.05	counts(Norminten<0.05	counts(inten<0.060000000000000005	counts(Norminten<0.060000000000000005	counts(inten<0.06999999999999999	counts(Norminten<0.06999999999999999	counts(inten<0.08	counts(Norminten<0.08	counts(inten<0.09	counts(Norminten<0.09	counts(inten<0.09999999999999999	counts(Norminten<0.09999999999999999	counts(inten<0.11	counts(Norminten<0.11	counts(inten<0.12	counts(Norminten<0.12	counts(inten<0.13	counts(Norminten<0.13	counts(inten<0.14	counts(Norminten<0.14	counts(inten<0.15000000000000002	counts(Norminten<0.15000000000000002	counts(inten<0.16	counts(Norminten<0.16	counts(inten<0.17	counts(Norminten<0.17	counts(inten<0.18000000000000002	counts(Norminten<0.18000000000000002	counts(inten<0.19	counts(Norminten<0.19	counts(inten<0.2	counts(Norminten<0.2	counts(inten<0.21000000000000002	counts(Norminten<0.21000000000000002	counts(inten<0.22	counts(Norminten<0.22	counts(inten<0.23	counts(Norminten<0.23	counts(inten<0.24000000000000002	counts(Norminten<0.24000000000000002	counts(inten<0.25	counts(Norminten<0.25	counts(inten<0.26	counts(Norminten<0.26	counts(inten<0.27	counts(Norminten<0.27	counts(inten<0.28	counts(Norminten<0.28	counts(inten<0.29000000000000004	counts(Norminten<0.29000000000000004	diff	max	med	std	mean	min	eigenLocal	minProp	counts(inten<0.01Normalized	MicrocoloniesPlatonicNormalized	MicrocoloniesAggregatesNormalized	MicrocoloniesLargeNormalized	counts(Norminten<0.01Normalized	counts(inten<0.02Normalized	counts(Norminten<0.02Normalized	counts(inten<0.03Normalized	counts(Norminten<0.03Normalized	counts(inten<0.04Normalized	counts(Norminten<0.04Normalized	counts(inten<0.05Normalized	counts(Norminten<0.05Normalized	counts(inten<0.060000000000000005Normalized	counts(Norminten<0.060000000000000005Normalized	counts(inten<0.06999999999999999Normalized	counts(Norminten<0.06999999999999999Normalized	counts(inten<0.08Normalized	counts(Norminten<0.08Normalized	counts(inten<0.09Normalized	counts(Norminten<0.09Normalized	counts(inten<0.09999999999999999Normalized	counts(Norminten<0.09999999999999999Normalized	counts(inten<0.11Normalized	counts(Norminten<0.11Normalized	counts(inten<0.12Normalized	counts(Norminten<0.12Normalized	counts(inten<0.13Normalized	counts(Norminten<0.13Normalized	counts(inten<0.14Normalized	counts(Norminten<0.14Normalized	counts(inten<0.15000000000000002Normalized	counts(Norminten<0.15000000000000002Normalized	counts(inten<0.16Normalized	counts(Norminten<0.16Normalized	counts(inten<0.17Normalized	counts(Norminten<0.17Normalized	counts(inten<0.18000000000000002Normalized	counts(Norminten<0.18000000000000002Normalized	counts(inten<0.19Normalized	counts(Norminten<0.19Normalized	counts(inten<0.2Normalized	counts(Norminten<0.2Normalized	counts(inten<0.21000000000000002Normalized	counts(Norminten<0.21000000000000002Normalized	counts(inten<0.22Normalized	counts(Norminten<0.22Normalized	counts(inten<0.23Normalized	counts(Norminten<0.23Normalized	counts(inten<0.24000000000000002Normalized	counts(Norminten<0.24000000000000002Normalized	counts(inten<0.25Normalized	counts(Norminten<0.25Normalized	counts(inten<0.26Normalized	counts(Norminten<0.26Normalized	counts(inten<0.27Normalized	counts(Norminten<0.27Normalized	counts(inten<0.28Normalized	counts(Norminten<0.28Normalized	counts(inten<0.29000000000000004Normalized	counts(Norminten<0.29000000000000004Normalized	diffNormalized	maxNormalized	medNormalized	stdNormalized	meanNormalized	minNormalized	eigenLocalNormalized	minPropNormalized	BioVolume	SubstratumCoverage	Homogenity	ThicknessThreshold=0.01	RoughnessThreshold=0.01	ThicknessThreshold=0.02	RoughnessThreshold=0.02	ThicknessThreshold=0.03	RoughnessThreshold=0.03	ThicknessThreshold=0.04	RoughnessThreshold=0.04	ThicknessThreshold=0.05	RoughnessThreshold=0.05	ThicknessThreshold=0.060000000000000005	RoughnessThreshold=0.060000000000000005	ThicknessThreshold=0.06999999999999999	RoughnessThreshold=0.06999999999999999	ThicknessThreshold=0.08	RoughnessThreshold=0.08	ThicknessThreshold=0.09	RoughnessThreshold=0.09	ThicknessThreshold=0.09999999999999999	RoughnessThreshold=0.09999999999999999	ThicknessThreshold=0.11	RoughnessThreshold=0.11	ThicknessThreshold=0.12	RoughnessThreshold=0.12	ThicknessThreshold=0.13	RoughnessThreshold=0.13	ThicknessThreshold=0.14	RoughnessThreshold=0.14	ThicknessThreshold=0.15000000000000002	RoughnessThreshold=0.15000000000000002	ThicknessThreshold=0.16	RoughnessThreshold=0.16	ThicknessThreshold=0.17	RoughnessThreshold=0.17	ThicknessThreshold=0.18000000000000002	RoughnessThreshold=0.18000000000000002	ThicknessThreshold=0.19	RoughnessThreshold=0.19	ThicknessThreshold=0.2	RoughnessThreshold=0.2	ThicknessThreshold=0.21000000000000002	RoughnessThreshold=0.21000000000000002	ThicknessThreshold=0.22	RoughnessThreshold=0.22	ThicknessThreshold=0.23	RoughnessThreshold=0.23	ThicknessThreshold=0.24000000000000002	RoughnessThreshold=0.24000000000000002	ThicknessThreshold=0.25	RoughnessThreshold=0.25	ThicknessThreshold=0.26	RoughnessThreshold=0.26	ThicknessThreshold=0.27	RoughnessThreshold=0.27	ThicknessThreshold=0.28	RoughnessThreshold=0.28	ThicknessThreshold=0.29000000000000004	RoughnessThreshold=0.29000000000000004
0	1	21	0	0	1545	3	1580	272	1647	361	1720	485	1773	594	1854	743	1934	798	1979	798	2024	766	2106	836	2134	858	2172	899	2246	875	2316	841	2365	886	2411	966	2452	1001	2486	1048	2544	1098	2606	1162	2644	1202	2677	1293	2725	1377	2763	1401	2798	1482	2846	1562	2877	1614	2897	1711	2924	4052	4095	805.0	866.4812220283766	1072.5844497680664	43	1	0.6311616897583008	4.761904761904762	5.185185185185185			6.852352862908591	0.007423721264012274	6.870461364525808	0.4071246819338422	7.017768119647194	0.7880891566791102	7.158315298818045	1.6096379144402775	7.154386248083286	2.682926829268293	7.288595353225616	3.9268537603720732	7.414506977457445	4.649807714718564	7.416429320941388	4.864074119224674	7.38093501568084	4.786303424143964	7.499198803546629	5.276778387931579	7.430103408655688	5.3331675783192445	7.402610681299206	5.491753207086133	7.459811345821708	5.210814673654121	7.528279807567287	4.862395929694728	7.542897237991964	4.905869324473976	7.550183196066765	5.176571459192969	7.53487800381046	5.157932704694183	7.501056061794702	5.159511618747539	7.552547203420021	5.262653374233129	7.610314516835557	5.400381094018683	7.618059757397642	5.352213019859293	7.603601556508649	5.56775610386255	7.6381881376835965	5.699739227617037	7.630910296067167	5.653296747639415	7.631672258134905	5.796988069626442	7.695635714672003	5.915098269398265	7.715412051811526	5.917072991897936	7.696394888552377	6.099386852987309	7.7095472882115645	4.74184337405795	4.761904761904762	8.235294117647058	5.215338850883666	6.713061394979874	7.918968692449356	4.761904761904762	4.462648252926623	2.7160835509138384	12.945400000000001	0.04425257575648556	20.938347816467285	-2.8610256777054574e-06	18.920031666088924	-2.86484793387167e-06	16.83920981042251	1.932100202580706e-06	15.472082028563376	4.926763658220551e-06	14.542190615809075	-3.035189992776248e-06	13.82001240256988	-2.087976906975409e-06	13.23431765875035	-1.0825498378881618e-06	12.742422126624474	0.0	12.309531215702753	0.0	11.920416878557468	1.225394086738295e-06	11.557228190429353	0.0	11.22964658212651	0.0	10.912553411242392	0.0	10.617081534237574	1.4666563022954637e-06	10.328697099564375	1.5355180684411113e-06	10.059955011231112	1.6078928242959037e-06	9.798340777482558	0.0	9.54355404386911	-1.7650755099303147e-06	9.302244023705414	-1.84967676898462e-06	9.06672650295046	-1.938544269566212e-06	8.851463331493685	0.0	8.643119498246458	0.0	8.445778753860045	0.0	8.256813039901274	0.0	8.072526848422388	0.0	7.887901349703311	0.0	7.7162540273578655	5.365353764600469e-06	7.550540527635862	5.617346365576901e-06	7.397186070844943	5.878290005437418e-06
1	1	25	0	0	1629	19	1700	341	1740	458	1803	528	1857	672	1880	660	1938	732	1987	753	2076	770	2142	776	2171	796	2229	881	2301	857	2352	893	2395	951	2470	925	2518	988	2532	1030	2608	1120	2631	1120	2674	1190	2715	1264	2760	1303	2802	1408	2844	1476	2847	1533	2892	1615	2929	1711	2987	4057	4095	810.0	952.1423212980105	1121.387933731079	38	1	0.6373081207275391	4.761904761904762	6.172839506172839			7.224907970018184	0.0470169013387444	7.392268556768274	0.5104026343361773	7.414035536239294	0.9998471849280677	7.503745630098218	1.7523480800504463	7.493341941731903	3.035230352303523	7.3908086645437745	3.4881877279213573	7.429842048765527	4.265237151847104	7.446409833608154	4.589784225283433	7.570563780905842	4.811297175706073	7.627390236085889	4.898062235687686	7.558929006650186	4.947787170561909	7.596878088681367	5.3817959682345755	7.642487046632124	5.103620771796093	7.6452997009491614	5.163043478260869	7.638578809721247	5.26578073089701	7.73494504117997	4.956861904506725	7.737692827730318	5.09094656567218	7.639852754812624	5.0708940527766835	7.7425483909274435	5.368098159509203	7.6833221388312944	5.205186596644514	7.704497651770536	5.298779944785823	7.711534637998126	5.442879903543901	7.7362933064244865	5.393435158740014	7.738621299160406	5.681543055443467	7.757139350298667	5.77351848230002	7.698339732843004	5.805278903321089	7.755638392019095	5.92073908421014	7.781408570441806	6.099386852987309	7.875655865214755	4.747694612179938	4.761904761904762	8.286445012787723	5.730931858178743	7.0185112681376145	6.998158379373849	4.761904761904762	4.50610678323937	2.7160835509138384	12.945400000000001	0.04425257575648556	20.938347816467285	-2.8610256777054574e-06	18.920031666088924	-2.86484793387167e-06	16.83920981042251	1.932100202580706e-06	15.472082028563376	4.926763658220551e-06	14.542190615809075	-3.035189992776248e-06	13.82001240256988	-2.087976906975409e-06	13.23431765875035	-1.0825498378881618e-06	12.742422126624474	0.0	12.309531215702753	0.0	11.920416878557468	1.225394086738295e-06	11.557228190429353	0.0	11.22964658212651	0.0	10.912553411242392	0.0	10.617081534237574	1.4666563022954637e-06	10.328697099564375	1.5355180684411113e-06	10.059955011231112	1.6078928242959037e-06	9.798340777482558	0.0	9.54355404386911	-1.7650755099303147e-06	9.302244023705414	-1.84967676898462e-06	9.06672650295046	-1.938544269566212e-06	8.851463331493685	0.0	8.643119498246458	0.0	8.445778753860045	0.0	8.256813039901274	0.0	8.072526848422388	0.0	7.887901349703311	0.0	7.7162540273578655	5.365353764600469e-06	7.550540527635862	5.617346365576901e-06	7.397186070844943	5.878290005437418e-06
2	1	25	0	0	1616	68	1662	437	1713	521	1734	606	1818	663	1890	657	1965	731	2035	771	2060	822	2130	774	2162	753	2204	789	2257	823	2326	864	2346	880	2383	910	2427	931	2483	1015	2527	1120	2565	1174	2602	1284	2643	1314	2668	1379	2704	1431	2766	1508	2815	1576	2818	1628	2854	1702	2874	4061	4095	796.0	961.9024366666389	1112.128737449646	34	1	0.6372861862182617	4.761904761904762	6.172839506172839			7.167250632013128	0.16827101531761154	7.22702961255816	0.6540936985481216	7.298990157228685	1.1373807496670816	7.216580655901448	2.0112176827851713	7.335969655395044	2.9945799457994577	7.43012147658922	3.472332329158078	7.533353780095077	4.25941032513693	7.626292909608755	4.699500182859929	7.5122164685289174	5.136215946013497	7.584659758572802	4.885438363946222	7.527593050381254	4.680507210343113	7.511673085443578	4.81979230299328	7.496346485983792	4.9011434016198185	7.560785333506696	4.995374653098982	7.4822989092300825	4.87264673311185	7.462499608555413	4.876480360109319	7.45805420687112	4.797238109960324	7.492004103554402	4.997046081134305	7.502078137988362	5.368098159509203	7.490582016762549	5.456150950411303	7.497046705275593	5.717339032861341	7.507029852018064	5.658183697196745	7.478416862877005	5.708017715965065	7.467962881131242	5.7743523525139215	7.544390802716635	5.8986896147076076	7.611811151370937	5.968114515090696	7.557188446995092	5.9683982842687975	7.5821577535134566	6.067303579067446	7.577715084240778	4.752375602677526	4.761904761904762	8.143222506393862	5.78967786164314	6.960560070804042	6.261510128913445	4.761904761904762	4.505951694612962	2.7160835509138384	12.945400000000001	0.04425257575648556	20.938347816467285	-2.8610256777054574e-06	18.920031666088924	-2.86484793387167e-06	16.83920981042251	1.932100202580706e-06	15.472082028563376	4.926763658220551e-06	14.542190615809075	-3.035189992776248e-06	13.82001240256988	-2.087976906975409e-06	13.23431765875035	-1.0825498378881618e-06	12.742422126624474	0.0	12.309531215702753	0.0	11.920416878557468	1.225394086738295e-06	11.557228190429353	0.0	11.22964658212651	0.0	10.912553411242392	0.0	10.617081534237574	1.4666563022954637e-06	10.328697099564375	1.5355180684411113e-06	10.059955011231112	1.6078928242959037e-06	9.798340777482558	0.0	9.54355404386911	-1.7650755099303147e-06	9.302244023705414	-1.84967676898462e-06	9.06672650295046	-1.938544269566212e-06	8.851463331493685	0.0	8.643119498246458	0.0	8.445778753860045	0.0	8.256813039901274	0.0	8.072526848422388	0.0	7.887901349703311	0.0	7.7162540273578655	5.365353764600469e-06	7.550540527635862	5.617346365576901e-06	7.397186070844943	5.878290005437418e-06
3	1	24	0	0	1559	132	1608	560	1648	567	1691	653	1747	663	1795	643	1833	760	1903	756	1953	785	1987	783	2035	735	2082	854	2142	867	2193	906	2244	909	2271	977	2327	1028	2353	1092	2377	1132	2414	1169	2452	1228	2469	1321	2498	1376	2518	1435	2559	1471	2571	1558	2597	1621	2608	1669	2631	4064	4095	770.0	946.4996691761222	1079.122121810913	31	1	0.6366901397705078	4.761904761904762	5.9259259259259265			6.914445380760189	0.3266437356165401	6.99221637604905	0.8381978745696752	7.02202905961055	1.2378020826511233	7.037622773430997	2.167203212638147	7.049471390525381	2.9945799457994577	7.056649762157487	3.3983404682627767	7.027296426928385	4.428388299731966	7.131614450607106	4.608070218212848	7.122018817008241	4.905023744063984	7.075454901541859	4.942245786782806	7.085407889697434	4.568622575832919	7.095872669643162	5.2168601099572385	7.114388202471105	5.163172939494998	7.128461838512547	5.238205365402406	7.156981565350513	5.033222591362127	7.1117652585100055	5.235517925084401	7.15075901911376	5.2970577626629565	7.099752579808098	5.376132335565184	7.056762854767842	5.425613496932515	7.049615979908302	5.432913510247711	7.064857233411128	5.4679846825184795	7.0128099525662515	5.688326228308143	7.001906043278394	5.6955999834430235	6.954264250994255	5.790493099830522	6.979788887979707	5.753960492861334	6.952030717646422	5.899950770629	6.964520367936925	5.942735638083367	6.92861507398847	5.949664908027948	6.937010572942759	4.755886345550719	4.761904761904762	7.877237851662404	5.6969688107575704	6.753979192933558	5.70902394106814	4.761904761904762	4.501737329764946	2.7160835509138384	12.945400000000001	0.04425257575648556	20.938347816467285	-2.8610256777054574e-06	18.920031666088924	-2.86484793387167e-06	16.83920981042251	1.932100202580706e-06	15.472082028563376	4.926763658220551e-06	14.542190615809075	-3.035189992776248e-06	13.82001240256988	-2.087976906975409e-06	13.23431765875035	-1.0825498378881618e-06	12.742422126624474	0.0	12.309531215702753	0.0	11.920416878557468	1.225394086738295e-06	11.557228190429353	0.0	11.22964658212651	0.0	10.912553411242392	0.0	10.617081534237574	1.4666563022954637e-06	10.328697099564375	1.5355180684411113e-06	10.059955011231112	1.6078928242959037e-06	9.798340777482558	0.0	9.54355404386911	-1.7650755099303147e-06	9.302244023705414	-1.84967676898462e-06	9.06672650295046	-1.938544269566212e-06	8.851463331493685	0.0	8.643119498246458	0.0	8.445778753860045	0.0	8.256813039901274	0.0	8.072526848422388	0.0	7.887901349703311	0.0	7.7162540273578655	5.365353764600469e-06	7.550540527635862	5.617346365576901e-06	7.397186070844943	5.878290005437418e-06
4	1	21	0	0	1468	267	1507	628	1578	730	1608	711	1635	689	1692	743	1716	762	1726	777	1770	807	1807	761	1880	810	1921	864	1949	884	1984	942	1992	998	2030	1032	2045	1046	2106	1092	2113	1118	2162	1146	2166	1240	2213	1296	2220	1337	2233	1385	2268	1471	2282	1538	2286	1595	2308	1636	2324	4069	4095	731.0	922.356359186503	1031.6311082839966	26	1	0.6379594802856445	4.761904761904762	5.185185185185185			6.510844014724797	0.6607111924970923	6.553028655911641	0.9399790450531357	6.723763262175636	1.593642893007619	6.692192442150824	2.35969599415884	6.59753046566056	3.112014453477868	6.651727798089397	3.9268537603720732	6.5787455911669985	4.440041953152313	6.468295607854895	4.736072168718762	6.454671431697177	5.042489377655586	6.4344977388455655	4.8033831976267125	6.545733087288047	5.034808552958727	6.547152448791794	5.277947464874771	6.473362561445463	5.2644116245831345	6.449096346378884	5.446345975948196	6.353256362824521	5.526024363233666	6.357060094573012	5.530250254541557	6.284186589638006	5.389807801308806	6.354474684690121	5.376132335565184	6.273007956299727	5.35851226993865	6.3136991501912805	5.326021285495189	6.2408159737228805	5.52141775759195	6.285681824637146	5.58067433148172	6.222670702993609	5.534169460656484	6.1671453822359705	5.588733758373013	6.186073152769823	5.753960492861334	6.170569466226813	5.824213276782672	6.13049424763335	5.847417237966052	6.131611806275073	5.83202623698845	6.127560840562133	4.761737583672705	4.761904761904762	7.478260869565218	5.551650551830933	6.456743772836848	4.788213627992634	4.761904761904762	4.510712241145282	2.7160835509138384	12.945400000000001	0.04425257575648556	20.938347816467285	-2.8610256777054574e-06	18.920031666088924	-2.86484793387167e-06	16.83920981042251	1.932100202580706e-06	15.472082028563376	4.926763658220551e-06	14.542190615809075	-3.035189992776248e-06	13.82001240256988	-2.087976906975409e-06	13.23431765875035	-1.0825498378881618e-06	12.742422126624474	0.0	12.309531215702753	0.0	11.920416878557468	1.225394086738295e-06	11.557228190429353	0.0	11.22964658212651	0.0	10.912553411242392	0.0	10.617081534237574	1.4666563022954637e-06	10.328697099564375	1.5355180684411113e-06	10.059955011231112	1.6078928242959037e-06	9.798340777482558	0.0	9.54355404386911	-1.7650755099303147e-06	9.302244023705414	-1.84967676898462e-06	9.06672650295046	-1.938544269566212e-06	8.851463331493685	0.0	8.643119498246458	0.0	8.445778753860045	0.0	8.256813039901274	0.0	8.072526848422388	0.0	7.887901349703311	0.0	7.7162540273578655	5.365353764600469e-06	7.550540527635862	5.617346365576901e-06	7.397186070844943	5.878290005437418e-06
5	1	19	0	0	1374	235	1440	873	1440	856	1436	859	1483	805	1505	757	1488	822	1558	798	1621	749	1601	791	1646	842	1670	892	1699	881	1740	931	1767	933	1791	950	1809	1022	1835	1111	1879	1136	1898	1187	1920	1243	1933	1321	1955	1346	1995	1403	1994	1434	2004	1436	2033	1481	2032	1481	2057	4069	4095	683.0	902.6640433839812	981.3795099258423	26	1	0.6423101425170898	4.761904761904762	4.691358024691358			6.093937109149776	0.5815248323476282	6.261686306909597	1.3066906151773687	6.13575354723252	1.868710022485646	5.976360912269019	2.850884471142677	5.984182067629732	3.635953026196929	5.916578212839564	4.000845621267375	5.704646526606349	4.789651555762731	5.838704841852796	4.864074119224674	5.911312085187076	4.680079980004999	5.700957874870919	4.992741273748659	5.730998224295812	5.233714569865739	5.69169421628438	5.448992058643861	5.643018466852664	5.246545974273464	5.655961513457288	5.382747456059205	5.635644574854883	5.166112956810631	5.608618044029687	5.090831145169069	5.558969946530637	5.2661410831143405	5.5367811236497495	5.46967309964553	5.578316114475715	5.4447852760736195	5.542738661916304	5.516568294836641	5.532025239865157	5.534776026360317	5.490385434714687	5.688326228308143	5.479874425384012	5.571422658222609	5.509832081307999	5.661367121297716	5.438725690750893	5.60923137101506	5.418852414688226	5.437952058166395	5.452009976132372	5.429482714374748	5.398368799978746	5.279480963924141	5.423576871358135	4.761737583672705	4.761904761904762	6.987212276214834	5.43312276720296	6.14223048202128	4.788213627992634	4.761904761904762	4.541473733043924	2.7160835509138384	12.945400000000001	0.04425257575648556	20.938347816467285	-2.8610256777054574e-06	18.920031666088924	-2.86484793387167e-06	16.83920981042251	1.932100202580706e-06	15.472082028563376	4.926763658220551e-06	14.542190615809075	-3.035189992776248e-06	13.82001240256988	-2.087976906975409e-06	13.23431765875035	-1.0825498378881618e-06	12.742422126624474	0.0	12.309531215702753	0.0	11.920416878557468	1.225394086738295e-06	11.557228190429353	0.0	11.22964658212651	0.0	10.912553411242392	0.0	10.617081534237574	1.4666563022954637e-06	10.328697099564375	1.5355180684411113e-06	10.059955011231112	1.6078928242959037e-06	9.798340777482558	0.0	9.54355404386911	-1.7650755099303147e-06	9.302244023705414	-1.84967676898462e-06	9.06672650295046	-1.938544269566212e-06	8.851463331493685	0.0	8.643119498246458	0.0	8.445778753860045	0.0	8.256813039901274	0.0	8.072526848422388	0.0	7.887901349703311	0.0	7.7162540273578655	5.365353764600469e-06	7.550540527635862	5.617346365576901e-06	7.397186070844943	5.878290005437418e-06
6	1	21	0	0	1250	309	1243	1052	1265	1107	1302	939	1375	917	1385	870	1419	817	1395	855	1450	792	1488	784	1520	786	1529	796	1514	896	1559	886	1573	894	1604	931	1644	1035	1672	1111	1694	1089	1734	1127	1751	1183	1789	1245	1788	1246	1815	1267	1841	1326	1858	1367	1865	1415	1882	1398	1869	4066	4095	636.0	883.8854219473761	933.4426259994507	29	1	0.6454429626464844	4.761904761904762	5.185185185185185			5.543974808178471	0.7646432901932643	5.405052832978215	1.5746145786558898	5.390089053645234	2.416661208985526	5.418678208756451	3.116391755998805	5.548381890081511	4.141824751580849	5.444824468294216	4.59806564135088	5.440116546541941	4.760517422211864	5.227851896267426	5.211507984883579	5.287725184158705	4.948762809297675	5.29857921162269	4.948557722653538	5.292294836530761	4.885629040278468	5.2111379980232435	4.862553451435553	5.028563836853992	5.3358742258218195	5.067611493953972	5.122571692876965	5.0169037443388405	4.950166112956811	5.02301694172173	4.989014522265688	5.051932886730994	5.333127222136342	5.0449580592601535	5.46967309964553	5.029093931837074	5.219516871165644	5.0638086616242735	5.237719012873542	5.045091768231193	5.267610650992965	5.081375862754566	5.361064461955819	5.011772620248907	5.157498240821226	5.012704374723818	5.11258171253329	5.021411232032294	5.186778799139448	5.024065761721919	5.176657704396562	5.001474965807611	5.187520621769256	4.999867166122048	4.983601882218737	4.92788778442798	4.758226840799513	4.761904761904762	6.506393861892583	5.320094496705535	5.842204460805443	5.3406998158379375	4.761904761904762	4.563624434685099	2.7160835509138384	12.945400000000001	0.04425257575648556	20.938347816467285	-2.8610256777054574e-06	18.920031666088924	-2.86484793387167e-06	16.83920981042251	1.932100202580706e-06	15.472082028563376	4.926763658220551e-06	14.542190615809075	-3.035189992776248e-06	13.82001240256988	-2.087976906975409e-06	13.23431765875035	-1.0825498378881618e-06	12.742422126624474	0.0	12.309531215702753	0.0	11.920416878557468	1.225394086738295e-06	11.557228190429353	0.0	11.22964658212651	0.0	10.912553411242392	0.0	10.617081534237574	1.4666563022954637e-06	10.328697099564375	1.5355180684411113e-06	10.059955011231112	1.6078928242959037e-06	9.798340777482558	0.0	9.54355404386911	-1.7650755099303147e-06	9.302244023705414	-1.84967676898462e-06	9.06672650295046	-1.938544269566212e-06	8.851463331493685	0.0	8.643119498246458	0.0	8.445778753860045	0.0	8.256813039901274	0.0	8.072526848422388	0.0	7.887901349703311	0.0	7.7162540273578655	5.365353764600469e-06	7.550540527635862	5.617346365576901e-06	7.397186070844943	5.878290005437418e-06
7	1	18	0	0	1082	403	1097	1361	1129	1431	1147	1198	1144	1012	1176	863	1238	860	1285	835	1311	836	1350	792	1361	808	1441	804	1459	799	1477	859	1508	918	1512	942	1545	975	1601	1009	1626	1021	1643	1036	1658	1083	1682	1091	1718	1120	1739	1154	1772	1155	1795	1240	1820	1294	1842	1313	1870	4067	4095	580.0	869.2821414304365	883.5464887619019	28	1	0.6504411697387695	4.761904761904762	4.444444444444445			4.798864593959285	0.9972532231323155	4.770187415749881	2.0371201915880857	4.810601218628829	3.123976684786168	4.773597469618778	3.97597159072052	4.616253732547817	4.570912375790424	4.623186696544404	4.5610697109032285	4.74620456985125	5.01107097074933	4.815619847099385	5.089601365354138	4.7808329078841805	5.2236940764808795	4.807178720222199	4.99905320961939	4.738692942446294	5.022376926902039	4.911216386626223	4.911423335369578	4.845888136043577	4.758218199142449	4.801066181250812	4.966466234967623	4.809593672258723	5.083056478405315	4.734913725613002	5.0479609881571195	4.747710650851208	5.023960426650178	4.830728380906403	4.9675068924773536	4.827217670110438	4.893596625766871	4.798060917559793	4.814797601896175	4.777134295675224	4.822335025380711	4.7774590280341975	4.6979287775050595	4.815562282767127	4.6359534748954845	4.802806009721609	4.656605600839319	4.833210593786651	4.517895560336398	4.853712616948786	4.695724618472374	4.880795945184907	4.743923451992521	4.893600063760262	4.680593184086696	4.930524428507396	4.759397088423911	4.761904761904762	5.9335038363171355	5.232197547188198	5.529915920056566	5.156537753222836	4.761904761904762	4.5989644125546265	2.7160835509138384	12.945400000000001	0.04425257575648556	20.938347816467285	-2.8610256777054574e-06	18.920031666088924	-2.86484793387167e-06	16.83920981042251	1.932100202580706e-06	15.472082028563376	4.926763658220551e-06	14.542190615809075	-3.035189992776248e-06	13.82001240256988	-2.087976906975409e-06	13.23431765875035	-1.0825498378881618e-06	12.742422126624474	0.0	12.309531215702753	0.0	11.920416878557468	1.225394086738295e-06	11.557228190429353	0.0	11.22964658212651	0.0	10.912553411242392	0.0	10.617081534237574	1.4666563022954637e-06	10.328697099564375	1.5355180684411113e-06	10.059955011231112	1.6078928242959037e-06	9.798340777482558	0.0	9.54355404386911	-1.7650755099303147e-06	9.302244023705414	-1.84967676898462e-06	9.06672650295046	-1.938544269566212e-06	8.851463331493685	0.0	8.643119498246458	0.0	8.445778753860045	0.0	8.256813039901274	0.0	8.072526848422388	0.0	7.887901349703311	0.0	7.7162540273578655	5.365353764600469e-06	7.550540527635862	5.617346365576901e-06	7.397186070844943	5.878290005437418e-06
8	1	25	0	0	1076	468	1087	1801	1072	1644	1136	1295	1156	1045	1190	929	1213	838	1204	809	1261	778	1295	840	1333	786	1354	770	1414	830	1447	849	1494	905	1554	953	1582	984	1589	1013	1623	1046	1624	1041	1632	1079	1671	1071	1673	1145	1718	1190	1732	1200	1769	1203	1796	1283	1818	1305	1793	4074	4095	541.0	852.560485023477	844.815260887146	21	1	0.6526002883911133	4.761904761904762	6.172839506172839			4.7722535148800285	1.1581005171859147	4.726703483063009	2.6957042358928303	4.567727640717542	3.5889711179514046	4.727817546196104	4.297899173608576	4.664675974497619	4.71996386630533	4.6782246334080275	4.909888483695365	4.650360374175739	4.88288078312551	4.512067156348373	4.9311227599658665	4.5984975567062945	4.861284678830293	4.61133069828722	5.302026131414505	4.6412033007207265	4.885629040278468	4.614702975358713	4.703726328649969	4.696426199016872	4.9428299190090526	4.703549603432584	4.9086493987049025	4.7649422721183905	5.011074197120709	4.86643910688003	5.10690745404855	4.861409870321431	5.070335445973102	4.794520547945205	4.98719968491532	4.818311364446028	5.013420245398773	4.742575124843033	4.838035042059767	4.702221453885383	4.804524000356221	4.746215241287244	4.611807260043922	4.689427065814553	4.73943457924583	4.744807777286788	4.801872326688725	4.724108774513815	4.693917465284569	4.78340814450273	4.555610254856666	4.816433800852798	4.703596436558272	4.82983980234319	4.652074718380151	4.727502834392385	4.767588821794692	4.761904761904762	5.534526854219949	5.131550121608458	5.287506000089505	3.867403314917127	4.761904761904762	4.614230527780082	2.7160835509138384	12.945400000000001	0.04425257575648556	20.938347816467285	-2.8610256777054574e-06	18.920031666088924	-2.86484793387167e-06	16.83920981042251	1.932100202580706e-06	15.472082028563376	4.926763658220551e-06	14.542190615809075	-3.035189992776248e-06	13.82001240256988	-2.087976906975409e-06	13.23431765875035	-1.0825498378881618e-06	12.742422126624474	0.0	12.309531215702753	0.0	11.920416878557468	1.225394086738295e-06	11.557228190429353	0.0	11.22964658212651	0.0	10.912553411242392	0.0	10.617081534237574	1.4666563022954637e-06	10.328697099564375	1.5355180684411113e-06	10.059955011231112	1.6078928242959037e-06	9.798340777482558	0.0	9.54355404386911	-1.7650755099303147e-06	9.302244023705414	-1.84967676898462e-06	9.06672650295046	-1.938544269566212e-06	8.851463331493685	0.0	8.643119498246458	0.0	8.445778753860045	0.0	8.256813039901274	0.0	8.072526848422388	0.0	7.887901349703311	0.0	7.7162540273578655	5.365353764600469e-06	7.550540527635862	5.617346365576901e-06	7.397186070844943	5.878290005437418e-06
9	1	19	0	0	1074	680	1076	2226	1104	1776	1111	1435	1142	1144	1171	1029	1175	802	1230	760	1264	745	1296	763	1376	803	1396	874	1445	841	1457	820	1475	864	1521	939	1559	974	1583	1047	1608	1045	1627	1085	1673	1105	1708	1111	1774	1160	1792	1179	1812	1223	1812	1257	1834	1316	1824	1386	1849	4071	4095	504.0	831.3189382483635	805.1101408004761	24	1	0.654815673828125	4.761904761904762	4.691358024691358			4.7633831551869426	1.6827101531761153	4.678871157107449	3.331836551414459	4.704077719544932	3.877136682166481	4.623772265690029	4.762536922106801	4.608183358889517	5.167118337850045	4.6035302905216815	5.438401775804662	4.504677196748965	4.673115021559259	4.609503822515365	4.632451542118737	4.609437677776968	4.655086228442889	4.6148915714133105	4.816007069368175	4.790919536227848	4.991297861760318	4.7578473807982	5.339034819792303	4.79938886674638	5.0083373034778464	4.7360551293719935	4.740980573543016	4.704343943356509	4.78405315614618	4.763097735884508	5.031884679277638	4.790731977137238	5.018807646725408	4.776416631464607	5.154588420638047	4.773779836123976	5.0086273006134965	4.7513360394825215	5.042524515499372	4.82035324286167	4.920295663015406	4.8513079785269975	4.784050294966198	4.97253055275255	4.801523241856037	4.949182501104729	4.757485271568074	4.942312413059488	4.783884216702523	4.899680925855822	4.760101488241754	4.918340529378637	4.824577482861018	4.845779867697457	4.940824183658919	4.8751549028396655	4.7640780789215	4.761904761904762	5.156010230179028	5.003697536540568	5.039000710930687	4.41988950276243	4.761904761904762	4.629894479047189	2.7160835509138384	12.945400000000001	0.04425257575648556	20.938347816467285	-2.8610256777054574e-06	18.920031666088924	-2.86484793387167e-06	16.83920981042251	1.932100202580706e-06	15.472082028563376	4.926763658220551e-06	14.542190615809075	-3.035189992776248e-06	13.82001240256988	-2.087976906975409e-06	13.23431765875035	-1.0825498378881618e-06	12.742422126624474	0.0	12.309531215702753	0.0	11.920416878557468	1.225394086738295e-06	11.557228190429353	0.0	11.22964658212651	0.0	10.912553411242392	0.0	10.617081534237574	1.4666563022954637e-06	10.328697099564375	1.5355180684411113e-06	10.059955011231112	1.6078928242959037e-06	9.798340777482558	0.0	9.54355404386911	-1.7650755099303147e-06	9.302244023705414	-1.84967676898462e-06	9.06672650295046	-1.938544269566212e-06	8.851463331493685	0.0	8.643119498246458	0.0	8.445778753860045	0.0	8.256813039901274	0.0	8.072526848422388	0.0	7.887901349703311	0.0	7.7162540273578655	5.365353764600469e-06	7.550540527635862	5.617346365576901e-06	7.397186070844943	5.878290005437418e-06
10	1	22	0	0	1079	857	1098	2789	1091	2157	1131	1484	1140	1131	1173	1000	1196	830	1230	794	1265	736	1307	731	1359	846	1384	820	1401	836	1441	833	1459	890	1497	900	1522	973	1547	1044	1584	1077	1607	1102	1622	1126	1649	1161	1666	1192	1705	1220	1707	1261	1710	1314	1698	1378	1717	1407	1748	4071	4095	462.0	808.1006257033167	762.1201190948486	24	1	0.6559505462646484	4.761904761904762	5.432098765432099			4.7855590544196565	2.1207097077528396	4.774535809018567	4.174524771740757	4.648685500021305	4.7088872879690875	4.707008490094889	4.925160134081179	4.600112985231216	5.10840108401084	4.61139285293077	5.285132921092965	4.585186321116393	4.836266169444121	4.609503822515365	4.839692795318786	4.613084384800525	4.598850287428143	4.654061175800306	4.614025121504765	4.7317293966087535	5.258577821979115	4.716948979244061	5.00916310323763	4.653248306098047	4.978561219628395	4.684046287868938	4.816142460684551	4.653313771767557	4.9280177187153935	4.687940375160492	4.822892663844381	4.677032757667015	5.013654866800639	4.667793132581015	5.139818826309571	4.702529390808693	5.162001533742331	4.692929941885933	5.121531812055584	4.673408822427752	5.01380354439398	4.683727667793336	4.999354088619041	4.669806032066375	4.93397905542448	4.708904109589041	4.9229279315632315	4.655920137468293	4.9325249364365344	4.623871072413607	4.9759533457037906	4.553621711496688	5.051875206217693	4.561515368879679	5.015685156138599	4.6088538508186785	4.7640780789215	4.761904761904762	4.726342710997442	4.863946824823268	4.769935971884919	4.41988950276243	4.761904761904762	4.637918629717813	2.7160835509138384	12.945400000000001	0.04425257575648556	20.938347816467285	-2.8610256777054574e-06	18.920031666088924	-2.86484793387167e-06	16.83920981042251	1.932100202580706e-06	15.472082028563376	4.926763658220551e-06	14.542190615809075	-3.035189992776248e-06	13.82001240256988	-2.087976906975409e-06	13.23431765875035	-1.0825498378881618e-06	12.742422126624474	0.0	12.309531215702753	0.0	11.920416878557468	1.225394086738295e-06	11.557228190429353	0.0	11.22964658212651	0.0	10.912553411242392	0.0	10.617081534237574	1.4666563022954637e-06	10.328697099564375	1.5355180684411113e-06	10.059955011231112	1.6078928242959037e-06	9.798340777482558	0.0	9.54355404386911	-1.7650755099303147e-06	9.302244023705414	-1.84967676898462e-06	9.06672650295046	-1.938544269566212e-06	8.851463331493685	0.0	8.643119498246458	0.0	8.445778753860045	0.0	8.256813039901274	0.0	8.072526848422388	0.0	7.887901349703311	0.0	7.7162540273578655	5.365353764600469e-06	7.550540527635862	5.617346365576901e-06	7.397186070844943	5.878290005437418e-06
11	1	19	0	0	995	1229	1008	3023	1033	2464	1057	1596	1115	1099	1153	940	1204	809	1251	778	1271	739	1266	725	1283	761	1304	766	1333	807	1342	848	1381	958	1408	995	1427	1001	1453	1021	1488	1040	1537	1088	1562	1127	1556	1185	1586	1246	1626	1266	1613	1271	1632	1320	1661	1319	1672	1342	1683	4071	4095	412.0	783.1625338283546	715.7948303222656	24	1	0.6594762802124023	4.761904761904762	4.691358024691358			4.413003947310063	3.0412511444903614	4.383180414836718	4.524771740757371	4.401550982146662	5.379090532014757	4.399034459796904	5.296870332879759	4.499233314502462	4.96386630532972	4.532767228839879	4.968024945827388	4.615856463732556	4.713902808530475	4.688202668265627	4.742167499695234	4.634964626941872	4.617595601099725	4.508065377630595	4.576153506280376	4.467114654782215	4.730233714569866	4.444292968883133	4.679291386682957	4.427394712368805	4.805859933301572	4.362241581068782	4.902867715078631	4.4045416852714165	5.304540420819491	4.409231829142267	5.331975778361288	4.385102329297523	5.157932704694183	4.384165107718303	5.026585269791256	4.41752760954756	4.984662576687116	4.488508600297871	5.056466979597528	4.5005330336819656	5.018256300650102	4.419575652569092	5.102699909572406	4.445565646372912	5.157498240821226	4.490720282810429	5.10854652570414	4.399530862177127	4.971640915313906	4.4129576550754415	4.9986745938576895	4.454396738984688	4.835575759797632	4.441964878722669	4.7839726222729215	4.437471985656656	4.7640780789215	4.761904761904762	4.2148337595907925	4.713844784391355	4.479996557102457	4.41988950276243	4.761904761904762	4.6628474406668	2.7160835509138384	12.945400000000001	0.04425257575648556	20.938347816467285	-2.8610256777054574e-06	18.920031666088924	-2.86484793387167e-06	16.83920981042251	1.932100202580706e-06	15.472082028563376	4.926763658220551e-06	14.542190615809075	-3.035189992776248e-06	13.82001240256988	-2.087976906975409e-06	13.23431765875035	-1.0825498378881618e-06	12.742422126624474	0.0	12.309531215702753	0.0	11.920416878557468	1.225394086738295e-06	11.557228190429353	0.0	11.22964658212651	0.0	10.912553411242392	0.0	10.617081534237574	1.4666563022954637e-06	10.328697099564375	1.5355180684411113e-06	10.059955011231112	1.6078928242959037e-06	9.798340777482558	0.0	9.54355404386911	-1.7650755099303147e-06	9.302244023705414	-1.84967676898462e-06	9.06672650295046	-1.938544269566212e-06	8.851463331493685	0.0	8.643119498246458	0.0	8.445778753860045	0.0	8.256813039901274	0.0	8.072526848422388	0.0	7.887901349703311	0.0	7.7162540273578655	5.365353764600469e-06	7.550540527635862	5.617346365576901e-06	7.397186070844943	5.878290005437418e-06
12	1	19	0	0	974	1701	958	3658	993	2626	991	1677	1038	1166	1066	994	1114	867	1135	771	1243	782	1252	785	1261	819	1255	805	1304	805	1340	891	1338	944	1383	979	1392	970	1434	1001	1427	988	1430	1057	1472	1115	1487	1128	1502	1242	1499	1239	1536	1245	1522	1298	1540	1338	1557	1358	1557	4070	4095	358.0	755.3655086396932	664.7424411773682	25	1	0.668060302734375	4.761904761904762	4.691358024691358			4.3198651705326645	4.209249956694959	4.165760751402357	5.475228259242628	4.231113383612425	5.732748269915079	4.124354919260862	5.565696458796588	4.188523928657896	5.266485998193316	4.190745764044502	5.253422123566407	4.270817359300721	5.051858757720545	4.253485234597512	4.699500182859929	4.532856830282255	4.886278430392402	4.458213153865328	4.954869658524269	4.390515650569269	5.090750870213824	4.277291162537064	4.9175320708613315	4.331074797396041	4.7939494997617915	4.3557404758809	5.1514801110083255	4.267398099126108	5.227021040974529	4.330942911721417	5.2462354643373885	4.277549013582448	4.998196527026331	4.326836038863074	4.928121307601418	4.236432727704549	4.73542944785276	4.176035978156119	4.91239485058326	4.241219350563287	4.964823225576632	4.2235918993382	4.857253584808165	4.210113241394775	5.14094126412517	4.139969067609369	4.999596481317084	4.1895098600769165	4.86993937023274	4.11551565626521	4.915363350626728	4.1299042613103065	4.905231513729516	4.136446959432534	4.841009553686012	4.105254831650275	4.7629078312971025	4.761904761904762	3.662404092071611	4.546534862699053	4.16047129942768	4.6040515653775325	4.761904761904762	4.723541037461995	2.7160835509138384	12.945400000000001	0.04425257575648556	20.938347816467285	-2.8610256777054574e-06	18.920031666088924	-2.86484793387167e-06	16.83920981042251	1.932100202580706e-06	15.472082028563376	4.926763658220551e-06	14.542190615809075	-3.035189992776248e-06	13.82001240256988	-2.087976906975409e-06	13.23431765875035	-1.0825498378881618e-06	12.742422126624474	0.0	12.309531215702753	0.0	11.920416878557468	1.225394086738295e-06	11.557228190429353	0.0	11.22964658212651	0.0	10.912553411242392	0.0	10.617081534237574	1.4666563022954637e-06	10.328697099564375	1.5355180684411113e-06	10.059955011231112	1.6078928242959037e-06	9.798340777482558	0.0	9.54355404386911	-1.7650755099303147e-06	9.302244023705414	-1.84967676898462e-06	9.06672650295046	-1.938544269566212e-06	8.851463331493685	0.0	8.643119498246458	0.0	8.445778753860045	0.0	8.256813039901274	0.0	8.072526848422388	0.0	7.887901349703311	0.0	7.7162540273578655	5.365353764600469e-06	7.550540527635862	5.617346365576901e-06	7.397186070844943	5.878290005437418e-06
13	1	18	0	0	884	2127	918	3941	927	2763	982	1770	999	1156	1024	1023	1087	875	1115	835	1133	803	1166	798	1167	819	1220	807	1257	863	1325	864	1334	900	1339	918	1360	931	1378	977	1394	997	1398	1065	1423	1125	1422	1132	1449	1176	1464	1185	1487	1262	1496	1306	1507	1333	1525	1348	1545	4070	4095	320.0	734.4178280583814	627.6192016601562	25	1	0.675471305847168	4.761904761904762	4.444444444444445			3.920698984343815	5.263418376184703	3.9918250206548684	5.898817542284089	3.949891346030934	6.031829196411029	4.086898618278675	5.874348677441837	4.031151642321039	5.221318879855465	4.0256319534536305	5.406690978278104	4.16730562797117	5.098473371401935	4.178533952930595	5.089601365354138	4.131719057690905	5.017495626093477	4.151978065021543	5.03692482484378	4.0632289962048675	5.090750870213824	4.158004158004158	4.9297495418448385	4.1749701076125945	5.139352072415436	4.306982186971785	4.995374653098982	4.25464055622887	4.983388704318937	4.193154417060721	4.919350517121269	4.179214553500092	4.797238109960324	4.15786615171082	4.809964552973612	4.138463365396033	4.778565950920245	4.082586222001576	4.949574754845006	4.100037456420895	5.009350788137858	4.038969523106201	4.874477888300391	4.061553985872856	4.8677511486402585	4.043305346884667	4.781696392542975	4.055860131467693	4.9364365343242715	4.045211183819155	4.945658348165259	4.041406312853656	4.8869010521684935	4.051433277543104	4.80536147155283	4.073615102697286	4.7629078312971025	4.761904761904762	3.273657289002557	4.4204510543092175	3.9281254117789497	4.6040515653775325	4.761904761904762	4.775940764236293	2.7160835509138384	12.945400000000001	0.04425257575648556	20.938347816467285	-2.8610256777054574e-06	18.920031666088924	-2.86484793387167e-06	16.83920981042251	1.932100202580706e-06	15.472082028563376	4.926763658220551e-06	14.542190615809075	-3.035189992776248e-06	13.82001240256988	-2.087976906975409e-06	13.23431765875035	-1.0825498378881618e-06	12.742422126624474	0.0	12.309531215702753	0.0	11.920416878557468	1.225394086738295e-06	11.557228190429353	0.0	11.22964658212651	0.0	10.912553411242392	0.0	10.617081534237574	1.4666563022954637e-06	10.328697099564375	1.5355180684411113e-06	10.059955011231112	1.6078928242959037e-06	9.798340777482558	0.0	9.54355404386911	-1.7650755099303147e-06	9.302244023705414	-1.84967676898462e-06	9.06672650295046	-1.938544269566212e-06	8.851463331493685	0.0	8.643119498246458	0.0	8.445778753860045	0.0	8.256813039901274	0.0	8.072526848422388	0.0	7.887901349703311	0.0	7.7162540273578655	5.365353764600469e-06	7.550540527635862	5.617346365576901e-06	7.397186070844943	5.878290005437418e-06
14	1	17	0	0	834	2266	904	4476	914	3133	918	1885	990	1352	997	1116	1029	909	1030	855	1041	816	1078	804	1097	819	1126	792	1169	815	1168	829	1199	879	1204	914	1275	915	1320	1011	1318	1003	1376	1040	1367	1042	1369	1078	1391	1097	1411	1136	1409	1174	1403	1200	1440	1202	1452	1275	1451	4073	4095	280.0	718.5069515431678	591.0259714126587	22	1	0.6852207183837891	4.761904761904762	4.197530864197531			3.698939992016676	5.607384128083938	3.930947514893247	6.699595868881904	3.8944991265073075	6.839566005195713	3.8205427001831196	6.256015399422522	3.9948349608586877	6.106594399277326	3.9194873609309275	5.89820833993975	3.9449470940039872	5.296585479547838	3.8599910058462	5.211507984883579	3.7962220115235943	5.098725318670332	3.8386212299255775	5.074796440068169	3.8195048918909507	5.090750870213824	3.8376333458300675	4.83811850946854	3.882688986315929	4.853501667460695	3.796645429723053	4.793015726179464	3.824073483447088	4.867109634551495	3.7703942629881313	4.897915438615294	3.9180136439063364	4.714793631164013	3.9828616257317	4.977353288696337	3.9128369552309703	4.807323619631902	4.018339514645329	4.833387554027048	3.9386867202581612	4.639772018879686	3.888431277870878	4.64194979115532	3.8989797062450946	4.5407508588931655	3.896928855501547	4.583972237914615	3.843111583885661	4.592215920203404	3.7937374939159594	4.544249630779717	3.86172865992652	4.406642959269715	3.857495815732845	4.545130471980608	3.825770559232209	4.766418574170295	4.761904761904762	2.864450127877238	4.324683702020667	3.699096731244559	4.051565377532229	4.761904761904762	4.844874287182329	2.7160835509138384	12.945400000000001	0.04425257575648556	20.938347816467285	-2.8610256777054574e-06	18.920031666088924	-2.86484793387167e-06	16.83920981042251	1.932100202580706e-06	15.472082028563376	4.926763658220551e-06	14.542190615809075	-3.035189992776248e-06	13.82001240256988	-2.087976906975409e-06	13.23431765875035	-1.0825498378881618e-06	12.742422126624474	0.0	12.309531215702753	0.0	11.920416878557468	1.225394086738295e-06	11.557228190429353	0.0	11.22964658212651	0.0	10.912553411242392	0.0	10.617081534237574	1.4666563022954637e-06	10.328697099564375	1.5355180684411113e-06	10.059955011231112	1.6078928242959037e-06	9.798340777482558	0.0	9.54355404386911	-1.7650755099303147e-06	9.302244023705414	-1.84967676898462e-06	9.06672650295046	-1.938544269566212e-06	8.851463331493685	0.0	8.643119498246458	0.0	8.445778753860045	0.0	8.256813039901274	0.0	8.072526848422388	0.0	7.887901349703311	0.0	7.7162540273578655	5.365353764600469e-06	7.550540527635862	5.617346365576901e-06	7.397186070844943	5.878290005437418e-06
15	1	22	0	0	774	3156	801	4982	833	3383	875	2150	922	1372	955	1050	939	909	960	771	959	779	972	783	1005	792	1037	750	1034	776	1061	796	1085	833	1079	880	1109	956	1136	947	1147	956	1179	957	1181	965	1209	1013	1216	1048	1239	1043	1245	1066	1273	1079	1269	1096	1298	1136	1317	4074	4095	239.0	698.189640734824	549.0271844863892	21	1	0.6979875564575195	4.761904761904762	5.432098765432099			3.4328292012241093	7.809754769740912	3.4830630082184637	7.456967519832361	3.5493629894754783	7.385334119239417	3.641584817712669	7.1355082805084455	3.720442256476475	6.196928635953027	3.754373550340056	5.549389567147614	3.5999079895721513	5.296585479547838	3.5976615200119926	4.699500182859929	3.49719203559186	4.8675331167208205	3.461168678559983	4.942245786782806	3.499181783364089	4.922923918448533	3.5343035343035343	4.581551618814905	3.4343031752358177	4.621248213434969	3.4488363021713693	4.602220166512488	3.460483510875805	4.612403100775194	3.378949675883882	4.715717271314506	3.4079036322291194	4.926057608079558	3.4276748536600086	4.662268609688853	3.4051775323595774	4.582055214723926	3.4430394533189266	4.447646047311428	3.402771775146224	4.296909787158251	3.4339761979151873	4.362054859406623	3.408453862540643	4.337927894366489	3.421895713654441	4.208699862803647	3.395794124867032	4.169763348327792	3.442215131685685	4.08603779300943	3.4031483815602455	4.018037174176046	3.448367471639967	4.0496221303293884	3.4724602525905026	4.767588821794692	4.761904761904762	2.445012787723785	4.2023940808374345	3.4362359045640196	3.867403314917127	4.761904761904762	4.935142610734965	2.7160835509138384	12.945400000000001	0.04425257575648556	20.938347816467285	-2.8610256777054574e-06	18.920031666088924	-2.86484793387167e-06	16.83920981042251	1.932100202580706e-06	15.472082028563376	4.926763658220551e-06	14.542190615809075	-3.035189992776248e-06	13.82001240256988	-2.087976906975409e-06	13.23431765875035	-1.0825498378881618e-06	12.742422126624474	0.0	12.309531215702753	0.0	11.920416878557468	1.225394086738295e-06	11.557228190429353	0.0	11.22964658212651	0.0	10.912553411242392	0.0	10.617081534237574	1.4666563022954637e-06	10.328697099564375	1.5355180684411113e-06	10.059955011231112	1.6078928242959037e-06	9.798340777482558	0.0	9.54355404386911	-1.7650755099303147e-06	9.302244023705414	-1.84967676898462e-06	9.06672650295046	-1.938544269566212e-06	8.851463331493685	0.0	8.643119498246458	0.0	8.445778753860045	0.0	8.256813039901274	0.0	8.072526848422388	0.0	7.887901349703311	0.0	7.7162540273578655	5.365353764600469e-06	7.550540527635862	5.617346365576901e-06	7.397186070844943	5.878290005437418e-06
16	1	15	0	0	732	3776	773	5530	786	3756	800	2215	806	1397	825	1034	853	825	848	768	860	732	874	695	915	730	894	739	938	761	934	781	959	798	994	814	1008	838	1037	850	1076	856	1088	870	1112	897	1136	896	1139	936	1148	950	1192	985	1187	1016	1174	1040	1184	1072	1194	4074	4095	208.0	674.9977831136821	510.6657381057739	21	1	0.7094202041625977	4.761904761904762	3.7037037037037033			3.246551647669313	9.343990497636783	3.361307996695221	8.277204011375543	3.3490988111977504	8.199620145392625	3.32944897619444	7.351232949454051	3.2523605842950527	6.309846431797651	3.243306993749263	5.464827440410127	3.2702039564483973	4.807132035893252	3.17793434267726	4.681214189930513	3.136168040259645	4.5738565358660335	3.112203112203112	4.386795430158429	3.1858222206747673	4.537543510691198	3.046930915783375	4.51435552840562	3.115451042912183	4.531919961886613	3.036016122740866	4.515494912118409	3.0586209096128085	4.4186046511627906	3.1127673566529923	4.362038475965918	3.097535492594186	4.318029576956768	3.128960231730131	4.184718393068136	3.1943949649685313	4.102760736196319	3.177291709254446	4.043314588464934	3.20396461808857	3.994122361741918	3.2266310676854038	3.8582439822589674	3.192622491310685	3.87433254687694	3.1705700397702166	3.8334274876926804	3.251234214330524	3.8529239194210834	3.2096695689795034	3.847464687393494	3.1483815602456486	3.8127360046925984	3.145506229908876	3.8214744046770286	3.148153030822369	4.767588821794692	4.761904761904762	2.1278772378516626	4.062802600952204	3.196140362614866	3.867403314917127	4.761904761904762	5.0159775000118	2.7160835509138384	12.945400000000001	0.04425257575648556	20.938347816467285	-2.8610256777054574e-06	18.920031666088924	-2.86484793387167e-06	16.83920981042251	1.932100202580706e-06	15.472082028563376	4.926763658220551e-06	14.542190615809075	-3.035189992776248e-06	13.82001240256988	-2.087976906975409e-06	13.23431765875035	-1.0825498378881618e-06	12.742422126624474	0.0	12.309531215702753	0.0	11.920416878557468	1.225394086738295e-06	11.557228190429353	0.0	11.22964658212651	0.0	10.912553411242392	0.0	10.617081534237574	1.4666563022954637e-06	10.328697099564375	1.5355180684411113e-06	10.059955011231112	1.6078928242959037e-06	9.798340777482558	0.0	9.54355404386911	-1.7650755099303147e-06	9.302244023705414	-1.84967676898462e-06	9.06672650295046	-1.938544269566212e-06	8.851463331493685	0.0	8.643119498246458	0.0	8.445778753860045	0.0	8.256813039901274	0.0	8.072526848422388	0.0	7.887901349703311	0.0	7.7162540273578655	5.365353764600469e-06	7.550540527635862	5.617346365576901e-06	7.397186070844943	5.878290005437418e-06
17	1	17	0	0	668	4420	649	6276	697	3882	713	2234	731	1374	743	1041	736	834	765	798	777	743	812	726	815	676	851	657	886	686	910	723	958	730	944	726	974	742	978	768	993	791	1019	817	1028	848	1042	881	1051	914	1071	954	1100	954	1130	974	1148	990	1156	1017	1164	4070	4095	184.0	649.5797978368164	471.7232542037964	25	1	0.7232484817504883	4.761904761904762	4.197530864197531			2.9627001374905753	10.93761599564475	2.8221072313780056	9.39380332285586	2.9698751544590736	8.474687274870654	2.9673714000332945	7.414290929607381	2.9497215721087886	6.205962059620596	2.9209419349766086	5.501823370857777	2.821653120687011	4.859573476284815	2.866886523759556	4.864074119224674	2.833491357304354	4.642589352661834	2.8914289783855	4.582465442151108	2.8376449287977437	4.201889607160616	2.900378310214376	4.013439218081857	2.9427394712368806	4.085278704144831	2.9580028604862827	4.180157261794635	3.055431523888499	4.0420819490586934	2.9561895218112926	3.8904667488344673	2.993055128756684	3.8233627041789044	2.9509383863375778	3.781016148089799	2.9479871749198434	3.7912193251533743	2.9757906725462138	3.7969977227308638	2.9619385138444696	3.7759373051919134	2.9596387082114353	3.793652844163114	2.9459580670478753	3.7832691750486362	2.9579098541758726	3.849568235009281	3.0003000300030003	3.731664384901232	3.0555405332323833	3.688415950316204	3.0786559038858643	3.6294313890823773	3.0711192582556257	3.625409952944532	3.0690537084398977	4.7629078312971025	4.761904761904762	1.8823529411764703	3.9098120885723695	2.9524082393647846	4.6040515653775325	4.761904761904762	5.113750764485784	2.7160835509138384	12.945400000000001	0.04425257575648556	20.938347816467285	-2.8610256777054574e-06	18.920031666088924	-2.86484793387167e-06	16.83920981042251	1.932100202580706e-06	15.472082028563376	4.926763658220551e-06	14.542190615809075	-3.035189992776248e-06	13.82001240256988	-2.087976906975409e-06	13.23431765875035	-1.0825498378881618e-06	12.742422126624474	0.0	12.309531215702753	0.0	11.920416878557468	1.225394086738295e-06	11.557228190429353	0.0	11.22964658212651	0.0	10.912553411242392	0.0	10.617081534237574	1.4666563022954637e-06	10.328697099564375	1.5355180684411113e-06	10.059955011231112	1.6078928242959037e-06	9.798340777482558	0.0	9.54355404386911	-1.7650755099303147e-06	9.302244023705414	-1.84967676898462e-06	9.06672650295046	-1.938544269566212e-06	8.851463331493685	0.0	8.643119498246458	0.0	8.445778753860045	0.0	8.256813039901274	0.0	8.072526848422388	0.0	7.887901349703311	0.0	7.7162540273578655	5.365353764600469e-06	7.550540527635862	5.617346365576901e-06	7.397186070844943	5.878290005437418e-06
18	1	13	0	0	610	5221	627	6999	626	4106	636	2085	669	1407	678	1001	702	839	726	746	716	673	752	619	761	616	778	622	815	633	825	659	855	682	871	704	896	719	918	731	946	759	978	766	986	816	1022	812	1037	842	1073	870	1065	895	1077	923	1087	961	1092	992	1100	4075	4095	165.0	625.7763320343472	437.79084873199463	20	1	0.735722541809082	4.761904761904762	3.2098765432098766			2.7054597063910943	12.919749573136027	2.726442579466887	10.475976650202066	2.6673484170608037	8.963695505053813	2.64691193607458	6.919783611562842	2.699539988701477	6.3550135501355	2.6654086566812127	5.290418054014059	2.691305014568318	4.888707609835683	2.720731524509069	4.547116908448129	2.611042228867333	4.205198700324918	2.677776590820069	3.9070883039828317	2.649629191184151	3.82894082545997	2.6515797007600286	3.7996334758704946	2.7069217483725256	3.769652215340638	2.6817058900013	3.810129509713228	2.7269247942846206	3.776301218161683	2.7275858829424107	3.7725738170516045	2.753364882305943	3.7048487659092078	2.7698992215315914	3.5988578180385975	2.80845505284408	3.63784509202454	2.856058172473206	3.5599758330622295	2.840925461722419	3.633449104995993	2.902831823216974	3.4965336089221895	2.9067159995515195	3.4852435945196407	2.9634334953601416	3.5106125413606653	2.9048359381392683	3.500880109524741	2.9122275701692715	3.495285341008066	2.9150687870417546	3.5231147120284487	2.9010918944767674	3.5362897476115784	2.9003084873572917	4.768759069419089	4.761904761904762	1.687979539641944	3.7665393472489193	2.7400330541187063	3.683241252302026	4.761904761904762	5.201948992025073	2.7160835509138384	12.945400000000001	0.04425257575648556	20.938347816467285	-2.8610256777054574e-06	18.920031666088924	-2.86484793387167e-06	16.83920981042251	1.932100202580706e-06	15.472082028563376	4.926763658220551e-06	14.542190615809075	-3.035189992776248e-06	13.82001240256988	-2.087976906975409e-06	13.23431765875035	-1.0825498378881618e-06	12.742422126624474	0.0	12.309531215702753	0.0	11.920416878557468	1.225394086738295e-06	11.557228190429353	0.0	11.22964658212651	0.0	10.912553411242392	0.0	10.617081534237574	1.4666563022954637e-06	10.328697099564375	1.5355180684411113e-06	10.059955011231112	1.6078928242959037e-06	9.798340777482558	0.0	9.54355404386911	-1.7650755099303147e-06	9.302244023705414	-1.84967676898462e-06	9.06672650295046	-1.938544269566212e-06	8.851463331493685	0.0	8.643119498246458	0.0	8.445778753860045	0.0	8.256813039901274	0.0	8.072526848422388	0.0	7.887901349703311	0.0	7.7162540273578655	5.365353764600469e-06	7.550540527635862	5.617346365576901e-06	7.397186070844943	5.878290005437418e-06
19	1	11	0	0	646	6105	617	7739	588	3996	627	2154	631	1310	638	927	638	757	648	684	691	674	723	631	755	589	773	597	792	629	812	628	851	634	863	641	876	688	883	713	884	755	895	759	911	799	936	829	946	871	958	871	986	888	1000	884	994	895	1029	922	1026	4078	4095	150.0	600.398685164703	404.3562936782837	17	1	0.7483987808227539	4.761904761904762	2.7160493827160495			2.865126180866634	15.107272772264976	2.6829586467800146	11.583595270169136	2.5054326984532787	8.723557534874582	2.6094556350923925	7.148783644751252	2.54620288919377	5.916892502258356	2.50815740849943	4.899318217853179	2.4459438736390124	4.410907819601445	2.4284215260080946	4.169206387906863	2.5198745532783895	4.211447138215446	2.5745112701634443	3.98283153443161	2.6287385536715298	3.661113873694679	2.6345387001124707	3.6469150885766646	2.630530091669988	3.7458313482610763	2.6394487062800676	3.630897317298797	2.7141672513873827	3.5105204872646736	2.7025334293677385	3.4349713305824983	2.691905844754471	3.5451125882413557	2.664293042061433	3.510240252067743	2.6243914024462653	3.618673312883436	2.6136728674473613	3.5274434168332016	2.6248307257901864	3.557752248641909	2.65856221774079	3.569736898764156	2.6516425608252048	3.605281675566042	2.645824127264693	3.514647728189815	2.689359845075417	3.4734989243105807	2.704018171002109	3.347597228007725	2.665665477754834	3.281152619422957	2.733721208256954	3.2867531726793096	2.7051968254805283	4.772269812292281	4.761904761904762	1.5345268542199488	3.613791631200981	2.5307738010706777	3.1307550644567224	4.761904761904762	5.291576732120809	2.7160835509138384	12.945400000000001	0.04425257575648556	20.938347816467285	-2.8610256777054574e-06	18.920031666088924	-2.86484793387167e-06	16.83920981042251	1.932100202580706e-06	15.472082028563376	4.926763658220551e-06	14.542190615809075	-3.035189992776248e-06	13.82001240256988	-2.087976906975409e-06	13.23431765875035	-1.0825498378881618e-06	12.742422126624474	0.0	12.309531215702753	0.0	11.920416878557468	1.225394086738295e-06	11.557228190429353	0.0	11.22964658212651	0.0	10.912553411242392	0.0	10.617081534237574	1.4666563022954637e-06	10.328697099564375	1.5355180684411113e-06	10.059955011231112	1.6078928242959037e-06	9.798340777482558	0.0	9.54355404386911	-1.7650755099303147e-06	9.302244023705414	-1.84967676898462e-06	9.06672650295046	-1.938544269566212e-06	8.851463331493685	0.0	8.643119498246458	0.0	8.445778753860045	0.0	8.256813039901274	0.0	8.072526848422388	0.0	7.887901349703311	0.0	7.7162540273578655	5.365353764600469e-06	7.550540527635862	5.617346365576901e-06	7.397186070844943	5.878290005437418e-06
20	1	14	0	0	678	6969	644	7846	645	4090	610	2172	611	1172	647	901	667	786	674	694	676	677	679	646	685	644	721	592	753	628	755	653	776	674	804	665	795	690	818	681	828	717	832	749	871	761	879	781	914	806	935	795	937	818	953	823	953	863	965	871	964	4076	4095	141.0	576.5037970829065	377.56119537353516	19	1	0.7582368850708008	4.761904761904762	3.45679012345679			3.007051935956003	17.245304496300513	2.8003652650345696	11.743750935488698	2.748306276364566	8.928766345755015	2.5387048443482603	7.208522783843882	2.4654991526107657	5.293586269196025	2.5435389393403307	4.761904761904762	2.557123140622604	4.57988579419648	2.525858192175086	4.230159697671584	2.4651739479250234	4.230192451887029	2.417832852615461	4.077510572492583	2.385014449357613	4.0029835902536055	2.4573122933778673	3.616371411117899	2.5009964129135116	3.739876131491186	2.4541672084254325	3.775439407955597	2.4749633220641702	3.732004429678849	2.517771584254533	3.5635818016183487	2.44299674267101	3.555418148090895	2.468167280188281	3.3526979125640017	2.458140363377271	3.4365414110429446	2.429693660018106	3.480968536506018	2.5095801999596623	3.3885475109092527	2.4966625955065753	3.3630452568574256	2.5619464065478192	3.336230804255143	2.5823022536456035	3.2079735291744007	2.555710116466192	3.199687072168981	2.57692931696501	3.116597871776423	2.5557134811874818	3.1638376654324154	2.5636938444780957	3.1049479538000857	2.5417248925567537	4.769929317043486	4.761904761904762	1.4424552429667519	3.4699686204047593	2.36306939323296	3.4990791896869244	4.761904761904762	5.361137352556232	2.7160835509138384	12.945400000000001	0.04425257575648556	20.938347816467285	-2.8610256777054574e-06	18.920031666088924	-2.86484793387167e-06	16.83920981042251	1.932100202580706e-06	15.472082028563376	4.926763658220551e-06	14.542190615809075	-3.035189992776248e-06	13.82001240256988	-2.087976906975409e-06	13.23431765875035	-1.0825498378881618e-06	12.742422126624474	0.0	12.309531215702753	0.0	11.920416878557468	1.225394086738295e-06	11.557228190429353	0.0	11.22964658212651	0.0	10.912553411242392	0.0	10.617081534237574	1.4666563022954637e-06	10.328697099564375	1.5355180684411113e-06	10.059955011231112	1.6078928242959037e-06	9.798340777482558	0.0	9.54355404386911	-1.7650755099303147e-06	9.302244023705414	-1.84967676898462e-06	9.06672650295046	-1.938544269566212e-06	8.851463331493685	0.0	8.643119498246458	0.0	8.445778753860045	0.0	8.256813039901274	0.0	8.072526848422388	0.0	7.887901349703311	0.0	7.7162540273578655	5.365353764600469e-06	7.550540527635862	5.617346365576901e-06	7.397186070844943	5.878290005437418e-06
