	counts(inten<0.01	MicrocoloniesPlatonic	MicrocoloniesAggregates	MicrocoloniesLarge	counts(Norminten<0.01	counts(inten<0.02	counts(Norminten<0.02	counts(inten<0.03	counts(Norminten<0.03	counts(inten<0.04	counts(Norminten<0.04	counts(inten<0.05	counts(Norminten<0.05	counts(inten<0.060000000000000005	counts(Norminten<0.060000000000000005	counts(inten<0.06999999999999999	counts(Norminten<0.06999999999999999	counts(inten<0.08	counts(Norminten<0.08	counts(inten<0.09	counts(Norminten<0.09	counts(inten<0.09999999999999999	counts(Norminten<0.09999999999999999	counts(inten<0.11	counts(Norminten<0.11	counts(inten<0.12	counts(Norminten<0.12	counts(inten<0.13	counts(Norminten<0.13	counts(inten<0.14	counts(Norminten<0.14	counts(inten<0.15000000000000002	counts(Norminten<0.15000000000000002	counts(inten<0.16	counts(Norminten<0.16	counts(inten<0.17	counts(Norminten<0.17	counts(inten<0.18000000000000002	counts(Norminten<0.18000000000000002	counts(inten<0.19	counts(Norminten<0.19	counts(inten<0.2	counts(Norminten<0.2	counts(inten<0.21000000000000002	counts(Norminten<0.21000000000000002	counts(inten<0.22	counts(Norminten<0.22	counts(inten<0.23	counts(Norminten<0.23	counts(inten<0.24000000000000002	counts(Norminten<0.24000000000000002	counts(inten<0.25	counts(Norminten<0.25	counts(inten<0.26	counts(Norminten<0.26	counts(inten<0.27	counts(Norminten<0.27	counts(inten<0.28	counts(Norminten<0.28	counts(inten<0.29000000000000004	counts(Norminten<0.29000000000000004	diff	max	med	std	mean	min	eigenLocal	minProp	counts(inten<0.01Normalized	MicrocoloniesPlatonicNormalized	MicrocoloniesAggregatesNormalized	MicrocoloniesLargeNormalized	counts(Norminten<0.01Normalized	counts(inten<0.02Normalized	counts(Norminten<0.02Normalized	counts(inten<0.03Normalized	counts(Norminten<0.03Normalized	counts(inten<0.04Normalized	counts(Norminten<0.04Normalized	counts(inten<0.05Normalized	counts(Norminten<0.05Normalized	counts(inten<0.060000000000000005Normalized	counts(Norminten<0.060000000000000005Normalized	counts(inten<0.06999999999999999Normalized	counts(Norminten<0.06999999999999999Normalized	counts(inten<0.08Normalized	counts(Norminten<0.08Normalized	counts(inten<0.09Normalized	counts(Norminten<0.09Normalized	counts(inten<0.09999999999999999Normalized	counts(Norminten<0.09999999999999999Normalized	counts(inten<0.11Normalized	counts(Norminten<0.11Normalized	counts(inten<0.12Normalized	counts(Norminten<0.12Normalized	counts(inten<0.13Normalized	counts(Norminten<0.13Normalized	counts(inten<0.14Normalized	counts(Norminten<0.14Normalized	counts(inten<0.15000000000000002Normalized	counts(Norminten<0.15000000000000002Normalized	counts(inten<0.16Normalized	counts(Norminten<0.16Normalized	counts(inten<0.17Normalized	counts(Norminten<0.17Normalized	counts(inten<0.18000000000000002Normalized	counts(Norminten<0.18000000000000002Normalized	counts(inten<0.19Normalized	counts(Norminten<0.19Normalized	counts(inten<0.2Normalized	counts(Norminten<0.2Normalized	counts(inten<0.21000000000000002Normalized	counts(Norminten<0.21000000000000002Normalized	counts(inten<0.22Normalized	counts(Norminten<0.22Normalized	counts(inten<0.23Normalized	counts(Norminten<0.23Normalized	counts(inten<0.24000000000000002Normalized	counts(Norminten<0.24000000000000002Normalized	counts(inten<0.25Normalized	counts(Norminten<0.25Normalized	counts(inten<0.26Normalized	counts(Norminten<0.26Normalized	counts(inten<0.27Normalized	counts(Norminten<0.27Normalized	counts(inten<0.28Normalized	counts(Norminten<0.28Normalized	counts(inten<0.29000000000000004Normalized	counts(Norminten<0.29000000000000004Normalized	diffNormalized	maxNormalized	medNormalized	stdNormalized	meanNormalized	minNormalized	eigenLocalNormalized	minPropNormalized	BioVolume	SubstratumCoverage	Homogenity	ThicknessThreshold=0.01	RoughnessThreshold=0.01	ThicknessThreshold=0.02	RoughnessThreshold=0.02	ThicknessThreshold=0.03	RoughnessThreshold=0.03	ThicknessThreshold=0.04	RoughnessThreshold=0.04	ThicknessThreshold=0.05	RoughnessThreshold=0.05	ThicknessThreshold=0.060000000000000005	RoughnessThreshold=0.060000000000000005	ThicknessThreshold=0.06999999999999999	RoughnessThreshold=0.06999999999999999	ThicknessThreshold=0.08	RoughnessThreshold=0.08	ThicknessThreshold=0.09	RoughnessThreshold=0.09	ThicknessThreshold=0.09999999999999999	RoughnessThreshold=0.09999999999999999	ThicknessThreshold=0.11	RoughnessThreshold=0.11	ThicknessThreshold=0.12	RoughnessThreshold=0.12	ThicknessThreshold=0.13	RoughnessThreshold=0.13	ThicknessThreshold=0.14	RoughnessThreshold=0.14	ThicknessThreshold=0.15000000000000002	RoughnessThreshold=0.15000000000000002	ThicknessThreshold=0.16	RoughnessThreshold=0.16	ThicknessThreshold=0.17	RoughnessThreshold=0.17	ThicknessThreshold=0.18000000000000002	RoughnessThreshold=0.18000000000000002	ThicknessThreshold=0.19	RoughnessThreshold=0.19	ThicknessThreshold=0.2	RoughnessThreshold=0.2	ThicknessThreshold=0.21000000000000002	RoughnessThreshold=0.21000000000000002	ThicknessThreshold=0.22	RoughnessThreshold=0.22	ThicknessThreshold=0.23	RoughnessThreshold=0.23	ThicknessThreshold=0.24000000000000002	RoughnessThreshold=0.24000000000000002	ThicknessThreshold=0.25	RoughnessThreshold=0.25	ThicknessThreshold=0.26	RoughnessThreshold=0.26	ThicknessThreshold=0.27	RoughnessThreshold=0.27	ThicknessThreshold=0.28	RoughnessThreshold=0.28	ThicknessThreshold=0.29000000000000004	RoughnessThreshold=0.29000000000000004
0	1	37	0	0	2661	1	2922	9	3210	40	3513	67	3822	83	4097	71	4342	69	4625	84	4839	105	5005	89	5164	133	5261	149	5320	192	5337	227	5369	320	5351	398	5359	561	5304	742	5254	980	5144	1248	5077	1610	4927	1989	4831	2335	4674	2718	4488	3083	4334	3487	4197	3877	4067	4241	3896	4031	4095	917.0	524.9894923784195	984.1343297958374	64	1	0.5475282669067383	4.761904761904762	9.973045822102426			7.900362211270115	0.0015839325878290618	8.473986427701409	0.01096277528746833	9.111552653988078	0.0868489046181905	9.706564986737401	0.23932845150919807	10.248846937681003	0.3931785883467551	10.724288668429182	0.3980489992711779	11.082750523252846	0.4257419633491701	11.553257394084731	0.5259862241703194	11.907867214607377	0.6530663017788282	12.128628895458732	0.5355638464315802	12.34491166837991	0.7633149678604224	12.481021066616057	0.8179173299665148	12.494128698919681	1.0210050518479128	12.435631567910152	1.1524597654465145	12.464595811858661	1.54492347800898	12.369966249017523	1.834777798266642	12.354188759278898	2.446256486286138	12.247159878082572	3.065989008718648	12.135070214338507	3.819620376505437	11.919271497092012	4.632688666988381	11.781495834590306	5.640810034335366	11.49690817874227	6.63066306630663	11.32894027155688	7.407994923857868	11.042596923949253	8.271454656116859	10.664385514684916	9.035491339644206	10.418519675953748	9.830288678394226	10.155588356280399	10.526744501764867	9.950333961294742	11.137079831932773	9.646429632564129	4.730776452915219	4.761904761904762	11.495549705403034	4.718183903317449	8.304351480015901	8.132147395171538	4.761904761904762	3.817752514280539	19.906095238095237	1.7745000000000002	0.09350976564224811	20.971543312072754	-1.049042748492001e-05	18.233038348082594	-1.1444637519718156e-05	15.346638781911341	-1.4330918095936898e-05	13.658864575864177	-9.62469465656202e-06	12.508894821913344	-9.754708109869228e-06	11.649211903539257	-7.946030560433536e-06	10.959832255405459	-7.106108410789915e-06	10.374805592284238	-7.282169503938614e-06	9.866969931845517	-7.483637561018373e-06	9.414435951728864	-7.711756572895378e-06	9.019998201948496	-5.690042880163145e-06	8.667684094087102	-5.890169542640115e-06	8.35091822147282	-6.109265434142729e-06	8.066452123356477	-6.349948184422815e-06	7.807716262014924	-6.611605218407767e-06	7.571457736444032	-8.27656985838789e-06	7.350675512961572	-1.0094135019150017e-05	7.152365440142148	-9.065607803675197e-06	6.973926653036864	-1.1111269843537447e-05	6.807563301875283	-1.0027374733021148e-05	6.667484435677742	-1.0567026650041212e-05	6.535318284718794	-1.3042570951585977e-05	6.416039352323056	-1.3834210817562333e-05	6.30681488641856	-1.4709930674198151e-05	6.210728020869753	-6.723517744483914e-06	6.118424080857674	-7.192054218499402e-06	6.036312992977326	-2.574300755557272e-06	5.959141095795525	-2.770666400682692e-06	5.89148638383645	-5.981201084989877e-06
1	1	41	0	0	3049	1	3328	27	3619	63	3851	82	4152	100	4359	114	4633	104	4883	108	5093	134	5296	144	5422	177	5523	196	5698	222	5839	284	5958	375	5996	463	6061	590	6096	754	6153	973	6154	1229	6178	1539	6182	1883	6117	2258	6056	2585	6003	2932	5912	3311	5859	3690	5784	4046	5708	4035	4095	935.0	640.4877333426728	1047.710488319397	60	1	0.5645589828491211	4.761904761904762	11.05121293800539			9.052312808028026	0.0015839325878290618	9.651412331071283	0.03288832586240499	10.272495032642635	0.13678702477365004	10.640473032714413	0.29290944811573494	11.133755229003539	0.47370914258645197	11.410098683349474	0.6391209284072434	11.82551431926081	0.6416980317146912	12.197741806554756	0.6762680025046963	12.532913354824421	0.833436994651076	12.833809916153735	0.8665302683836803	12.961679137481772	1.015840220385675	13.102581134940216	1.0759180984794423	13.381869422263973	1.1805370911991493	13.605331220728385	1.4418439356247144	13.832010029251984	1.8104572007917732	13.861019926949927	2.134427438687074	13.972520632578728	2.5727118126716957	14.075921307841508	3.1155737366224536	14.211474501108649	3.7923373738161126	14.25956391778854	4.5621589517057055	14.336435151880817	5.392053815429892	14.42538793606347	6.277294396106277	14.344675562225923	7.163705583756346	14.307652325938527	7.866707242848447	14.264328485885372	8.592948624014536	14.211880093271473	9.334122688317546	14.177172308660198	10.019006244909042	14.151151126660633	10.625	14.132910765573934	4.735470847807718	4.761904761904762	11.721198445530902	5.75618932874074	8.840821705821737	7.6238881829733165	4.761904761904762	3.9365026547552127	19.906095238095237	1.7745000000000002	0.09350976564224811	20.971543312072754	-1.049042748492001e-05	18.233038348082594	-1.1444637519718156e-05	15.346638781911341	-1.4330918095936898e-05	13.658864575864177	-9.62469465656202e-06	12.508894821913344	-9.754708109869228e-06	11.649211903539257	-7.946030560433536e-06	10.959832255405459	-7.106108410789915e-06	10.374805592284238	-7.282169503938614e-06	9.866969931845517	-7.483637561018373e-06	9.414435951728864	-7.711756572895378e-06	9.019998201948496	-5.690042880163145e-06	8.667684094087102	-5.890169542640115e-06	8.35091822147282	-6.109265434142729e-06	8.066452123356477	-6.349948184422815e-06	7.807716262014924	-6.611605218407767e-06	7.571457736444032	-8.27656985838789e-06	7.350675512961572	-1.0094135019150017e-05	7.152365440142148	-9.065607803675197e-06	6.973926653036864	-1.1111269843537447e-05	6.807563301875283	-1.0027374733021148e-05	6.667484435677742	-1.0567026650041212e-05	6.535318284718794	-1.3042570951585977e-05	6.416039352323056	-1.3834210817562333e-05	6.30681488641856	-1.4709930674198151e-05	6.210728020869753	-6.723517744483914e-06	6.118424080857674	-7.192054218499402e-06	6.036312992977326	-2.574300755557272e-06	5.959141095795525	-2.770666400682692e-06	5.89148638383645	-5.981201084989877e-06
2	1	38	0	0	3344	1	3546	32	3744	76	3941	141	4136	164	4338	138	4529	135	4732	150	4911	204	5061	208	5221	228	5323	292	5440	350	5562	450	5641	537	5722	645	5794	838	5857	1070	5878	1357	5917	1639	5956	1975	5948	2280	5953	2606	5966	2896	5935	3232	5882	3490	5880	3755	5842	4038	5776	4041	4095	901.0	708.9781280120649	1053.2783555984497	54	1	0.5798244476318359	4.761904761904762	10.242587601078167			9.928151534944481	0.0015839325878290618	10.283626239777275	0.03897875657766517	10.62730627306273	0.16501291877456195	10.889146772767463	0.5036613681014467	11.09085058457578	0.7768829938417812	11.35512917833678	0.7736727028087683	11.560059216907447	0.8329734065527241	11.820543565147881	0.939261114589856	12.085045648054729	1.2688145291702948	12.264333834149179	1.2516548321097605	12.481174248762878	1.3085399449035813	12.62810780034162	1.6028983916122304	12.775951150775011	1.8612071257644243	12.959899340587647	2.2846118698278928	13.096067233133676	2.5925747115338194	13.227611077719729	2.9734464318642817	13.357001244870673	3.654122879693019	13.524060219820818	4.421304904756002	13.576311899482633	5.289004949916202	13.710406191347868	6.084115965700286	13.821270275914882	6.919627216032513	13.8793606346984	7.600760076007601	13.960087235888658	8.26776649746193	14.095022089918965	8.81314668289714	14.102746887178025	9.47217256235163	14.139762975071516	9.83874605322508	14.227986546325647	10.195492804778713	14.29305409438994	10.603991596638656	14.30127760721006	4.742512440146466	4.761904761904762	11.294973047511595	6.371725986811707	8.887804648576031	6.861499364675986	4.761904761904762	4.042944221480383	19.906095238095237	1.7745000000000002	0.09350976564224811	20.971543312072754	-1.049042748492001e-05	18.233038348082594	-1.1444637519718156e-05	15.346638781911341	-1.4330918095936898e-05	13.658864575864177	-9.62469465656202e-06	12.508894821913344	-9.754708109869228e-06	11.649211903539257	-7.946030560433536e-06	10.959832255405459	-7.106108410789915e-06	10.374805592284238	-7.282169503938614e-06	9.866969931845517	-7.483637561018373e-06	9.414435951728864	-7.711756572895378e-06	9.019998201948496	-5.690042880163145e-06	8.667684094087102	-5.890169542640115e-06	8.35091822147282	-6.109265434142729e-06	8.066452123356477	-6.349948184422815e-06	7.807716262014924	-6.611605218407767e-06	7.571457736444032	-8.27656985838789e-06	7.350675512961572	-1.0094135019150017e-05	7.152365440142148	-9.065607803675197e-06	6.973926653036864	-1.1111269843537447e-05	6.807563301875283	-1.0027374733021148e-05	6.667484435677742	-1.0567026650041212e-05	6.535318284718794	-1.3042570951585977e-05	6.416039352323056	-1.3834210817562333e-05	6.30681488641856	-1.4709930674198151e-05	6.210728020869753	-6.723517744483914e-06	6.118424080857674	-7.192054218499402e-06	6.036312992977326	-2.574300755557272e-06	5.959141095795525	-2.770666400682692e-06	5.89148638383645	-5.981201084989877e-06
3	1	45	0	0	3383	3	3575	50	3717	131	3873	174	4027	157	4191	144	4350	181	4491	210	4590	253	4690	290	4732	369	4810	491	4908	651	4993	825	5047	1051	5109	1325	5171	1577	5151	1853	5158	2143	5193	2407	5169	2678	5162	2894	5129	3165	5087	3406	5068	3632	5001	3832	4925	4048	4882	4262	4796	4044	4095	810.0	707.089526764125	986.7118854522705	51	1	0.5950603485107422	4.761904761904762	12.129380053908356			10.043940383587673	0.004751797763487186	10.36772809001798	0.06090430715260184	10.55066704513199	0.2844301626245739	10.701259946949602	0.6215395606358278	10.79856269441167	0.7437233538607295	10.970342643247912	0.8073106464091494	11.103170146510797	1.1168013821188376	11.218525179856115	1.3149655604257984	11.295125132268623	1.5735788033337479	11.365288615324964	1.7450956793838006	11.312184743372141	2.1177685950413223	11.411083697096224	2.6952846242520723	11.526538280883043	3.4618452539218296	11.634084395461006	4.18845509468447	11.71704508520221	5.074108048085743	11.810532155901798	6.108242670108796	11.920789340218544	6.876553438276719	11.893876420060959	7.656708400479319	11.913340724316335	8.352496394746073	12.032810436313923	8.935001299231597	11.994987584990602	9.382664144068391	12.045268930113172	9.647631429809648	12.027765401120934	10.041243654822335	12.018333451461242	10.36518563603165	12.042581503659349	10.64447114680109	12.021923603932787	10.802886783942265	11.917148595349287	10.991039913114308	11.944315318180706	11.192226890756302	11.874814301277608	4.746033236315839	4.761904761904762	10.154193305754044	6.354752755657221	8.326101486577265	6.480304955527319	4.761904761904762	4.1491796478564265	19.906095238095237	1.7745000000000002	0.09350976564224811	20.971543312072754	-1.049042748492001e-05	18.233038348082594	-1.1444637519718156e-05	15.346638781911341	-1.4330918095936898e-05	13.658864575864177	-9.62469465656202e-06	12.508894821913344	-9.754708109869228e-06	11.649211903539257	-7.946030560433536e-06	10.959832255405459	-7.106108410789915e-06	10.374805592284238	-7.282169503938614e-06	9.866969931845517	-7.483637561018373e-06	9.414435951728864	-7.711756572895378e-06	9.019998201948496	-5.690042880163145e-06	8.667684094087102	-5.890169542640115e-06	8.35091822147282	-6.109265434142729e-06	8.066452123356477	-6.349948184422815e-06	7.807716262014924	-6.611605218407767e-06	7.571457736444032	-8.27656985838789e-06	7.350675512961572	-1.0094135019150017e-05	7.152365440142148	-9.065607803675197e-06	6.973926653036864	-1.1111269843537447e-05	6.807563301875283	-1.0027374733021148e-05	6.667484435677742	-1.0567026650041212e-05	6.535318284718794	-1.3042570951585977e-05	6.416039352323056	-1.3834210817562333e-05	6.30681488641856	-1.4709930674198151e-05	6.210728020869753	-6.723517744483914e-06	6.118424080857674	-7.192054218499402e-06	6.036312992977326	-2.574300755557272e-06	5.959141095795525	-2.770666400682692e-06	5.89148638383645	-5.981201084989877e-06
4	1	41	0	0	3319	1	3512	69	3684	153	3806	197	3900	194	3970	203	4072	206	4119	268	4191	357	4221	506	4295	706	4341	947	4331	1180	4335	1468	4307	1759	4288	2038	4289	2288	4246	2503	4210	2795	4145	3049	4117	3243	4105	3419	4094	3634	4064	3806	4024	3931	3938	4032	3862	4112	3783	4190	3760	4042	4095	714.0	670.4815986228184	895.6657485961914	53	1	0.6096467971801758	4.761904761904762	11.05121293800539			9.853927914019357	0.0015839325878290618	10.18502407052955	0.08404794387059053	10.456996877661084	0.3321970601645787	10.516136162687886	0.703697088765851	10.45800707926633	0.9189957366177167	10.391854042876215	1.1380837584795649	10.393588238297005	1.2710557166656382	10.289268585131895	1.678146524733876	10.313261313581219	2.2204254260480156	10.228759753792469	3.0448910819593213	10.26750496043604	4.051882460973371	10.298443727462518	5.198441016632815	10.171441991545327	6.27492688114863	10.100892420253047	7.452911610905214	9.999071365556949	8.492251243180611	9.912617319339775	9.395168725797529	9.887500576329014	9.976889198970914	9.804193220652072	10.342547828602124	9.723762010347377	10.893713216666017	9.604467409690201	11.318163257730427	9.553755830413293	11.362203069161236	9.578812273947031	11.397806447311398	9.600637853809534	11.529187817258883	9.601436435372221	11.58247108947048	9.561828723505371	11.520764338677061	9.46657371571432	11.366711772665765	9.344980279236333	11.164811295139831	9.255498739999512	11.003151260504202	9.309695949291868	4.74368603886959	4.761904761904762	8.950733358405415	6.025750099799084	7.557833275156003	6.734434561626429	4.761904761904762	4.250886636240351	19.906095238095237	1.7745000000000002	0.09350976564224811	20.971543312072754	-1.049042748492001e-05	18.233038348082594	-1.1444637519718156e-05	15.346638781911341	-1.4330918095936898e-05	13.658864575864177	-9.62469465656202e-06	12.508894821913344	-9.754708109869228e-06	11.649211903539257	-7.946030560433536e-06	10.959832255405459	-7.106108410789915e-06	10.374805592284238	-7.282169503938614e-06	9.866969931845517	-7.483637561018373e-06	9.414435951728864	-7.711756572895378e-06	9.019998201948496	-5.690042880163145e-06	8.667684094087102	-5.890169542640115e-06	8.35091822147282	-6.109265434142729e-06	8.066452123356477	-6.349948184422815e-06	7.807716262014924	-6.611605218407767e-06	7.571457736444032	-8.27656985838789e-06	7.350675512961572	-1.0094135019150017e-05	7.152365440142148	-9.065607803675197e-06	6.973926653036864	-1.1111269843537447e-05	6.807563301875283	-1.0027374733021148e-05	6.667484435677742	-1.0567026650041212e-05	6.535318284718794	-1.3042570951585977e-05	6.416039352323056	-1.3834210817562333e-05	6.30681488641856	-1.4709930674198151e-05	6.210728020869753	-6.723517744483914e-06	6.118424080857674	-7.192054218499402e-06	6.036312992977326	-2.574300755557272e-06	5.959141095795525	-2.770666400682692e-06	5.89148638383645	-5.981201084989877e-06
5	1	31	0	0	2992	4	3039	106	3116	309	3139	304	3211	280	3252	341	3229	486	3228	752	3174	1068	3162	1375	3144	1642	3134	1907	3130	2131	3103	2369	3073	2550	3040	2724	3026	2832	2989	2972	2974	3013	2951	3103	2877	3161	2850	3223	2826	3242	2789	3238	2752	3181	2718	3148	2686	3151	2646	3149	2622	4051	4095	574.0	612.5947944164606	762.1594572067261	44	1	0.6358461380004883	4.761904761904762	8.355795148247978			8.883082952318746	0.006335730351316247	8.813293892465634	0.1291171311635159	8.844734601192165	0.6709077881755217	8.673187444739169	1.085908197892481	8.610425828595945	1.3263855992420654	8.512420490537393	1.911756461288333	8.241870437490428	2.998704263589807	8.063549160671462	4.708829054477145	7.810615941137387	6.642617240950368	7.662482431057044	8.274160548802504	7.51595706533432	9.423783287419651	7.434997153159991	10.468243947960696	7.350868952559887	11.332092528582823	7.230235104970059	12.027212265827284	7.134234108743093	12.311108965384058	7.027601830875215	12.557624930850084	6.97588639402462	12.34901670082414	6.90172716357255	12.280484277509194	6.8689948263119	11.743383871847838	6.837824686609356	11.518616132744349	6.676258325017985	11.074907154369	6.650332516625832	10.744407774110744	6.627113477006777	10.285532994923857	6.589174758428426	9.85392574558734	6.539302347685581	9.322704492834324	6.533810908916079	8.874605322507893	6.499382969971205	8.555525386912844	6.473711251926701	8.269432773109244	6.492027334851937	4.754248427377711	4.761904761904762	7.195687601855334	5.505509996357057	6.4312765288614795	5.5908513341804325	4.761904761904762	4.433566883699206	19.906095238095237	1.7745000000000002	0.09350976564224811	20.971543312072754	-1.049042748492001e-05	18.233038348082594	-1.1444637519718156e-05	15.346638781911341	-1.4330918095936898e-05	13.658864575864177	-9.62469465656202e-06	12.508894821913344	-9.754708109869228e-06	11.649211903539257	-7.946030560433536e-06	10.959832255405459	-7.106108410789915e-06	10.374805592284238	-7.282169503938614e-06	9.866969931845517	-7.483637561018373e-06	9.414435951728864	-7.711756572895378e-06	9.019998201948496	-5.690042880163145e-06	8.667684094087102	-5.890169542640115e-06	8.35091822147282	-6.109265434142729e-06	8.066452123356477	-6.349948184422815e-06	7.807716262014924	-6.611605218407767e-06	7.571457736444032	-8.27656985838789e-06	7.350675512961572	-1.0094135019150017e-05	7.152365440142148	-9.065607803675197e-06	6.973926653036864	-1.1111269843537447e-05	6.807563301875283	-1.0027374733021148e-05	6.667484435677742	-1.0567026650041212e-05	6.535318284718794	-1.3042570951585977e-05	6.416039352323056	-1.3834210817562333e-05	6.30681488641856	-1.4709930674198151e-05	6.210728020869753	-6.723517744483914e-06	6.118424080857674	-7.192054218499402e-06	6.036312992977326	-2.574300755557272e-06	5.959141095795525	-2.770666400682692e-06	5.89148638383645	-5.981201084989877e-06
6	1	19	0	0	2658	4	2658	200	2609	451	2633	419	2622	603	2607	889	2619	1108	2604	1384	2573	1595	2571	1832	2529	2104	2490	2240	2487	2334	2476	2426	2448	2490	2417	2633	2393	2653	2368	2612	2321	2619	2294	2610	2254	2623	2206	2620	2193	2574	2143	2559	2117	2495	2106	2497	2095	2489	2056	2455	2021	4047	4095	491.0	573.3671647198461	677.9219560623169	48	1	0.6494855880737305	4.761904761904762	5.121293800539084			7.8914553767591	0.006335730351316247	7.708369584130851	0.24361722861040735	7.405620210048254	0.9792213995700979	7.275088417329796	1.496695838542597	7.0309986055990565	2.856466129796305	6.824071408004608	4.984021976789819	6.684874164071673	6.83655210711421	6.504796163069544	8.666249217282404	6.331668184167139	9.920388107973627	6.230310667377502	11.024190636659045	6.04575554014965	12.075298438934801	5.907193015752514	12.296206839765054	5.840770314701738	12.41159266152619	5.769275578442109	12.316596436005483	5.683242791475136	12.021435813257375	5.587405797771511	12.13811543426148	5.5166213287841765	11.568482100030524	5.467811951602475	10.792942440395024	5.360772357723577	10.207740577620143	5.3154760525523095	9.688555625672816	5.230547884807278	9.189965664634574	5.147590712868977	8.734206754008735	5.142696339375748	8.166243654822335	5.0629621754435705	7.787583688374925	5.030415359756677	7.312212420503503	5.0626216976369625	7.039354984212901	5.069325138529291	6.758077654086343	5.030215545714775	6.4469537815126055	5.003961572744379	4.749554032485213	4.761904761904762	6.1551961890435	5.152963566977374	5.72046114916983	6.099110546378653	4.761904761904762	4.528670731222376	19.906095238095237	1.7745000000000002	0.09350976564224811	20.971543312072754	-1.049042748492001e-05	18.233038348082594	-1.1444637519718156e-05	15.346638781911341	-1.4330918095936898e-05	13.658864575864177	-9.62469465656202e-06	12.508894821913344	-9.754708109869228e-06	11.649211903539257	-7.946030560433536e-06	10.959832255405459	-7.106108410789915e-06	10.374805592284238	-7.282169503938614e-06	9.866969931845517	-7.483637561018373e-06	9.414435951728864	-7.711756572895378e-06	9.019998201948496	-5.690042880163145e-06	8.667684094087102	-5.890169542640115e-06	8.35091822147282	-6.109265434142729e-06	8.066452123356477	-6.349948184422815e-06	7.807716262014924	-6.611605218407767e-06	7.571457736444032	-8.27656985838789e-06	7.350675512961572	-1.0094135019150017e-05	7.152365440142148	-9.065607803675197e-06	6.973926653036864	-1.1111269843537447e-05	6.807563301875283	-1.0027374733021148e-05	6.667484435677742	-1.0567026650041212e-05	6.535318284718794	-1.3042570951585977e-05	6.416039352323056	-1.3834210817562333e-05	6.30681488641856	-1.4709930674198151e-05	6.210728020869753	-6.723517744483914e-06	6.118424080857674	-7.192054218499402e-06	6.036312992977326	-2.574300755557272e-06	5.959141095795525	-2.770666400682692e-06	5.89148638383645	-5.981201084989877e-06
7	1	16	0	0	2138	3	2108	360	2038	803	2025	1081	2046	1447	2064	1531	2014	1708	1971	1861	1968	1997	1938	2025	1913	2083	1858	2156	1829	2124	1788	2141	1734	2120	1699	2044	1689	2029	1671	2044	1653	2070	1625	1995	1596	1972	1582	1943	1570	1909	1574	1835	1564	1815	1552	1752	1550	1703	1536	1689	1522	4052	4095	404.0	534.0177526064077	592.3079385757446	43	1	0.665435791015625	4.761904761904762	4.31266846361186			6.347604061516537	0.004751797763487186	6.113334493358854	0.43851101149873317	5.7848424638092535	1.7434917602101745	5.595159151193634	3.861403822111091	5.486431406199721	6.85457129322596	5.402717064104913	8.58328194203061	5.140640155189137	10.538656136237428	4.923561151079136	11.653099561678147	4.842877180894259	12.420699091926856	4.696360199680124	12.185581899145506	4.573163443379312	11.954775022956841	4.407857278420953	11.835099083273864	4.295443870361672	11.294868386067536	4.166181233543817	10.869675585114484	4.025630310628221	10.235118041809493	3.927597207452957	9.422828692605568	3.8936788233666837	8.847512318493003	3.8584095317262403	8.44593198628156	3.8179046563192904	8.067973652414546	3.765321963991936	7.4056201046809464	3.7036177569442827	6.909116389881579	3.6915179092287946	6.477314398106477	3.6817297094482093	6.056472081218274	3.7186665721643397	5.5842970176506395	3.716376770268986	5.319304826939422	3.730858914877761	4.939106901217862	3.7505746848307404	4.623947868585392	3.7579820419347736	4.4353991596638656	3.7684460730910168	4.7554220261008355	4.761904761904762	5.0645606117588065	4.799322655046884	4.998030408467778	5.463786531130877	4.761904761904762	4.639886774420882	19.906095238095237	1.7745000000000002	0.09350976564224811	20.971543312072754	-1.049042748492001e-05	18.233038348082594	-1.1444637519718156e-05	15.346638781911341	-1.4330918095936898e-05	13.658864575864177	-9.62469465656202e-06	12.508894821913344	-9.754708109869228e-06	11.649211903539257	-7.946030560433536e-06	10.959832255405459	-7.106108410789915e-06	10.374805592284238	-7.282169503938614e-06	9.866969931845517	-7.483637561018373e-06	9.414435951728864	-7.711756572895378e-06	9.019998201948496	-5.690042880163145e-06	8.667684094087102	-5.890169542640115e-06	8.35091822147282	-6.109265434142729e-06	8.066452123356477	-6.349948184422815e-06	7.807716262014924	-6.611605218407767e-06	7.571457736444032	-8.27656985838789e-06	7.350675512961572	-1.0094135019150017e-05	7.152365440142148	-9.065607803675197e-06	6.973926653036864	-1.1111269843537447e-05	6.807563301875283	-1.0027374733021148e-05	6.667484435677742	-1.0567026650041212e-05	6.535318284718794	-1.3042570951585977e-05	6.416039352323056	-1.3834210817562333e-05	6.30681488641856	-1.4709930674198151e-05	6.210728020869753	-6.723517744483914e-06	6.118424080857674	-7.192054218499402e-06	6.036312992977326	-2.574300755557272e-06	5.959141095795525	-2.770666400682692e-06	5.89148638383645	-5.981201084989877e-06
8	1	14	0	0	1684	16	1657	702	1668	1871	1638	2206	1618	2101	1605	2161	1588	1957	1536	1890	1503	1840	1441	1815	1423	1789	1407	1755	1363	1688	1332	1665	1310	1680	1309	1627	1284	1600	1271	1588	1258	1514	1238	1473	1237	1412	1212	1425	1210	1367	1188	1336	1208	1307	1217	1300	1234	1290	1212	1260	1195	4056	4095	338.0	507.95554612475934	528.4149503707886	39	1	0.6764297485351562	4.761904761904762	3.7735849056603774			4.9997031055163	0.02534292140526499	4.805405718925816	0.8550964724225297	4.734601192165768	4.0623575135158605	4.525862068965517	7.879978567601357	4.3387321677571595	9.952629085741355	4.201240740256001	12.115266020070639	4.053295216703252	12.075029308323563	3.8369304556354913	11.834690043832186	3.6985997982134506	11.444209478790894	3.4919788688024043	10.921891924419304	3.401783366402907	10.267447199265382	3.33791990890112	9.633858483833782	3.2010333489901366	8.976336080829567	3.1036652142507632	8.453063918363203	3.041277800993639	8.110848259547145	3.0260298673077815	7.500460999446801	2.960025819539859	6.976845593685955	2.934792648009606	6.561712325936944	2.905580192165558	5.900923724519624	2.868596056259703	5.467908979546383	2.8705358178822546	4.947095508373625	2.8281414070703534	4.750475047504751	2.8375114321225055	4.336928934010152	2.8067191154582183	4.065733414485697	2.8704495770364034	3.830485624688608	2.9255510949782444	3.6648624267027516	2.9859413942458923	3.5025794189519415	2.965282704964157	3.308823529411765	2.958799643458453	4.760116420993334	4.761904761904762	4.237181897956625	4.5650964754912495	4.458886701050786	4.955527318932655	4.761904761904762	4.716544385541502	19.906095238095237	1.7745000000000002	0.09350976564224811	20.971543312072754	-1.049042748492001e-05	18.233038348082594	-1.1444637519718156e-05	15.346638781911341	-1.4330918095936898e-05	13.658864575864177	-9.62469465656202e-06	12.508894821913344	-9.754708109869228e-06	11.649211903539257	-7.946030560433536e-06	10.959832255405459	-7.106108410789915e-06	10.374805592284238	-7.282169503938614e-06	9.866969931845517	-7.483637561018373e-06	9.414435951728864	-7.711756572895378e-06	9.019998201948496	-5.690042880163145e-06	8.667684094087102	-5.890169542640115e-06	8.35091822147282	-6.109265434142729e-06	8.066452123356477	-6.349948184422815e-06	7.807716262014924	-6.611605218407767e-06	7.571457736444032	-8.27656985838789e-06	7.350675512961572	-1.0094135019150017e-05	7.152365440142148	-9.065607803675197e-06	6.973926653036864	-1.1111269843537447e-05	6.807563301875283	-1.0027374733021148e-05	6.667484435677742	-1.0567026650041212e-05	6.535318284718794	-1.3042570951585977e-05	6.416039352323056	-1.3834210817562333e-05	6.30681488641856	-1.4709930674198151e-05	6.210728020869753	-6.723517744483914e-06	6.118424080857674	-7.192054218499402e-06	6.036312992977326	-2.574300755557272e-06	5.959141095795525	-2.770666400682692e-06	5.89148638383645	-5.981201084989877e-06
9	1	10	0	0	1337	34	1259	1862	1211	3649	1175	3099	1141	2583	1156	2136	1198	1843	1181	1607	1189	1537	1184	1471	1141	1384	1099	1276	1082	1221	1047	1183	1031	1148	1036	1152	1009	1172	998	1163	993	1191	987	1146	975	1092	958	1082	941	1045	943	1039	945	1028	947	993	981	987	984	998	979	4060	4095	276.0	487.5374915306968	470.37231731414795	35	1	0.6895751953125	4.761904761904762	2.6954177897574128			3.969479247075589	0.053853707986188104	3.651180325967171	2.268076398362892	3.437411297189895	7.922791323794429	3.2465738284703805	11.06983389891052	3.0596374557545856	12.235907153008053	3.0259403711750386	11.975107921735718	3.057838582878146	11.371629542790153	2.9501398880895287	10.062617407639324	2.925904963456948	9.559646722229132	2.869190132312315	8.851847394391624	2.727642179245058	7.943067033976126	2.607230973619283	7.004446396223307	2.5410991075622356	6.49295400159532	2.4395927021926043	6.005990760014216	2.3935552769652224	5.542412977357215	2.3949327292061584	5.310713627143648	2.3260639033611508	5.110539397374962	2.3044241248730026	4.805586546010495	2.2935144124168514	4.642008028997934	2.286998632898487	4.254055458628754	2.262548441742278	3.8259407189405086	2.235445105588613	3.6070273694036072	2.2066927748985767	3.3153553299492384	2.2278923618494106	3.1618989653073646	2.245508982035928	3.0128073620351103	2.2764970311786343	2.7993910690121786	2.3737508166573913	2.6798805321748573	2.4074572456144643	2.620798319327731	2.4239873229672178	4.764810815885832	4.761904761904762	3.4599473486273036	4.381595399905298	3.9691096339019056	4.447268106734435	4.761904761904762	4.808203694327642	19.906095238095237	1.7745000000000002	0.09350976564224811	20.971543312072754	-1.049042748492001e-05	18.233038348082594	-1.1444637519718156e-05	15.346638781911341	-1.4330918095936898e-05	13.658864575864177	-9.62469465656202e-06	12.508894821913344	-9.754708109869228e-06	11.649211903539257	-7.946030560433536e-06	10.959832255405459	-7.106108410789915e-06	10.374805592284238	-7.282169503938614e-06	9.866969931845517	-7.483637561018373e-06	9.414435951728864	-7.711756572895378e-06	9.019998201948496	-5.690042880163145e-06	8.667684094087102	-5.890169542640115e-06	8.35091822147282	-6.109265434142729e-06	8.066452123356477	-6.349948184422815e-06	7.807716262014924	-6.611605218407767e-06	7.571457736444032	-8.27656985838789e-06	7.350675512961572	-1.0094135019150017e-05	7.152365440142148	-9.065607803675197e-06	6.973926653036864	-1.1111269843537447e-05	6.807563301875283	-1.0027374733021148e-05	6.667484435677742	-1.0567026650041212e-05	6.535318284718794	-1.3042570951585977e-05	6.416039352323056	-1.3834210817562333e-05	6.30681488641856	-1.4709930674198151e-05	6.210728020869753	-6.723517744483914e-06	6.118424080857674	-7.192054218499402e-06	6.036312992977326	-2.574300755557272e-06	5.959141095795525	-2.770666400682692e-06	5.89148638383645	-5.981201084989877e-06
10	1	9	0	0	1126	65	1087	3540	1049	4631	974	3375	973	2498	949	1814	932	1485	965	1323	940	1185	918	1146	928	1092	931	1062	920	1017	931	964	932	951	915	928	896	938	914	950	911	941	918	943	912	920	893	910	921	940	925	915	919	902	915	912	900	926	869	906	861	4058	4095	238.0	479.2987648495979	438.6856908798218	37	1	0.6980934143066406	4.761904761904762	2.4258760107816713			3.343031886467549	0.10295561820888903	3.1523693521257465	4.312024946404209	2.97757592960545	10.054931932171005	2.6912024756852344	12.055724236470798	2.6091386892631125	11.833254381809569	2.4840981074784705	10.169871615181926	2.3788861095512788	9.162707472079965	2.4105715427657874	8.284283030682529	2.313162881118193	7.370319691503918	2.2245916735326903	6.896136719220122	2.2184504314981712	6.2672176308539935	2.2086733725564622	5.829719492781468	2.1606387975575387	5.408136134006913	2.1693035393899853	4.894146316697974	2.163718252309978	4.591319461207937	2.115215682648296	4.27807486631016	2.0655631887131727	4.090175729298391	2.1104645792925094	3.9254576257179457	2.104120473022912	3.6676150758077717	2.127117269504368	3.500501132187535	2.116353003968162	3.2233200196202088	2.083770855209427	3.0336366970030335	2.159791759491593	2.982233502538071	2.1853663146454982	2.784540474741327	2.1837277825301777	2.643533307933531	2.1995721050986803	2.571041948579161	2.177753042804946	2.514254683681781	2.126097913047733	2.379201680672269	2.1318213330692286	4.7624636184395825	4.761904761904762	2.9835777861351387	4.307552341568097	3.701730603255555	4.701397712833545	4.761904761904762	4.867598713631024	19.906095238095237	1.7745000000000002	0.09350976564224811	20.971543312072754	-1.049042748492001e-05	18.233038348082594	-1.1444637519718156e-05	15.346638781911341	-1.4330918095936898e-05	13.658864575864177	-9.62469465656202e-06	12.508894821913344	-9.754708109869228e-06	11.649211903539257	-7.946030560433536e-06	10.959832255405459	-7.106108410789915e-06	10.374805592284238	-7.282169503938614e-06	9.866969931845517	-7.483637561018373e-06	9.414435951728864	-7.711756572895378e-06	9.019998201948496	-5.690042880163145e-06	8.667684094087102	-5.890169542640115e-06	8.35091822147282	-6.109265434142729e-06	8.066452123356477	-6.349948184422815e-06	7.807716262014924	-6.611605218407767e-06	7.571457736444032	-8.27656985838789e-06	7.350675512961572	-1.0094135019150017e-05	7.152365440142148	-9.065607803675197e-06	6.973926653036864	-1.1111269843537447e-05	6.807563301875283	-1.0027374733021148e-05	6.667484435677742	-1.0567026650041212e-05	6.535318284718794	-1.3042570951585977e-05	6.416039352323056	-1.3834210817562333e-05	6.30681488641856	-1.4709930674198151e-05	6.210728020869753	-6.723517744483914e-06	6.118424080857674	-7.192054218499402e-06	6.036312992977326	-2.574300755557272e-06	5.959141095795525	-2.770666400682692e-06	5.89148638383645	-5.981201084989877e-06
11	1	6	0	0	966	227	901	5637	878	5105	864	3075	820	2011	798	1507	794	1240	827	1083	804	1045	821	959	874	903	841	871	862	832	827	810	842	821	871	821	875	805	840	806	820	874	826	852	845	847	856	831	843	860	843	877	854	857	844	835	851	826	830	844	826	4059	4095	207.0	477.35242858569995	413.01484870910645	36	1	0.7065658569335938	4.761904761904762	1.6172506738544474			2.868000712546761	0.3595526974371971	2.6129574850646717	6.86635158838433	2.492194152710758	11.084091451896564	2.3872679045092835	10.984104304340061	2.1988630269226643	9.526290857413548	2.0888411904824227	8.448730167629085	2.026647608351626	7.6510149935213185	2.0658473221422864	6.78146524733876	1.978492506828752	6.499564622465481	1.9895313333010225	5.770850884582982	2.0893595658722	5.182506887052342	1.9951603719870943	4.781248284569358	2.0244246124941285	4.424355224674289	1.9269753244634993	4.1123013656902065	1.9547755026233924	3.9636942982667893	2.013500392990892	3.78480545823345	2.0171515514777076	3.510225439323246	1.9395954558049322	3.330440890872278	1.893939393939394	3.4064777643528084	1.913942118312209	3.1627009168862985	1.9608753161766412	2.9675565832807793	1.997433204993583	2.7702770277027704	1.9768777994043571	2.728426395939086	1.9916365440498973	2.668898356664638	2.0292747837658016	2.5116497171829666	2.0288949253587827	2.3539693279206135	2.059186488252232	2.242736899266902	2.030680400264233	2.216386554621849	2.0451619292859267	4.7636372171627075	4.761904761904762	2.594960511470478	4.290060234461033	3.485114141742766	4.5743329097839895	4.761904761904762	4.926674547877692	19.906095238095237	1.7745000000000002	0.09350976564224811	20.971543312072754	-1.049042748492001e-05	18.233038348082594	-1.1444637519718156e-05	15.346638781911341	-1.4330918095936898e-05	13.658864575864177	-9.62469465656202e-06	12.508894821913344	-9.754708109869228e-06	11.649211903539257	-7.946030560433536e-06	10.959832255405459	-7.106108410789915e-06	10.374805592284238	-7.282169503938614e-06	9.866969931845517	-7.483637561018373e-06	9.414435951728864	-7.711756572895378e-06	9.019998201948496	-5.690042880163145e-06	8.667684094087102	-5.890169542640115e-06	8.35091822147282	-6.109265434142729e-06	8.066452123356477	-6.349948184422815e-06	7.807716262014924	-6.611605218407767e-06	7.571457736444032	-8.27656985838789e-06	7.350675512961572	-1.0094135019150017e-05	7.152365440142148	-9.065607803675197e-06	6.973926653036864	-1.1111269843537447e-05	6.807563301875283	-1.0027374733021148e-05	6.667484435677742	-1.0567026650041212e-05	6.535318284718794	-1.3042570951585977e-05	6.416039352323056	-1.3834210817562333e-05	6.30681488641856	-1.4709930674198151e-05	6.210728020869753	-6.723517744483914e-06	6.118424080857674	-7.192054218499402e-06	6.036312992977326	-2.574300755557272e-06	5.959141095795525	-2.770666400682692e-06	5.89148638383645	-5.981201084989877e-06
12	1	11	0	0	778	736	806	7229	766	5043	723	2646	711	1677	668	1278	699	1030	698	902	683	777	686	790	742	791	732	709	762	716	800	662	788	700	800	689	785	693	801	700	814	729	802	756	812	801	811	775	819	803	803	786	818	793	802	809	807	792	816	811	819	4060	4095	182.0	478.24651354546813	391.61723613739014	35	1	0.7153329849243164	4.761904761904762	2.964959568733154			2.3098390831898343	1.1657743846421895	2.3374514239313267	8.805544728123174	2.1742832812943513	10.949475649738368	1.9976790450928383	9.451687801393106	1.9065751367585542	7.9441023211748	1.7485537784990708	7.164881986881203	1.784164582163459	6.355278583328191	1.7436051159072743	5.648090169067001	1.6807343061741764	4.832690633163328	1.66238549895798	4.753881333493802	1.7738041165642704	4.5397153351698805	1.73657240463086	3.8919690399077784	1.7895725692813527	3.807498005849508	1.8640631917422001	3.360917906280144	1.8294098528114409	3.3795201081446438	1.8493689028618983	3.1762861884565736	1.809673106182858	3.0218462477652293	1.8495428096425601	2.892442461055328	1.8800813008130084	2.8413298515025143	1.8583312093055588	2.806340250194885	1.8842967535330564	2.806390582299769	1.8924279547310698	2.583591692502584	1.9205965809159768	2.5475888324873095	1.897134216930092	2.3919659160073037	1.9437315844501473	2.3240819436710534	1.9279309598788434	2.2806720793865582	1.9527185617151017	2.1504208525658433	1.9964279597778485	2.1297268907563027	2.027830048529266	4.764810815885832	4.761904761904762	2.2815594835151063	4.29809555197999	3.304556172928079	4.447268106734435	4.761904761904762	4.987805135926951	19.906095238095237	1.7745000000000002	0.09350976564224811	20.971543312072754	-1.049042748492001e-05	18.233038348082594	-1.1444637519718156e-05	15.346638781911341	-1.4330918095936898e-05	13.658864575864177	-9.62469465656202e-06	12.508894821913344	-9.754708109869228e-06	11.649211903539257	-7.946030560433536e-06	10.959832255405459	-7.106108410789915e-06	10.374805592284238	-7.282169503938614e-06	9.866969931845517	-7.483637561018373e-06	9.414435951728864	-7.711756572895378e-06	9.019998201948496	-5.690042880163145e-06	8.667684094087102	-5.890169542640115e-06	8.35091822147282	-6.109265434142729e-06	8.066452123356477	-6.349948184422815e-06	7.807716262014924	-6.611605218407767e-06	7.571457736444032	-8.27656985838789e-06	7.350675512961572	-1.0094135019150017e-05	7.152365440142148	-9.065607803675197e-06	6.973926653036864	-1.1111269843537447e-05	6.807563301875283	-1.0027374733021148e-05	6.667484435677742	-1.0567026650041212e-05	6.535318284718794	-1.3042570951585977e-05	6.416039352323056	-1.3834210817562333e-05	6.30681488641856	-1.4709930674198151e-05	6.210728020869753	-6.723517744483914e-06	6.118424080857674	-7.192054218499402e-06	6.036312992977326	-2.574300755557272e-06	5.959141095795525	-2.770666400682692e-06	5.89148638383645	-5.981201084989877e-06
13	1	10	0	0	659	1552	651	8214	657	4474	702	2208	691	1384	730	1109	688	866	676	779	675	667	701	651	682	685	685	679	678	702	731	689	690	670	722	667	694	690	700	686	729	680	720	682	723	728	721	703	732	736	738	711	774	715	780	715	768	731	752	715	747	4067	4095	162.0	479.25915724918457	374.2175989151001	28	1	0.7235736846923828	4.761904761904762	2.6954177897574128			1.956534647586248	2.458263376310704	1.8879415347137638	10.00535957902943	1.864887879648027	9.714049981544608	1.9396551724137931	7.887122700482228	1.8529443312238552	6.556134533396494	1.9108446980603617	6.21741324213713	1.7560876001837766	5.343370148701179	1.6886490807354118	4.877896055103319	1.6610478135689148	4.1485259360616995	1.6987350361072069	3.9174389216512213	1.6303698214243025	3.9313590449954083	1.62507117100019	3.727287698303782	1.592296852982621	3.733049720818931	1.7032877414544352	3.497994618469818	1.6018944142638252	3.234683532081302	1.6690554348328632	3.074866310160428	1.5998893448291762	3.008764662277068	1.61632954650411	2.834593611834222	1.683758314855876	2.650348832677242	1.668327270199504	2.5316455696202533	1.6777666906458124	2.550627145960339	1.6824174542060435	2.3435676901023434	1.7165771638955982	2.33502538071066	1.7435679353604083	2.163724893487523	1.8391787852865698	2.095483719703408	1.875045073198875	2.0156743346865134	1.8583492631935539	1.9847950040727667	1.839845374697233	1.877626050420168	1.8495592750321879	4.773026006947704	4.761904761904762	2.0308386611508085	4.307196380267095	3.157734038241812	3.5578144853875475	4.761904761904762	5.045265095824009	19.906095238095237	1.7745000000000002	0.09350976564224811	20.971543312072754	-1.049042748492001e-05	18.233038348082594	-1.1444637519718156e-05	15.346638781911341	-1.4330918095936898e-05	13.658864575864177	-9.62469465656202e-06	12.508894821913344	-9.754708109869228e-06	11.649211903539257	-7.946030560433536e-06	10.959832255405459	-7.106108410789915e-06	10.374805592284238	-7.282169503938614e-06	9.866969931845517	-7.483637561018373e-06	9.414435951728864	-7.711756572895378e-06	9.019998201948496	-5.690042880163145e-06	8.667684094087102	-5.890169542640115e-06	8.35091822147282	-6.109265434142729e-06	8.066452123356477	-6.349948184422815e-06	7.807716262014924	-6.611605218407767e-06	7.571457736444032	-8.27656985838789e-06	7.350675512961572	-1.0094135019150017e-05	7.152365440142148	-9.065607803675197e-06	6.973926653036864	-1.1111269843537447e-05	6.807563301875283	-1.0027374733021148e-05	6.667484435677742	-1.0567026650041212e-05	6.535318284718794	-1.3042570951585977e-05	6.416039352323056	-1.3834210817562333e-05	6.30681488641856	-1.4709930674198151e-05	6.210728020869753	-6.723517744483914e-06	6.118424080857674	-7.192054218499402e-06	6.036312992977326	-2.574300755557272e-06	5.959141095795525	-2.770666400682692e-06	5.89148638383645	-5.981201084989877e-06
14	1	7	0	0	651	2853	632	8587	605	3909	614	1910	637	1298	641	909	660	761	650	679	623	647	608	620	628	614	627	645	628	609	630	645	654	653	677	633	694	601	684	617	680	626	694	638	709	634	708	660	726	684	723	704	726	677	725	695	742	709	757	707	764	4068	4095	149.0	478.2510265806832	362.5737838745117	27	1	0.7295389175415039	4.761904761904762	1.8867924528301887			1.9327830888902084	4.5189596730763135	1.8328403224870948	10.459705710387839	1.7172864036332673	8.487309203812666	1.696507515473033	6.822646901232362	1.7081411562801674	6.148744670772146	1.6778787006256055	5.096148455457756	1.6846189187809484	4.695501943604615	1.6237010391686653	4.251721978710082	1.5330856116347171	4.024132354770494	1.4733679057819997	3.7308942110964014	1.5012789557983315	3.5238751147842056	1.4874739039665972	3.54064884448592	1.4748708313762329	3.2385003988300984	1.4679497634969825	3.2746103467533128	1.5183173143891906	3.152609472312075	1.5650284340468814	2.9181264982482022	1.5998893448291762	2.6206776261282867	1.5793848711554446	2.5494814263873393	1.5705838876570584	2.439879954788167	1.608082118775633	2.3683135973866882	1.6452788155848979	2.2212879265643615	1.6520826041302066	2.2002200220022003	1.702506859273503	2.17005076142132	1.7081295626904813	2.1424223980523434	1.7251211861990305	1.98411535418071	1.7428303564989545	1.959291835814163	1.795436397512522	1.9250610915014934	1.852078389156656	1.8566176470588236	1.8916509854412202	4.774199605670829	4.761904761904762	1.8678701266140154	4.298136111515783	3.0594808529419946	3.430749682337993	4.761904761904762	5.086858898526947	19.906095238095237	1.7745000000000002	0.09350976564224811	20.971543312072754	-1.049042748492001e-05	18.233038348082594	-1.1444637519718156e-05	15.346638781911341	-1.4330918095936898e-05	13.658864575864177	-9.62469465656202e-06	12.508894821913344	-9.754708109869228e-06	11.649211903539257	-7.946030560433536e-06	10.959832255405459	-7.106108410789915e-06	10.374805592284238	-7.282169503938614e-06	9.866969931845517	-7.483637561018373e-06	9.414435951728864	-7.711756572895378e-06	9.019998201948496	-5.690042880163145e-06	8.667684094087102	-5.890169542640115e-06	8.35091822147282	-6.109265434142729e-06	8.066452123356477	-6.349948184422815e-06	7.807716262014924	-6.611605218407767e-06	7.571457736444032	-8.27656985838789e-06	7.350675512961572	-1.0094135019150017e-05	7.152365440142148	-9.065607803675197e-06	6.973926653036864	-1.1111269843537447e-05	6.807563301875283	-1.0027374733021148e-05	6.667484435677742	-1.0567026650041212e-05	6.535318284718794	-1.3042570951585977e-05	6.416039352323056	-1.3834210817562333e-05	6.30681488641856	-1.4709930674198151e-05	6.210728020869753	-6.723517744483914e-06	6.118424080857674	-7.192054218499402e-06	6.036312992977326	-2.574300755557272e-06	5.959141095795525	-2.770666400682692e-06	5.89148638383645	-5.981201084989877e-06
15	1	6	0	0	594	4931	587	8354	581	3405	507	1534	553	987	531	777	555	673	535	609	550	578	578	581	585	515	575	552	569	541	610	554	604	543	623	567	595	587	627	585	666	579	691	594	685	606	701	630	671	591	687	635	712	668	703	694	726	695	743	693	744	4071	4095	133.0	475.71561724495353	345.63355350494385	24	1	0.7388916015625	4.761904761904762	1.6172506738544474			1.7635532331809274	7.810371590585105	1.7023374514239311	10.175891639056713	1.6491626454726085	7.393013005623467	1.4008620689655173	5.4795499196285045	1.482891773034431	4.6755092373282805	1.3899431981781536	4.35611369624937	1.416611363520343	4.152526685999876	1.3364308553157476	3.813400125234815	1.3534463666117085	3.5949744993158355	1.4006688314835458	3.496208930075821	1.3984843776146876	2.9556932966023877	1.3641108369709622	3.0301366855135314	1.3363081258806953	2.876894442967296	1.4213481837034276	2.8126110575214502	1.402238009007754	2.6215420267464875	1.4401960331037034	2.613866863359764	1.3716630550048412	2.5596302271835345	1.4477694652258244	2.4172554853105246	1.538248337028825	2.2566940795884163	1.601130755149802	2.2049816251531236	1.5895853154804727	2.1231868824889637	1.635748454089371	2.1002100210021	1.5735290669042983	1.875	1.6230774682826565	1.932440657334145	1.691854386465165	1.957738636030597	1.689944469818986	1.9564727108705458	1.7567207878626565	1.8870486016834103	1.8178259486702713	1.8198529411764708	1.8421313261364762	4.777720401840202	4.761904761904762	1.6672934687225773	4.275349888763085	2.9165352987811968	3.0495552731893265	4.761904761904762	5.152072395426663	19.906095238095237	1.7745000000000002	0.09350976564224811	20.971543312072754	-1.049042748492001e-05	18.233038348082594	-1.1444637519718156e-05	15.346638781911341	-1.4330918095936898e-05	13.658864575864177	-9.62469465656202e-06	12.508894821913344	-9.754708109869228e-06	11.649211903539257	-7.946030560433536e-06	10.959832255405459	-7.106108410789915e-06	10.374805592284238	-7.282169503938614e-06	9.866969931845517	-7.483637561018373e-06	9.414435951728864	-7.711756572895378e-06	9.019998201948496	-5.690042880163145e-06	8.667684094087102	-5.890169542640115e-06	8.35091822147282	-6.109265434142729e-06	8.066452123356477	-6.349948184422815e-06	7.807716262014924	-6.611605218407767e-06	7.571457736444032	-8.27656985838789e-06	7.350675512961572	-1.0094135019150017e-05	7.152365440142148	-9.065607803675197e-06	6.973926653036864	-1.1111269843537447e-05	6.807563301875283	-1.0027374733021148e-05	6.667484435677742	-1.0567026650041212e-05	6.535318284718794	-1.3042570951585977e-05	6.416039352323056	-1.3834210817562333e-05	6.30681488641856	-1.4709930674198151e-05	6.210728020869753	-6.723517744483914e-06	6.118424080857674	-7.192054218499402e-06	6.036312992977326	-2.574300755557272e-06	5.959141095795525	-2.770666400682692e-06	5.89148638383645	-5.981201084989877e-06
16	1	4	0	0	542	7458	494	8118	473	2768	475	1304	503	904	483	628	457	534	481	543	488	477	514	449	544	495	562	492	561	472	552	473	582	475	579	485	608	547	614	568	634	561	642	550	667	587	675	596	706	624	712	620	752	652	738	646	736	674	724	696	720	4071	4095	121.0	470.40241812652613	329.2355098724365	24	1	0.7489728927612305	4.761904761904762	1.078167115902965			1.6091681016566712	11.812969240029144	1.4326315178933937	9.888423309296433	1.3426057337496453	6.009944199578783	1.3124447391688772	4.657974638328273	1.3488147591976831	4.282330648981525	1.2642986152919928	3.5207714301732356	1.1664709786104446	3.294872585919664	1.2015387689848123	3.400125234815279	1.2008760489209342	2.9667869137952483	1.2455774729801774	2.701889517390781	1.3004709426023764	2.840909090909091	1.3332700702220535	2.7007740023055384	1.317519962423673	2.509970752459452	1.2862036023021182	2.4013809209524295	1.3511631146399221	2.2932457876695795	1.338480743446299	2.23584731698322	1.4016321637696527	2.385209087341386	1.4177519165050338	2.3470104541134664	1.4643385070214339	2.186537786958725	1.4875918159278911	2.041649652919559	1.5478151904021535	2.0566183168663725	1.575078753937697	1.9868653532019869	1.6556058438665195	1.9796954314720812	1.6821414227325349	1.8867924528301887	1.786902385704781	1.9108466926526186	1.7740811077189353	1.8211547135769057	1.7809180438938224	1.8300298669562856	1.7713404937244634	1.827731092436975	1.7827077349707832	4.777720401840202	4.761904761904762	1.516860975303999	4.227599122472291	2.7781648408202115	3.0495552731893265	4.761904761904762	5.222366254479064	19.906095238095237	1.7745000000000002	0.09350976564224811	20.971543312072754	-1.049042748492001e-05	18.233038348082594	-1.1444637519718156e-05	15.346638781911341	-1.4330918095936898e-05	13.658864575864177	-9.62469465656202e-06	12.508894821913344	-9.754708109869228e-06	11.649211903539257	-7.946030560433536e-06	10.959832255405459	-7.106108410789915e-06	10.374805592284238	-7.282169503938614e-06	9.866969931845517	-7.483637561018373e-06	9.414435951728864	-7.711756572895378e-06	9.019998201948496	-5.690042880163145e-06	8.667684094087102	-5.890169542640115e-06	8.35091822147282	-6.109265434142729e-06	8.066452123356477	-6.349948184422815e-06	7.807716262014924	-6.611605218407767e-06	7.571457736444032	-8.27656985838789e-06	7.350675512961572	-1.0094135019150017e-05	7.152365440142148	-9.065607803675197e-06	6.973926653036864	-1.1111269843537447e-05	6.807563301875283	-1.0027374733021148e-05	6.667484435677742	-1.0567026650041212e-05	6.535318284718794	-1.3042570951585977e-05	6.416039352323056	-1.3834210817562333e-05	6.30681488641856	-1.4709930674198151e-05	6.210728020869753	-6.723517744483914e-06	6.118424080857674	-7.192054218499402e-06	6.036312992977326	-2.574300755557272e-06	5.959141095795525	-2.770666400682692e-06	5.89148638383645	-5.981201084989877e-06
17	1	6	0	0	486	8961	459	7915	451	2556	501	1291	520	792	520	564	502	490	479	478	487	457	491	460	507	506	524	516	554	495	564	508	584	489	579	493	598	506	630	530	663	558	678	559	696	600	711	593	681	617	682	660	665	677	677	701	680	707	695	681	704	4074	4095	115.0	465.9447865242185	319.5044994354248	21	1	0.752598762512207	4.761904761904762	1.6172506738544474			1.4429071907843953	14.193619919536223	1.3311292848442666	9.64115182225687	1.2801589554357082	5.549645005102373	1.3842838196286473	4.611537774602607	1.3944009439021774	3.751776409284699	1.3611496479334084	3.1619666984358354	1.2813313594364184	3.023384957117295	1.19654276578737	2.9931120851596744	1.1984152373452766	2.842393332504043	1.1898415160180293	2.768082801781201	1.2120197939327293	2.904040404040404	1.2431201366483204	2.8325190755887357	1.3010803193987788	2.6322786492954	1.314164550178251	2.5790729552723763	1.3558062868551795	2.3608361898324723	1.338480743446299	2.272727272727273	1.378579003181336	2.2064274190031834	1.4546965918536992	2.1899921490847487	1.531319290465632	2.1748450715204424	1.5710081794378665	2.075058465421879	1.6151115030283343	2.102165230187093	1.6590829541477072	1.976864353101977	1.5969795746077904	1.95748730964467	1.6112646773926809	2.008520998174072	1.5801729873586163	1.98411535418071	1.6274429673790236	1.9762065854758684	1.6454134101192923	1.9196307358131957	1.7003890098598096	1.7883403361344536	1.7430920075269882	4.781241198009576	4.761904761904762	1.4416447285947098	4.187537509852876	2.6960523400385217	2.6683608640406606	4.761904761904762	5.247648370846222	19.906095238095237	1.7745000000000002	0.09350976564224811	20.971543312072754	-1.049042748492001e-05	18.233038348082594	-1.1444637519718156e-05	15.346638781911341	-1.4330918095936898e-05	13.658864575864177	-9.62469465656202e-06	12.508894821913344	-9.754708109869228e-06	11.649211903539257	-7.946030560433536e-06	10.959832255405459	-7.106108410789915e-06	10.374805592284238	-7.282169503938614e-06	9.866969931845517	-7.483637561018373e-06	9.414435951728864	-7.711756572895378e-06	9.019998201948496	-5.690042880163145e-06	8.667684094087102	-5.890169542640115e-06	8.35091822147282	-6.109265434142729e-06	8.066452123356477	-6.349948184422815e-06	7.807716262014924	-6.611605218407767e-06	7.571457736444032	-8.27656985838789e-06	7.350675512961572	-1.0094135019150017e-05	7.152365440142148	-9.065607803675197e-06	6.973926653036864	-1.1111269843537447e-05	6.807563301875283	-1.0027374733021148e-05	6.667484435677742	-1.0567026650041212e-05	6.535318284718794	-1.3042570951585977e-05	6.416039352323056	-1.3834210817562333e-05	6.30681488641856	-1.4709930674198151e-05	6.210728020869753	-6.723517744483914e-06	6.118424080857674	-7.192054218499402e-06	6.036312992977326	-2.574300755557272e-06	5.959141095795525	-2.770666400682692e-06	5.89148638383645	-5.981201084989877e-06
18	1	8	0	0	429	10801	399	7324	383	2370	422	1038	428	670	450	519	470	446	499	402	493	377	504	416	515	424	532	455	533	477	539	495	561	505	575	492	576	546	582	529	572	527	574	558	594	560	600	560	599	579	619	570	631	575	657	584	670	601	686	592	694	4072	4095	108.0	460.4372151716354	306.10819721221924	23	1	0.7616853713989258	4.761904761904762	2.15633423180593			1.2736773350751143	17.1080558811417	1.1571254567600486	8.921262911713116	1.0871416406471757	5.145797598627787	1.1660035366931918	3.7078049651723526	1.1476992384425615	3.1738512553292275	1.1779179645577573	2.909682121432976	1.1996528664046149	2.7518973283149255	1.2465027977617904	2.517219787100814	1.2131801067992225	2.3448190073392214	1.221344448214026	2.503309664219521	1.2311443666180584	2.4334251606978876	1.2620990700322643	2.497667014327277	1.2517613903240958	2.536559425684658	1.2559125754363072	2.513073056810682	1.3024098063797185	2.438082363732921	1.3292338989319894	2.268117278259266	1.3278620498870395	2.380848558845332	1.343862565807703	2.185860088426098	1.321138211382114	2.0540203453248624	1.3300275737423826	2.0713463751438432	1.3784141275845265	1.9620208815079532	1.400070003500175	1.8668533520018669	1.4046854114391576	1.8369289340101524	1.4624235121789875	1.7346317711503345	1.4993821880049425	1.6851792151460976	1.5793648885790526	1.6463689670726207	1.6212161540881262	1.6318218843334238	1.678369583832848	1.5546218487394958	1.7183321778746163	4.778894000563327	4.761904761904762	1.3538924407672057	4.1380398820348345	2.5830112654353257	2.9224904701397714	4.761904761904762	5.311006604603792	19.906095238095237	1.7745000000000002	0.09350976564224811	20.971543312072754	-1.049042748492001e-05	18.233038348082594	-1.1444637519718156e-05	15.346638781911341	-1.4330918095936898e-05	13.658864575864177	-9.62469465656202e-06	12.508894821913344	-9.754708109869228e-06	11.649211903539257	-7.946030560433536e-06	10.959832255405459	-7.106108410789915e-06	10.374805592284238	-7.282169503938614e-06	9.866969931845517	-7.483637561018373e-06	9.414435951728864	-7.711756572895378e-06	9.019998201948496	-5.690042880163145e-06	8.667684094087102	-5.890169542640115e-06	8.35091822147282	-6.109265434142729e-06	8.066452123356477	-6.349948184422815e-06	7.807716262014924	-6.611605218407767e-06	7.571457736444032	-8.27656985838789e-06	7.350675512961572	-1.0094135019150017e-05	7.152365440142148	-9.065607803675197e-06	6.973926653036864	-1.1111269843537447e-05	6.807563301875283	-1.0027374733021148e-05	6.667484435677742	-1.0567026650041212e-05	6.535318284718794	-1.3042570951585977e-05	6.416039352323056	-1.3834210817562333e-05	6.30681488641856	-1.4709930674198151e-05	6.210728020869753	-6.723517744483914e-06	6.118424080857674	-7.192054218499402e-06	6.036312992977326	-2.574300755557272e-06	5.959141095795525	-2.770666400682692e-06	5.89148638383645	-5.981201084989877e-06
19	1	6	0	0	422	12226	441	7003	369	2156	386	971	404	601	426	488	458	426	461	445	470	369	486	388	449	409	470	433	462	462	463	465	459	489	475	475	487	453	479	462	490	481	500	454	533	476	551	488	565	479	571	489	595	496	603	549	615	565	634	569	656	4074	4095	103.0	453.04735736837586	293.1786298751831	21	1	0.7715120315551758	4.761904761904762	1.6172506738544474			1.2528947212160797	19.365159818798112	1.2789281364190013	8.530257259793412	1.047402781720125	4.681155958920468	1.0665340406719717	3.4684765136631537	1.0833422718009225	2.846991946944576	1.1150956731146768	2.735886079497673	1.1690234315176886	2.628493860677485	1.1515787370103918	2.786474639949906	1.1565814405590964	2.295061574822739	1.1777250036349538	2.334817667589361	1.0733666419640935	2.3473370064279155	1.1150123363066997	2.376900697151013	1.0850164396430249	2.45679340600904	1.0788265722207984	2.3607655988221556	1.065608023401588	2.3608361898324723	1.0980627860742522	2.1897473723031533	1.122688920651021	1.9753194087123358	1.1060312182506697	1.9090120242965167	1.1317442719881745	1.8747320419378728	1.1585606043052112	1.685288986228145	1.2368598148191123	1.66771774928176	1.2857309532143275	1.6268293496016268	1.3249536852472856	1.5196700507614214	1.3490207196352209	1.4881314668289713	1.4138389886892881	1.4536502447173294	1.4495540758191303	1.547699594046008	1.488131245916713	1.5340754819440674	1.551146233454848	1.4942226890756303	1.6242448251956025	4.781241198009576	4.761904761904762	1.2912122351761315	4.071625775388274	2.4739086069867016	2.6683608640406606	4.761904761904762	5.379524996778226	19.906095238095237	1.7745000000000002	0.09350976564224811	20.971543312072754	-1.049042748492001e-05	18.233038348082594	-1.1444637519718156e-05	15.346638781911341	-1.4330918095936898e-05	13.658864575864177	-9.62469465656202e-06	12.508894821913344	-9.754708109869228e-06	11.649211903539257	-7.946030560433536e-06	10.959832255405459	-7.106108410789915e-06	10.374805592284238	-7.282169503938614e-06	9.866969931845517	-7.483637561018373e-06	9.414435951728864	-7.711756572895378e-06	9.019998201948496	-5.690042880163145e-06	8.667684094087102	-5.890169542640115e-06	8.35091822147282	-6.109265434142729e-06	8.066452123356477	-6.349948184422815e-06	7.807716262014924	-6.611605218407767e-06	7.571457736444032	-8.27656985838789e-06	7.350675512961572	-1.0094135019150017e-05	7.152365440142148	-9.065607803675197e-06	6.973926653036864	-1.1111269843537447e-05	6.807563301875283	-1.0027374733021148e-05	6.667484435677742	-1.0567026650041212e-05	6.535318284718794	-1.3042570951585977e-05	6.416039352323056	-1.3834210817562333e-05	6.30681488641856	-1.4709930674198151e-05	6.210728020869753	-6.723517744483914e-06	6.118424080857674	-7.192054218499402e-06	6.036312992977326	-2.574300755557272e-06	5.959141095795525	-2.770666400682692e-06	5.89148638383645	-5.981201084989877e-06
20	1	6	0	0	464	13256	421	6758	402	2094	430	873	377	576	368	516	389	459	391	413	393	409	390	403	393	375	427	394	463	389	458	394	460	387	475	393	495	427	486	467	465	446	464	454	481	478	496	493	516	472	540	475	534	473	548	490	563	502	575	538	578	4075	4095	99.0	441.48549400593777	278.38005352020264	20	1	0.7814817428588867	4.761904761904762	1.6172506738544474			1.377590404370287	20.996610384262045	1.2209268603909287	8.231826154745663	1.1410729491910303	4.546540156762273	1.188107869142352	3.1184140025004465	1.0109406843290785	2.728564661297963	0.963275135460566	2.892863149632786	0.9929041809178621	2.832109582279262	0.9767186250999201	2.5860989355040704	0.9670989492334572	2.54384873740515	0.9450879658799011	2.425081237212661	0.93949463316679	2.152203856749311	1.0130005693680015	2.162814953065818	1.0873649600751525	2.0685987769210317	1.0671761772724095	2.000304614915977	1.0679296095092166	1.86839183121711	1.0980627860742522	1.8117278259266087	1.1411314491216746	1.861945667814939	1.1221945137157108	1.9296723275897691	1.0740022172949002	1.73831702849125	1.0751442407952359	1.685288986228145	1.1161905645928571	1.6747249667157171	1.157391202893478	1.6434976831016437	1.2100461975001757	1.49746192893401	1.275781416117372	1.4455264759586122	1.2688907898488737	1.3862430761114855	1.3173393591192095	1.3813712223725756	1.3623055145546494	1.3630192777626935	1.4067966628336555	1.4128151260504203	1.4311181539071012	4.782414796732701	4.761904761904762	1.241068070703272	3.967717033592562	2.349034821229116	2.5412960609911055	4.761904761904762	5.449040842254888	19.906095238095237	1.7745000000000002	0.09350976564224811	20.971543312072754	-1.049042748492001e-05	18.233038348082594	-1.1444637519718156e-05	15.346638781911341	-1.4330918095936898e-05	13.658864575864177	-9.62469465656202e-06	12.508894821913344	-9.754708109869228e-06	11.649211903539257	-7.946030560433536e-06	10.959832255405459	-7.106108410789915e-06	10.374805592284238	-7.282169503938614e-06	9.866969931845517	-7.483637561018373e-06	9.414435951728864	-7.711756572895378e-06	9.019998201948496	-5.690042880163145e-06	8.667684094087102	-5.890169542640115e-06	8.35091822147282	-6.109265434142729e-06	8.066452123356477	-6.349948184422815e-06	7.807716262014924	-6.611605218407767e-06	7.571457736444032	-8.27656985838789e-06	7.350675512961572	-1.0094135019150017e-05	7.152365440142148	-9.065607803675197e-06	6.973926653036864	-1.1111269843537447e-05	6.807563301875283	-1.0027374733021148e-05	6.667484435677742	-1.0567026650041212e-05	6.535318284718794	-1.3042570951585977e-05	6.416039352323056	-1.3834210817562333e-05	6.30681488641856	-1.4709930674198151e-05	6.210728020869753	-6.723517744483914e-06	6.118424080857674	-7.192054218499402e-06	6.036312992977326	-2.574300755557272e-06	5.959141095795525	-2.770666400682692e-06	5.89148638383645	-5.981201084989877e-06
