	counts(inten<0.01	MicrocoloniesPlatonic	MicrocoloniesAggregates	MicrocoloniesLarge	counts(Norminten<0.01	counts(inten<0.02	counts(Norminten<0.02	counts(inten<0.03	counts(Norminten<0.03	counts(inten<0.04	counts(Norminten<0.04	counts(inten<0.05	counts(Norminten<0.05	counts(inten<0.060000000000000005	counts(Norminten<0.060000000000000005	counts(inten<0.06999999999999999	counts(Norminten<0.06999999999999999	counts(inten<0.08	counts(Norminten<0.08	counts(inten<0.09	counts(Norminten<0.09	counts(inten<0.09999999999999999	counts(Norminten<0.09999999999999999	counts(inten<0.11	counts(Norminten<0.11	counts(inten<0.12	counts(Norminten<0.12	counts(inten<0.13	counts(Norminten<0.13	counts(inten<0.14	counts(Norminten<0.14	counts(inten<0.15000000000000002	counts(Norminten<0.15000000000000002	counts(inten<0.16	counts(Norminten<0.16	counts(inten<0.17	counts(Norminten<0.17	counts(inten<0.18000000000000002	counts(Norminten<0.18000000000000002	counts(inten<0.19	counts(Norminten<0.19	counts(inten<0.2	counts(Norminten<0.2	counts(inten<0.21000000000000002	counts(Norminten<0.21000000000000002	counts(inten<0.22	counts(Norminten<0.22	counts(inten<0.23	counts(Norminten<0.23	counts(inten<0.24000000000000002	counts(Norminten<0.24000000000000002	counts(inten<0.25	counts(Norminten<0.25	counts(inten<0.26	counts(Norminten<0.26	counts(inten<0.27	counts(Norminten<0.27	counts(inten<0.28	counts(Norminten<0.28	counts(inten<0.29000000000000004	counts(Norminten<0.29000000000000004	diff	max	med	std	mean	min	eigenLocal	minProp	counts(inten<0.01Normalized	MicrocoloniesPlatonicNormalized	MicrocoloniesAggregatesNormalized	MicrocoloniesLargeNormalized	counts(Norminten<0.01Normalized	counts(inten<0.02Normalized	counts(Norminten<0.02Normalized	counts(inten<0.03Normalized	counts(Norminten<0.03Normalized	counts(inten<0.04Normalized	counts(Norminten<0.04Normalized	counts(inten<0.05Normalized	counts(Norminten<0.05Normalized	counts(inten<0.060000000000000005Normalized	counts(Norminten<0.060000000000000005Normalized	counts(inten<0.06999999999999999Normalized	counts(Norminten<0.06999999999999999Normalized	counts(inten<0.08Normalized	counts(Norminten<0.08Normalized	counts(inten<0.09Normalized	counts(Norminten<0.09Normalized	counts(inten<0.09999999999999999Normalized	counts(Norminten<0.09999999999999999Normalized	counts(inten<0.11Normalized	counts(Norminten<0.11Normalized	counts(inten<0.12Normalized	counts(Norminten<0.12Normalized	counts(inten<0.13Normalized	counts(Norminten<0.13Normalized	counts(inten<0.14Normalized	counts(Norminten<0.14Normalized	counts(inten<0.15000000000000002Normalized	counts(Norminten<0.15000000000000002Normalized	counts(inten<0.16Normalized	counts(Norminten<0.16Normalized	counts(inten<0.17Normalized	counts(Norminten<0.17Normalized	counts(inten<0.18000000000000002Normalized	counts(Norminten<0.18000000000000002Normalized	counts(inten<0.19Normalized	counts(Norminten<0.19Normalized	counts(inten<0.2Normalized	counts(Norminten<0.2Normalized	counts(inten<0.21000000000000002Normalized	counts(Norminten<0.21000000000000002Normalized	counts(inten<0.22Normalized	counts(Norminten<0.22Normalized	counts(inten<0.23Normalized	counts(Norminten<0.23Normalized	counts(inten<0.24000000000000002Normalized	counts(Norminten<0.24000000000000002Normalized	counts(inten<0.25Normalized	counts(Norminten<0.25Normalized	counts(inten<0.26Normalized	counts(Norminten<0.26Normalized	counts(inten<0.27Normalized	counts(Norminten<0.27Normalized	counts(inten<0.28Normalized	counts(Norminten<0.28Normalized	counts(inten<0.29000000000000004Normalized	counts(Norminten<0.29000000000000004Normalized	diffNormalized	maxNormalized	medNormalized	stdNormalized	meanNormalized	minNormalized	eigenLocalNormalized	minPropNormalized	BioVolume	SubstratumCoverage	Homogenity	ThicknessThreshold=0.01	RoughnessThreshold=0.01	ThicknessThreshold=0.02	RoughnessThreshold=0.02	ThicknessThreshold=0.03	RoughnessThreshold=0.03	ThicknessThreshold=0.04	RoughnessThreshold=0.04	ThicknessThreshold=0.05	RoughnessThreshold=0.05	ThicknessThreshold=0.060000000000000005	RoughnessThreshold=0.060000000000000005	ThicknessThreshold=0.06999999999999999	RoughnessThreshold=0.06999999999999999	ThicknessThreshold=0.08	RoughnessThreshold=0.08	ThicknessThreshold=0.09	RoughnessThreshold=0.09	ThicknessThreshold=0.09999999999999999	RoughnessThreshold=0.09999999999999999	ThicknessThreshold=0.11	RoughnessThreshold=0.11	ThicknessThreshold=0.12	RoughnessThreshold=0.12	ThicknessThreshold=0.13	RoughnessThreshold=0.13	ThicknessThreshold=0.14	RoughnessThreshold=0.14	ThicknessThreshold=0.15000000000000002	RoughnessThreshold=0.15000000000000002	ThicknessThreshold=0.16	RoughnessThreshold=0.16	ThicknessThreshold=0.17	RoughnessThreshold=0.17	ThicknessThreshold=0.18000000000000002	RoughnessThreshold=0.18000000000000002	ThicknessThreshold=0.19	RoughnessThreshold=0.19	ThicknessThreshold=0.2	RoughnessThreshold=0.2	ThicknessThreshold=0.21000000000000002	RoughnessThreshold=0.21000000000000002	ThicknessThreshold=0.22	RoughnessThreshold=0.22	ThicknessThreshold=0.23	RoughnessThreshold=0.23	ThicknessThreshold=0.24000000000000002	RoughnessThreshold=0.24000000000000002	ThicknessThreshold=0.25	RoughnessThreshold=0.25	ThicknessThreshold=0.26	RoughnessThreshold=0.26	ThicknessThreshold=0.27	RoughnessThreshold=0.27	ThicknessThreshold=0.28	RoughnessThreshold=0.28	ThicknessThreshold=0.29000000000000004	RoughnessThreshold=0.29000000000000004
0	1	18	0	0	1671	3	1705	109	1732	280	1794	405	1850	481	1912	608	1951	635	1978	663	2057	747	2113	788	2152	782	2196	845	2193	837	2242	788	2301	861	2330	938	2368	952	2394	996	2415	1058	2448	1129	2483	1116	2539	1116	2549	1134	2578	1280	2625	1311	2656	1330	2689	1374	2703	1456	2748	4055	4095	968.0	1052.488133740725	1315.0820693969727	40	1	0.6336288452148438	4.761904761904762	4.6875			7.887656360632524	0.006392499467291711	7.949459157030958	0.11766610892211367	7.964316917275946	0.47322077439199584	8.108108108108109	1.1192173768860887	8.132583084227186	1.8916155419222904	8.216234798676464	3.0061804697156984	8.148859744382257	3.6069298494745814	8.034118602761982	4.071481208548268	8.149116551778782	4.778047844441602	8.187701011353509	5.108921161825726	8.160479314398392	5.1295506723515905	8.14540059347181	5.5109893693341165	7.990526507560576	5.308892553596347	7.990021382751247	4.813095528951869	8.079637627725694	5.083544901694515	8.005772402418913	5.416642605532136	7.999189271357634	5.381875741986545	7.959305804907241	5.443812855268911	7.848043676069154	5.596699111299196	7.8353551195467785	5.727766221906549	7.8288560978685835	5.480528409369936	7.852415414115173	5.253000706048482	7.806088074967844	5.221956161355682	7.81164777892249	5.689900426742532	7.8190158465387825	5.612638068327768	7.787029435909464	5.536591457830322	7.830974430659911	5.576525021307683	7.779536623974673	5.74699032958358	7.831290966087204	4.743577745543026	4.761904761904762	9.494850416871014	6.127645658965219	7.913154910946337	7.8277886497064575	4.761904761904762	4.4475596920724545	2.720776439089692	12.624300000000002	0.044708647692777624	20.90610495195861	-5.722056812394738e-06	18.703402916021705	-1.0497535464969248e-05	16.49675100858909	-1.2481361966217754e-05	15.12359364626955	-1.2654518977398055e-05	14.190250893496064	-1.1909984338370595e-05	13.490565289941525	-1.8292218185513578e-05	12.93458944047307	-1.670449538851524e-05	12.470241231513004	-1.7204726568506535e-05	12.053641292166622	-1.4424490565828381e-05	11.685611953174833	-1.606117932650886e-05	11.353169684622435	-1.6621333957029103e-05	11.050168178675387	-1.8454156798818934e-05	10.756868816853231	-1.7855184252747785e-05	10.47114281029677	-1.8511784734388947e-05	10.199010412881089	-1.6456571108843762e-05	9.936927394106617	-1.850849967254193e-05	9.677687392254443	-1.9220505026162063e-05	9.42337273651898	-1.8436663148336782e-05	9.176628620532135	-1.9166849017938574e-05	8.938600627625483	-1.9924651609164674e-05	8.712158586511528	-2.2409002213319912e-05	8.49165185418787	-2.3293859201163978e-05	8.274250605101471	-2.4204103898908768e-05	8.068097334429877	-2.515606435308278e-05	7.86478137933531	-2.6143633120363275e-05	7.673001904539151	-2.505977801213311e-05	7.487571705862983	-2.8162484537712815e-05	7.309907161088543	-2.6961990334126464e-05	7.13567252552132	-2.796225096120238e-05
1	1	14	0	0	1674	3	1701	206	1744	356	1775	491	1782	524	1801	617	1851	625	1896	730	1963	778	1979	747	2002	787	2037	801	2094	865	2118	898	2156	888	2168	955	2195	962	2228	1013	2283	1041	2307	1081	2344	1176	2360	1229	2403	1274	2431	1301	2431	1359	2451	1438	2467	1439	2479	1530	2517	4054	4095	933.0	1037.5841786584972	1268.4080648422241	41	1	0.6339559555053711	4.761904761904762	3.6458333333333335			7.901817323578003	0.006392499467291711	7.930809399477806	0.22237815080693044	8.019496942106958	0.6016664131555376	8.022236283105848	1.3568783507433815	7.833655705996131	2.060720465628441	7.739246272184264	3.050679851668727	7.73118369392699	3.5501278046009657	7.701056051990252	4.482928027511668	7.77672133745345	4.9763336318280675	7.66846204518154	4.843101659751038	7.591672670736795	5.1623483109216135	7.5556379821958455	5.224026609274115	7.6298050646748035	5.4864899150069775	7.548111190306487	5.48497434644515	7.570490536886829	5.242959201747653	7.449147883452446	5.514812034417047	7.414789041651185	5.43840805020069	7.4074074074074066	5.536729339746393	7.419082282594566	5.506771053745239	7.3840540281022955	5.484247374562427	7.390591499558583	5.775180474389825	7.298818581060185	5.78489056248529	7.358975929442028	5.866642107202063	7.366220229077025	5.783250355618777	7.241153342070773	5.818135114307732	7.1859974199601275	5.986179335609025	7.1844603646106355	5.840334429157028	7.134839545258311	6.039076376554174	7.1729837560558565	4.742407935988021	4.761904761904762	9.151544874938695	6.040873986455774	7.632306561667801	8.023483365949119	4.761904761904762	4.449855740546255	2.720776439089692	12.624300000000002	0.044708647692777624	20.90610495195861	-5.722056812394738e-06	18.703402916021705	-1.0497535464969248e-05	16.49675100858909	-1.2481361966217754e-05	15.12359364626955	-1.2654518977398055e-05	14.190250893496064	-1.1909984338370595e-05	13.490565289941525	-1.8292218185513578e-05	12.93458944047307	-1.670449538851524e-05	12.470241231513004	-1.7204726568506535e-05	12.053641292166622	-1.4424490565828381e-05	11.685611953174833	-1.606117932650886e-05	11.353169684622435	-1.6621333957029103e-05	11.050168178675387	-1.8454156798818934e-05	10.756868816853231	-1.7855184252747785e-05	10.47114281029677	-1.8511784734388947e-05	10.199010412881089	-1.6456571108843762e-05	9.936927394106617	-1.850849967254193e-05	9.677687392254443	-1.9220505026162063e-05	9.42337273651898	-1.8436663148336782e-05	9.176628620532135	-1.9166849017938574e-05	8.938600627625483	-1.9924651609164674e-05	8.712158586511528	-2.2409002213319912e-05	8.49165185418787	-2.3293859201163978e-05	8.274250605101471	-2.4204103898908768e-05	8.068097334429877	-2.515606435308278e-05	7.86478137933531	-2.6143633120363275e-05	7.673001904539151	-2.505977801213311e-05	7.487571705862983	-2.8162484537712815e-05	7.309907161088543	-2.6961990334126464e-05	7.13567252552132	-2.796225096120238e-05
2	1	18	0	0	1479	18	1487	289	1534	507	1550	588	1595	588	1640	634	1678	634	1722	732	1768	733	1770	811	1822	770	1831	803	1870	869	1909	927	1932	959	1981	980	2000	974	1992	1014	2009	1061	2055	1099	2073	1112	2117	1189	2120	1224	2101	1293	2143	1350	2156	1354	2162	1436	2167	1443	2186	4063	4095	879.0	1008.6190029258318	1203.0989179611206	32	1	0.6334981918334961	4.761904761904762	4.6875			6.981354732121785	0.03835499680375026	6.933047370384185	0.31197711448156745	7.053846507564261	0.8568676164883638	7.005333092289614	1.6249378212568395	7.011605415860735	2.3124115148655027	7.047398049073955	3.1347342398022247	7.008604126639378	3.6012496449872193	6.994313566206337	4.495210022107591	7.0041993502892	4.688499424331585	6.858604254659588	5.258039419087137	6.909104698342877	5.050836339783536	6.791543026706232	5.237070371095024	6.813627254509018	5.511860966637068	6.80327868852459	5.6621060346933785	6.783946065521963	5.662159768554053	6.806624518966466	5.659178841600739	6.756072019727729	5.506246820057663	6.622780769998005	5.542195015303891	6.528662420382165	5.6125687685146	6.577473354031303	5.575566942316473	6.536133181990163	5.4608849383686096	6.547287684790004	5.59661096728642	6.492313345991303	5.636397126542642	6.36628083146476	5.747688477951636	6.38329560347909	5.779604418186489	6.321097689691568	5.636499875114478	6.296231580173568	5.828158610333212	6.236868614189092	5.695677915926583	6.229695069820462	4.752936221983061	4.761904761904762	8.621873467385974	5.872237089136459	7.239326223483357	6.262230919765166	4.761904761904762	4.446642611486708	2.720776439089692	12.624300000000002	0.044708647692777624	20.90610495195861	-5.722056812394738e-06	18.703402916021705	-1.0497535464969248e-05	16.49675100858909	-1.2481361966217754e-05	15.12359364626955	-1.2654518977398055e-05	14.190250893496064	-1.1909984338370595e-05	13.490565289941525	-1.8292218185513578e-05	12.93458944047307	-1.670449538851524e-05	12.470241231513004	-1.7204726568506535e-05	12.053641292166622	-1.4424490565828381e-05	11.685611953174833	-1.606117932650886e-05	11.353169684622435	-1.6621333957029103e-05	11.050168178675387	-1.8454156798818934e-05	10.756868816853231	-1.7855184252747785e-05	10.47114281029677	-1.8511784734388947e-05	10.199010412881089	-1.6456571108843762e-05	9.936927394106617	-1.850849967254193e-05	9.677687392254443	-1.9220505026162063e-05	9.42337273651898	-1.8436663148336782e-05	9.176628620532135	-1.9166849017938574e-05	8.938600627625483	-1.9924651609164674e-05	8.712158586511528	-2.2409002213319912e-05	8.49165185418787	-2.3293859201163978e-05	8.274250605101471	-2.4204103898908768e-05	8.068097334429877	-2.515606435308278e-05	7.86478137933531	-2.6143633120363275e-05	7.673001904539151	-2.505977801213311e-05	7.487571705862983	-2.8162484537712815e-05	7.309907161088543	-2.6961990334126464e-05	7.13567252552132	-2.796225096120238e-05
3	1	18	0	0	1355	38	1392	377	1446	653	1462	743	1477	732	1518	702	1531	720	1564	802	1581	857	1625	853	1676	851	1721	875	1725	878	1784	928	1805	983	1842	993	1849	962	1875	1028	1901	999	1907	1060	1929	1112	1957	1194	1942	1169	1936	1224	1990	1295	2019	1283	2031	1328	2070	1372	2077	4062	4095	832.0	985.3088681892457	1149.4677200317383	33	1	0.633793830871582	4.761904761904762	4.6875			6.396034930375266	0.08097165991902834	6.49011562849683	0.40697360608841154	6.649192992136846	1.1036184488499043	6.607610955437042	2.0532802741391696	6.4928784948127305	2.878716375648891	6.52314038932577	3.4709517923362174	6.394620332470136	4.089747230900312	6.352558895207149	4.925079832964874	6.263370572854766	5.481642573877447	6.296741194249622	5.530342323651452	6.355466231845589	5.582158084617907	6.3835311572700295	5.706645796647753	6.285297868464202	5.568945832804769	6.357804704205275	5.668214023943318	6.338003441132062	5.803861368601288	6.329026937877955	5.734249581336259	6.245988582238287	5.43840805020069	6.233792140434869	5.618714473108876	6.177694007539322	5.284595852729581	6.103767243862626	5.377707878849374	6.082103670071888	5.4608849383686096	6.052452526752026	5.620145916686279	5.947204017884486	5.383127647817278	5.866311132658627	5.440967283072546	5.927558679852258	5.544139053001113	5.919432391227864	5.3409374739821835	5.914730036694041	5.389829132675839	5.957691754209239	5.415433195184527	5.919065260758051	4.751766412428057	4.761904761904762	8.160863168219716	5.736524161503849	6.916614822308653	6.457925636007827	4.761904761904762	4.448717757337666	2.720776439089692	12.624300000000002	0.044708647692777624	20.90610495195861	-5.722056812394738e-06	18.703402916021705	-1.0497535464969248e-05	16.49675100858909	-1.2481361966217754e-05	15.12359364626955	-1.2654518977398055e-05	14.190250893496064	-1.1909984338370595e-05	13.490565289941525	-1.8292218185513578e-05	12.93458944047307	-1.670449538851524e-05	12.470241231513004	-1.7204726568506535e-05	12.053641292166622	-1.4424490565828381e-05	11.685611953174833	-1.606117932650886e-05	11.353169684622435	-1.6621333957029103e-05	11.050168178675387	-1.8454156798818934e-05	10.756868816853231	-1.7855184252747785e-05	10.47114281029677	-1.8511784734388947e-05	10.199010412881089	-1.6456571108843762e-05	9.936927394106617	-1.850849967254193e-05	9.677687392254443	-1.9220505026162063e-05	9.42337273651898	-1.8436663148336782e-05	9.176628620532135	-1.9166849017938574e-05	8.938600627625483	-1.9924651609164674e-05	8.712158586511528	-2.2409002213319912e-05	8.49165185418787	-2.3293859201163978e-05	8.274250605101471	-2.4204103898908768e-05	8.068097334429877	-2.515606435308278e-05	7.86478137933531	-2.6143633120363275e-05	7.673001904539151	-2.505977801213311e-05	7.487571705862983	-2.8162484537712815e-05	7.309907161088543	-2.6961990334126464e-05	7.13567252552132	-2.796225096120238e-05
4	1	22	0	0	1259	51	1266	605	1282	935	1275	928	1307	888	1327	873	1355	864	1402	847	1446	826	1444	845	1493	868	1511	891	1521	868	1559	912	1595	928	1630	923	1651	900	1687	925	1714	968	1721	969	1731	1044	1752	1103	1773	1098	1785	1140	1827	1177	1838	1239	1844	1245	1867	1271	1912	4067	4095	776.0	964.1373160897614	1090.7631464004517	28	1	0.6352062225341797	4.761904761904762	5.729166666666666			5.942884116119896	0.1086724909439591	5.902648265572548	0.653100879797053	5.8950659861130275	1.5802193716304147	5.762451414625327	2.5645277179019508	5.745560049235097	3.4922133081642284	5.702376348244596	4.316440049443758	5.659510483668866	4.9076966770803745	5.694557270511779	5.201424711373127	5.728547658664131	5.283356786490981	5.595381098151664	5.47847510373444	5.661522126578438	5.693670055755986	5.60459940652819	5.810995891215026	5.541993077063218	5.505518203729545	5.555951532430506	5.570486195944295	5.6006179992275005	5.47912853515971	5.600604727872457	5.33002252122192	5.577137452285241	5.087907739272994	5.6087505818206	5.055749890686489	5.569998700116989	5.1206093948370714	5.5084338891911795	4.916036730759474	5.45781309118426	5.126945931346069	5.418444980515866	5.191809837608849	5.429656397378575	5.056179775280898	5.408763105266347	5.0675675675675675	5.4420350291909925	5.038958814967035	5.388765099096986	5.157772042294563	5.370143863940823	5.0529648118836	5.373435026622535	5.016775212157095	5.448845825021373	4.757615460203079	4.761904761904762	7.611574301128004	5.613262183380759	6.563375738653258	5.47945205479452	4.761904761904762	4.45863159929014	2.720776439089692	12.624300000000002	0.044708647692777624	20.90610495195861	-5.722056812394738e-06	18.703402916021705	-1.0497535464969248e-05	16.49675100858909	-1.2481361966217754e-05	15.12359364626955	-1.2654518977398055e-05	14.190250893496064	-1.1909984338370595e-05	13.490565289941525	-1.8292218185513578e-05	12.93458944047307	-1.670449538851524e-05	12.470241231513004	-1.7204726568506535e-05	12.053641292166622	-1.4424490565828381e-05	11.685611953174833	-1.606117932650886e-05	11.353169684622435	-1.6621333957029103e-05	11.050168178675387	-1.8454156798818934e-05	10.756868816853231	-1.7855184252747785e-05	10.47114281029677	-1.8511784734388947e-05	10.199010412881089	-1.6456571108843762e-05	9.936927394106617	-1.850849967254193e-05	9.677687392254443	-1.9220505026162063e-05	9.42337273651898	-1.8436663148336782e-05	9.176628620532135	-1.9166849017938574e-05	8.938600627625483	-1.9924651609164674e-05	8.712158586511528	-2.2409002213319912e-05	8.49165185418787	-2.3293859201163978e-05	8.274250605101471	-2.4204103898908768e-05	8.068097334429877	-2.515606435308278e-05	7.86478137933531	-2.6143633120363275e-05	7.673001904539151	-2.505977801213311e-05	7.487571705862983	-2.8162484537712815e-05	7.309907161088543	-2.6961990334126464e-05	7.13567252552132	-2.796225096120238e-05
5	1	23	0	0	1167	90	1184	827	1181	1200	1160	1123	1212	1021	1221	1054	1265	962	1343	871	1356	813	1382	816	1384	840	1395	764	1435	784	1463	872	1468	894	1515	911	1545	916	1574	886	1615	919	1658	986	1685	998	1729	1057	1731	1046	1751	1052	1777	1146	1801	1176	1819	1179	1852	1205	1859	4065	4095	728.0	946.9094213507218	1042.6348190307617	30	1	0.635584831237793	4.761904761904762	5.989583333333334			5.508614585791833	0.19177498401875134	5.5203282357329355	0.8927511199870459	5.430634110452017	2.0280890331085533	5.242700894874808	3.1034101586248823	5.327940917882891	4.015258769859996	5.246873791414206	5.211372064276885	5.283602038259126	5.464356716841806	5.454914703493095	5.348808646524195	5.371999049203708	5.2002046821031085	5.355136203355679	5.29045643153527	5.248189298851011	5.510003279763858	5.17433234421365	4.982717015587295	5.228639096374567	4.972726119497653	5.213827512473271	5.326166625946739	5.154675374837599	5.278384601759462	5.205470038482683	5.260726453773748	5.219065635239672	5.1783594324156255	5.233060708823725	4.842588543944031	5.248277655011049	4.861404993652138	5.306788720673431	5.002282989193851	5.312775885988144	4.90104601483082	5.347312426547906	4.975288303130148	5.301035095241012	4.8167249953951	5.305739046118417	4.676386913229019	5.293101394018826	4.906241972771641	5.280286149876861	4.895512446923654	5.2973382258722115	4.785096797759649	5.330263347244208	4.756266035129268	5.297805642633229	4.75527584109307	4.761904761904762	7.1407552721922505	5.512960402271281	6.2737763904880675	5.870841487279844	4.761904761904762	4.461289124783139	2.720776439089692	12.624300000000002	0.044708647692777624	20.90610495195861	-5.722056812394738e-06	18.703402916021705	-1.0497535464969248e-05	16.49675100858909	-1.2481361966217754e-05	15.12359364626955	-1.2654518977398055e-05	14.190250893496064	-1.1909984338370595e-05	13.490565289941525	-1.8292218185513578e-05	12.93458944047307	-1.670449538851524e-05	12.470241231513004	-1.7204726568506535e-05	12.053641292166622	-1.4424490565828381e-05	11.685611953174833	-1.606117932650886e-05	11.353169684622435	-1.6621333957029103e-05	11.050168178675387	-1.8454156798818934e-05	10.756868816853231	-1.7855184252747785e-05	10.47114281029677	-1.8511784734388947e-05	10.199010412881089	-1.6456571108843762e-05	9.936927394106617	-1.850849967254193e-05	9.677687392254443	-1.9220505026162063e-05	9.42337273651898	-1.8436663148336782e-05	9.176628620532135	-1.9166849017938574e-05	8.938600627625483	-1.9924651609164674e-05	8.712158586511528	-2.2409002213319912e-05	8.49165185418787	-2.3293859201163978e-05	8.274250605101471	-2.4204103898908768e-05	8.068097334429877	-2.515606435308278e-05	7.86478137933531	-2.6143633120363275e-05	7.673001904539151	-2.505977801213311e-05	7.487571705862983	-2.8162484537712815e-05	7.309907161088543	-2.6961990334126464e-05	7.13567252552132	-2.796225096120238e-05
6	1	20	0	0	1074	183	1091	1133	1111	1558	1143	1332	1188	1229	1183	1026	1193	960	1232	901	1268	827	1302	797	1325	762	1345	723	1399	754	1441	793	1465	831	1475	844	1522	851	1533	837	1559	900	1565	964	1592	1013	1636	1033	1697	1050	1721	1074	1753	1098	1802	1165	1827	1185	1856	1200	1867	4070	4095	676.0	933.1918722673855	992.7291431427002	25	1	0.6380929946899414	4.761904761904762	5.208333333333334			5.069624734481945	0.3899424675047944	5.086721372622156	1.2230798294381173	5.108750632271118	2.633135594652605	5.16586820934647	3.6809815950920246	5.222437137330754	4.833254679880446	5.083580421984444	5.072929542645241	4.982875281931334	5.452996307867084	5.004061738424046	5.533038565463031	5.023373742175739	5.289753102213125	5.045142790715698	5.167271784232365	5.024458685677448	4.998360118071499	4.988872403560831	4.715319898258658	5.097467662597923	4.782443232271977	5.135424091233072	4.843635475201564	5.144141297096106	4.906417901635473	5.068031885651457	4.873823410521453	5.1413708070128035	4.810899429023687	5.096748454019549	4.574770441626585	5.066294033536982	4.760897164621245	5.009122043337707	4.890670184161128	5.019548492874259	4.974709031085793	5.059689490938331	4.862320546010826	5.1969130887486985	4.835144593847854	5.214835464517302	4.774182076813656	5.221613249136185	4.700744926791677	5.283218013369297	4.849721089001748	5.3206360300541675	4.8094484354072815	5.341775795078429	4.736530491415039	5.320604160729553	4.761124888868093	4.761904761904762	6.630701324178519	5.4330960528335375	5.973482322590999	4.892367906066536	4.761904761904762	4.478894394421901	2.720776439089692	12.624300000000002	0.044708647692777624	20.90610495195861	-5.722056812394738e-06	18.703402916021705	-1.0497535464969248e-05	16.49675100858909	-1.2481361966217754e-05	15.12359364626955	-1.2654518977398055e-05	14.190250893496064	-1.1909984338370595e-05	13.490565289941525	-1.8292218185513578e-05	12.93458944047307	-1.670449538851524e-05	12.470241231513004	-1.7204726568506535e-05	12.053641292166622	-1.4424490565828381e-05	11.685611953174833	-1.606117932650886e-05	11.353169684622435	-1.6621333957029103e-05	11.050168178675387	-1.8454156798818934e-05	10.756868816853231	-1.7855184252747785e-05	10.47114281029677	-1.8511784734388947e-05	10.199010412881089	-1.6456571108843762e-05	9.936927394106617	-1.850849967254193e-05	9.677687392254443	-1.9220505026162063e-05	9.42337273651898	-1.8436663148336782e-05	9.176628620532135	-1.9166849017938574e-05	8.938600627625483	-1.9924651609164674e-05	8.712158586511528	-2.2409002213319912e-05	8.49165185418787	-2.3293859201163978e-05	8.274250605101471	-2.4204103898908768e-05	8.068097334429877	-2.515606435308278e-05	7.86478137933531	-2.6143633120363275e-05	7.673001904539151	-2.505977801213311e-05	7.487571705862983	-2.8162484537712815e-05	7.309907161088543	-2.6961990334126464e-05	7.13567252552132	-2.796225096120238e-05
7	1	21	0	0	1025	255	1016	1753	1079	1950	1096	1632	1130	1297	1167	1087	1169	931	1225	881	1270	772	1290	759	1300	727	1351	705	1350	720	1375	713	1390	753	1419	773	1457	827	1469	888	1506	921	1556	960	1588	953	1634	1010	1646	1035	1676	1028	1717	1087	1741	1136	1758	1170	1762	1217	1793	4069	4095	623.0	918.1845085591061	944.0457906723022	26	1	0.6403818130493164	4.761904761904762	5.46875			4.838329006372433	0.5433624547197954	4.73703841850056	1.8923732930317916	4.961603899388421	3.2956446788013993	4.953448431709302	4.510031503896535	4.967469667663091	5.100676419694825	5.01482531906665	5.374536464771323	4.88263302982207	5.288270377733598	4.9756295694557275	5.410218619503807	5.031297044608193	4.937955737495202	4.9986437788197	4.920902489626556	4.929657578400516	4.768776648081338	5.011127596439168	4.597926041870475	4.918928766624157	4.566789293416212	4.900213827512474	4.35499633520645	4.880789353558763	4.445887701481962	4.875618471687741	4.463821678119767	4.921798466371651	4.675221889309741	4.883968348959372	4.85351989505903	4.894059534641882	4.871984765129073	4.980315590692315	4.870376946882452	5.00693656198764	4.680056966065904	5.053504051462856	4.754059778771476	5.0407300790102285	4.766071099650027	5.07848009211563	4.569701280227596	5.114381031812224	4.653651853754602	5.104374340330714	4.728998418116726	5.119692468984798	4.748569341288202	5.071233270974241	4.8036313400434185	5.109717868338557	4.759955079313087	4.761904761904762	6.110838646395292	5.345722329433246	5.680543259206833	5.088062622309197	4.761904761904762	4.49496003971963	2.720776439089692	12.624300000000002	0.044708647692777624	20.90610495195861	-5.722056812394738e-06	18.703402916021705	-1.0497535464969248e-05	16.49675100858909	-1.2481361966217754e-05	15.12359364626955	-1.2654518977398055e-05	14.190250893496064	-1.1909984338370595e-05	13.490565289941525	-1.8292218185513578e-05	12.93458944047307	-1.670449538851524e-05	12.470241231513004	-1.7204726568506535e-05	12.053641292166622	-1.4424490565828381e-05	11.685611953174833	-1.606117932650886e-05	11.353169684622435	-1.6621333957029103e-05	11.050168178675387	-1.8454156798818934e-05	10.756868816853231	-1.7855184252747785e-05	10.47114281029677	-1.8511784734388947e-05	10.199010412881089	-1.6456571108843762e-05	9.936927394106617	-1.850849967254193e-05	9.677687392254443	-1.9220505026162063e-05	9.42337273651898	-1.8436663148336782e-05	9.176628620532135	-1.9166849017938574e-05	8.938600627625483	-1.9924651609164674e-05	8.712158586511528	-2.2409002213319912e-05	8.49165185418787	-2.3293859201163978e-05	8.274250605101471	-2.4204103898908768e-05	8.068097334429877	-2.515606435308278e-05	7.86478137933531	-2.6143633120363275e-05	7.673001904539151	-2.505977801213311e-05	7.487571705862983	-2.8162484537712815e-05	7.309907161088543	-2.6961990334126464e-05	7.13567252552132	-2.796225096120238e-05
8	1	20	0	0	952	393	985	2334	999	2253	1028	1706	1084	1279	1103	1083	1159	928	1175	775	1237	713	1281	681	1305	682	1347	709	1362	778	1363	756	1371	794	1399	762	1430	773	1458	805	1527	845	1562	900	1562	934	1597	965	1621	998	1649	1021	1676	1088	1733	1112	1743	1160	1766	1237	1755	4070	4095	573.0	902.1997166857426	899.8068504333496	25	1	0.6426792144775391	4.761904761904762	5.208333333333334			4.49374557469908	0.8374174302152142	4.592502797463633	2.5195660387542507	4.59373706718168	3.807737159661309	4.64611768959595	4.714530481401647	4.765254088271496	5.029888312096901	4.739804907395471	5.354758961681088	4.840865424776544	5.271229764271514	4.772542648253452	4.7592729059199215	4.900562554472705	4.560573109888704	4.963769519897703	4.415197095435685	4.948617799855903	4.473597900951132	4.996290801186944	4.624013565512294	4.962652577883039	4.934669542052518	4.8574483250178195	4.6176398729538235	4.814073527862636	4.68796126822932	4.8068993952721275	4.400300282958942	4.8305914941053265	4.369947424953361	4.847396768402154	4.39986882378662	4.962303392694658	4.4699534490055015	4.99951989245591	4.565978387702298	4.924959011224619	4.586750478809606	4.939073421166574	4.542245234172746	4.964169780118822	4.595689813962055	4.996666868674626	4.538584637268848	4.992255450971047	4.657933042212519	5.080919432391228	4.62909000083257	5.076009086143631	4.707983278542149	5.082745718808462	4.8825735149003355	5.00142490738102	4.761124888868093	4.761904761904762	5.62040215792055	5.252657963772276	5.414347258703645	4.892367906066536	4.761904761904762	4.5110859311872264	2.720776439089692	12.624300000000002	0.044708647692777624	20.90610495195861	-5.722056812394738e-06	18.703402916021705	-1.0497535464969248e-05	16.49675100858909	-1.2481361966217754e-05	15.12359364626955	-1.2654518977398055e-05	14.190250893496064	-1.1909984338370595e-05	13.490565289941525	-1.8292218185513578e-05	12.93458944047307	-1.670449538851524e-05	12.470241231513004	-1.7204726568506535e-05	12.053641292166622	-1.4424490565828381e-05	11.685611953174833	-1.606117932650886e-05	11.353169684622435	-1.6621333957029103e-05	11.050168178675387	-1.8454156798818934e-05	10.756868816853231	-1.7855184252747785e-05	10.47114281029677	-1.8511784734388947e-05	10.199010412881089	-1.6456571108843762e-05	9.936927394106617	-1.850849967254193e-05	9.677687392254443	-1.9220505026162063e-05	9.42337273651898	-1.8436663148336782e-05	9.176628620532135	-1.9166849017938574e-05	8.938600627625483	-1.9924651609164674e-05	8.712158586511528	-2.2409002213319912e-05	8.49165185418787	-2.3293859201163978e-05	8.274250605101471	-2.4204103898908768e-05	8.068097334429877	-2.515606435308278e-05	7.86478137933531	-2.6143633120363275e-05	7.673001904539151	-2.505977801213311e-05	7.487571705862983	-2.8162484537712815e-05	7.309907161088543	-2.6961990334126464e-05	7.13567252552132	-2.796225096120238e-05
9	1	23	0	0	920	650	964	3046	981	2547	1028	1768	1085	1305	1117	1104	1140	926	1177	807	1180	685	1232	685	1272	697	1299	649	1351	685	1376	730	1386	730	1423	756	1462	766	1477	795	1527	858	1568	889	1589	925	1616	994	1620	1030	1642	1097	1662	1118	1709	1175	1731	1190	1762	1240	1777	4070	4095	516.0	883.1776143010965	849.0646438598633	25	1	0.6477842330932617	4.761904761904762	5.989583333333334			4.342695303280624	1.3850415512465373	4.494591570309586	3.2881740163005344	4.510967029935163	4.3046189727729045	4.64611768959595	4.88586746255458	4.769650079127835	5.132137800849457	4.799965622448541	5.4585908529048215	4.761506975190042	5.259869355296791	4.780666125101543	4.95578481945468	4.6747484351477695	4.381476269668671	4.773898554655713	4.441130705394191	4.82348033825035	4.5719908166612	4.818249258160237	4.23270071088502	4.922572417562397	4.344792591652924	4.903777619387028	4.458832152455412	4.866743916570105	4.31009033477003	4.889362286970863	4.365652249234856	4.938688646420971	4.33037480920346	4.910565862091895	4.345212068211631	4.962303392694658	4.538721963605586	5.018724194219505	4.510171985185937	5.010089544709295	4.542552669056622	4.997835096183584	4.6787479406919275	4.961107368163165	4.743046601584085	4.975456032967699	4.876422475106685	4.950554033122841	4.786368695949996	5.010554708572769	4.89134959620348	5.041062379870697	4.829741466780307	5.071233270974241	4.8944148411288735	5.06412083214591	4.761124888868093	4.761904761904762	5.061304561059343	5.141910203902157	5.109019590960933	4.892367906066536	4.761904761904762	4.5469190142200375	2.720776439089692	12.624300000000002	0.044708647692777624	20.90610495195861	-5.722056812394738e-06	18.703402916021705	-1.0497535464969248e-05	16.49675100858909	-1.2481361966217754e-05	15.12359364626955	-1.2654518977398055e-05	14.190250893496064	-1.1909984338370595e-05	13.490565289941525	-1.8292218185513578e-05	12.93458944047307	-1.670449538851524e-05	12.470241231513004	-1.7204726568506535e-05	12.053641292166622	-1.4424490565828381e-05	11.685611953174833	-1.606117932650886e-05	11.353169684622435	-1.6621333957029103e-05	11.050168178675387	-1.8454156798818934e-05	10.756868816853231	-1.7855184252747785e-05	10.47114281029677	-1.8511784734388947e-05	10.199010412881089	-1.6456571108843762e-05	9.936927394106617	-1.850849967254193e-05	9.677687392254443	-1.9220505026162063e-05	9.42337273651898	-1.8436663148336782e-05	9.176628620532135	-1.9166849017938574e-05	8.938600627625483	-1.9924651609164674e-05	8.712158586511528	-2.2409002213319912e-05	8.49165185418787	-2.3293859201163978e-05	8.274250605101471	-2.4204103898908768e-05	8.068097334429877	-2.515606435308278e-05	7.86478137933531	-2.6143633120363275e-05	7.673001904539151	-2.505977801213311e-05	7.487571705862983	-2.8162484537712815e-05	7.309907161088543	-2.6961990334126464e-05	7.13567252552132	-2.796225096120238e-05
10	1	21	0	0	949	962	978	3521	979	2838	1000	1799	1037	1313	1088	974	1122	833	1165	749	1177	725	1228	670	1262	646	1290	648	1311	706	1330	711	1363	762	1416	794	1446	814	1440	855	1466	905	1500	982	1523	979	1541	1006	1566	1038	1593	1121	1633	1165	1654	1183	1690	1246	1711	1257	1759	4073	4095	464.0	860.4585671207212	801.4157848358154	22	1	0.6530933380126953	4.761904761904762	5.46875			4.4795846117536	2.0498614958448753	4.559865721745617	3.800939169860204	4.501770359129996	4.796430563301729	4.519569736961041	4.9715359531310455	4.558642518023563	5.1635991820040905	4.675346998410038	4.815822002472188	4.686325286108095	4.731610337972167	4.731925264012998	4.599606976172931	4.662863481499089	4.637328898554433	4.758398884023714	4.343879668049793	4.785559895339578	4.237454903246967	4.78486646884273	4.226178829974565	4.776826380032793	4.477990612710897	4.73984319315752	4.342780356706572	4.785982653885319	4.499025801499675	4.865310610225398	4.585089796154068	4.884640070263149	4.601729888631353	4.78755236385398	4.673152601661566	4.764071233588977	4.787346593313584	4.801075440898761	4.981989751915174	4.801992685080085	4.8077395275745225	4.765881115853281	4.735231819251589	4.7957371225577266	4.779885798489593	4.826980183019211	4.983108108108108	4.864172524722984	4.987584553472043	4.8493022164888	4.924652401964866	4.921661133438174	5.057023418158205	4.924449561087926	4.961515689757253	5.012824166429182	4.764634317533106	4.761904761904762	4.55125061304561	5.0096386215747994	4.8223053154328435	4.305283757338552	4.761904761904762	4.584184617291895	2.720776439089692	12.624300000000002	0.044708647692777624	20.90610495195861	-5.722056812394738e-06	18.703402916021705	-1.0497535464969248e-05	16.49675100858909	-1.2481361966217754e-05	15.12359364626955	-1.2654518977398055e-05	14.190250893496064	-1.1909984338370595e-05	13.490565289941525	-1.8292218185513578e-05	12.93458944047307	-1.670449538851524e-05	12.470241231513004	-1.7204726568506535e-05	12.053641292166622	-1.4424490565828381e-05	11.685611953174833	-1.606117932650886e-05	11.353169684622435	-1.6621333957029103e-05	11.050168178675387	-1.8454156798818934e-05	10.756868816853231	-1.7855184252747785e-05	10.47114281029677	-1.8511784734388947e-05	10.199010412881089	-1.6456571108843762e-05	9.936927394106617	-1.850849967254193e-05	9.677687392254443	-1.9220505026162063e-05	9.42337273651898	-1.8436663148336782e-05	9.176628620532135	-1.9166849017938574e-05	8.938600627625483	-1.9924651609164674e-05	8.712158586511528	-2.2409002213319912e-05	8.49165185418787	-2.3293859201163978e-05	8.274250605101471	-2.4204103898908768e-05	8.068097334429877	-2.515606435308278e-05	7.86478137933531	-2.6143633120363275e-05	7.673001904539151	-2.505977801213311e-05	7.487571705862983	-2.8162484537712815e-05	7.309907161088543	-2.6961990334126464e-05	7.13567252552132	-2.796225096120238e-05
11	1	19	0	0	886	1261	892	4268	945	3188	978	1972	1003	1314	1041	966	1078	801	1109	718	1107	656	1160	644	1186	654	1196	677	1227	711	1261	791	1296	785	1338	836	1337	851	1360	886	1401	899	1416	934	1462	993	1472	1037	1533	1094	1541	1111	1599	1138	1626	1188	1626	1196	1684	1217	1718	4073	4095	402.0	833.6619892875333	744.9825077056885	22	1	0.661046028137207	4.761904761904762	4.947916666666666			4.182204389898513	2.686980609418282	4.158895934352853	4.607329842931937	4.34542695544213	5.3879565312917235	4.420139202747898	5.449621400541646	4.409178828908035	5.167531854648419	4.4733788835890165	4.776266996291718	4.502547823907777	4.5498437943765975	4.50446791226645	4.409236059936133	4.385547896363204	4.195983113726494	4.49490448327973	4.1753112033195015	4.497364529217701	4.289931124959003	4.436201780415431	4.415313376377748	4.470759701220623	4.50970442724851	4.493941553813257	4.831419496701686	4.550721584325292	4.634823168211607	4.597306212204508	4.827626032222671	4.516434145187988	4.810899429023687	4.521577232528759	4.842588543944031	4.552840244378006	4.755607278882776	4.532215216208431	4.738470904571051	4.60966073905915	4.876491676079163	4.552483453949403	4.881148505530713	4.694677528021069	5.0377601768281455	4.669413974910611	4.938655761024182	4.76289765280591	4.871992465108314	4.767210038700598	4.945466655565731	4.735278699982526	4.85409310442794	4.846740538206936	4.8036313400434185	4.8959817611855225	4.764634317533106	4.761904761904762	3.94310936733693	4.853627424326368	4.482733151493424	4.305283757338552	4.761904761904762	4.640006040682632	2.720776439089692	12.624300000000002	0.044708647692777624	20.90610495195861	-5.722056812394738e-06	18.703402916021705	-1.0497535464969248e-05	16.49675100858909	-1.2481361966217754e-05	15.12359364626955	-1.2654518977398055e-05	14.190250893496064	-1.1909984338370595e-05	13.490565289941525	-1.8292218185513578e-05	12.93458944047307	-1.670449538851524e-05	12.470241231513004	-1.7204726568506535e-05	12.053641292166622	-1.4424490565828381e-05	11.685611953174833	-1.606117932650886e-05	11.353169684622435	-1.6621333957029103e-05	11.050168178675387	-1.8454156798818934e-05	10.756868816853231	-1.7855184252747785e-05	10.47114281029677	-1.8511784734388947e-05	10.199010412881089	-1.6456571108843762e-05	9.936927394106617	-1.850849967254193e-05	9.677687392254443	-1.9220505026162063e-05	9.42337273651898	-1.8436663148336782e-05	9.176628620532135	-1.9166849017938574e-05	8.938600627625483	-1.9924651609164674e-05	8.712158586511528	-2.2409002213319912e-05	8.49165185418787	-2.3293859201163978e-05	8.274250605101471	-2.4204103898908768e-05	8.068097334429877	-2.515606435308278e-05	7.86478137933531	-2.6143633120363275e-05	7.673001904539151	-2.505977801213311e-05	7.487571705862983	-2.8162484537712815e-05	7.309907161088543	-2.6961990334126464e-05	7.13567252552132	-2.796225096120238e-05
12	1	23	0	0	883	1635	926	4900	898	3442	909	1847	947	1280	972	958	1055	832	1062	761	1090	705	1144	729	1185	700	1222	730	1257	722	1309	771	1308	810	1337	828	1341	880	1388	897	1425	904	1428	937	1482	971	1514	1054	1517	1066	1569	1125	1577	1185	1595	1221	1597	1266	1603	1297	1640	4071	4095	352.0	805.2039377185641	695.9717025756836	24	1	0.6691751480102539	4.761904761904762	5.989583333333334			4.168043426953033	3.4839122096739823	4.317418873554644	5.289577373562908	4.129305191520669	5.817235376633034	4.108288890897587	5.104183938539767	4.163003340953051	5.03382098474123	4.1768725022560265	4.736711990111249	4.406482332303066	4.725930133484805	4.313566206336312	4.673298943748465	4.318199825687347	4.509402584111552	4.432905800751734	4.726400414937759	4.493572484926624	4.591669399803214	4.532640949554896	4.760973064631839	4.580069229367827	4.579474819231257	4.665003563791874	4.709259711702908	4.592857895291267	4.782429001594143	4.593870258383728	4.78142865392389	4.529946289227444	4.974843122844706	4.614668528492586	4.902710975076519	4.6308332250097495	4.782056707575117	4.570623819735621	4.75369083253006	4.672720393492244	4.76845258557187	4.682377682934372	4.961167333490233	4.645678936730569	4.908822987658869	4.754257317738319	5.000889046941678	4.697366853330156	5.073208322630362	4.676322270435088	5.082840729331446	4.650824159822937	5.13819554365031	4.613613469563966	5.1194000394710875	4.673696209746367	4.762294698423097	4.761904761904762	3.4526728788621877	4.6879430326749185	4.187823729238302	4.6966731898238745	4.761904761904762	4.697065857565068	2.720776439089692	12.624300000000002	0.044708647692777624	20.90610495195861	-5.722056812394738e-06	18.703402916021705	-1.0497535464969248e-05	16.49675100858909	-1.2481361966217754e-05	15.12359364626955	-1.2654518977398055e-05	14.190250893496064	-1.1909984338370595e-05	13.490565289941525	-1.8292218185513578e-05	12.93458944047307	-1.670449538851524e-05	12.470241231513004	-1.7204726568506535e-05	12.053641292166622	-1.4424490565828381e-05	11.685611953174833	-1.606117932650886e-05	11.353169684622435	-1.6621333957029103e-05	11.050168178675387	-1.8454156798818934e-05	10.756868816853231	-1.7855184252747785e-05	10.47114281029677	-1.8511784734388947e-05	10.199010412881089	-1.6456571108843762e-05	9.936927394106617	-1.850849967254193e-05	9.677687392254443	-1.9220505026162063e-05	9.42337273651898	-1.8436663148336782e-05	9.176628620532135	-1.9166849017938574e-05	8.938600627625483	-1.9924651609164674e-05	8.712158586511528	-2.2409002213319912e-05	8.49165185418787	-2.3293859201163978e-05	8.274250605101471	-2.4204103898908768e-05	8.068097334429877	-2.515606435308278e-05	7.86478137933531	-2.6143633120363275e-05	7.673001904539151	-2.505977801213311e-05	7.487571705862983	-2.8162484537712815e-05	7.309907161088543	-2.6961990334126464e-05	7.13567252552132	-2.796225096120238e-05
13	1	24	0	0	777	2143	805	5675	832	3465	886	2009	935	1354	974	1088	1029	838	1066	767	1105	777	1119	714	1130	721	1176	714	1206	706	1239	692	1257	756	1257	784	1292	818	1331	883	1377	935	1402	977	1445	1037	1481	1089	1502	1106	1527	1129	1549	1171	1544	1223	1549	1255	1585	1259	1590	4075	4095	303.0	775.6560677868786	646.5949850082397	20	1	0.6771059036254883	4.761904761904762	6.25			3.6676894028793954	4.5663754528020455	3.7532637075718016	6.126194203055	3.825815054950108	5.856107083100948	4.004338786947483	5.551870889294202	4.110251450676983	5.324838760421582	4.185466890120751	5.379480840543882	4.297886559184697	4.760011360408975	4.329813160032494	4.710144927536232	4.377624593930751	4.969937316105923	4.336032859301739	4.629149377593361	4.285010048917371	4.7294194817973105	4.362017804154303	4.656622970064567	4.394243031517581	4.477990612710897	4.415538132573057	4.226728560957733	4.413778573685874	4.4636004014878665	4.318993952721276	4.5273430732805915	4.364422524744114	4.6243428119170105	4.425161247423366	4.826191517271535	4.474847263746263	4.946043165467626	4.487405178760042	4.956623205316828	4.55606003279102	5.092569857093748	4.58031793158904	5.125911979289245	4.599742757395725	5.093018972186406	4.626992303496758	5.018669985775249	4.613964017633743	5.013271684219539	4.526797232320863	5.091166430771792	4.511037334731202	5.093550874629652	4.561807454309973	4.9694099072429445	4.531205471644343	4.766973936643114	4.761904761904762	2.97204512015694	4.515913656652361	3.890712526677085	3.9138943248532287	4.761904761904762	4.752733318521701	2.720776439089692	12.624300000000002	0.044708647692777624	20.90610495195861	-5.722056812394738e-06	18.703402916021705	-1.0497535464969248e-05	16.49675100858909	-1.2481361966217754e-05	15.12359364626955	-1.2654518977398055e-05	14.190250893496064	-1.1909984338370595e-05	13.490565289941525	-1.8292218185513578e-05	12.93458944047307	-1.670449538851524e-05	12.470241231513004	-1.7204726568506535e-05	12.053641292166622	-1.4424490565828381e-05	11.685611953174833	-1.606117932650886e-05	11.353169684622435	-1.6621333957029103e-05	11.050168178675387	-1.8454156798818934e-05	10.756868816853231	-1.7855184252747785e-05	10.47114281029677	-1.8511784734388947e-05	10.199010412881089	-1.6456571108843762e-05	9.936927394106617	-1.850849967254193e-05	9.677687392254443	-1.9220505026162063e-05	9.42337273651898	-1.8436663148336782e-05	9.176628620532135	-1.9166849017938574e-05	8.938600627625483	-1.9924651609164674e-05	8.712158586511528	-2.2409002213319912e-05	8.49165185418787	-2.3293859201163978e-05	8.274250605101471	-2.4204103898908768e-05	8.068097334429877	-2.515606435308278e-05	7.86478137933531	-2.6143633120363275e-05	7.673001904539151	-2.505977801213311e-05	7.487571705862983	-2.8162484537712815e-05	7.309907161088543	-2.6961990334126464e-05	7.13567252552132	-2.796225096120238e-05
14	1	12	0	0	747	3150	792	6511	784	3946	796	2300	828	1468	863	1017	896	847	938	743	966	754	1001	702	1015	681	1064	695	1101	732	1146	757	1158	763	1197	807	1259	835	1283	862	1330	897	1341	947	1349	971	1367	1007	1397	1064	1393	1094	1443	1151	1481	1174	1472	1222	1491	1273	1492	4076	4095	238.0	727.3184975871623	570.3058595657349	19	1	0.6957120895385742	4.761904761904762	3.125			3.526079773424593	6.712124440656296	3.692651995524058	7.028660873320019	3.6050949556260634	6.669032770538627	3.597577510620989	6.356049300834576	3.639880429048708	5.773163441875099	3.7084783636285508	5.028430160692213	3.742377412079191	4.811133200795228	3.809910641754671	4.562760992385163	3.826955074875208	4.82282205449661	3.878792575657767	4.551348547717842	3.8489249554434792	4.467038373237127	3.9465875370919883	4.5327072327659295	4.011659683002368	4.642902448306482	4.084105488239487	4.623747862203762	4.06615400821658	4.504930034834977	4.1128367234744365	4.660160535889588	4.252947336418607	4.720447735881056	4.265576168628233	4.711412330564057	4.322111010009099	4.7450275074058395	4.292161444163493	4.804423925726751	4.25337369151217	4.76845258557187	4.227747881486979	4.73993880913156	4.2781895020518155	4.899613188432492	4.220956305678444	4.863086770981508	4.298224711068747	4.927647915061221	4.342089832297408	4.887186745483307	4.2867959694798765	4.959616867567678	4.291264930205784	5.024669429642787	4.251923624964378	4.768143746198119	4.761904761904762	2.3344776851397744	4.23448957907489	3.4316631017815133	3.7181996086105675	4.761904761904762	4.883333626754494	2.720776439089692	12.624300000000002	0.044708647692777624	20.90610495195861	-5.722056812394738e-06	18.703402916021705	-1.0497535464969248e-05	16.49675100858909	-1.2481361966217754e-05	15.12359364626955	-1.2654518977398055e-05	14.190250893496064	-1.1909984338370595e-05	13.490565289941525	-1.8292218185513578e-05	12.93458944047307	-1.670449538851524e-05	12.470241231513004	-1.7204726568506535e-05	12.053641292166622	-1.4424490565828381e-05	11.685611953174833	-1.606117932650886e-05	11.353169684622435	-1.6621333957029103e-05	11.050168178675387	-1.8454156798818934e-05	10.756868816853231	-1.7855184252747785e-05	10.47114281029677	-1.8511784734388947e-05	10.199010412881089	-1.6456571108843762e-05	9.936927394106617	-1.850849967254193e-05	9.677687392254443	-1.9220505026162063e-05	9.42337273651898	-1.8436663148336782e-05	9.176628620532135	-1.9166849017938574e-05	8.938600627625483	-1.9924651609164674e-05	8.712158586511528	-2.2409002213319912e-05	8.49165185418787	-2.3293859201163978e-05	8.274250605101471	-2.4204103898908768e-05	8.068097334429877	-2.515606435308278e-05	7.86478137933531	-2.6143633120363275e-05	7.673001904539151	-2.505977801213311e-05	7.487571705862983	-2.8162484537712815e-05	7.309907161088543	-2.6961990334126464e-05	7.13567252552132	-2.796225096120238e-05
15	1	13	0	0	705	3730	740	7367	757	4292	775	2526	790	1551	822	1039	869	825	894	760	935	746	971	738	994	724	1013	717	1034	727	1071	749	1086	775	1108	794	1139	822	1163	883	1181	909	1216	938	1233	983	1283	1007	1284	1037	1309	1071	1316	1111	1357	1114	1367	1141	1371	1174	1382	4077	4095	208.0	693.5281571174729	523.1144971847534	18	1	0.7095174789428711	4.761904761904762	3.3854166666666665			3.3278262921878685	7.948007670999361	3.4502051473330844	7.952717655313866	3.4809398997562884	7.253798441751592	3.502666546144807	6.980600232133974	3.4728327765078246	6.0995752713544125	3.532293412401702	5.137206427688504	3.629604878456269	4.6861687020732745	3.631194151096669	4.667157946450503	3.7041438871721732	4.771651528719458	3.7625450459177743	4.784751037344398	3.7692920253308557	4.749098064939324	3.7574183976261124	4.67618861279593	3.7675350701402808	4.61118863376887	3.8168210976478973	4.574883948204251	3.8133361424207313	4.575780834858594	3.8070368334249585	4.585089796154068	3.847583015234943	4.646955735202668	3.866613471640402	4.826191517271535	3.8379045885870275	4.808506136267457	3.8920718240885956	4.758764141849729	3.887627695800227	4.827382998575849	3.967959423517041	4.73993880913156	3.932136951062657	4.775280898876404	3.9664262771953216	4.760846372688478	3.919933277731443	4.756400376744584	3.97853875923537	4.637415702272916	3.981012289591706	4.630869759324648	3.945891495179162	4.633905664101046	3.9384440011399255	4.769313555753123	4.761904761904762	2.040215792054929	4.037760298756889	3.1477016900419796	3.522504892367906	4.761904761904762	4.980236243975299	2.720776439089692	12.624300000000002	0.044708647692777624	20.90610495195861	-5.722056812394738e-06	18.703402916021705	-1.0497535464969248e-05	16.49675100858909	-1.2481361966217754e-05	15.12359364626955	-1.2654518977398055e-05	14.190250893496064	-1.1909984338370595e-05	13.490565289941525	-1.8292218185513578e-05	12.93458944047307	-1.670449538851524e-05	12.470241231513004	-1.7204726568506535e-05	12.053641292166622	-1.4424490565828381e-05	11.685611953174833	-1.606117932650886e-05	11.353169684622435	-1.6621333957029103e-05	11.050168178675387	-1.8454156798818934e-05	10.756868816853231	-1.7855184252747785e-05	10.47114281029677	-1.8511784734388947e-05	10.199010412881089	-1.6456571108843762e-05	9.936927394106617	-1.850849967254193e-05	9.677687392254443	-1.9220505026162063e-05	9.42337273651898	-1.8436663148336782e-05	9.176628620532135	-1.9166849017938574e-05	8.938600627625483	-1.9924651609164674e-05	8.712158586511528	-2.2409002213319912e-05	8.49165185418787	-2.3293859201163978e-05	8.274250605101471	-2.4204103898908768e-05	8.068097334429877	-2.515606435308278e-05	7.86478137933531	-2.6143633120363275e-05	7.673001904539151	-2.505977801213311e-05	7.487571705862983	-2.8162484537712815e-05	7.309907161088543	-2.6961990334126464e-05	7.13567252552132	-2.796225096120238e-05
16	1	15	0	0	696	4680	696	8166	736	4732	791	2560	806	1574	778	1066	777	937	806	761	822	709	846	713	864	684	895	699	930	735	915	777	956	811	990	778	995	792	1038	824	1069	841	1065	865	1091	895	1115	928	1138	928	1135	981	1145	992	1193	1023	1205	1063	1216	1065	1230	4075	4095	175.0	648.4331263745703	461.81148624420166	20	1	0.729466438293457	4.761904761904762	3.90625			3.2853434033514284	9.97229916897507	3.245057814248415	8.815242618880553	3.3843748563020184	7.997431087224729	3.574979661936184	7.074559221798486	3.5431686302092493	6.190026742173981	3.343216879377766	5.270704573547589	3.2453429120374238	5.322351604657768	3.273761169780666	4.673298943748465	3.256477299738531	4.534987847000128	3.2781803386678035	4.622665975103734	3.2763262674908042	4.486716956379141	3.31973293768546	4.558794756407749	3.3885953725633087	4.66193073702905	3.260869565217391	4.745907647202541	3.3568594402893357	4.7883332349294445	3.4015942825728422	4.492695039556505	3.3611458298145456	4.477358810560235	3.4510273289447437	4.5037166593791	3.4739373456388924	4.448793906051629	3.4087635630381206	4.388412561513875	3.439904149325262	4.395226636546678	3.4483825075771635	4.368086608613791	3.4850248055368414	4.273346841038865	3.4391855039088535	4.360775248933144	3.4105802454426306	4.24693895025259	3.4977131464759004	4.258596286737157	3.5092317549071	4.3142984699054345	3.499784141603109	4.203670811130847	3.505272157309775	4.766973936643114	4.761904761904762	1.716527709661599	3.775214469959239	2.7788272042827256	3.9138943248532287	4.761904761904762	5.12026173078276	2.720776439089692	12.624300000000002	0.044708647692777624	20.90610495195861	-5.722056812394738e-06	18.703402916021705	-1.0497535464969248e-05	16.49675100858909	-1.2481361966217754e-05	15.12359364626955	-1.2654518977398055e-05	14.190250893496064	-1.1909984338370595e-05	13.490565289941525	-1.8292218185513578e-05	12.93458944047307	-1.670449538851524e-05	12.470241231513004	-1.7204726568506535e-05	12.053641292166622	-1.4424490565828381e-05	11.685611953174833	-1.606117932650886e-05	11.353169684622435	-1.6621333957029103e-05	11.050168178675387	-1.8454156798818934e-05	10.756868816853231	-1.7855184252747785e-05	10.47114281029677	-1.8511784734388947e-05	10.199010412881089	-1.6456571108843762e-05	9.936927394106617	-1.850849967254193e-05	9.677687392254443	-1.9220505026162063e-05	9.42337273651898	-1.8436663148336782e-05	9.176628620532135	-1.9166849017938574e-05	8.938600627625483	-1.9924651609164674e-05	8.712158586511528	-2.2409002213319912e-05	8.49165185418787	-2.3293859201163978e-05	8.274250605101471	-2.4204103898908768e-05	8.068097334429877	-2.515606435308278e-05	7.86478137933531	-2.6143633120363275e-05	7.673001904539151	-2.505977801213311e-05	7.487571705862983	-2.8162484537712815e-05	7.309907161088543	-2.6961990334126464e-05	7.13567252552132	-2.796225096120238e-05
17	1	18	0	0	735	5614	705	9310	708	4979	714	2582	727	1524	752	1097	758	882	765	799	803	745	790	745	805	712	827	717	828	721	860	748	896	758	941	766	936	802	956	794	993	800	1009	820	1018	858	1030	874	1026	920	1072	937	1086	959	1111	991	1109	1008	1144	1024	1124	4078	4095	153.0	601.2301119139507	406.79504203796387	17	1	0.7494564056396484	4.761904761904762	4.6875			3.469435921642672	11.962497336458554	3.287019768743006	10.050197009769525	3.2556214650296593	8.41487941320624	3.2269727921901836	7.135356215110816	3.195885352558467	5.993393109957528	3.23148983713635	5.423980222496909	3.165984462450923	5.009940357852883	3.1072298943948007	4.9066568410709905	3.181205926630219	4.765255212997314	3.0611849498198165	4.830134854771784	3.0525956543172423	4.67038373237127	3.0675074183976263	4.67618861279593	3.0169429768628166	4.573132056323734	3.0648610121168924	4.568775958954312	3.146177885459461	4.475408868158469	3.2332325453545905	4.423398972108332	3.161841705232578	4.533891118774379	3.1784028193363922	4.339746392654132	3.2269595736383723	4.231908590774439	3.2295234132445665	4.160113642128761	3.2097364106444695	4.213524529784412	3.1855013298694868	4.113909155095317	3.1420346665033376	4.236507644133358	3.2482879825465125	4.165184921763869	3.234838555939473	4.1056597311413645	3.257300340096165	4.125385063691616	3.2296581047236295	4.091075124802143	3.2925600805871347	4.041839352674166	3.203191792533485	4.770483365308128	4.761904761904762	1.500735654732712	3.5003958402976707	2.447780453829329	3.326810176125244	4.761904761904762	5.260575060401806	2.720776439089692	12.624300000000002	0.044708647692777624	20.90610495195861	-5.722056812394738e-06	18.703402916021705	-1.0497535464969248e-05	16.49675100858909	-1.2481361966217754e-05	15.12359364626955	-1.2654518977398055e-05	14.190250893496064	-1.1909984338370595e-05	13.490565289941525	-1.8292218185513578e-05	12.93458944047307	-1.670449538851524e-05	12.470241231513004	-1.7204726568506535e-05	12.053641292166622	-1.4424490565828381e-05	11.685611953174833	-1.606117932650886e-05	11.353169684622435	-1.6621333957029103e-05	11.050168178675387	-1.8454156798818934e-05	10.756868816853231	-1.7855184252747785e-05	10.47114281029677	-1.8511784734388947e-05	10.199010412881089	-1.6456571108843762e-05	9.936927394106617	-1.850849967254193e-05	9.677687392254443	-1.9220505026162063e-05	9.42337273651898	-1.8436663148336782e-05	9.176628620532135	-1.9166849017938574e-05	8.938600627625483	-1.9924651609164674e-05	8.712158586511528	-2.2409002213319912e-05	8.49165185418787	-2.3293859201163978e-05	8.274250605101471	-2.4204103898908768e-05	8.068097334429877	-2.515606435308278e-05	7.86478137933531	-2.6143633120363275e-05	7.673001904539151	-2.505977801213311e-05	7.487571705862983	-2.8162484537712815e-05	7.309907161088543	-2.6961990334126464e-05	7.13567252552132	-2.796225096120238e-05
18	1	16	0	0	715	6269	677	9998	675	5232	672	2598	690	1585	692	1167	731	885	762	772	788	718	795	670	797	681	781	672	815	679	843	713	837	748	860	772	860	792	874	798	897	789	947	815	964	841	991	843	990	857	1003	859	1018	889	1024	935	1026	958	1024	988	1038	4081	4095	142.0	570.5866481526816	374.5392646789551	14	1	0.7616491317749023	4.761904761904762	4.166666666666666			3.3750295020061363	13.358193053483912	3.1564714658709434	10.792896853241215	3.1038763967443783	8.842468184353294	3.0371508632378195	7.1795722102470565	3.033233690873923	6.233286141261601	2.97365820119462	5.770086526576019	3.0532119288280013	5.026980971314968	3.0950446791226645	4.740849914026038	3.1217811583868156	4.592554688499424	3.080559538109815	4.343879668049793	3.0222592999886237	4.467038373237127	2.8968842729970326	4.3827039718254746	2.9695755146656952	4.306736014207789	3.004276550249465	4.35499633520645	2.9390076898767514	4.416366534805456	2.954920285871358	4.458047005832419	2.905110968482924	4.477358810560235	2.9057783097280403	4.361609094884128	2.9149876511114	4.173719847651291	3.031078961687418	4.134747095530415	3.0394753436751167	4.130039778028777	3.06488526009773	3.9679924688161923	3.031787836099712	3.946398968502487	3.0392097448639475	3.818456614509246	3.032288812105326	3.80597653908725	3.002228216254251	3.892265423361918	2.987943386335838	3.888144811071878	2.947186645560512	3.8997434379317153	2.958107722998005	4.773992793973141	4.761904761904762	1.3928396272682688	3.321987854808064	2.253689933583795	2.73972602739726	4.761904761904762	5.346158091706586	2.720776439089692	12.624300000000002	0.044708647692777624	20.90610495195861	-5.722056812394738e-06	18.703402916021705	-1.0497535464969248e-05	16.49675100858909	-1.2481361966217754e-05	15.12359364626955	-1.2654518977398055e-05	14.190250893496064	-1.1909984338370595e-05	13.490565289941525	-1.8292218185513578e-05	12.93458944047307	-1.670449538851524e-05	12.470241231513004	-1.7204726568506535e-05	12.053641292166622	-1.4424490565828381e-05	11.685611953174833	-1.606117932650886e-05	11.353169684622435	-1.6621333957029103e-05	11.050168178675387	-1.8454156798818934e-05	10.756868816853231	-1.7855184252747785e-05	10.47114281029677	-1.8511784734388947e-05	10.199010412881089	-1.6456571108843762e-05	9.936927394106617	-1.850849967254193e-05	9.677687392254443	-1.9220505026162063e-05	9.42337273651898	-1.8436663148336782e-05	9.176628620532135	-1.9166849017938574e-05	8.938600627625483	-1.9924651609164674e-05	8.712158586511528	-2.2409002213319912e-05	8.49165185418787	-2.3293859201163978e-05	8.274250605101471	-2.4204103898908768e-05	8.068097334429877	-2.515606435308278e-05	7.86478137933531	-2.6143633120363275e-05	7.673001904539151	-2.505977801213311e-05	7.487571705862983	-2.8162484537712815e-05	7.309907161088543	-2.6961990334126464e-05	7.13567252552132	-2.796225096120238e-05
19	1	17	0	0	652	7331	681	10686	670	5352	653	2618	655	1566	667	1079	698	863	696	675	691	668	704	676	752	661	797	672	789	674	790	701	780	704	808	686	815	733	824	784	855	784	856	786	867	781	884	809	874	818	869	834	888	855	883	854	896	861	902	889	891	4080	4095	132.0	537.5689359517878	339.93009853363037	15	1	0.7749462127685547	4.761904761904762	4.427083333333334			3.0776492801510504	15.621137864905176	3.1751212234240955	11.535596696712906	3.0808847197314573	9.045277087664148	2.95127903823556	7.234842204167357	2.8793740109020574	6.158565361019349	2.8662283528855657	5.334981458590853	2.9153788321777627	4.902016472593013	2.826969943135662	4.145173176123802	2.737500990412804	4.272738902392223	2.7279420312318363	4.382780082987551	2.8516173068901445	4.335847818957035	2.956231454005935	4.3827039718254746	2.874840590271452	4.275022199670176	2.8153955808980755	4.281700464207184	2.7388602127883703	4.156580268052194	2.7762506871907644	3.9614251891205177	2.75309934803905	4.143818192096783	2.7395438526497773	4.285089637079143	2.7784999350058492	4.14727041895895	2.7398137182728934	3.9876211252600076	2.7336360196746123	3.8353877130088887	2.7339642481598316	3.8079548128971528	2.6765480492435842	3.766807883588138	2.6331737470456336	3.7073257467994307	2.645061360657691	3.6604161315181094	2.5888354638208044	3.555074515027891	2.6093540683790555	3.4944600024351637	2.5960569866167793	3.5089796723899744	2.5391849529780566	4.772822984418137	4.761904761904762	1.2947523295733203	3.1297568601291155	2.045438525234645	2.935420743639922	4.761904761904762	5.439492796867521	2.720776439089692	12.624300000000002	0.044708647692777624	20.90610495195861	-5.722056812394738e-06	18.703402916021705	-1.0497535464969248e-05	16.49675100858909	-1.2481361966217754e-05	15.12359364626955	-1.2654518977398055e-05	14.190250893496064	-1.1909984338370595e-05	13.490565289941525	-1.8292218185513578e-05	12.93458944047307	-1.670449538851524e-05	12.470241231513004	-1.7204726568506535e-05	12.053641292166622	-1.4424490565828381e-05	11.685611953174833	-1.606117932650886e-05	11.353169684622435	-1.6621333957029103e-05	11.050168178675387	-1.8454156798818934e-05	10.756868816853231	-1.7855184252747785e-05	10.47114281029677	-1.8511784734388947e-05	10.199010412881089	-1.6456571108843762e-05	9.936927394106617	-1.850849967254193e-05	9.677687392254443	-1.9220505026162063e-05	9.42337273651898	-1.8436663148336782e-05	9.176628620532135	-1.9166849017938574e-05	8.938600627625483	-1.9924651609164674e-05	8.712158586511528	-2.2409002213319912e-05	8.49165185418787	-2.3293859201163978e-05	8.274250605101471	-2.4204103898908768e-05	8.068097334429877	-2.515606435308278e-05	7.86478137933531	-2.6143633120363275e-05	7.673001904539151	-2.505977801213311e-05	7.487571705862983	-2.8162484537712815e-05	7.309907161088543	-2.6961990334126464e-05	7.13567252552132	-2.796225096120238e-05
20	1	9	0	0	864	8471	765	11554	674	5464	641	2659	620	1555	633	986	637	877	643	770	632	680	631	641	650	615	666	627	647	615	666	645	673	644	670	637	704	667	734	643	722	671	716	673	706	671	719	701	725	730	721	724	717	713	734	708	730	717	730	721	735	4080	4095	122.0	490.6139609181109	298.37258434295654	15	1	0.790888786315918	4.761904761904762	2.34375			4.078357328298324	18.050287662476027	3.566766132040283	12.472607545744049	3.0992780613417943	9.234565397420946	2.8970442013920272	7.348145691703974	2.7255143309301917	6.115305961931729	2.720123759185252	4.875154511742893	2.66059644140005	4.981539335416075	2.611697806661251	4.728567919430116	2.503763568655416	4.34949469105795	2.445073042197853	4.155860995850622	2.464828789200258	4.034109544112824	2.470326409495549	4.089219330855019	2.3574421570413553	3.900799188126348	2.3734853884533145	3.9396530662106035	2.3631447733417605	3.8023262679341086	2.3020890599230346	3.6784662470404803	2.378137350944161	3.7707049578834306	2.4403218299089033	3.514429383471797	2.3462888340049397	3.5495133305120605	2.291713343789009	3.4143371721373854	2.2260058014882076	3.295192260472425	2.2236654914331666	3.2995999058602026	2.2202486678507993	3.3615767176275555	2.1847160778134658	3.2183499288762447	2.1357083283688785	3.0524873704940494	2.1519878034478714	2.9472983098826075	2.1259246316034717	2.9100206988920005	2.101021729745287	2.8458654035918687	2.0946138500997433	4.772822984418137	4.761904761904762	1.1966650318783718	2.856382330091127	1.7953772893944773	2.935420743639922	4.761904761904762	5.551396710385081	2.720776439089692	12.624300000000002	0.044708647692777624	20.90610495195861	-5.722056812394738e-06	18.703402916021705	-1.0497535464969248e-05	16.49675100858909	-1.2481361966217754e-05	15.12359364626955	-1.2654518977398055e-05	14.190250893496064	-1.1909984338370595e-05	13.490565289941525	-1.8292218185513578e-05	12.93458944047307	-1.670449538851524e-05	12.470241231513004	-1.7204726568506535e-05	12.053641292166622	-1.4424490565828381e-05	11.685611953174833	-1.606117932650886e-05	11.353169684622435	-1.6621333957029103e-05	11.050168178675387	-1.8454156798818934e-05	10.756868816853231	-1.7855184252747785e-05	10.47114281029677	-1.8511784734388947e-05	10.199010412881089	-1.6456571108843762e-05	9.936927394106617	-1.850849967254193e-05	9.677687392254443	-1.9220505026162063e-05	9.42337273651898	-1.8436663148336782e-05	9.176628620532135	-1.9166849017938574e-05	8.938600627625483	-1.9924651609164674e-05	8.712158586511528	-2.2409002213319912e-05	8.49165185418787	-2.3293859201163978e-05	8.274250605101471	-2.4204103898908768e-05	8.068097334429877	-2.515606435308278e-05	7.86478137933531	-2.6143633120363275e-05	7.673001904539151	-2.505977801213311e-05	7.487571705862983	-2.8162484537712815e-05	7.309907161088543	-2.6961990334126464e-05	7.13567252552132	-2.796225096120238e-05
