	counts(inten<0.01	MicrocoloniesPlatonic	MicrocoloniesAggregates	MicrocoloniesLarge	counts(Norminten<0.01	counts(inten<0.02	counts(Norminten<0.02	counts(inten<0.03	counts(Norminten<0.03	counts(inten<0.04	counts(Norminten<0.04	counts(inten<0.05	counts(Norminten<0.05	counts(inten<0.060000000000000005	counts(Norminten<0.060000000000000005	counts(inten<0.06999999999999999	counts(Norminten<0.06999999999999999	counts(inten<0.08	counts(Norminten<0.08	counts(inten<0.09	counts(Norminten<0.09	counts(inten<0.09999999999999999	counts(Norminten<0.09999999999999999	counts(inten<0.11	counts(Norminten<0.11	counts(inten<0.12	counts(Norminten<0.12	counts(inten<0.13	counts(Norminten<0.13	counts(inten<0.14	counts(Norminten<0.14	counts(inten<0.15000000000000002	counts(Norminten<0.15000000000000002	counts(inten<0.16	counts(Norminten<0.16	counts(inten<0.17	counts(Norminten<0.17	counts(inten<0.18000000000000002	counts(Norminten<0.18000000000000002	counts(inten<0.19	counts(Norminten<0.19	counts(inten<0.2	counts(Norminten<0.2	counts(inten<0.21000000000000002	counts(Norminten<0.21000000000000002	counts(inten<0.22	counts(Norminten<0.22	counts(inten<0.23	counts(Norminten<0.23	counts(inten<0.24000000000000002	counts(Norminten<0.24000000000000002	counts(inten<0.25	counts(Norminten<0.25	counts(inten<0.26	counts(Norminten<0.26	counts(inten<0.27	counts(Norminten<0.27	counts(inten<0.28	counts(Norminten<0.28	counts(inten<0.29000000000000004	counts(Norminten<0.29000000000000004	diff	max	med	std	mean	min	eigenLocal	minProp	counts(inten<0.01Normalized	MicrocoloniesPlatonicNormalized	MicrocoloniesAggregatesNormalized	MicrocoloniesLargeNormalized	counts(Norminten<0.01Normalized	counts(inten<0.02Normalized	counts(Norminten<0.02Normalized	counts(inten<0.03Normalized	counts(Norminten<0.03Normalized	counts(inten<0.04Normalized	counts(Norminten<0.04Normalized	counts(inten<0.05Normalized	counts(Norminten<0.05Normalized	counts(inten<0.060000000000000005Normalized	counts(Norminten<0.060000000000000005Normalized	counts(inten<0.06999999999999999Normalized	counts(Norminten<0.06999999999999999Normalized	counts(inten<0.08Normalized	counts(Norminten<0.08Normalized	counts(inten<0.09Normalized	counts(Norminten<0.09Normalized	counts(inten<0.09999999999999999Normalized	counts(Norminten<0.09999999999999999Normalized	counts(inten<0.11Normalized	counts(Norminten<0.11Normalized	counts(inten<0.12Normalized	counts(Norminten<0.12Normalized	counts(inten<0.13Normalized	counts(Norminten<0.13Normalized	counts(inten<0.14Normalized	counts(Norminten<0.14Normalized	counts(inten<0.15000000000000002Normalized	counts(Norminten<0.15000000000000002Normalized	counts(inten<0.16Normalized	counts(Norminten<0.16Normalized	counts(inten<0.17Normalized	counts(Norminten<0.17Normalized	counts(inten<0.18000000000000002Normalized	counts(Norminten<0.18000000000000002Normalized	counts(inten<0.19Normalized	counts(Norminten<0.19Normalized	counts(inten<0.2Normalized	counts(Norminten<0.2Normalized	counts(inten<0.21000000000000002Normalized	counts(Norminten<0.21000000000000002Normalized	counts(inten<0.22Normalized	counts(Norminten<0.22Normalized	counts(inten<0.23Normalized	counts(Norminten<0.23Normalized	counts(inten<0.24000000000000002Normalized	counts(Norminten<0.24000000000000002Normalized	counts(inten<0.25Normalized	counts(Norminten<0.25Normalized	counts(inten<0.26Normalized	counts(Norminten<0.26Normalized	counts(inten<0.27Normalized	counts(Norminten<0.27Normalized	counts(inten<0.28Normalized	counts(Norminten<0.28Normalized	counts(inten<0.29000000000000004Normalized	counts(Norminten<0.29000000000000004Normalized	diffNormalized	maxNormalized	medNormalized	stdNormalized	meanNormalized	minNormalized	eigenLocalNormalized	minPropNormalized	BioVolume	SubstratumCoverage	Homogenity	ThicknessThreshold=0.01	RoughnessThreshold=0.01	ThicknessThreshold=0.02	RoughnessThreshold=0.02	ThicknessThreshold=0.03	RoughnessThreshold=0.03	ThicknessThreshold=0.04	RoughnessThreshold=0.04	ThicknessThreshold=0.05	RoughnessThreshold=0.05	ThicknessThreshold=0.060000000000000005	RoughnessThreshold=0.060000000000000005	ThicknessThreshold=0.06999999999999999	RoughnessThreshold=0.06999999999999999	ThicknessThreshold=0.08	RoughnessThreshold=0.08	ThicknessThreshold=0.09	RoughnessThreshold=0.09	ThicknessThreshold=0.09999999999999999	RoughnessThreshold=0.09999999999999999	ThicknessThreshold=0.11	RoughnessThreshold=0.11	ThicknessThreshold=0.12	RoughnessThreshold=0.12	ThicknessThreshold=0.13	RoughnessThreshold=0.13	ThicknessThreshold=0.14	RoughnessThreshold=0.14	ThicknessThreshold=0.15000000000000002	RoughnessThreshold=0.15000000000000002	ThicknessThreshold=0.16	RoughnessThreshold=0.16	ThicknessThreshold=0.17	RoughnessThreshold=0.17	ThicknessThreshold=0.18000000000000002	RoughnessThreshold=0.18000000000000002	ThicknessThreshold=0.19	RoughnessThreshold=0.19	ThicknessThreshold=0.2	RoughnessThreshold=0.2	ThicknessThreshold=0.21000000000000002	RoughnessThreshold=0.21000000000000002	ThicknessThreshold=0.22	RoughnessThreshold=0.22	ThicknessThreshold=0.23	RoughnessThreshold=0.23	ThicknessThreshold=0.24000000000000002	RoughnessThreshold=0.24000000000000002	ThicknessThreshold=0.25	RoughnessThreshold=0.25	ThicknessThreshold=0.26	RoughnessThreshold=0.26	ThicknessThreshold=0.27	RoughnessThreshold=0.27	ThicknessThreshold=0.28	RoughnessThreshold=0.28	ThicknessThreshold=0.29000000000000004	RoughnessThreshold=0.29000000000000004
0	1	29	0	0	3065	18	3238	65	3408	60	3544	59	3684	51	3816	75	3965	79	4118	99	4253	134	4418	151	4579	140	4727	210	4847	269	4976	320	5071	409	5185	524	5303	634	5401	777	5482	923	5576	1030	5680	1157	5735	1298	5832	1460	5873	1641	5933	1823	5996	2037	6030	2220	6105	2422	6131	4053	4095	1134.0	846.8723921370854	1282.404655456543	42	1	0.5629110336303711	0.6493506493506493	11.284046692607005			6.9731992537653	0.009572075066339798	11.288916779974201	0.06854732401792776	13.190896423594983	0.14409914020846343	14.260421696442943	0.24942927200473494	14.978654198007726	0.29303608365892897	15.49770539739268	0.513136288998358	16.152028678507413	0.582810770933235	16.650493288047873	0.7494322482967449	16.9624695888007	1.02579805557682	17.379332048306516	1.1322735452909418	17.792889061589275	1.0393466963622866	18.03647741147741	1.5242795964288307	18.23688765144104	1.8969043085819055	18.57270827112571	2.1993127147766325	18.762718762718762	2.7363350505118085	19.021240691147877	3.413013743242363	19.184574198683162	3.9761680777673254	19.35911681422273	4.691462383770076	19.51375787562738	5.3891516319261985	19.71153846153846	5.832059339788234	19.93192265852546	6.372198050338712	20.02164502164502	6.943404300845191	20.266889074228526	7.5998126073603665	20.324612403100776	8.268252128785207	20.41848779984169	8.985164374784366	20.547616599842364	9.734301825480264	20.56476365868631	10.359792804143918	20.79997274368846	11.030650817506945	20.923486451436762	4.75760065735415	4.777515925053084	19.249702936683075	9.440954359116658	14.627986472025912	8.015267175572518	4.761904761904762	3.682439811413264	12.673059701492537	2.2646	0.2028336405822039	20.39918804168701	-1.2397777936723649e-05	13.739032461829709	-9.55631921164189e-06	10.355927085500815	-4.839034361015191e-06	8.760859406424746	-3.943501454659099e-06	7.839157925249561	-5.032484688665335e-06	7.230732202036991	-5.142884767495323e-06	6.7943231509985	-4.209755265877618e-06	6.4557121282953345	-5.385859103771501e-06	6.182309559547692	-5.5143450171275556e-06	5.952296206905514	-5.649704746429952e-06	5.755009490324964	-5.790320899584255e-06	5.578691197903562	-5.9342180065537505e-06	5.420318540808476	-6.086464312016506e-06	5.277240117843729	-6.2470248544130855e-06	5.1437563845241705	-5.133292352549385e-06	5.0205030640551005	-5.273767883017281e-06	4.9056212347815	-2.71184234433347e-06	4.7991203184938245	-2.7908716171147413e-06	4.695200024131309	-2.8727789827489622e-06	4.598598500825064	2.9598759220013497e-06	4.507974390509675	4.57204166044361e-06	4.418510528566756	-1.572369072758234e-06	4.3365817456657165	-1.6239381474438402e-06	4.2573190789473685	1.6783057168127631e-06	4.181952113389718	1.735276611768299e-06	4.112721518305235	1.7962189590911131e-06	4.044959959512965	1.860620889190723e-06	3.97744607340341	1.9280193264657284e-06	3.9135285411416456	2.000084003528148e-06
1	1	34	0	0	2748	28	2844	121	2950	75	3079	66	3156	86	3278	113	3353	178	3482	254	3598	330	3690	416	3816	494	3893	618	3978	703	4044	791	4127	889	4169	941	4230	1073	4296	1179	4322	1310	4384	1445	4424	1595	4439	1720	4465	1901	4477	2095	4477	2181	4514	2346	4568	2494	4574	2665	4608	4059	4095	968.0	873.8680315470023	1176.3415937423706	36	1	0.5860443115234375	0.6493506493506493	13.229571984435799			6.2519907175683676	0.014889894547639686	9.915280828365233	0.12760348009491168	11.418176188264436	0.1801239252605793	12.389344921937873	0.27902257546292386	12.831876397641798	0.4941392783268214	13.312756365999267	0.7731253420908593	13.658953886263648	1.3131685724824789	14.078926087659713	1.922785768357305	14.350097714673154	2.5262190920921688	14.515558003225678	3.119376124775045	14.82805517777346	3.6674090571640687	14.85424297924298	4.485737098061987	14.96726615998194	4.957337282279106	15.094057927739623	5.436426116838488	15.269915269915272	5.947681809058674	15.294031329102314	6.129095290822641	15.302800086824398	6.729382251489495	15.39840137639342	7.118705470353821	15.384615384615385	7.648741752787995	15.497737556561086	8.181869656304851	15.524441169245886	8.784490829982927	15.497137271330818	9.200813095110732	15.516402557686963	9.89537244287127	15.493493909191583	10.5557514989671	15.407647038579345	10.749667307407956	15.468969534971386	11.210933766606136	15.578746333810791	11.638433897988707	15.583796122789684	12.137359384251036	15.725889017814485	4.764643737527878	4.777515925053084	16.431845187574265	9.741902414491383	13.418158493520776	6.870229007633588	4.761904761904762	3.8337726125000007	12.673059701492537	2.2646	0.2028336405822039	20.39918804168701	-1.2397777936723649e-05	13.739032461829709	-9.55631921164189e-06	10.355927085500815	-4.839034361015191e-06	8.760859406424746	-3.943501454659099e-06	7.839157925249561	-5.032484688665335e-06	7.230732202036991	-5.142884767495323e-06	6.7943231509985	-4.209755265877618e-06	6.4557121282953345	-5.385859103771501e-06	6.182309559547692	-5.5143450171275556e-06	5.952296206905514	-5.649704746429952e-06	5.755009490324964	-5.790320899584255e-06	5.578691197903562	-5.9342180065537505e-06	5.420318540808476	-6.086464312016506e-06	5.277240117843729	-6.2470248544130855e-06	5.1437563845241705	-5.133292352549385e-06	5.0205030640551005	-5.273767883017281e-06	4.9056212347815	-2.71184234433347e-06	4.7991203184938245	-2.7908716171147413e-06	4.695200024131309	-2.8727789827489622e-06	4.598598500825064	2.9598759220013497e-06	4.507974390509675	4.57204166044361e-06	4.418510528566756	-1.572369072758234e-06	4.3365817456657165	-1.6239381474438402e-06	4.2573190789473685	1.6783057168127631e-06	4.181952113389718	1.735276611768299e-06	4.112721518305235	1.7962189590911131e-06	4.044959959512965	1.860620889190723e-06	3.97744607340341	1.9280193264657284e-06	3.9135285411416456	2.000084003528148e-06
2	1	37	0	0	2472	55	2545	174	2609	105	2685	146	2753	257	2817	360	2875	463	2916	527	2983	607	2979	707	3000	796	3080	899	3143	995	3181	1113	3224	1226	3251	1384	3304	1524	3331	1620	3350	1771	3383	1944	3429	2066	3468	2191	3509	2294	3527	2407	3565	2486	3574	2584	3593	2685	3588	2776	3579	4061	4095	777.0	837.9630056923003	1023.9096422195435	34	1	0.609832763671875	0.6493506493506493	14.396887159533073			5.624061518860627	0.029248007147149382	8.87285151483457	0.18349591352491432	10.098312432265057	0.252173495364811	10.803959439884114	0.6172317578422254	11.193331978044318	1.4766720294185245	11.440523088169599	2.4630541871921183	11.711748411275867	3.4157137587606052	11.790393013100436	3.9894019682059043	11.897260000797672	4.646712087575596	11.718657802604145	5.301439712057589	11.657276083155237	5.909428359317001	11.752136752136751	6.525368367569137	11.825570020317556	7.0164304350892035	11.872947148402508	7.649484536082474	11.928811928811928	8.202314845788452	11.926336255915478	9.014524848563799	11.952825410607048	9.55785512699906	11.939496039284563	9.781427363844946	11.924678745594989	10.34039820166988	11.959134615384617	11.007304229658569	12.03284556269081	11.37853169576472	12.107247591118558	11.720338076388146	12.194189602446484	11.941075425537452	12.205841638981173	12.127777497858618	12.268988539766665	12.25294494553699	12.2476954182516	12.34827487336328	12.253597981038128	12.5297494050119	12.224455725528943	12.642892927084755	12.214183332195756	4.766991430919123	4.777515925053084	13.189611271430996	9.341632298822912	11.67941517619664	6.488549618320611	4.761904761904762	3.9893914190427537	12.673059701492537	2.2646	0.2028336405822039	20.39918804168701	-1.2397777936723649e-05	13.739032461829709	-9.55631921164189e-06	10.355927085500815	-4.839034361015191e-06	8.760859406424746	-3.943501454659099e-06	7.839157925249561	-5.032484688665335e-06	7.230732202036991	-5.142884767495323e-06	6.7943231509985	-4.209755265877618e-06	6.4557121282953345	-5.385859103771501e-06	6.182309559547692	-5.5143450171275556e-06	5.952296206905514	-5.649704746429952e-06	5.755009490324964	-5.790320899584255e-06	5.578691197903562	-5.9342180065537505e-06	5.420318540808476	-6.086464312016506e-06	5.277240117843729	-6.2470248544130855e-06	5.1437563845241705	-5.133292352549385e-06	5.0205030640551005	-5.273767883017281e-06	4.9056212347815	-2.71184234433347e-06	4.7991203184938245	-2.7908716171147413e-06	4.695200024131309	-2.8727789827489622e-06	4.598598500825064	2.9598759220013497e-06	4.507974390509675	4.57204166044361e-06	4.418510528566756	-1.572369072758234e-06	4.3365817456657165	-1.6239381474438402e-06	4.2573190789473685	1.6783057168127631e-06	4.181952113389718	1.735276611768299e-06	4.112721518305235	1.7962189590911131e-06	4.044959959512965	1.860620889190723e-06	3.97744607340341	1.9280193264657284e-06	3.9135285411416456	2.000084003528148e-06
3	1	31	0	0	2070	70	2112	310	2125	395	2181	510	2238	611	2286	626	2321	681	2349	800	2397	894	2423	996	2460	1132	2511	1274	2557	1383	2589	1507	2641	1638	2691	1672	2700	1773	2718	1866	2740	1951	2739	2018	2760	2064	2746	2116	2741	2140	2781	2222	2794	2277	2858	2343	2886	2376	2893	2410	2862	4058	4095	594.0	792.4359524669902	873.8206481933594	37	1	0.6359090805053711	0.6493506493506493	12.062256809338521			4.709468990308049	0.03722473636909921	7.363246522330299	0.3269180068547324	8.224957423749807	0.9486526730390509	8.775953645581845	2.1560835376680476	9.099410449278308	3.510687198345208	9.284002761645615	4.282977558839628	9.454945413068275	5.0239763924751015	9.497816593886462	6.056018168054504	9.560084553104934	6.843757176758785	9.53148971322922	7.468506298740252	9.558966388187294	8.403860430586489	9.581043956043956	9.247296218334906	9.620738957032133	9.75248572033002	9.663332338011346	10.357388316151203	9.771709771709771	10.958720813541179	9.871968891008475	10.89037973034586	9.767744736270892	11.119473189087488	9.742284669701423	11.266755222799178	9.75331933221799	11.391370350907923	9.682550904977376	11.42630655115792	9.685230024213075	11.367516660241229	9.586649909230555	11.319139830961806	9.525298860161245	11.139451355993963	9.624169435215947	11.195646697233839	9.615583164125683	11.222830104982997	9.794044069771427	11.19659753416802	9.842439124207079	11.087778244435112	9.856563660522639	10.975998542606003	9.767251382158214	4.7634698908322575	4.777515925053084	10.083177728738754	8.834095584205757	9.967397237963729	7.061068702290077	4.761904761904762	4.159976931683007	12.673059701492537	2.2646	0.2028336405822039	20.39918804168701	-1.2397777936723649e-05	13.739032461829709	-9.55631921164189e-06	10.355927085500815	-4.839034361015191e-06	8.760859406424746	-3.943501454659099e-06	7.839157925249561	-5.032484688665335e-06	7.230732202036991	-5.142884767495323e-06	6.7943231509985	-4.209755265877618e-06	6.4557121282953345	-5.385859103771501e-06	6.182309559547692	-5.5143450171275556e-06	5.952296206905514	-5.649704746429952e-06	5.755009490324964	-5.790320899584255e-06	5.578691197903562	-5.9342180065537505e-06	5.420318540808476	-6.086464312016506e-06	5.277240117843729	-6.2470248544130855e-06	5.1437563845241705	-5.133292352549385e-06	5.0205030640551005	-5.273767883017281e-06	4.9056212347815	-2.71184234433347e-06	4.7991203184938245	-2.7908716171147413e-06	4.695200024131309	-2.8727789827489622e-06	4.598598500825064	2.9598759220013497e-06	4.507974390509675	4.57204166044361e-06	4.418510528566756	-1.572369072758234e-06	4.3365817456657165	-1.6239381474438402e-06	4.2573190789473685	1.6783057168127631e-06	4.181952113389718	1.735276611768299e-06	4.112721518305235	1.7962189590911131e-06	4.044959959512965	1.860620889190723e-06	3.97744607340341	1.9280193264657284e-06	3.9135285411416456	2.000084003528148e-06
4	1	34	0	0	1687	131	1735	737	1740	1044	1770	936	1768	973	1808	1004	1838	1040	1861	1210	1897	1263	1917	1313	1935	1373	1968	1395	2006	1478	1996	1497	2017	1579	2014	1604	2075	1664	2089	1725	2100	1737	2137	1770	2166	1776	2194	1815	2189	1855	2205	1893	2234	1914	2242	1940	2261	1985	2250	2008	2251	4064	4095	427.0	732.7934402807593	724.6979064941406	31	1	0.6648645401000977	0.6493506493506493	13.229571984435799			3.8381034718114395	0.06966343520502853	6.048879127009029	0.7772211969417347	6.7347886669763115	2.5073250396272635	7.122163206180589	3.9570474338378285	7.1884529375889406	5.59066881176741	7.342728343418754	6.869184455391351	7.487371679973928	7.67244559203246	7.52466440239366	9.159727479182438	7.565907549954135	9.668529434280028	7.54100940167578	9.845530893821236	7.5189430736351275	10.193021529324426	7.509157509157509	10.12557160484866	7.547595755888328	10.422396163881249	7.449985070170199	10.288659793814434	7.462907462907463	10.563992774469794	7.388385487361972	10.447469549925097	7.506692713985963	10.435873314518657	7.48772357432166	10.41540876705712	7.475171750969993	10.141881240147137	7.554440045248868	10.022082554781722	7.600800084219392	9.781351544858733	7.659544756318949	9.708997539317428	7.607033639143731	9.65592629222841	7.630813953488372	9.537965435582203	7.68833671748632	9.433683276652372	7.683081457112505	9.270763643314536	7.71093376986563	9.263148070371926	7.665837620524002	9.14514733342442	7.68206948331172	4.770512971005987	4.777515925053084	7.248344932948565	8.16919938421	8.266401036050372	5.916030534351145	4.761904761904762	4.349397161167094	12.673059701492537	2.2646	0.2028336405822039	20.39918804168701	-1.2397777936723649e-05	13.739032461829709	-9.55631921164189e-06	10.355927085500815	-4.839034361015191e-06	8.760859406424746	-3.943501454659099e-06	7.839157925249561	-5.032484688665335e-06	7.230732202036991	-5.142884767495323e-06	6.7943231509985	-4.209755265877618e-06	6.4557121282953345	-5.385859103771501e-06	6.182309559547692	-5.5143450171275556e-06	5.952296206905514	-5.649704746429952e-06	5.755009490324964	-5.790320899584255e-06	5.578691197903562	-5.9342180065537505e-06	5.420318540808476	-6.086464312016506e-06	5.277240117843729	-6.2470248544130855e-06	5.1437563845241705	-5.133292352549385e-06	5.0205030640551005	-5.273767883017281e-06	4.9056212347815	-2.71184234433347e-06	4.7991203184938245	-2.7908716171147413e-06	4.695200024131309	-2.8727789827489622e-06	4.598598500825064	2.9598759220013497e-06	4.507974390509675	4.57204166044361e-06	4.418510528566756	-1.572369072758234e-06	4.3365817456657165	-1.6239381474438402e-06	4.2573190789473685	1.6783057168127631e-06	4.181952113389718	1.735276611768299e-06	4.112721518305235	1.7962189590911131e-06	4.044959959512965	1.860620889190723e-06	3.97744607340341	1.9280193264657284e-06	3.9135285411416456	2.000084003528148e-06
5	1	23	0	0	1376	319	1403	1645	1395	1786	1433	1587	1504	1499	1511	1331	1508	1248	1518	1253	1553	1277	1574	1295	1559	1313	1595	1332	1626	1382	1643	1385	1666	1386	1692	1404	1700	1428	1719	1502	1735	1507	1740	1509	1753	1537	1788	1576	1791	1557	1833	1598	1864	1630	1862	1657	1884	1666	1917	1705	1942	4064	4095	318.0	673.8347284114293	609.843879699707	31	1	0.6886081695556641	0.6493506493506493	8.949416342412452			3.130545570369022	0.16963844145346643	4.891399086566956	1.7347745847614024	5.399442638179284	4.289351073538594	5.766135522291969	6.709224655449396	6.115064037405977	8.612962537347736	6.136539008244324	9.106458675424193	6.143066644940524	9.206934710438953	6.13779718583212	9.485238455715367	6.1939137717863835	9.775702365459695	6.191731245820384	9.710557888422315	6.057897804546338	9.747587230883445	6.085927960927961	9.668287725920012	6.1178418240650165	9.745434031450532	6.13242759032547	9.518900343642612	6.164206164206164	9.272763765304076	6.207124252540446	9.144792548687553	6.150061500615006	8.955785512699906	6.161511165274741	9.068953024996981	6.175915708539494	8.798972382787412	6.151018099547511	8.544250042466452	6.151524721900551	8.465054799801731	6.242144951822371	8.430512463892157	6.223936613844871	8.104731664150746	6.343438538205979	8.051594699450797	6.414977458099598	8.033910000492877	6.380864260991741	7.918379049985663	6.425209740126866	7.774511176443139	6.53129365268645	7.765177392175617	6.627533956726503	4.770512971005987	4.777515925053084	5.398064844678323	7.5119262070480834	6.956297284431849	5.916030534351145	4.761904761904762	4.504722747540367	12.673059701492537	2.2646	0.2028336405822039	20.39918804168701	-1.2397777936723649e-05	13.739032461829709	-9.55631921164189e-06	10.355927085500815	-4.839034361015191e-06	8.760859406424746	-3.943501454659099e-06	7.839157925249561	-5.032484688665335e-06	7.230732202036991	-5.142884767495323e-06	6.7943231509985	-4.209755265877618e-06	6.4557121282953345	-5.385859103771501e-06	6.182309559547692	-5.5143450171275556e-06	5.952296206905514	-5.649704746429952e-06	5.755009490324964	-5.790320899584255e-06	5.578691197903562	-5.9342180065537505e-06	5.420318540808476	-6.086464312016506e-06	5.277240117843729	-6.2470248544130855e-06	5.1437563845241705	-5.133292352549385e-06	5.0205030640551005	-5.273767883017281e-06	4.9056212347815	-2.71184234433347e-06	4.7991203184938245	-2.7908716171147413e-06	4.695200024131309	-2.8727789827489622e-06	4.598598500825064	2.9598759220013497e-06	4.507974390509675	4.57204166044361e-06	4.418510528566756	-1.572369072758234e-06	4.3365817456657165	-1.6239381474438402e-06	4.2573190789473685	1.6783057168127631e-06	4.181952113389718	1.735276611768299e-06	4.112721518305235	1.7962189590911131e-06	4.044959959512965	1.860620889190723e-06	3.97744607340341	1.9280193264657284e-06	3.9135285411416456	2.000084003528148e-06
6	1	20	0	0	1133	755	1123	3046	1143	3118	1175	2269	1177	1566	1182	1304	1185	1266	1209	1187	1239	1145	1274	1151	1278	1118	1306	1135	1351	1131	1368	1146	1374	1151	1384	1172	1434	1191	1440	1214	1467	1225	1470	1275	1512	1293	1538	1314	1559	1357	1565	1367	1591	1381	1616	1436	1624	1440	1634	1468	1637	4065	4095	237.0	601.8974396858433	499.35399055480957	30	1	0.7143421173095703	0.6493506493506493	7.782101167315175			2.5776948628111205	0.4014953708381415	3.9152111006519537	3.2122330609016614	4.424059451927543	7.488351986166483	4.727989699018187	9.592457935232941	4.785525513315714	8.997931509997702	4.800389879381067	8.921729611384784	4.827277171256314	9.33972703799336	4.888403687530325	8.98561695685087	4.941570613807682	8.765214728622828	5.011604578891467	8.630773845230953	4.965999611424131	8.29992576095026	4.983211233211233	8.238368294984394	5.083151478666567	7.975460122699387	5.106001791579576	7.876288659793815	5.083805083805084	7.7005419147655045	5.077222201841593	7.633687227252003	5.18775775993054	7.469426152398871	5.161475321696118	7.33003260475788	5.221941408891895	7.152449348981141	5.196549773755656	7.219296755563105	5.305821665438467	7.121220465936003	5.369361820974724	7.028993259869478	5.417709202112872	7.063661443964396	5.415974529346623	6.887690834886885	5.475444815362907	6.806643994282616	5.5378499708714575	6.862276593711172	5.5385035127208235	6.719865602687946	5.567101631971654	6.685794962881997	5.586649375469252	4.7716868177016085	4.777515925053084	4.023086063486674	6.709967534309916	5.695973878063825	5.7251908396946565	4.761904761904762	4.673068557183954	12.673059701492537	2.2646	0.2028336405822039	20.39918804168701	-1.2397777936723649e-05	13.739032461829709	-9.55631921164189e-06	10.355927085500815	-4.839034361015191e-06	8.760859406424746	-3.943501454659099e-06	7.839157925249561	-5.032484688665335e-06	7.230732202036991	-5.142884767495323e-06	6.7943231509985	-4.209755265877618e-06	6.4557121282953345	-5.385859103771501e-06	6.182309559547692	-5.5143450171275556e-06	5.952296206905514	-5.649704746429952e-06	5.755009490324964	-5.790320899584255e-06	5.578691197903562	-5.9342180065537505e-06	5.420318540808476	-6.086464312016506e-06	5.277240117843729	-6.2470248544130855e-06	5.1437563845241705	-5.133292352549385e-06	5.0205030640551005	-5.273767883017281e-06	4.9056212347815	-2.71184234433347e-06	4.7991203184938245	-2.7908716171147413e-06	4.695200024131309	-2.8727789827489622e-06	4.598598500825064	2.9598759220013497e-06	4.507974390509675	4.57204166044361e-06	4.418510528566756	-1.572369072758234e-06	4.3365817456657165	-1.6239381474438402e-06	4.2573190789473685	1.6783057168127631e-06	4.181952113389718	1.735276611768299e-06	4.112721518305235	1.7962189590911131e-06	4.044959959512965	1.860620889190723e-06	3.97744607340341	1.9280193264657284e-06	3.9135285411416456	2.000084003528148e-06
7	1	18	0	0	980	1562	969	4361	990	4051	993	2262	1019	1503	1055	1219	1059	1087	1077	995	1106	979	1166	1007	1201	967	1209	990	1229	1004	1241	1044	1285	1047	1302	1049	1314	1089	1336	1142	1375	1211	1382	1209	1382	1227	1381	1251	1392	1280	1394	1316	1394	1319	1403	1358	1388	1381	1390	1380	1371	4067	4095	193.0	538.704756929265	420.67512798309326	28	1	0.7324962615966797	0.6493506493506493	7.003891050583658			2.2296036765709606	0.8306434029790425	3.3783077083987028	4.598998154495123	3.8318625174175573	9.729093616408088	3.995654273297924	9.562864631774753	4.1431185200243945	8.635945759595495	4.284611948178532	8.340175150519977	4.313997066970832	8.019181113980082	4.354682193110141	7.53217259651779	4.411119530969569	7.494449973206767	4.586758978797058	7.5509898020395925	4.666796191956479	7.178916109873794	4.613095238095238	7.18588952602163	4.624125216344345	7.079895635004584	4.631979695431472	7.175257731958763	4.7545047545047545	7.004750117080351	4.776404123408782	6.832540871490914	4.753635771651834	6.829727187206021	4.788702104018065	6.895302499698104	4.894457694087495	7.07070707070707	4.885463800904978	6.845591982333957	4.8496332947327785	6.757724293660846	4.821254014802403	6.691986733711351	4.837364470391994	6.662849409192651	4.824197120708749	6.630725046606541	4.797467047527274	6.5010596875154025	4.807922963572187	6.489534550320177	4.733647090921492	6.444537775911148	4.735784130012606	6.285011613608417	4.678861511159648	4.774034511092851	4.777515925053084	3.276184009506026	6.00549394504876	4.798508844358282	5.343511450381679	4.761904761904762	4.791828964550368	12.673059701492537	2.2646	0.2028336405822039	20.39918804168701	-1.2397777936723649e-05	13.739032461829709	-9.55631921164189e-06	10.355927085500815	-4.839034361015191e-06	8.760859406424746	-3.943501454659099e-06	7.839157925249561	-5.032484688665335e-06	7.230732202036991	-5.142884767495323e-06	6.7943231509985	-4.209755265877618e-06	6.4557121282953345	-5.385859103771501e-06	6.182309559547692	-5.5143450171275556e-06	5.952296206905514	-5.649704746429952e-06	5.755009490324964	-5.790320899584255e-06	5.578691197903562	-5.9342180065537505e-06	5.420318540808476	-6.086464312016506e-06	5.277240117843729	-6.2470248544130855e-06	5.1437563845241705	-5.133292352549385e-06	5.0205030640551005	-5.273767883017281e-06	4.9056212347815	-2.71184234433347e-06	4.7991203184938245	-2.7908716171147413e-06	4.695200024131309	-2.8727789827489622e-06	4.598598500825064	2.9598759220013497e-06	4.507974390509675	4.57204166044361e-06	4.418510528566756	-1.572369072758234e-06	4.3365817456657165	-1.6239381474438402e-06	4.2573190789473685	1.6783057168127631e-06	4.181952113389718	1.735276611768299e-06	4.112721518305235	1.7962189590911131e-06	4.044959959512965	1.860620889190723e-06	3.97744607340341	1.9280193264657284e-06	3.9135285411416456	2.000084003528148e-06
8	1	12	0	0	929	2436	971	6179	962	4073	996	2176	995	1429	1002	1112	1004	993	996	973	1012	952	1022	1000	1027	1013	1062	980	1085	1001	1098	1002	1125	991	1144	1002	1166	1025	1175	1037	1184	1070	1142	1098	1162	1119	1161	1153	1166	1166	1178	1169	1166	1182	1153	1144	1140	1166	1118	1160	1114	4068	4095	163.0	482.27972004536593	357.06910037994385	27	1	0.7509422302246094	0.6493506493506493	4.669260700389105			2.113573281157574	1.2954208256446527	3.3852804797266676	6.516214078565779	3.7234866078340296	9.781929967817858	4.007725736359246	9.199289760717004	4.045537710916853	8.210756148011951	4.069366039881412	7.608100711548987	4.089946227798599	7.32571007008484	4.0271712760795735	7.365632096896291	4.036214254377218	7.287759320217408	4.020298178671177	7.498500299940011	3.990674179133476	7.520415738678545	4.052197802197802	7.113304783334542	4.082323726390247	7.058740568366123	4.098238280083607	6.88659793814433	4.162504162504162	6.630092995249883	4.196779045452878	6.526411776200092	4.218218652774763	6.428347444339918	4.211620488189541	6.261321096485932	4.214573025308796	6.247445553803935	4.037047511312218	6.217088500084933	4.077622205846229	6.162912375392411	4.053204859656472	6.1677543596876	4.051987767584098	6.06943938368643	4.076688815060908	5.890058950974959	4.012802422824104	5.825816945142688	3.9512011240190534	5.466883303067953	3.887865766318805	5.441224508843156	3.809069537664816	5.283053240424466	3.801788273837963	4.775208357788473	4.777515925053084	2.766932609064675	5.376466239247558	4.0729748973632605	5.152671755725191	4.761904761904762	4.9124984223819075	12.673059701492537	2.2646	0.2028336405822039	20.39918804168701	-1.2397777936723649e-05	13.739032461829709	-9.55631921164189e-06	10.355927085500815	-4.839034361015191e-06	8.760859406424746	-3.943501454659099e-06	7.839157925249561	-5.032484688665335e-06	7.230732202036991	-5.142884767495323e-06	6.7943231509985	-4.209755265877618e-06	6.4557121282953345	-5.385859103771501e-06	6.182309559547692	-5.5143450171275556e-06	5.952296206905514	-5.649704746429952e-06	5.755009490324964	-5.790320899584255e-06	5.578691197903562	-5.9342180065537505e-06	5.420318540808476	-6.086464312016506e-06	5.277240117843729	-6.2470248544130855e-06	5.1437563845241705	-5.133292352549385e-06	5.0205030640551005	-5.273767883017281e-06	4.9056212347815	-2.71184234433347e-06	4.7991203184938245	-2.7908716171147413e-06	4.695200024131309	-2.8727789827489622e-06	4.598598500825064	2.9598759220013497e-06	4.507974390509675	4.57204166044361e-06	4.418510528566756	-1.572369072758234e-06	4.3365817456657165	-1.6239381474438402e-06	4.2573190789473685	1.6783057168127631e-06	4.181952113389718	1.735276611768299e-06	4.112721518305235	1.7962189590911131e-06	4.044959959512965	1.860620889190723e-06	3.97744607340341	1.9280193264657284e-06	3.9135285411416456	2.000084003528148e-06
9	1	8	0	0	1018	3730	934	7681	922	4046	934	2026	913	1343	921	1069	915	1009	917	945	893	921	925	936	951	924	976	921	964	919	952	911	936	897	930	934	949	962	952	967	953	962	968	937	971	929	980	941	970	947	971	954	959	969	952	970	963	981	942	975	925	4071	4095	142.0	432.00271242331206	304.7497844696045	24	1	0.7678203582763672	0.6493506493506493	3.11284046692607			2.3160576966828956	1.9835466665248582	3.2562842101593277	8.100184550487741	3.5686638798575627	9.71708535472405	3.758248833091904	8.565147543755813	3.712136613132751	7.716616869685129	3.7404053121065672	7.313902572523262	3.727391233501711	7.443747694577646	3.707747048358402	7.153671461014382	3.561600127627328	7.050447829748144	3.638723889697494	7.018596280743851	3.69535651836021	6.859688195991091	3.724053724053724	6.685054801480729	3.6270599744149297	6.48050208024822	3.5532994923857872	6.261168384879726	3.463203463203463	6.001204255034455	3.4117172310062736	6.083501595779326	3.433181390637436	6.033239259956099	3.4123086848991004	5.838666827677817	3.3923041327020966	5.616862264261108	3.4219457013574663	5.305475341147161	3.4073762150401796	5.116484000660902	3.4213098729227758	5.033700652615813	3.37086460939672	4.929467492582375	3.3603266888150607	4.806771804302917	3.3004095398699107	4.7759869880230665	3.2623967650183343	4.635381821657268	3.284223449969306	4.5779084418311635	3.2094306837927156	4.440497335701599	3.1567811070916663	4.778729897875338	4.777515925053084	2.410456628755729	4.815976915614092	3.476184919951931	4.580152671755725	4.761904761904762	5.022911413008656	12.673059701492537	2.2646	0.2028336405822039	20.39918804168701	-1.2397777936723649e-05	13.739032461829709	-9.55631921164189e-06	10.355927085500815	-4.839034361015191e-06	8.760859406424746	-3.943501454659099e-06	7.839157925249561	-5.032484688665335e-06	7.230732202036991	-5.142884767495323e-06	6.7943231509985	-4.209755265877618e-06	6.4557121282953345	-5.385859103771501e-06	6.182309559547692	-5.5143450171275556e-06	5.952296206905514	-5.649704746429952e-06	5.755009490324964	-5.790320899584255e-06	5.578691197903562	-5.9342180065537505e-06	5.420318540808476	-6.086464312016506e-06	5.277240117843729	-6.2470248544130855e-06	5.1437563845241705	-5.133292352549385e-06	5.0205030640551005	-5.273767883017281e-06	4.9056212347815	-2.71184234433347e-06	4.7991203184938245	-2.7908716171147413e-06	4.695200024131309	-2.8727789827489622e-06	4.598598500825064	2.9598759220013497e-06	4.507974390509675	4.57204166044361e-06	4.418510528566756	-1.572369072758234e-06	4.3365817456657165	-1.6239381474438402e-06	4.2573190789473685	1.6783057168127631e-06	4.181952113389718	1.735276611768299e-06	4.112721518305235	1.7962189590911131e-06	4.044959959512965	1.860620889190723e-06	3.97744607340341	1.9280193264657284e-06	3.9135285411416456	2.000084003528148e-06
10	1	6	0	0	1089	5617	933	8911	925	3550	899	1793	888	1255	879	1080	826	957	809	926	827	899	783	881	783	886	791	816	782	819	764	797	762	775	762	772	760	782	764	775	761	765	752	753	751	755	741	764	740	764	727	752	735	750	727	741	724	730	725	726	732	4074	4095	124.0	380.21689042338704	256.01577949523926	21	1	0.7842464447021484	0.6493506493506493	2.3346303501945527			2.4775902079446697	2.987019202646147	3.252797824495346	9.397310835750066	3.580275584455798	8.525865795667418	3.617415097376469	7.580113300076096	3.610489936979061	7.210985980234429	3.569833082889981	7.389162561576355	3.3648362392048234	7.0601254149760235	3.2710658256509784	7.009841029523088	3.2983687632114225	6.8820332236086665	3.0801306006844733	6.606178764247151	3.0425490577035164	6.57757980697847	3.018162393162393	5.922915003266314	2.942283091278501	5.775333192299556	2.851597491788594	5.47766323024055	2.8194028194028196	5.184986953903794	2.795407021534172	5.028333224776917	2.749439259098473	4.9043587331451866	2.738449406788774	4.6793865475184155	2.7088598583276973	4.466631634261692	2.658371040723982	4.2636317309325635	2.6353651261536304	4.15817591011731	2.5869291998324258	4.0868727934096505	2.571587433972755	3.976888241111863	2.5159191583610188	3.788985740918023	2.5295109612141653	3.6965843560550047	2.4913471094205133	3.54104941221447	2.4691358024691357	3.4065985346959726	2.470103233279956	3.3064626315070367	2.4981229950174053	4.782251437962202	4.777515925053084	2.1049057884909184	4.238667292003773	2.920291456481254	4.007633587786259	4.761904761904762	5.130367247032565	12.673059701492537	2.2646	0.2028336405822039	20.39918804168701	-1.2397777936723649e-05	13.739032461829709	-9.55631921164189e-06	10.355927085500815	-4.839034361015191e-06	8.760859406424746	-3.943501454659099e-06	7.839157925249561	-5.032484688665335e-06	7.230732202036991	-5.142884767495323e-06	6.7943231509985	-4.209755265877618e-06	6.4557121282953345	-5.385859103771501e-06	6.182309559547692	-5.5143450171275556e-06	5.952296206905514	-5.649704746429952e-06	5.755009490324964	-5.790320899584255e-06	5.578691197903562	-5.9342180065537505e-06	5.420318540808476	-6.086464312016506e-06	5.277240117843729	-6.2470248544130855e-06	5.1437563845241705	-5.133292352549385e-06	5.0205030640551005	-5.273767883017281e-06	4.9056212347815	-2.71184234433347e-06	4.7991203184938245	-2.7908716171147413e-06	4.695200024131309	-2.8727789827489622e-06	4.598598500825064	2.9598759220013497e-06	4.507974390509675	4.57204166044361e-06	4.418510528566756	-1.572369072758234e-06	4.3365817456657165	-1.6239381474438402e-06	4.2573190789473685	1.6783057168127631e-06	4.181952113389718	1.735276611768299e-06	4.112721518305235	1.7962189590911131e-06	4.044959959512965	1.860620889190723e-06	3.97744607340341	1.9280193264657284e-06	3.9135285411416456	2.000084003528148e-06
11	1	2	0	0	1216	8056	1010	8791	871	3263	769	1770	729	1276	713	993	668	868	639	771	651	724	647	699	634	677	647	642	627	641	625	629	612	626	584	636	583	619	584	609	572	607	578	585	575	590	567	576	569	573	545	570	539	566	534	569	535	549	522	533	523	4076	4095	110.0	326.4508242841106	212.18932914733887	19	1	0.7973575592041016	0.6493506493506493	0.7782101167315175			2.7665286435819265	4.28403537413519	3.521249520621971	9.270761929870815	3.3712649016875678	7.836591575003602	3.0943183647191375	7.482878160142048	2.9640170766415936	7.331647897035164	2.895666653129188	6.793924466338259	2.7211992830373144	6.403541128734784	2.583697234352256	5.836487509462528	2.5964184581023413	5.542371583862819	2.545139845010031	5.241451709658068	2.46357101224014	5.025983667409057	2.468711843711844	4.659940480510997	2.3590939875084658	4.520132571750935	2.3327859062406686	4.323024054982818	2.2644022644022646	4.18813139760487	2.142411680545875	4.142512863935387	2.1091093263873817	3.8820947005330826	2.093264991576759	3.6770921386306	2.036094400740398	3.5441116365971856	2.043269230769231	3.312383217258366	2.0177562550443904	3.249435479429421	1.9794721407624634	3.0812025248742914	1.9773422296358076	2.9826661808338972	1.8860741971207087	2.8719705748979694	1.854974704890388	2.7896889940361773	1.8299578492854942	2.7191054190958615	1.8245685833162815	2.5619487610247798	1.7784743279615687	2.4274718768502073	1.7848611016312879	4.7845991313534455	4.777515925053084	1.867255134951621	3.6392818577836077	2.4203769247628943	3.6259541984732824	4.761904761904762	5.216137265968973	12.673059701492537	2.2646	0.2028336405822039	20.39918804168701	-1.2397777936723649e-05	13.739032461829709	-9.55631921164189e-06	10.355927085500815	-4.839034361015191e-06	8.760859406424746	-3.943501454659099e-06	7.839157925249561	-5.032484688665335e-06	7.230732202036991	-5.142884767495323e-06	6.7943231509985	-4.209755265877618e-06	6.4557121282953345	-5.385859103771501e-06	6.182309559547692	-5.5143450171275556e-06	5.952296206905514	-5.649704746429952e-06	5.755009490324964	-5.790320899584255e-06	5.578691197903562	-5.9342180065537505e-06	5.420318540808476	-6.086464312016506e-06	5.277240117843729	-6.2470248544130855e-06	5.1437563845241705	-5.133292352549385e-06	5.0205030640551005	-5.273767883017281e-06	4.9056212347815	-2.71184234433347e-06	4.7991203184938245	-2.7908716171147413e-06	4.695200024131309	-2.8727789827489622e-06	4.598598500825064	2.9598759220013497e-06	4.507974390509675	4.57204166044361e-06	4.418510528566756	-1.572369072758234e-06	4.3365817456657165	-1.6239381474438402e-06	4.2573190789473685	1.6783057168127631e-06	4.181952113389718	1.735276611768299e-06	4.112721518305235	1.7962189590911131e-06	4.044959959512965	1.860620889190723e-06	3.97744607340341	1.9280193264657284e-06	3.9135285411416456	2.000084003528148e-06
12	1	2	0	0	1449	10774	999	8153	808	3004	695	1743	632	1111	610	870	591	726	566	650	547	612	525	598	515	565	519	546	521	524	489	520	471	520	473	511	479	482	474	474	470	466	474	474	452	478	462	476	448	460	464	454	460	460	454	460	450	461	439	455	429	4077	4095	100.0	279.9248543864508	178.82849025726318	18	1	0.8046722412109375	0.6493506493506493	0.7782101167315175			3.2966282932156346	5.729418709152499	3.4828992783181674	8.59794358027946	3.1274191051246327	7.214563619770402	2.7965556092065027	7.3687325610890335	2.5696279731652774	6.383589979315101	2.4773585671932747	5.952380952380952	2.4075281081961872	5.355957211361121	2.2885330745592753	4.920514761544284	2.1816296414469747	4.684988134425477	2.0652216671256047	4.484103179364127	2.0011657276083157	4.194506310319228	1.9803113553113552	3.9631269507149596	1.9602678907366995	3.6950849728509976	1.8251716930426993	3.5738831615120272	1.7427017427017428	3.478958988425771	1.7352067207160937	3.328339738161923	1.7328702698791694	3.0228911884603327	1.6989856267249723	2.8619731916435214	1.6730146299789983	2.72085011969405	1.6756221719457014	2.683879735009343	1.5861318735305472	2.632593490114006	1.6129032258064515	2.5462715309725046	1.556852932999722	2.3944615064286086	1.6057585825027685	2.2874993701818913	1.5830952954537632	2.2672384050470695	1.5558068606284912	2.1982223071776734	1.5346838551258442	2.1512903075271828	1.4956900957377943	2.0722320899940794	1.4640638864241349	4.785772978049066	4.777515925053084	1.6975046681378374	3.1206091954135506	2.0398403305583668	3.435114503816794	4.761904761904762	5.263988302137307	12.673059701492537	2.2646	0.2028336405822039	20.39918804168701	-1.2397777936723649e-05	13.739032461829709	-9.55631921164189e-06	10.355927085500815	-4.839034361015191e-06	8.760859406424746	-3.943501454659099e-06	7.839157925249561	-5.032484688665335e-06	7.230732202036991	-5.142884767495323e-06	6.7943231509985	-4.209755265877618e-06	6.4557121282953345	-5.385859103771501e-06	6.182309559547692	-5.5143450171275556e-06	5.952296206905514	-5.649704746429952e-06	5.755009490324964	-5.790320899584255e-06	5.578691197903562	-5.9342180065537505e-06	5.420318540808476	-6.086464312016506e-06	5.277240117843729	-6.2470248544130855e-06	5.1437563845241705	-5.133292352549385e-06	5.0205030640551005	-5.273767883017281e-06	4.9056212347815	-2.71184234433347e-06	4.7991203184938245	-2.7908716171147413e-06	4.695200024131309	-2.8727789827489622e-06	4.598598500825064	2.9598759220013497e-06	4.507974390509675	4.57204166044361e-06	4.418510528566756	-1.572369072758234e-06	4.3365817456657165	-1.6239381474438402e-06	4.2573190789473685	1.6783057168127631e-06	4.181952113389718	1.735276611768299e-06	4.112721518305235	1.7962189590911131e-06	4.044959959512965	1.860620889190723e-06	3.97744607340341	1.9280193264657284e-06	3.9135285411416456	2.000084003528148e-06
13	1	1	0	0	1726	13111	1064	7920	806	3052	688	1409	616	962	539	755	499	631	470	576	460	506	440	482	431	451	431	439	431	425	442	430	425	441	417	434	419	425	419	424	411	420	395	419	382	413	380	395	372	384	370	378	363	373	363	370	366	361	364	367	345	4074	4095	92.0	232.48475082228464	152.73180103302002	21	1	0.8028650283813477	0.6493506493506493	0.38910505836575876			3.926832597715794	6.972193121932283	3.7095143464770075	8.352227788030582	3.1196779687258087	7.329842931937172	2.7683888620634156	5.95670922465545	2.504574100426916	5.527464950586072	2.1890102749461886	5.165571975916803	2.0327521590353594	4.65510881593508	1.9003719877082321	4.360333080999243	1.8346428428987358	3.8735359412079924	1.730852444829078	3.614277144571086	1.674761997279969	3.348181143281366	1.6445360195360197	3.186470203963127	1.6216419595153888	2.9969677737818206	1.6497461928934012	2.9553264604810994	1.5725015725015727	2.9504248344149326	1.5297699842253936	2.8268090926854685	1.5158092757398163	2.66541235497021	1.5018459442990788	2.5600772853520106	1.4629978998326985	2.4522683482221055	1.3963518099547512	2.3724590906517182	1.3404919816120995	2.274604835600595	1.3266303588884234	2.112977425912057	1.292743953294412	1.9988548227577951	1.280454042081949	1.9045699601954953	1.2492686788037306	1.8384346197446892	1.2439601110311505	1.7681353340342159	1.2482095355023533	1.6846329740071866	1.2401621750536609	1.6714487407204992	1.1773940345368918	4.782251437962202	4.777515925053084	1.5617042946868105	2.5917457483352555	1.7421636063569945	4.007633587786259	4.761904761904762	5.252165914452953	12.673059701492537	2.2646	0.2028336405822039	20.39918804168701	-1.2397777936723649e-05	13.739032461829709	-9.55631921164189e-06	10.355927085500815	-4.839034361015191e-06	8.760859406424746	-3.943501454659099e-06	7.839157925249561	-5.032484688665335e-06	7.230732202036991	-5.142884767495323e-06	6.7943231509985	-4.209755265877618e-06	6.4557121282953345	-5.385859103771501e-06	6.182309559547692	-5.5143450171275556e-06	5.952296206905514	-5.649704746429952e-06	5.755009490324964	-5.790320899584255e-06	5.578691197903562	-5.9342180065537505e-06	5.420318540808476	-6.086464312016506e-06	5.277240117843729	-6.2470248544130855e-06	5.1437563845241705	-5.133292352549385e-06	5.0205030640551005	-5.273767883017281e-06	4.9056212347815	-2.71184234433347e-06	4.7991203184938245	-2.7908716171147413e-06	4.695200024131309	-2.8727789827489622e-06	4.598598500825064	2.9598759220013497e-06	4.507974390509675	4.57204166044361e-06	4.418510528566756	-1.572369072758234e-06	4.3365817456657165	-1.6239381474438402e-06	4.2573190789473685	1.6783057168127631e-06	4.181952113389718	1.735276611768299e-06	4.112721518305235	1.7962189590911131e-06	4.044959959512965	1.860620889190723e-06	3.97744607340341	1.9280193264657284e-06	3.9135285411416456	2.000084003528148e-06
14	5	0	0	0	1890	15398	1083	7461	764	2528	577	1171	508	820	460	600	419	530	422	463	412	423	420	420	427	412	405	422	392	422	393	409	375	387	380	391	362	378	355	373	344	363	343	353	321	342	311	330	291	318	285	302	286	281	263	281	261	273	253	262	244	4074	4095	86.0	201.36976532901656	134.91054439544678	21	1	0.8022098541259766	3.2467532467532463	0.0			4.299949947672567	8.188378437305568	3.775755674092668	7.868178223042446	2.9571141043505187	6.071377107449925	2.3217447287944633	4.950536907077027	2.0654604594429764	4.711560560790623	1.8681720342768955	4.105090311986864	1.7068600293302916	3.909996311324235	1.7062914442827106	3.504920514761544	1.6432018505962591	3.238153563499962	1.6521773337004837	3.149370125974805	1.6592189625024285	3.058648849294729	1.5453296703296704	3.0630761413950784	1.474904055986154	2.9758127071433607	1.4668557778441327	2.810996563573883	1.3875013875013875	2.5891483240784106	1.3940349976154665	2.5467335374193967	1.3096013313074308	2.370649106302916	1.2724470411125848	2.2521434609346698	1.2245043249207987	2.119460500963391	1.2125282805429864	1.9987543174225697	1.126434361511738	1.8835710745167151	1.0857422147744729	1.7652722798758962	1.011259382819016	1.655301650096299	0.9862956810631229	1.5216405502090997	0.984272292390818	1.3849869387352753	0.9012713752098969	1.3428271050367964	0.8901166359729895	1.2739745205095898	0.8619808524411434	1.19324133533725	0.8327076650058017	4.782251437962202	4.777515925053084	1.4598540145985401	2.2448751210082403	1.5388821382964184	4.007633587786259	4.761904761904762	5.2478799089969375	12.673059701492537	2.2646	0.2028336405822039	20.39918804168701	-1.2397777936723649e-05	13.739032461829709	-9.55631921164189e-06	10.355927085500815	-4.839034361015191e-06	8.760859406424746	-3.943501454659099e-06	7.839157925249561	-5.032484688665335e-06	7.230732202036991	-5.142884767495323e-06	6.7943231509985	-4.209755265877618e-06	6.4557121282953345	-5.385859103771501e-06	6.182309559547692	-5.5143450171275556e-06	5.952296206905514	-5.649704746429952e-06	5.755009490324964	-5.790320899584255e-06	5.578691197903562	-5.9342180065537505e-06	5.420318540808476	-6.086464312016506e-06	5.277240117843729	-6.2470248544130855e-06	5.1437563845241705	-5.133292352549385e-06	5.0205030640551005	-5.273767883017281e-06	4.9056212347815	-2.71184234433347e-06	4.7991203184938245	-2.7908716171147413e-06	4.695200024131309	-2.8727789827489622e-06	4.598598500825064	2.9598759220013497e-06	4.507974390509675	4.57204166044361e-06	4.418510528566756	-1.572369072758234e-06	4.3365817456657165	-1.6239381474438402e-06	4.2573190789473685	1.6783057168127631e-06	4.181952113389718	1.735276611768299e-06	4.112721518305235	1.7962189590911131e-06	4.044959959512965	1.860620889190723e-06	3.97744607340341	1.9280193264657284e-06	3.9135285411416456	2.000084003528148e-06
15	4	0	0	0	2315	17431	1091	7196	698	2018	536	923	484	662	425	523	402	458	377	424	331	397	344	365	323	335	308	333	301	310	293	301	279	296	267	289	240	278	237	253	225	237	212	235	201	214	193	205	192	192	189	193	188	192	177	189	177	181	181	175	167	4075	4095	81.0	169.5132862895343	117.23838710784912	20	1	0.7960662841796875	2.5974025974025974	0.0			5.266869909450789	9.269491137853834	3.8036467594045256	7.588716055892434	2.7016566031893485	4.846534415677986	2.156768066956382	3.9020884417011925	1.9678796503354339	3.803723282004137	1.7260285099297403	3.5782703886152163	1.6376079517679647	3.3788270011066026	1.5243409348212842	3.2096896290688877	1.3201451760858294	3.0391181198805786	1.3532119114118248	2.736952609478104	1.2551000582863803	2.4870081662954715	1.1752136752136753	2.417071931480003	1.1325156144179398	2.1860235526408576	1.0936100328456255	2.06872852233677	1.0323010323010324	1.9803305011039003	0.979493011482446	1.8823682667882498	0.8682439765574127	1.7434932580746316	0.8494928133624862	1.527593285835044	0.8009112590324993	1.3837799964967594	0.7494343891402715	1.3306154804371213	0.7053374039372565	1.1786088010133833	0.6737885770143834	1.0966085374986627	0.6672226855713094	0.9994274113788976	0.6540697674418605	0.9724391595707159	0.6470041642289293	0.9463255951500813	0.6065590624036188	0.9031826436012617	0.6036423163494986	0.8446497736711932	0.6166740485843752	0.7970123423054152	0.5699269674424954	4.783425284657824	4.777515925053084	1.3749787811916483	1.8897383053010346	1.3373013996157228	3.816793893129771	4.761904761904762	5.2076900295971456	12.673059701492537	2.2646	0.2028336405822039	20.39918804168701	-1.2397777936723649e-05	13.739032461829709	-9.55631921164189e-06	10.355927085500815	-4.839034361015191e-06	8.760859406424746	-3.943501454659099e-06	7.839157925249561	-5.032484688665335e-06	7.230732202036991	-5.142884767495323e-06	6.7943231509985	-4.209755265877618e-06	6.4557121282953345	-5.385859103771501e-06	6.182309559547692	-5.5143450171275556e-06	5.952296206905514	-5.649704746429952e-06	5.755009490324964	-5.790320899584255e-06	5.578691197903562	-5.9342180065537505e-06	5.420318540808476	-6.086464312016506e-06	5.277240117843729	-6.2470248544130855e-06	5.1437563845241705	-5.133292352549385e-06	5.0205030640551005	-5.273767883017281e-06	4.9056212347815	-2.71184234433347e-06	4.7991203184938245	-2.7908716171147413e-06	4.695200024131309	-2.8727789827489622e-06	4.598598500825064	2.9598759220013497e-06	4.507974390509675	4.57204166044361e-06	4.418510528566756	-1.572369072758234e-06	4.3365817456657165	-1.6239381474438402e-06	4.2573190789473685	1.6783057168127631e-06	4.181952113389718	1.735276611768299e-06	4.112721518305235	1.7962189590911131e-06	4.044959959512965	1.860620889190723e-06	3.97744607340341	1.9280193264657284e-06	3.9135285411416456	2.000084003528148e-06
16	5	0	0	0	2557	19489	911	6028	668	1521	489	713	417	561	380	447	322	409	290	352	262	299	250	269	236	257	230	246	221	232	206	228	182	206	178	181	183	180	165	181	170	166	169	171	159	169	163	159	163	163	153	162	157	152	154	156	150	153	141	151	134	4077	4095	76.0	151.2133960526488	104.70580768585205	18	1	0.790740966796875	3.2467532467532463	0.0			5.817445511216271	10.363898387105351	3.176097339887738	6.356973372001054	2.585539557206998	3.652913204284548	1.9676484789956543	3.0142893379555256	1.6954665582435455	3.2233969202482187	1.5432725500548268	3.0582922824302137	1.3117158220628973	3.0173367760973813	1.1725699498625264	2.6646479939439818	1.044948749651019	2.2889076016229044	0.9834388891074309	2.017096580683863	0.9170390518748786	1.9079435783221976	0.8775946275946276	1.7855846701023446	0.8315147866656634	1.6359918200409	0.7688862346969244	1.5670103092783505	0.6734006734006733	1.3782029838763632	0.6529953409882975	1.1789226861199766	0.6620360321250272	1.1288805268109126	0.5914190472776801	1.0928631807752687	0.6051329512689994	0.969229870963975	0.5974264705882353	0.9682350942755223	0.557953468786188	0.9307705017348681	0.5690546013126658	0.8505402803038409	0.5664442591048096	0.8484722294518765	0.529485049833887	0.8162442686552123	0.5403173073613932	0.7491744294938144	0.5277406531647304	0.7454840867819937	0.511561285041948	0.7139857202855944	0.4803924908861708	0.6877077925035296	0.4573066684867927	4.785772978049066	4.777515925053084	1.2901035477847564	1.6857306766342186	1.1943462087837788	3.435114503816794	4.761904761904762	5.1728529779721155	12.673059701492537	2.2646	0.2028336405822039	20.39918804168701	-1.2397777936723649e-05	13.739032461829709	-9.55631921164189e-06	10.355927085500815	-4.839034361015191e-06	8.760859406424746	-3.943501454659099e-06	7.839157925249561	-5.032484688665335e-06	7.230732202036991	-5.142884767495323e-06	6.7943231509985	-4.209755265877618e-06	6.4557121282953345	-5.385859103771501e-06	6.182309559547692	-5.5143450171275556e-06	5.952296206905514	-5.649704746429952e-06	5.755009490324964	-5.790320899584255e-06	5.578691197903562	-5.9342180065537505e-06	5.420318540808476	-6.086464312016506e-06	5.277240117843729	-6.2470248544130855e-06	5.1437563845241705	-5.133292352549385e-06	5.0205030640551005	-5.273767883017281e-06	4.9056212347815	-2.71184234433347e-06	4.7991203184938245	-2.7908716171147413e-06	4.695200024131309	-2.8727789827489622e-06	4.598598500825064	2.9598759220013497e-06	4.507974390509675	4.57204166044361e-06	4.418510528566756	-1.572369072758234e-06	4.3365817456657165	-1.6239381474438402e-06	4.2573190789473685	1.6783057168127631e-06	4.181952113389718	1.735276611768299e-06	4.112721518305235	1.7962189590911131e-06	4.044959959512965	1.860620889190723e-06	3.97744607340341	1.9280193264657284e-06	3.9135285411416456	2.000084003528148e-06
17	7	0	0	0	2727	20683	983	4802	645	1222	480	719	356	506	297	388	261	310	237	268	207	240	196	210	185	196	173	182	168	174	160	171	150	160	141	151	145	141	151	145	153	153	153	154	141	150	135	137	133	135	115	129	117	115	113	118	110	111	110	109	104	4079	4095	72.0	130.37787689561057	95.16114902496338	16	1	0.7801380157470703	4.545454545454546	0.0			6.2042134959275606	10.998846033172557	3.427117107694453	5.064065383601371	2.4965164886205296	2.9348191555790386	1.931434089811685	3.039655026633973	1.4474486684285424	2.907377614341531	1.2061893351744304	2.654625068418172	1.063223073162783	2.2869789745481373	0.9582726831635129	2.0287660862982593	0.8255892793044309	1.8372502487943045	0.7710160890602258	1.5746850629874025	0.7188653584612396	1.4550853749072012	0.6601037851037851	1.3210423169049865	0.6321017382797803	1.2269938650306749	0.5971931919976112	1.175257731958763	0.555000555000555	1.070448919515622	0.5172603543783705	0.9835211359343451	0.5245640691701035	0.8842897460018815	0.5412380372056347	0.8754981282453811	0.5446196561420994	0.8933263268523385	0.5408653846153846	0.8719778042013475	0.4947889251500158	0.8261276642617172	0.47130289065772935	0.7328554616454477	0.4621907144842925	0.7027223986257873	0.39797895902547065	0.6499722880032247	0.40265684688715286	0.5668096012617674	0.38723827147801654	0.5638918092325337	0.37514494236409524	0.5179896402071958	0.3747742836700623	0.49642483035023	0.354924578527063	4.788120671440311	4.777515925053084	1.2222033610592429	1.4534557940941144	1.0854732901012754	3.0534351145038165	4.761904761904762	5.103490811072567	12.673059701492537	2.2646	0.2028336405822039	20.39918804168701	-1.2397777936723649e-05	13.739032461829709	-9.55631921164189e-06	10.355927085500815	-4.839034361015191e-06	8.760859406424746	-3.943501454659099e-06	7.839157925249561	-5.032484688665335e-06	7.230732202036991	-5.142884767495323e-06	6.7943231509985	-4.209755265877618e-06	6.4557121282953345	-5.385859103771501e-06	6.182309559547692	-5.5143450171275556e-06	5.952296206905514	-5.649704746429952e-06	5.755009490324964	-5.790320899584255e-06	5.578691197903562	-5.9342180065537505e-06	5.420318540808476	-6.086464312016506e-06	5.277240117843729	-6.2470248544130855e-06	5.1437563845241705	-5.133292352549385e-06	5.0205030640551005	-5.273767883017281e-06	4.9056212347815	-2.71184234433347e-06	4.7991203184938245	-2.7908716171147413e-06	4.695200024131309	-2.8727789827489622e-06	4.598598500825064	2.9598759220013497e-06	4.507974390509675	4.57204166044361e-06	4.418510528566756	-1.572369072758234e-06	4.3365817456657165	-1.6239381474438402e-06	4.2573190789473685	1.6783057168127631e-06	4.181952113389718	1.735276611768299e-06	4.112721518305235	1.7962189590911131e-06	4.044959959512965	1.860620889190723e-06	3.97744607340341	1.9280193264657284e-06	3.9135285411416456	2.000084003528148e-06
18	40	0	0	0	3272	21716	973	3994	522	1104	375	558	283	379	224	284	200	224	183	199	170	181	172	172	158	165	147	157	140	145	126	141	117	121	117	116	123	118	122	125	120	121	126	120	118	123	110	115	107	109	101	102	97	98	91	91	86	88	83	84	87	4077	4095	68.0	113.9067406480618	87.21806526184082	18	1	0.763758659362793	25.97402597402597	0.0			7.444146152796105	11.548176785590837	3.392253251054632	4.211969417347746	2.0204366000928937	2.651424179835727	1.508932882665379	2.3590090470956286	1.1506403740597682	2.177660307975178	0.9097185558217926	1.9430760810071155	0.8147303242626691	1.652526742899299	0.739932071809801	1.5064345193035578	0.6780201810712718	1.3855928959657047	0.6766059557059124	1.289742051589682	0.6139498737128425	1.2249443207126949	0.5608974358974359	1.1395804601872686	0.5267514485664836	1.0224948875255624	0.4702896386981188	0.9690721649484537	0.4329004329004329	0.809526995383689	0.42921603873949893	0.755552660717775	0.44497503798567395	0.740043900909376	0.43729165919925445	0.7547397657287768	0.42715267148399955	0.7064868336544637	0.44541855203619907	0.6794632240529982	0.4140786749482402	0.6774246846946081	0.38402457757296465	0.6151706429870547	0.3718376424798443	0.5673832700015616	0.3495293466223699	0.5139315765606892	0.33382661665003266	0.483020355857854	0.31184674959734077	0.4348657172894963	0.2932951367573835	0.4106584534975967	0.2827842322237743	0.38256592430659925	0.29690806088321614	4.785772978049066	4.777515925053084	1.1543031743337295	1.2698351601005007	0.9948690324367857	3.435114503816794	4.761904761904762	4.99634067467216	12.673059701492537	2.2646	0.2028336405822039	20.39918804168701	-1.2397777936723649e-05	13.739032461829709	-9.55631921164189e-06	10.355927085500815	-4.839034361015191e-06	8.760859406424746	-3.943501454659099e-06	7.839157925249561	-5.032484688665335e-06	7.230732202036991	-5.142884767495323e-06	6.7943231509985	-4.209755265877618e-06	6.4557121282953345	-5.385859103771501e-06	6.182309559547692	-5.5143450171275556e-06	5.952296206905514	-5.649704746429952e-06	5.755009490324964	-5.790320899584255e-06	5.578691197903562	-5.9342180065537505e-06	5.420318540808476	-6.086464312016506e-06	5.277240117843729	-6.2470248544130855e-06	5.1437563845241705	-5.133292352549385e-06	5.0205030640551005	-5.273767883017281e-06	4.9056212347815	-2.71184234433347e-06	4.7991203184938245	-2.7908716171147413e-06	4.695200024131309	-2.8727789827489622e-06	4.598598500825064	2.9598759220013497e-06	4.507974390509675	4.57204166044361e-06	4.418510528566756	-1.572369072758234e-06	4.3365817456657165	-1.6239381474438402e-06	4.2573190789473685	1.6783057168127631e-06	4.181952113389718	1.735276611768299e-06	4.112721518305235	1.7962189590911131e-06	4.044959959512965	1.860620889190723e-06	3.97744607340341	1.9280193264657284e-06	3.9135285411416456	2.000084003528148e-06
19	56	0	0	0	3627	21718	935	3327	460	869	280	420	249	277	231	245	173	217	154	168	146	146	134	142	121	133	115	122	106	111	105	105	94	102	93	95	93	93	95	97	88	90	93	89	88	90	85	90	82	85	78	79	80	79	77	79	72	73	71	75	68	4078	4095	66.0	94.81481143818756	80.46707439422607	17	1	0.7369441986083984	36.36363636363637	0.0			8.251808709104973	11.549240349487096	3.2597705958233103	3.508568415502241	1.7804613717293698	2.087035880685912	1.1266698857234831	1.7755982074913332	1.01240089449075	1.5915881406573202	0.9381472606912236	1.6762452107279693	0.7047417304872087	1.600885282183696	0.6226750768235484	1.2717638152914459	0.5822996849200335	1.1176605680165352	0.527123244561583	1.0647870425914818	0.4701768020205945	0.9873793615441723	0.4387973137973138	0.8855338607824635	0.39882609677176617	0.7827374656230167	0.3919080322484324	0.7216494845360825	0.3478003478003478	0.6824111861912089	0.3411717231006273	0.618771575587833	0.3364445409159974	0.5832549388523048	0.34051399691745227	0.5856780582055308	0.31324529242159965	0.5254860746190226	0.32876131221719457	0.5039352245059736	0.3088044355546198	0.49567659855703033	0.2967462644882	0.481437894511608	0.2849596886294134	0.4424548435791994	0.2699335548172757	0.3980450445911221	0.2753209209484806	0.3893735521711272	0.2638703265823652	0.3775207875370353	0.24554941682013504	0.34065985346959726	0.24189976491431298	0.3415767181308922	0.23206607057538733	4.786946824744688	4.777515925053084	1.1203530809709725	1.0569978613865143	0.9178626034098402	3.2442748091603053	4.761904761904762	4.820926387326001	12.673059701492537	2.2646	0.2028336405822039	20.39918804168701	-1.2397777936723649e-05	13.739032461829709	-9.55631921164189e-06	10.355927085500815	-4.839034361015191e-06	8.760859406424746	-3.943501454659099e-06	7.839157925249561	-5.032484688665335e-06	7.230732202036991	-5.142884767495323e-06	6.7943231509985	-4.209755265877618e-06	6.4557121282953345	-5.385859103771501e-06	6.182309559547692	-5.5143450171275556e-06	5.952296206905514	-5.649704746429952e-06	5.755009490324964	-5.790320899584255e-06	5.578691197903562	-5.9342180065537505e-06	5.420318540808476	-6.086464312016506e-06	5.277240117843729	-6.2470248544130855e-06	5.1437563845241705	-5.133292352549385e-06	5.0205030640551005	-5.273767883017281e-06	4.9056212347815	-2.71184234433347e-06	4.7991203184938245	-2.7908716171147413e-06	4.695200024131309	-2.8727789827489622e-06	4.598598500825064	2.9598759220013497e-06	4.507974390509675	4.57204166044361e-06	4.418510528566756	-1.572369072758234e-06	4.3365817456657165	-1.6239381474438402e-06	4.2573190789473685	1.6783057168127631e-06	4.181952113389718	1.735276611768299e-06	4.112721518305235	1.7962189590911131e-06	4.044959959512965	1.860620889190723e-06	3.97744607340341	1.9280193264657284e-06	3.9135285411416456	2.000084003528148e-06
20	23	0	0	0	4608	24950	827	3923	425	754	274	398	226	277	189	218	164	181	142	170	129	134	122	126	116	123	115	118	103	113	101	103	94	100	85	91	80	86	76	77	71	72	72	73	70	70	67	72	65	71	65	64	58	61	58	57	54	55	51	51	49	3799	3814	63.0	77.27360924869909	74.45587730407715	15	1	0.7135906219482422	14.935064935064934	0.0			10.483687491468354	13.267959605843222	2.8832409441132376	4.1370946480358555	1.6449914847499612	1.8108458619530237	1.102526959600837	1.6825906823370256	0.9188859524293556	1.5915881406573202	0.7675750314746375	1.4915161466885605	0.6680788658953887	1.3353006270748802	0.574154940967168	1.2869038607115821	0.5144976668129063	1.02579805557682	0.4799181778844263	0.9448110377924415	0.4507480085486691	0.913140311804009	0.4387973137973138	0.8564999637076286	0.3875385657310557	0.79684084338199	0.37697820244849206	0.7079037800687286	0.3478003478003478	0.6690305746972637	0.3118236178876701	0.5927180355630821	0.28941465885247086	0.5393540294763249	0.2724111975339618	0.46491969568892644	0.25273199729469975	0.42038885969521805	0.25452488687782804	0.4133401279655739	0.24563989191844757	0.3855262433221347	0.23390587906716942	0.3851503156092864	0.22588268001112036	0.3695799281661548	0.22494462901439644	0.3224668715674913	0.1996076676876484	0.3006555276258071	0.19875946677632705	0.27238841632419003	0.1841620626151013	0.25666153343599796	0.17375898606521073	0.2322721683290067	0.16722408026755853	4.459443596666275	4.44968149893833	1.0694279409268375	0.8614481058240602	0.849294769270096	2.8625954198473282	4.761904761904762	4.668152440299905	12.673059701492537	2.2646	0.2028336405822039	20.39918804168701	-1.2397777936723649e-05	13.739032461829709	-9.55631921164189e-06	10.355927085500815	-4.839034361015191e-06	8.760859406424746	-3.943501454659099e-06	7.839157925249561	-5.032484688665335e-06	7.230732202036991	-5.142884767495323e-06	6.7943231509985	-4.209755265877618e-06	6.4557121282953345	-5.385859103771501e-06	6.182309559547692	-5.5143450171275556e-06	5.952296206905514	-5.649704746429952e-06	5.755009490324964	-5.790320899584255e-06	5.578691197903562	-5.9342180065537505e-06	5.420318540808476	-6.086464312016506e-06	5.277240117843729	-6.2470248544130855e-06	5.1437563845241705	-5.133292352549385e-06	5.0205030640551005	-5.273767883017281e-06	4.9056212347815	-2.71184234433347e-06	4.7991203184938245	-2.7908716171147413e-06	4.695200024131309	-2.8727789827489622e-06	4.598598500825064	2.9598759220013497e-06	4.507974390509675	4.57204166044361e-06	4.418510528566756	-1.572369072758234e-06	4.3365817456657165	-1.6239381474438402e-06	4.2573190789473685	1.6783057168127631e-06	4.181952113389718	1.735276611768299e-06	4.112721518305235	1.7962189590911131e-06	4.044959959512965	1.860620889190723e-06	3.97744607340341	1.9280193264657284e-06	3.9135285411416456	2.000084003528148e-06
