	counts(inten<0.01	MicrocoloniesPlatonic	MicrocoloniesAggregates	MicrocoloniesLarge	counts(Norminten<0.01	counts(inten<0.02	counts(Norminten<0.02	counts(inten<0.03	counts(Norminten<0.03	counts(inten<0.04	counts(Norminten<0.04	counts(inten<0.05	counts(Norminten<0.05	counts(inten<0.060000000000000005	counts(Norminten<0.060000000000000005	counts(inten<0.06999999999999999	counts(Norminten<0.06999999999999999	counts(inten<0.08	counts(Norminten<0.08	counts(inten<0.09	counts(Norminten<0.09	counts(inten<0.09999999999999999	counts(Norminten<0.09999999999999999	counts(inten<0.11	counts(Norminten<0.11	counts(inten<0.12	counts(Norminten<0.12	counts(inten<0.13	counts(Norminten<0.13	counts(inten<0.14	counts(Norminten<0.14	counts(inten<0.15000000000000002	counts(Norminten<0.15000000000000002	counts(inten<0.16	counts(Norminten<0.16	counts(inten<0.17	counts(Norminten<0.17	counts(inten<0.18000000000000002	counts(Norminten<0.18000000000000002	counts(inten<0.19	counts(Norminten<0.19	counts(inten<0.2	counts(Norminten<0.2	counts(inten<0.21000000000000002	counts(Norminten<0.21000000000000002	counts(inten<0.22	counts(Norminten<0.22	counts(inten<0.23	counts(Norminten<0.23	counts(inten<0.24000000000000002	counts(Norminten<0.24000000000000002	counts(inten<0.25	counts(Norminten<0.25	counts(inten<0.26	counts(Norminten<0.26	counts(inten<0.27	counts(Norminten<0.27	counts(inten<0.28	counts(Norminten<0.28	counts(inten<0.29000000000000004	counts(Norminten<0.29000000000000004	diff	max	med	std	mean	min	eigenLocal	minProp	counts(inten<0.01Normalized	MicrocoloniesPlatonicNormalized	MicrocoloniesAggregatesNormalized	MicrocoloniesLargeNormalized	counts(Norminten<0.01Normalized	counts(inten<0.02Normalized	counts(Norminten<0.02Normalized	counts(inten<0.03Normalized	counts(Norminten<0.03Normalized	counts(inten<0.04Normalized	counts(Norminten<0.04Normalized	counts(inten<0.05Normalized	counts(Norminten<0.05Normalized	counts(inten<0.060000000000000005Normalized	counts(Norminten<0.060000000000000005Normalized	counts(inten<0.06999999999999999Normalized	counts(Norminten<0.06999999999999999Normalized	counts(inten<0.08Normalized	counts(Norminten<0.08Normalized	counts(inten<0.09Normalized	counts(Norminten<0.09Normalized	counts(inten<0.09999999999999999Normalized	counts(Norminten<0.09999999999999999Normalized	counts(inten<0.11Normalized	counts(Norminten<0.11Normalized	counts(inten<0.12Normalized	counts(Norminten<0.12Normalized	counts(inten<0.13Normalized	counts(Norminten<0.13Normalized	counts(inten<0.14Normalized	counts(Norminten<0.14Normalized	counts(inten<0.15000000000000002Normalized	counts(Norminten<0.15000000000000002Normalized	counts(inten<0.16Normalized	counts(Norminten<0.16Normalized	counts(inten<0.17Normalized	counts(Norminten<0.17Normalized	counts(inten<0.18000000000000002Normalized	counts(Norminten<0.18000000000000002Normalized	counts(inten<0.19Normalized	counts(Norminten<0.19Normalized	counts(inten<0.2Normalized	counts(Norminten<0.2Normalized	counts(inten<0.21000000000000002Normalized	counts(Norminten<0.21000000000000002Normalized	counts(inten<0.22Normalized	counts(Norminten<0.22Normalized	counts(inten<0.23Normalized	counts(Norminten<0.23Normalized	counts(inten<0.24000000000000002Normalized	counts(Norminten<0.24000000000000002Normalized	counts(inten<0.25Normalized	counts(Norminten<0.25Normalized	counts(inten<0.26Normalized	counts(Norminten<0.26Normalized	counts(inten<0.27Normalized	counts(Norminten<0.27Normalized	counts(inten<0.28Normalized	counts(Norminten<0.28Normalized	counts(inten<0.29000000000000004Normalized	counts(Norminten<0.29000000000000004Normalized	diffNormalized	maxNormalized	medNormalized	stdNormalized	meanNormalized	minNormalized	eigenLocalNormalized	minPropNormalized	BioVolume	SubstratumCoverage	Homogenity	ThicknessThreshold=0.01	RoughnessThreshold=0.01	ThicknessThreshold=0.02	RoughnessThreshold=0.02	ThicknessThreshold=0.03	RoughnessThreshold=0.03	ThicknessThreshold=0.04	RoughnessThreshold=0.04	ThicknessThreshold=0.05	RoughnessThreshold=0.05	ThicknessThreshold=0.060000000000000005	RoughnessThreshold=0.060000000000000005	ThicknessThreshold=0.06999999999999999	RoughnessThreshold=0.06999999999999999	ThicknessThreshold=0.08	RoughnessThreshold=0.08	ThicknessThreshold=0.09	RoughnessThreshold=0.09	ThicknessThreshold=0.09999999999999999	RoughnessThreshold=0.09999999999999999	ThicknessThreshold=0.11	RoughnessThreshold=0.11	ThicknessThreshold=0.12	RoughnessThreshold=0.12	ThicknessThreshold=0.13	RoughnessThreshold=0.13	ThicknessThreshold=0.14	RoughnessThreshold=0.14	ThicknessThreshold=0.15000000000000002	RoughnessThreshold=0.15000000000000002	ThicknessThreshold=0.16	RoughnessThreshold=0.16	ThicknessThreshold=0.17	RoughnessThreshold=0.17	ThicknessThreshold=0.18000000000000002	RoughnessThreshold=0.18000000000000002	ThicknessThreshold=0.19	RoughnessThreshold=0.19	ThicknessThreshold=0.2	RoughnessThreshold=0.2	ThicknessThreshold=0.21000000000000002	RoughnessThreshold=0.21000000000000002	ThicknessThreshold=0.22	RoughnessThreshold=0.22	ThicknessThreshold=0.23	RoughnessThreshold=0.23	ThicknessThreshold=0.24000000000000002	RoughnessThreshold=0.24000000000000002	ThicknessThreshold=0.25	RoughnessThreshold=0.25	ThicknessThreshold=0.26	RoughnessThreshold=0.26	ThicknessThreshold=0.27	RoughnessThreshold=0.27	ThicknessThreshold=0.28	RoughnessThreshold=0.28	ThicknessThreshold=0.29000000000000004	RoughnessThreshold=0.29000000000000004
0	1	20	0	0	1535	50	1529	269	1547	568	1542	755	1597	965	1666	1064	1665	1262	1710	1376	1735	1280	1746	1293	1759	1358	1838	1470	1856	1417	1890	1411	1882	1458	1913	1457	1934	1531	1952	1553	1998	1504	2042	1469	2062	1486	2089	1528	2111	1548	2153	1551	2191	1540	2218	1606	2216	1647	2246	1722	2275	4060	4095	685.0	795.4506039909955	937.3701372146606	35	1	0.655919075012207	3.7037037037037033	4.761904761904762			6.817979923603092	0.11236207555225959	6.62105399904733	0.497457235321313	6.560644614079729	1.6060169084174514	6.368479742287201	2.909777623617374	6.370671772778044	4.59830363099209	6.479716852708957	5.517527483924497	6.2846789718038725	6.943221830985916	6.286995845435495	7.7338129496402885	6.233607588114828	7.22959615927704	6.13298675752573	7.200534610458317	6.042597045688767	7.470568819452085	6.134027499666266	7.838745800671893	6.052305484901846	7.465753424657534	6.024288400854238	7.103660071489705	5.870609520244557	7.118445464310126	5.836231618768687	6.835241133420905	5.82161885554318	6.9241553977658175	5.7758314593443005	6.781659388646288	5.823035672650968	6.3796394485683985	5.847986711724612	6.0795431030915035	5.836564861728325	5.985178024810697	5.842702914359233	5.939978230446276	5.8466736830443695	5.8743169398907105	5.87064405300758	5.777827447474296	5.9182626077091385	5.525654825977753	5.941601928743638	5.615188280130065	5.911224925309432	5.597091007952152	5.949511271224604	5.675675675675676	5.983378044290148	4.744431719914927	4.761904761904762	6.743453435715692	5.065334489541326	5.967706932358077	8.31353919239905	4.761904761904762	4.760023281710777	1.7981640625	21.632	0.03160893946873134	20.848360436860798	-7.629430911211543e-06	18.993801563998396	-1.7209926685712318e-05	17.397654130744556	-1.7401173419127564e-05	16.332348425911007	-1.878212732305259e-05	15.571073514060155	-2.0388877052013045e-05	14.944094225712064	-2.1164827443161856e-05	14.39446238031304	-2.2082489138175655e-05	13.924835553539	-2.1991809787049834e-05	13.488440769285056	-2.433525216796678e-05	13.077006906684753	-2.5642077623697383e-05	12.683570281766027	-2.572096542966873e-05	12.285949106820693	-2.4341247102317716e-05	11.8928074358628	-2.5802143095650063e-05	11.502971247601819	-2.7384814637022337e-05	11.120427526193856	-2.9109090597763736e-05	10.759263410962076	-3.098593603044642e-05	10.408008070148211	-3.2979035033434924e-05	10.063567809104537	-3.510329661253188e-05	9.735990524472221	-3.7357218513358505e-05	9.416165560145627	-3.969940544302201e-05	9.108323037957133	-4.2089417730043423e-05	8.806679454502456	-3.9414665934429764e-05	8.517350104962071	-4.1817674937273486e-05	8.241390103676055	-4.724641960726414e-05	7.968741700334018	-4.686884846363915e-05	7.711928569305018	-4.6246440675726566e-05	7.467095644041832	-4.885334226651592e-05	7.230991536249811	-5.1541078239356766e-05	7.007589941583034	-5.0393065914130216e-05
1	1	22	0	0	1487	105	1512	348	1572	589	1576	809	1630	948	1646	1043	1686	1214	1724	1227	1733	1239	1779	1232	1779	1219	1824	1267	1848	1264	1931	1306	1957	1340	1998	1364	2018	1407	2053	1527	2063	1436	2092	1435	2104	1449	2122	1454	2154	1451	2195	1504	2237	1568	2259	1614	2281	1637	2302	1704	2314	4072	4095	698.0	833.695264795877	962.3411855697632	23	1	0.6541547775268555	3.7037037037037033	5.238095238095238			6.6047792484676195	0.23596035865974516	6.547438617762959	0.6435506241331485	6.666666666666667	1.6653942941159838	6.50890017759055	3.1178941688827226	6.502313706717727	4.517297245782903	6.401929135389523	5.408628915162829	6.363945193069867	6.679137323943662	6.338468326041398	6.896357913669064	6.226421873315848	6.9980231573001985	6.248902314798553	6.860834215069332	6.111301958090003	6.705908240730553	6.087304765718863	6.7562523329600594	6.026217961260027	6.659641728134878	6.15497402224843	6.5750390172682875	6.104560484122528	6.542329850600527	6.095551894563426	6.398949146181272	6.074470967159327	6.3633485595405	6.074683394484555	6.668122270742358	6.012473770109582	6.09119830328738	5.99117933444069	5.938832098663246	5.955447366186419	5.836152730787821	5.935000279688986	5.652309127662883	5.965767462471612	5.506223436551306	5.9851666030430275	5.602741767247802	6.042516409605359	5.626121277359167	6.051433163675328	5.643159330093353	6.084613743064447	5.5631074559913	6.097851712537416	5.616348055372446	6.085950239335122	4.758454670811227	4.761904761904762	6.871431384130735	5.308871924102087	6.126683512111084	5.463182897862233	4.761904761904762	4.7472197249519175	1.7981640625	21.632	0.03160893946873134	20.848360436860798	-7.629430911211543e-06	18.993801563998396	-1.7209926685712318e-05	17.397654130744556	-1.7401173419127564e-05	16.332348425911007	-1.878212732305259e-05	15.571073514060155	-2.0388877052013045e-05	14.944094225712064	-2.1164827443161856e-05	14.39446238031304	-2.2082489138175655e-05	13.924835553539	-2.1991809787049834e-05	13.488440769285056	-2.433525216796678e-05	13.077006906684753	-2.5642077623697383e-05	12.683570281766027	-2.572096542966873e-05	12.285949106820693	-2.4341247102317716e-05	11.8928074358628	-2.5802143095650063e-05	11.502971247601819	-2.7384814637022337e-05	11.120427526193856	-2.9109090597763736e-05	10.759263410962076	-3.098593603044642e-05	10.408008070148211	-3.2979035033434924e-05	10.063567809104537	-3.510329661253188e-05	9.735990524472221	-3.7357218513358505e-05	9.416165560145627	-3.969940544302201e-05	9.108323037957133	-4.2089417730043423e-05	8.806679454502456	-3.9414665934429764e-05	8.517350104962071	-4.1817674937273486e-05	8.241390103676055	-4.724641960726414e-05	7.968741700334018	-4.686884846363915e-05	7.711928569305018	-4.6246440675726566e-05	7.467095644041832	-4.885334226651592e-05	7.230991536249811	-5.1541078239356766e-05	7.007589941583034	-5.0393065914130216e-05
2	1	26	0	0	1457	154	1486	436	1470	673	1508	826	1527	843	1546	1008	1613	1108	1654	1132	1707	1140	1744	1163	1785	1183	1817	1116	1846	1170	1890	1193	1946	1233	1980	1287	2014	1326	2040	1358	2059	1424	2091	1414	2101	1424	2131	1392	2155	1456	2195	1458	2214	1489	2259	1525	2261	1563	2272	1648	2269	4071	4095	698.0	820.2228799498764	950.1334276199341	24	1	0.6462230682373047	3.7037037037037033	6.190476190476191			6.471528826507951	0.34607519270095954	6.434850387563331	0.806287563569117	6.23409669211196	1.902903836910114	6.228059306983852	3.183412340540332	6.09143130684538	4.0169636900791	6.012990548792345	5.22713130056005	6.08840070962141	6.095950704225352	6.081105923011875	6.362410071942446	6.133007580929113	6.4388590793561145	6.125961572236468	6.476582948153924	6.131913431810374	6.50786665199692	6.0639433987451605	5.951047832346824	6.019696080349573	6.164383561643835	6.024288400854238	6.00614207320143	6.070247676087092	6.019919929694366	6.040637012630423	6.03771814599362	6.062430390415701	5.997015060377188	6.036217303822937	5.930131004366812	6.000816041035206	6.040296924708378	5.988315481986368	5.851922360634028	5.946955758725127	5.735459964556147	5.960172288415282	5.411289068574094	5.96853708524899	5.5251973284760165	5.9851666030430275	5.43138131426017	5.9803895086572485	5.342662360961607	6.051433163675328	5.331981399251775	6.031263337601366	5.3116291714810036	6.018383618976981	5.431773236651286	5.967597706590921	4.75728609156987	4.761904761904762	6.871431384130735	5.22308138566459	6.048963603130176	5.7007125890736345	4.761904761904762	4.689659086268981	1.7981640625	21.632	0.03160893946873134	20.848360436860798	-7.629430911211543e-06	18.993801563998396	-1.7209926685712318e-05	17.397654130744556	-1.7401173419127564e-05	16.332348425911007	-1.878212732305259e-05	15.571073514060155	-2.0388877052013045e-05	14.944094225712064	-2.1164827443161856e-05	14.39446238031304	-2.2082489138175655e-05	13.924835553539	-2.1991809787049834e-05	13.488440769285056	-2.433525216796678e-05	13.077006906684753	-2.5642077623697383e-05	12.683570281766027	-2.572096542966873e-05	12.285949106820693	-2.4341247102317716e-05	11.8928074358628	-2.5802143095650063e-05	11.502971247601819	-2.7384814637022337e-05	11.120427526193856	-2.9109090597763736e-05	10.759263410962076	-3.098593603044642e-05	10.408008070148211	-3.2979035033434924e-05	10.063567809104537	-3.510329661253188e-05	9.735990524472221	-3.7357218513358505e-05	9.416165560145627	-3.969940544302201e-05	9.108323037957133	-4.2089417730043423e-05	8.806679454502456	-3.9414665934429764e-05	8.517350104962071	-4.1817674937273486e-05	8.241390103676055	-4.724641960726414e-05	7.968741700334018	-4.686884846363915e-05	7.711928569305018	-4.6246440675726566e-05	7.467095644041832	-4.885334226651592e-05	7.230991536249811	-5.1541078239356766e-05	7.007589941583034	-5.0393065914130216e-05
3	1	23	0	0	1390	233	1404	562	1392	764	1439	885	1468	829	1524	945	1604	1054	1617	1137	1635	1134	1660	1061	1681	1068	1727	1073	1777	1075	1779	1104	1825	1143	1858	1216	1905	1192	1907	1219	1950	1276	1966	1304	1984	1322	1990	1348	1994	1398	2008	1392	2051	1474	2084	1526	2053	1604	2075	1618	2088	4072	4095	690.0	799.9630962846047	928.7615919113159	23	1	0.6382732391357422	3.7037037037037033	5.476190476190476			6.173936217464688	0.5236072720735298	6.07976443077989	1.039297272306981	5.903307888040713	2.160205841603755	5.943088423574113	3.4107989362932134	5.856071485559279	3.950252549318593	5.927424059740967	4.900435594275047	6.0544294719359835	5.798855633802817	5.945071509981985	6.390512589928058	5.874321848165846	6.4049703473595025	5.830903790087463	5.908559336192014	5.774647887323944	5.875233799097811	5.763582966226138	5.721751186476831	5.79469118893889	5.663856691253952	5.670480986835814	5.558072798670896	5.6928067876972985	5.580509715848062	5.668436146195619	5.70463501595046	5.734324674151892	5.390981864230474	5.642679607054089	5.323144104803493	5.683142923758452	5.4125132555673385	5.630333925196174	5.396680875719075	5.615783067734722	5.324633478330917	5.565810818369973	5.240242575027212	5.522627818091176	5.305100182149363	5.475268582647106	5.185516316495306	5.540098862807596	5.288841047721564	5.582641307259577	5.335477780497185	5.476419120785319	5.450961734520492	5.4965431379301215	5.332893869479236	5.491557519330914	4.758454670811227	4.761904761904762	6.792675723567632	5.094069501789638	5.912901180132023	5.463182897862233	4.761904761904762	4.631966951597711	1.7981640625	21.632	0.03160893946873134	20.848360436860798	-7.629430911211543e-06	18.993801563998396	-1.7209926685712318e-05	17.397654130744556	-1.7401173419127564e-05	16.332348425911007	-1.878212732305259e-05	15.571073514060155	-2.0388877052013045e-05	14.944094225712064	-2.1164827443161856e-05	14.39446238031304	-2.2082489138175655e-05	13.924835553539	-2.1991809787049834e-05	13.488440769285056	-2.433525216796678e-05	13.077006906684753	-2.5642077623697383e-05	12.683570281766027	-2.572096542966873e-05	12.285949106820693	-2.4341247102317716e-05	11.8928074358628	-2.5802143095650063e-05	11.502971247601819	-2.7384814637022337e-05	11.120427526193856	-2.9109090597763736e-05	10.759263410962076	-3.098593603044642e-05	10.408008070148211	-3.2979035033434924e-05	10.063567809104537	-3.510329661253188e-05	9.735990524472221	-3.7357218513358505e-05	9.416165560145627	-3.969940544302201e-05	9.108323037957133	-4.2089417730043423e-05	8.806679454502456	-3.9414665934429764e-05	8.517350104962071	-4.1817674937273486e-05	8.241390103676055	-4.724641960726414e-05	7.968741700334018	-4.686884846363915e-05	7.711928569305018	-4.6246440675726566e-05	7.467095644041832	-4.885334226651592e-05	7.230991536249811	-5.1541078239356766e-05	7.007589941583034	-5.0393065914130216e-05
4	1	21	0	0	1321	304	1310	701	1292	876	1317	915	1386	884	1381	951	1423	1007	1452	1060	1482	1083	1527	1023	1549	971	1630	1076	1674	1038	1703	1111	1725	1124	1750	1154	1724	1163	1754	1144	1781	1183	1822	1249	1833	1263	1825	1330	1844	1320	1894	1315	1906	1382	1920	1385	1921	1470	1937	1482	1936	4069	4095	675.0	786.4943104703443	907.9026203155518	26	1	0.6350574493408203	3.7037037037037033	5.0			5.867460246957449	0.6831614193577384	5.672714675442775	1.2963476652797041	5.47921967769296	2.4768852319959285	5.439226861603271	3.526419239218407	5.52896122546673	4.212332030877728	5.371241880907005	4.931549471064094	5.371230136262409	5.540272887323944	5.338431559983823	5.95773381294964	5.324614666043905	6.116916125388308	5.36372896835154	5.696942696441499	5.321195465475782	5.341621740565518	5.439861166733413	5.737748626886365	5.458814322050479	5.468914646996838	5.428234469129507	5.593314202285657	5.380872169193337	5.487745337369398	5.338946854597596	5.413773691124038	5.189488576502814	5.259825426258423	5.189963309267369	4.995633187772926	5.190603870366052	5.018027571580063	5.21793917177387	5.169060133261598	5.1883721588496705	5.086998550024166	5.104323991721206	5.170269009485306	5.107184401484518	5.009107468123862	5.164421661122321	4.8986738191029655	5.148429269873855	4.958736993182634	5.143316367532815	4.842488024894235	5.12430644472898	4.99558213824509	5.1309899075521175	4.884640738299275	5.091788964283836	4.754948933087152	4.761904761904762	6.645008860011814	5.008301881556627	5.780103873655215	6.175771971496437	4.761904761904762	4.6086298740891305	1.7981640625	21.632	0.03160893946873134	20.848360436860798	-7.629430911211543e-06	18.993801563998396	-1.7209926685712318e-05	17.397654130744556	-1.7401173419127564e-05	16.332348425911007	-1.878212732305259e-05	15.571073514060155	-2.0388877052013045e-05	14.944094225712064	-2.1164827443161856e-05	14.39446238031304	-2.2082489138175655e-05	13.924835553539	-2.1991809787049834e-05	13.488440769285056	-2.433525216796678e-05	13.077006906684753	-2.5642077623697383e-05	12.683570281766027	-2.572096542966873e-05	12.285949106820693	-2.4341247102317716e-05	11.8928074358628	-2.5802143095650063e-05	11.502971247601819	-2.7384814637022337e-05	11.120427526193856	-2.9109090597763736e-05	10.759263410962076	-3.098593603044642e-05	10.408008070148211	-3.2979035033434924e-05	10.063567809104537	-3.510329661253188e-05	9.735990524472221	-3.7357218513358505e-05	9.416165560145627	-3.969940544302201e-05	9.108323037957133	-4.2089417730043423e-05	8.806679454502456	-3.9414665934429764e-05	8.517350104962071	-4.1817674937273486e-05	8.241390103676055	-4.724641960726414e-05	7.968741700334018	-4.686884846363915e-05	7.711928569305018	-4.6246440675726566e-05	7.467095644041832	-4.885334226651592e-05	7.230991536249811	-5.1541078239356766e-05	7.007589941583034	-5.0393065914130216e-05
5	2	20	0	0	1176	350	1191	925	1179	971	1208	929	1293	1043	1332	1021	1371	894	1368	967	1398	990	1392	976	1438	940	1502	958	1567	965	1592	1019	1621	1076	1633	1072	1621	1123	1657	1173	1697	1136	1714	1111	1734	1160	1737	1198	1739	1168	1764	1223	1759	1318	1770	1346	1783	1374	1794	1405	1839	4075	4095	657.0	788.1442243666039	892.207088470459	20	1	0.6353511810302734	7.4074074074074066	4.761904761904762			5.223416540819046	0.7865345288658171	5.157407006452171	1.7105871474803513	5.0	2.745497214917861	4.989055466071945	3.580375380583497	5.157970320727621	4.969979986657772	5.180661973474388	5.294544700269654	5.174951874079945	4.918573943661972	5.029596676348396	5.435026978417266	5.02281464448676	5.591640779440836	4.889528961326355	5.435206326223756	4.939883201648918	5.1710859280448895	5.012681884928581	5.108515970778009	5.109893693341159	5.084299262381454	5.074427055111083	5.130141469063082	5.0564601659492165	5.253393223318035	4.982000122033071	5.029086132482642	4.879443725354444	5.078919994572837	4.90294709433069	5.122270742358078	4.94579155980415	4.818663838812301	4.908643106707142	4.597938997641021	4.9081491126270205	4.67214435314967	4.858197684175197	4.657129528844658	4.816374009859857	4.432301153612629	4.809947101488793	4.5559529131277	4.751357337727235	4.729099390025117	4.741494776319314	4.706129156323206	4.756188647033718	4.66934003942092	4.7521919949140425	4.63085036255768	4.836673504813003	4.761960408535303	4.761904761904762	6.4678086237448325	5.01880833629004	5.680179275590538	4.750593824228028	4.761904761904762	4.610761493268443	1.7981640625	21.632	0.03160893946873134	20.848360436860798	-7.629430911211543e-06	18.993801563998396	-1.7209926685712318e-05	17.397654130744556	-1.7401173419127564e-05	16.332348425911007	-1.878212732305259e-05	15.571073514060155	-2.0388877052013045e-05	14.944094225712064	-2.1164827443161856e-05	14.39446238031304	-2.2082489138175655e-05	13.924835553539	-2.1991809787049834e-05	13.488440769285056	-2.433525216796678e-05	13.077006906684753	-2.5642077623697383e-05	12.683570281766027	-2.572096542966873e-05	12.285949106820693	-2.4341247102317716e-05	11.8928074358628	-2.5802143095650063e-05	11.502971247601819	-2.7384814637022337e-05	11.120427526193856	-2.9109090597763736e-05	10.759263410962076	-3.098593603044642e-05	10.408008070148211	-3.2979035033434924e-05	10.063567809104537	-3.510329661253188e-05	9.735990524472221	-3.7357218513358505e-05	9.416165560145627	-3.969940544302201e-05	9.108323037957133	-4.2089417730043423e-05	8.806679454502456	-3.9414665934429764e-05	8.517350104962071	-4.1817674937273486e-05	8.241390103676055	-4.724641960726414e-05	7.968741700334018	-4.686884846363915e-05	7.711928569305018	-4.6246440675726566e-05	7.467095644041832	-4.885334226651592e-05	7.230991536249811	-5.1541078239356766e-05	7.007589941583034	-5.0393065914130216e-05
6	1	20	0	0	1165	511	1221	1128	1264	1051	1244	996	1245	1049	1249	1048	1255	890	1279	863	1271	858	1315	921	1346	945	1391	968	1441	962	1484	942	1504	965	1550	965	1562	991	1589	1014	1632	1093	1654	1074	1670	1185	1726	1229	1763	1248	1788	1250	1836	1253	1843	1253	1869	1266	1880	1287	1889	4075	4095	640.0	792.0194209908852	878.8293619155884	20	1	0.6344499588012695	3.7037037037037033	4.761904761904762			5.174558052767167	1.1483404121440932	5.287316502836357	2.085991678224688	5.360474978795589	2.9716967794836995	5.137735926981374	3.83859405711643	4.966491144088081	4.998570475555132	4.857842946598732	5.434557145820369	4.737100366134451	4.896566901408451	4.702378763925144	4.850494604316546	4.566521754751554	4.846088675515391	4.619059327689768	5.12891908447959	4.623840604603229	5.198591704257894	4.642237351488452	5.161840772143124	4.699015195982521	5.068493150684931	4.730182003633698	4.74248602930071	4.691496662299581	4.711453959574261	4.728781499786442	4.527115781572528	4.701845218385961	4.4819320700104015	4.7017398508699255	4.427947598253275	4.756353462345535	4.63626723223754	4.7368119594478495	4.444812316351446	4.726994820119448	4.772837119381344	4.827431895731946	4.777639558389053	4.882844956516923	4.735883424408015	4.875388558651906	4.656534048576963	4.959347397423084	4.495873699318263	4.937047950709885	4.380965700499982	4.985595390524968	4.30231767824373	4.98000052978729	4.241924851680949	4.968176318973226	4.761960408535303	4.761904761904762	6.3004528450482375	5.0434851257930475	5.595010836431684	4.750593824228028	4.761904761904762	4.604221298059189	1.7981640625	21.632	0.03160893946873134	20.848360436860798	-7.629430911211543e-06	18.993801563998396	-1.7209926685712318e-05	17.397654130744556	-1.7401173419127564e-05	16.332348425911007	-1.878212732305259e-05	15.571073514060155	-2.0388877052013045e-05	14.944094225712064	-2.1164827443161856e-05	14.39446238031304	-2.2082489138175655e-05	13.924835553539	-2.1991809787049834e-05	13.488440769285056	-2.433525216796678e-05	13.077006906684753	-2.5642077623697383e-05	12.683570281766027	-2.572096542966873e-05	12.285949106820693	-2.4341247102317716e-05	11.8928074358628	-2.5802143095650063e-05	11.502971247601819	-2.7384814637022337e-05	11.120427526193856	-2.9109090597763736e-05	10.759263410962076	-3.098593603044642e-05	10.408008070148211	-3.2979035033434924e-05	10.063567809104537	-3.510329661253188e-05	9.735990524472221	-3.7357218513358505e-05	9.416165560145627	-3.969940544302201e-05	9.108323037957133	-4.2089417730043423e-05	8.806679454502456	-3.9414665934429764e-05	8.517350104962071	-4.1817674937273486e-05	8.241390103676055	-4.724641960726414e-05	7.968741700334018	-4.686884846363915e-05	7.711928569305018	-4.6246440675726566e-05	7.467095644041832	-4.885334226651592e-05	7.230991536249811	-5.1541078239356766e-05	7.007589941583034	-5.0393065914130216e-05
7	1	22	0	0	1047	694	1088	1206	1100	1126	1159	1017	1217	977	1275	1013	1263	885	1317	806	1341	841	1370	848	1400	902	1411	868	1475	906	1537	974	1561	935	1618	916	1641	977	1675	1036	1697	1043	1725	1048	1759	1067	1802	1091	1818	1142	1835	1204	1856	1283	1867	1284	1847	1340	1870	1370	1903	4075	4095	622.0	792.0430939996035	864.5189380645752	20	1	0.632878303527832	3.7037037037037033	5.238095238095238			4.650439726392467	1.5595856086653632	4.711384402199801	2.2302357836338422	4.664970313825275	3.183758871264173	4.7866848387230005	3.9195282691640654	4.854794957715016	4.655484608786811	4.958966979113997	5.253059531217589	4.767297021854829	4.869058098591549	4.8420897827126	4.530125899280576	4.8180217727158405	4.750070601524993	4.812251923144473	4.722392381800969	4.809343868086568	4.962042028826053	4.708984114270458	4.628592758491975	4.809887171460249	4.773445732349842	4.899117075192044	4.9035895886824745	4.8692993948468395	4.564983888292159	4.936237720422235	4.29724150872584	4.939646609072574	4.418615168920447	4.956207835246775	4.524017467248909	4.94579155980415	4.424178154825027	4.94014548370468	4.337209783553367	4.978912508137791	4.297567262767843	5.039995524976226	4.241175555901104	5.0351742092726965	4.333636915604129	5.0035447455963356	4.485173595589331	5.013370789551876	4.603516325798349	5.001339405304045	4.489353519107723	4.926909944515579	4.553795962754028	4.9535111652671455	4.515491100856955	5.004997106938088	4.761960408535303	4.761904761904762	6.1232526087812555	5.0436358726866075	5.503904439683826	4.750593824228028	4.761904761904762	4.592815751281567	1.7981640625	21.632	0.03160893946873134	20.848360436860798	-7.629430911211543e-06	18.993801563998396	-1.7209926685712318e-05	17.397654130744556	-1.7401173419127564e-05	16.332348425911007	-1.878212732305259e-05	15.571073514060155	-2.0388877052013045e-05	14.944094225712064	-2.1164827443161856e-05	14.39446238031304	-2.2082489138175655e-05	13.924835553539	-2.1991809787049834e-05	13.488440769285056	-2.433525216796678e-05	13.077006906684753	-2.5642077623697383e-05	12.683570281766027	-2.572096542966873e-05	12.285949106820693	-2.4341247102317716e-05	11.8928074358628	-2.5802143095650063e-05	11.502971247601819	-2.7384814637022337e-05	11.120427526193856	-2.9109090597763736e-05	10.759263410962076	-3.098593603044642e-05	10.408008070148211	-3.2979035033434924e-05	10.063567809104537	-3.510329661253188e-05	9.735990524472221	-3.7357218513358505e-05	9.416165560145627	-3.969940544302201e-05	9.108323037957133	-4.2089417730043423e-05	8.806679454502456	-3.9414665934429764e-05	8.517350104962071	-4.1817674937273486e-05	8.241390103676055	-4.724641960726414e-05	7.968741700334018	-4.686884846363915e-05	7.711928569305018	-4.6246440675726566e-05	7.467095644041832	-4.885334226651592e-05	7.230991536249811	-5.1541078239356766e-05	7.007589941583034	-5.0393065914130216e-05
8	1	20	0	0	1056	925	1056	1443	1111	1227	1183	1149	1190	980	1254	964	1285	908	1335	842	1374	853	1407	818	1432	787	1459	797	1474	850	1545	868	1548	901	1635	936	1708	967	1744	961	1743	1004	1781	1073	1831	1054	1855	1111	1862	1170	1912	1238	1924	1269	1912	1334	1935	1384	1942	1430	1962	4078	4095	598.0	788.4093114920593	843.4779138565063	17	1	0.6326475143432617	3.7037037037037033	4.761904761904762			4.690414852980368	2.0786983977168028	4.5728142727233365	2.668515950069348	4.711620016963528	3.4693358215285435	4.885805145995953	4.428257602034917	4.747087920855273	4.66977985323549	4.87728987592859	4.998962870773698	4.850337825085871	4.995598591549296	4.908268686348763	4.732464028776978	4.936586066899005	4.817848065518215	4.94221785099582	4.555326613576878	4.919271727928547	4.329409175926944	4.86917634494727	4.249986668799659	4.806626231005022	4.478398314014752	4.924616708634813	4.369934048230379	4.828747894441325	4.398984474172444	4.988101775581182	4.391067742540814	5.14132626952831	4.37338881099905	5.160374008758433	4.1965065502183405	5.079855444159477	4.258748674443266	5.100521221146686	4.440673757397675	5.1827110872088085	4.245207024327372	5.188230687475527	4.318923962058778	5.1570376114773175	4.439890710382514	5.213502753994655	4.611831321710625	5.197050322789768	4.553283100107643	5.121885882668095	4.664172581378274	5.161651728553137	4.703323591381771	5.14423458981219	4.713249835201054	5.160170427647151	4.765466146259378	4.761904761904762	5.886985627091947	5.020496379460245	5.369948106912739	4.038004750593824	4.761904761904762	4.591140907640678	1.7981640625	21.632	0.03160893946873134	20.848360436860798	-7.629430911211543e-06	18.993801563998396	-1.7209926685712318e-05	17.397654130744556	-1.7401173419127564e-05	16.332348425911007	-1.878212732305259e-05	15.571073514060155	-2.0388877052013045e-05	14.944094225712064	-2.1164827443161856e-05	14.39446238031304	-2.2082489138175655e-05	13.924835553539	-2.1991809787049834e-05	13.488440769285056	-2.433525216796678e-05	13.077006906684753	-2.5642077623697383e-05	12.683570281766027	-2.572096542966873e-05	12.285949106820693	-2.4341247102317716e-05	11.8928074358628	-2.5802143095650063e-05	11.502971247601819	-2.7384814637022337e-05	11.120427526193856	-2.9109090597763736e-05	10.759263410962076	-3.098593603044642e-05	10.408008070148211	-3.2979035033434924e-05	10.063567809104537	-3.510329661253188e-05	9.735990524472221	-3.7357218513358505e-05	9.416165560145627	-3.969940544302201e-05	9.108323037957133	-4.2089417730043423e-05	8.806679454502456	-3.9414665934429764e-05	8.517350104962071	-4.1817674937273486e-05	8.241390103676055	-4.724641960726414e-05	7.968741700334018	-4.686884846363915e-05	7.711928569305018	-4.6246440675726566e-05	7.467095644041832	-4.885334226651592e-05	7.230991536249811	-5.1541078239356766e-05	7.007589941583034	-5.0393065914130216e-05
9	1	19	0	0	1103	1188	1151	1605	1183	1238	1234	1075	1221	982	1221	947	1275	858	1327	788	1347	758	1416	769	1466	748	1541	731	1577	762	1594	861	1612	866	1640	941	1669	1007	1732	1017	1725	1085	1774	1111	1807	1165	1847	1263	1865	1226	1851	1218	1873	1289	1877	1350	1911	1408	1928	1476	1943	4079	4095	576.0	784.8109584921469	822.7737455368042	16	1	0.6336402893066406	3.7037037037037033	4.523809523809524			4.89917384738385	2.6697229151216884	4.984194344606591	2.968099861303745	5.01696352841391	3.500438261656346	5.096435798950977	4.143060854819439	4.87075155576831	4.679310016201277	4.748940142351523	4.9108068865380625	4.812592005435398	4.720510563380282	4.878855840288246	4.428956834532374	4.83957891711278	4.281276475571873	4.973831184797499	4.282452525477529	5.036070079010649	4.114864121465508	5.1428380723534906	3.8980429797899	5.1425030978934325	4.014752370916754	5.080801963471775	4.334692644615616	5.02838605028386	4.228102724343326	5.003355909451462	4.414524300994558	5.0239306462779565	4.5542942426846365	5.12486684814771	4.441048034934498	5.027395663324785	4.602332979851537	5.080474253966435	4.597938997641021	5.114778227518469	4.692282906396004	5.165855568607708	4.909811848857099	5.1653464798094495	4.652398299939284	5.047172383705077	4.537326776933393	5.059290672861349	4.6250448510943665	5.0281275113849455	4.72011468130485	5.097631241997439	4.784884116087813	5.107149479483987	4.864864864864865	5.110199358266267	4.766634725500736	4.761904761904762	5.670407560543414	4.997582497109096	5.2381363455765655	3.800475059382423	4.761904761904762	4.598345503633096	1.7981640625	21.632	0.03160893946873134	20.848360436860798	-7.629430911211543e-06	18.993801563998396	-1.7209926685712318e-05	17.397654130744556	-1.7401173419127564e-05	16.332348425911007	-1.878212732305259e-05	15.571073514060155	-2.0388877052013045e-05	14.944094225712064	-2.1164827443161856e-05	14.39446238031304	-2.2082489138175655e-05	13.924835553539	-2.1991809787049834e-05	13.488440769285056	-2.433525216796678e-05	13.077006906684753	-2.5642077623697383e-05	12.683570281766027	-2.572096542966873e-05	12.285949106820693	-2.4341247102317716e-05	11.8928074358628	-2.5802143095650063e-05	11.502971247601819	-2.7384814637022337e-05	11.120427526193856	-2.9109090597763736e-05	10.759263410962076	-3.098593603044642e-05	10.408008070148211	-3.2979035033434924e-05	10.063567809104537	-3.510329661253188e-05	9.735990524472221	-3.7357218513358505e-05	9.416165560145627	-3.969940544302201e-05	9.108323037957133	-4.2089417730043423e-05	8.806679454502456	-3.9414665934429764e-05	8.517350104962071	-4.1817674937273486e-05	8.241390103676055	-4.724641960726414e-05	7.968741700334018	-4.686884846363915e-05	7.711928569305018	-4.6246440675726566e-05	7.467095644041832	-4.885334226651592e-05	7.230991536249811	-5.1541078239356766e-05	7.007589941583034	-5.0393065914130216e-05
10	1	19	0	0	1154	1360	1176	1897	1158	1377	1188	1200	1299	917	1306	868	1335	813	1402	778	1439	705	1453	719	1469	721	1511	761	1516	755	1549	819	1632	826	1669	934	1695	979	1718	998	1753	1134	1761	1170	1730	1180	1753	1227	1758	1297	1789	1334	1783	1410	1805	1453	1830	1447	1844	1507	1875	4077	4095	543.0	778.6115532726959	795.5278253555298	18	1	0.6352310180664062	3.7037037037037033	4.523809523809524			5.125699564715288	3.056248455021461	5.092452258260079	3.5080906148867315	4.910941475826972	3.89346000508949	4.906455210011151	4.624812117007746	5.1819052178075635	4.369579719813209	5.079537940959122	4.501140842148931	5.039066923338241	4.472931338028169	5.154601272105592	4.372751798561151	5.170121797865843	3.981926009601807	5.103797112648846	4.004009578437378	5.046375815870835	3.9663329299152825	5.042717928180483	4.058017383885245	4.9435857301245685	3.9778714436248683	4.9373665253561985	4.12324422292705	5.090772973984653	4.032809295967191	5.091829885899079	4.381685119159317	5.102194395111526	4.427660440504726	5.083441827435199	4.358078602620087	5.108999766845419	4.810180275715801	5.043244172060255	4.842113975913587	4.896826969345297	4.752698566135009	4.902947921910835	4.769864717773285	4.868996842630033	4.921827565270188	4.878115286033703	4.969453136641335	4.816185408281786	5.059203444564048	4.835253147602465	5.080241949582183	4.881562099871959	4.917419968735133	4.884638817514768	4.96704021094265	4.931355531008363	4.764297567018019	4.761904761904762	5.345540460720614	4.9581054247237395	5.064676940066369	4.275534441805226	4.761904761904762	4.609889467240543	1.7981640625	21.632	0.03160893946873134	20.848360436860798	-7.629430911211543e-06	18.993801563998396	-1.7209926685712318e-05	17.397654130744556	-1.7401173419127564e-05	16.332348425911007	-1.878212732305259e-05	15.571073514060155	-2.0388877052013045e-05	14.944094225712064	-2.1164827443161856e-05	14.39446238031304	-2.2082489138175655e-05	13.924835553539	-2.1991809787049834e-05	13.488440769285056	-2.433525216796678e-05	13.077006906684753	-2.5642077623697383e-05	12.683570281766027	-2.572096542966873e-05	12.285949106820693	-2.4341247102317716e-05	11.8928074358628	-2.5802143095650063e-05	11.502971247601819	-2.7384814637022337e-05	11.120427526193856	-2.9109090597763736e-05	10.759263410962076	-3.098593603044642e-05	10.408008070148211	-3.2979035033434924e-05	10.063567809104537	-3.510329661253188e-05	9.735990524472221	-3.7357218513358505e-05	9.416165560145627	-3.969940544302201e-05	9.108323037957133	-4.2089417730043423e-05	8.806679454502456	-3.9414665934429764e-05	8.517350104962071	-4.1817674937273486e-05	8.241390103676055	-4.724641960726414e-05	7.968741700334018	-4.686884846363915e-05	7.711928569305018	-4.6246440675726566e-05	7.467095644041832	-4.885334226651592e-05	7.230991536249811	-5.1541078239356766e-05	7.007589941583034	-5.0393065914130216e-05
11	1	22	0	0	1064	1721	1089	2199	1144	1484	1190	1229	1258	941	1241	847	1275	739	1313	667	1351	672	1389	724	1420	746	1474	792	1504	830	1513	848	1562	903	1583	912	1586	1017	1654	1066	1673	1051	1698	1130	1720	1186	1751	1255	1747	1270	1767	1287	1779	1355	1779	1400	1796	1455	1825	1499	1838	4076	4095	503.0	771.8892240772559	764.102578163147	19	1	0.6393299102783203	3.7037037037037033	5.238095238095238			4.72594829883628	3.867502640508776	4.71571471874594	4.066574202496533	4.851569126378287	4.196001922696299	4.914715235617231	4.736578409835434	5.018350087761289	4.483941675402649	4.826727859670958	4.3922422733872635	4.812592005435398	4.065801056338028	4.827383359682341	3.7488758992805757	4.853950346710739	3.7955379836204464	4.878991183392462	4.031853873141393	4.878048780487805	4.103861810980306	4.919236417033774	4.223324268117102	4.90445444466184	4.373024236037935	4.822618174863736	4.269244323616775	4.872418741031879	4.408749145591251	4.829458783330282	4.278476261962845	4.774088678847717	4.5995206006060325	4.894070304178009	4.655021834061135	4.875845185357893	4.458112407211029	4.862821467437998	4.676571617762695	4.868521611140989	4.77686483003061	4.897354142193881	4.878712486394029	4.838530992078879	4.819368548876746	4.8181272836341815	4.794367456414841	4.805380729856028	4.8618586293505555	4.765604071792124	4.8949337435753995	4.79086641058472	4.944606810303813	4.834309024926492	4.94067237969677	4.8340434485297985	4.763128987776661	4.761904761904762	4.951762157905099	4.915298434883176	4.864610116860007	4.513064133016627	4.761904761904762	4.6396352439700435	1.7981640625	21.632	0.03160893946873134	20.848360436860798	-7.629430911211543e-06	18.993801563998396	-1.7209926685712318e-05	17.397654130744556	-1.7401173419127564e-05	16.332348425911007	-1.878212732305259e-05	15.571073514060155	-2.0388877052013045e-05	14.944094225712064	-2.1164827443161856e-05	14.39446238031304	-2.2082489138175655e-05	13.924835553539	-2.1991809787049834e-05	13.488440769285056	-2.433525216796678e-05	13.077006906684753	-2.5642077623697383e-05	12.683570281766027	-2.572096542966873e-05	12.285949106820693	-2.4341247102317716e-05	11.8928074358628	-2.5802143095650063e-05	11.502971247601819	-2.7384814637022337e-05	11.120427526193856	-2.9109090597763736e-05	10.759263410962076	-3.098593603044642e-05	10.408008070148211	-3.2979035033434924e-05	10.063567809104537	-3.510329661253188e-05	9.735990524472221	-3.7357218513358505e-05	9.416165560145627	-3.969940544302201e-05	9.108323037957133	-4.2089417730043423e-05	8.806679454502456	-3.9414665934429764e-05	8.517350104962071	-4.1817674937273486e-05	8.241390103676055	-4.724641960726414e-05	7.968741700334018	-4.686884846363915e-05	7.711928569305018	-4.6246440675726566e-05	7.467095644041832	-4.885334226651592e-05	7.230991536249811	-5.1541078239356766e-05	7.007589941583034	-5.0393065914130216e-05
12	1	20	0	0	998	2141	1050	2545	1083	1748	1112	1336	1130	964	1185	812	1219	725	1298	668	1324	698	1368	757	1415	725	1467	783	1516	818	1526	866	1586	865	1611	912	1614	960	1623	1030	1648	1084	1688	1106	1697	1111	1711	1179	1736	1267	1784	1307	1797	1374	1782	1440	1788	1491	1790	1511	1806	4076	4095	455.0	758.9673082521283	725.7236194610596	19	1	0.6430578231811523	3.7037037037037033	4.761904761904762			4.432797370525007	4.8113440751477565	4.546832373446499	4.706426259824318	4.592875318066158	4.942460485763565	4.592574236980135	5.148957490268625	4.507738950055848	4.593538549509196	4.608922251176539	4.210744658784484	4.601215415392746	3.988776408450704	4.772234273318872	3.754496402877698	4.756943196924514	3.942389155605761	4.805226737855211	4.215626218187894	4.860872552387495	3.988337550885686	4.895875050060072	4.175331946888497	4.9435857301245685	4.309799789251844	4.864055079208236	4.359865075769018	4.94728304947283	4.223220388633923	4.914881933003843	4.278476261962845	4.858372716053099	4.341730360454073	4.802343472600308	4.497816593886463	4.80298437864304	4.598091198303288	4.834182942894782	4.5772462028721606	4.803419287271081	4.474786531335589	4.785478547854786	4.583268542994869	4.808065141527724	4.807984213721919	4.864481649124721	4.868872001192073	4.854001782771941	4.930032292787944	4.773640503616394	5.03478899339184	4.7695262483994885	5.066947597362876	4.741596249105983	4.98022412656559	4.749881647467256	4.763128987776661	4.761904761904762	4.479228194526481	4.833013217458525	4.62027293476917	4.513064133016627	4.761904761904762	4.666688813359439	1.7981640625	21.632	0.03160893946873134	20.848360436860798	-7.629430911211543e-06	18.993801563998396	-1.7209926685712318e-05	17.397654130744556	-1.7401173419127564e-05	16.332348425911007	-1.878212732305259e-05	15.571073514060155	-2.0388877052013045e-05	14.944094225712064	-2.1164827443161856e-05	14.39446238031304	-2.2082489138175655e-05	13.924835553539	-2.1991809787049834e-05	13.488440769285056	-2.433525216796678e-05	13.077006906684753	-2.5642077623697383e-05	12.683570281766027	-2.572096542966873e-05	12.285949106820693	-2.4341247102317716e-05	11.8928074358628	-2.5802143095650063e-05	11.502971247601819	-2.7384814637022337e-05	11.120427526193856	-2.9109090597763736e-05	10.759263410962076	-3.098593603044642e-05	10.408008070148211	-3.2979035033434924e-05	10.063567809104537	-3.510329661253188e-05	9.735990524472221	-3.7357218513358505e-05	9.416165560145627	-3.969940544302201e-05	9.108323037957133	-4.2089417730043423e-05	8.806679454502456	-3.9414665934429764e-05	8.517350104962071	-4.1817674937273486e-05	8.241390103676055	-4.724641960726414e-05	7.968741700334018	-4.686884846363915e-05	7.711928569305018	-4.6246440675726566e-05	7.467095644041832	-4.885334226651592e-05	7.230991536249811	-5.1541078239356766e-05	7.007589941583034	-5.0393065914130216e-05
13	2	15	0	0	958	2458	1028	2984	1068	1907	1072	1475	1120	980	1167	837	1238	719	1273	682	1331	698	1343	719	1388	768	1380	736	1410	763	1474	812	1520	881	1535	935	1576	980	1556	1029	1602	1066	1606	1111	1642	1166	1661	1241	1687	1294	1712	1330	1735	1370	1743	1378	1761	1404	1760	1507	1758	4076	4095	415.0	748.0208019911546	694.6052112579346	19	1	0.6481952667236328	7.4074074074074066	3.571428571428571			4.255130141245448	5.5237196341490815	4.45156540943143	5.518261673601479	4.529262086513995	5.392032120338168	4.427373724858548	5.6846648938220214	4.467847454922611	4.66977985323549	4.538913305589047	4.340385812072184	4.672932472728646	3.9557658450704225	4.680319129379757	3.83318345323741	4.7820931987209425	3.942389155605761	4.717411921739436	4.004009578437378	4.768120920645826	4.224887226317526	4.60552663195835	3.9247053804724574	4.597926041870475	4.020021074815595	4.698307461830236	4.0880028193122895	4.741406201260215	4.301337759984376	4.683019098175606	4.386376430850065	4.7439872369886515	4.432183076296866	4.604095159190437	4.493449781659389	4.668920494287713	4.521739130434783	4.5993470416404145	4.597938997641021	4.647739817147386	4.696310617045271	4.645634054930917	4.824288602083658	4.672353625436215	4.910443230115361	4.668157277635382	4.954552227685889	4.686529267172686	4.915679942590599	4.669166889900884	4.818013356176357	4.697503201024328	4.771290695303473	4.662128155545549	4.96704021094265	4.6236389458734415	4.763128987776661	4.761904761904762	4.085449891710967	4.763307172324492	4.422159582332372	4.513064133016627	4.761904761904762	4.703971386472938	1.7981640625	21.632	0.03160893946873134	20.848360436860798	-7.629430911211543e-06	18.993801563998396	-1.7209926685712318e-05	17.397654130744556	-1.7401173419127564e-05	16.332348425911007	-1.878212732305259e-05	15.571073514060155	-2.0388877052013045e-05	14.944094225712064	-2.1164827443161856e-05	14.39446238031304	-2.2082489138175655e-05	13.924835553539	-2.1991809787049834e-05	13.488440769285056	-2.433525216796678e-05	13.077006906684753	-2.5642077623697383e-05	12.683570281766027	-2.572096542966873e-05	12.285949106820693	-2.4341247102317716e-05	11.8928074358628	-2.5802143095650063e-05	11.502971247601819	-2.7384814637022337e-05	11.120427526193856	-2.9109090597763736e-05	10.759263410962076	-3.098593603044642e-05	10.408008070148211	-3.2979035033434924e-05	10.063567809104537	-3.510329661253188e-05	9.735990524472221	-3.7357218513358505e-05	9.416165560145627	-3.969940544302201e-05	9.108323037957133	-4.2089417730043423e-05	8.806679454502456	-3.9414665934429764e-05	8.517350104962071	-4.1817674937273486e-05	8.241390103676055	-4.724641960726414e-05	7.968741700334018	-4.686884846363915e-05	7.711928569305018	-4.6246440675726566e-05	7.467095644041832	-4.885334226651592e-05	7.230991536249811	-5.1541078239356766e-05	7.007589941583034	-5.0393065914130216e-05
14	1	15	0	0	943	2852	999	3243	1033	2107	1074	1456	1144	1022	1193	768	1223	704	1241	670	1299	660	1308	687	1355	724	1365	728	1379	737	1423	861	1452	898	1482	947	1521	1002	1552	1029	1564	1110	1580	1174	1608	1222	1623	1241	1639	1296	1665	1307	1691	1361	1726	1376	1731	1412	1765	1448	1762	4076	4095	374.0	734.5178262199811	661.4575710296631	19	1	0.6533679962158203	3.7037037037037033	3.571428571428571			4.188504930265612	6.409132789500887	4.325986229593384	5.997226074895978	4.380831212892282	5.957531031752763	4.435633750464627	5.611438701969399	4.56358704324238	4.869913275517011	4.640037338104314	3.9825762289981332	4.616313743252935	3.873239436619718	4.56266774513769	3.7657374100719427	4.667121761937269	3.727760519627224	4.594471179177351	3.8258060923316815	4.654757815183785	3.982836395643085	4.555466559871847	3.882045539380366	4.4968368877584295	3.8830347734457322	4.535747298632582	4.334692644615616	4.529290660677522	4.384337467044234	4.52132527915065	4.44267217113905	4.578429306763794	4.531681063723939	4.592259438986862	4.493449781659389	4.558172068081138	4.7083775185577945	4.524886877828054	4.858668211728676	4.551501599252738	4.921862413404221	4.5393522403087765	4.824288602083658	4.539411732122085	4.918032786885246	4.540001090690953	4.868872001192073	4.567677804489343	4.883387154646574	4.623627109563354	4.8110205936855355	4.617477592829706	4.798477536872154	4.675372837805622	4.772577455504285	4.634159171006259	4.763128987776661	4.761904761904762	3.681827131325064	4.677321834527275	4.211127254196377	4.513064133016627	4.761904761904762	4.741510030721615	1.7981640625	21.632	0.03160893946873134	20.848360436860798	-7.629430911211543e-06	18.993801563998396	-1.7209926685712318e-05	17.397654130744556	-1.7401173419127564e-05	16.332348425911007	-1.878212732305259e-05	15.571073514060155	-2.0388877052013045e-05	14.944094225712064	-2.1164827443161856e-05	14.39446238031304	-2.2082489138175655e-05	13.924835553539	-2.1991809787049834e-05	13.488440769285056	-2.433525216796678e-05	13.077006906684753	-2.5642077623697383e-05	12.683570281766027	-2.572096542966873e-05	12.285949106820693	-2.4341247102317716e-05	11.8928074358628	-2.5802143095650063e-05	11.502971247601819	-2.7384814637022337e-05	11.120427526193856	-2.9109090597763736e-05	10.759263410962076	-3.098593603044642e-05	10.408008070148211	-3.2979035033434924e-05	10.063567809104537	-3.510329661253188e-05	9.735990524472221	-3.7357218513358505e-05	9.416165560145627	-3.969940544302201e-05	9.108323037957133	-4.2089417730043423e-05	8.806679454502456	-3.9414665934429764e-05	8.517350104962071	-4.1817674937273486e-05	8.241390103676055	-4.724641960726414e-05	7.968741700334018	-4.686884846363915e-05	7.711928569305018	-4.6246440675726566e-05	7.467095644041832	-4.885334226651592e-05	7.230991536249811	-5.1541078239356766e-05	7.007589941583034	-5.0393065914130216e-05
15	2	14	0	0	853	3215	905	3991	925	2598	981	1504	1032	1010	1069	835	1138	723	1177	651	1204	691	1235	734	1258	739	1274	795	1303	777	1343	851	1361	859	1440	926	1445	946	1452	1017	1486	1072	1529	1157	1557	1188	1569	1234	1590	1254	1628	1262	1647	1305	1650	1346	1631	1396	1616	1439	1607	4076	4095	311.0	712.276403416727	611.0548400878906	19	1	0.6651182174682617	7.4074074074074066	3.3333333333333335			3.7887536643866038	7.224881458010292	3.9189364742562685	7.38049006010171	3.922815945716709	7.345830859275596	4.051542559781935	5.796431186649709	4.1168022977501195	4.812732297722292	4.157753490723815	4.330014519809168	4.295474276223908	3.977772887323944	4.327364976653554	3.658947841726619	4.325800308985736	3.9028523016097147	4.338051916119288	4.087542462549424	4.321538990037787	4.065353724282099	4.251768789213723	4.239321708526636	4.249005413161155	4.093782929399368	4.2807509642048895	4.284347782308815	4.245430157838917	4.193926374377503	4.393190554640308	4.344154625633327	4.349658348634899	4.278413459364117	4.296366433897503	4.441048034934498	4.330846351130799	4.547189819724284	4.378830402657655	4.788312709514547	4.4071442724107674	4.784920251329145	4.388320187950998	4.7970766599284715	4.403700216030577	4.758652094717668	4.439112177564487	4.701236775443302	4.448826341806002	4.682454251883747	4.420037503348513	4.706129156323206	4.350725565514297	4.744103853734792	4.280681306455458	4.74291364535267	4.226500447109568	4.763128987776661	4.761904761904762	3.0616263043906278	4.535691109179219	3.890241496362476	4.513064133016627	4.761904761904762	4.826781718735617	1.7981640625	21.632	0.03160893946873134	20.848360436860798	-7.629430911211543e-06	18.993801563998396	-1.7209926685712318e-05	17.397654130744556	-1.7401173419127564e-05	16.332348425911007	-1.878212732305259e-05	15.571073514060155	-2.0388877052013045e-05	14.944094225712064	-2.1164827443161856e-05	14.39446238031304	-2.2082489138175655e-05	13.924835553539	-2.1991809787049834e-05	13.488440769285056	-2.433525216796678e-05	13.077006906684753	-2.5642077623697383e-05	12.683570281766027	-2.572096542966873e-05	12.285949106820693	-2.4341247102317716e-05	11.8928074358628	-2.5802143095650063e-05	11.502971247601819	-2.7384814637022337e-05	11.120427526193856	-2.9109090597763736e-05	10.759263410962076	-3.098593603044642e-05	10.408008070148211	-3.2979035033434924e-05	10.063567809104537	-3.510329661253188e-05	9.735990524472221	-3.7357218513358505e-05	9.416165560145627	-3.969940544302201e-05	9.108323037957133	-4.2089417730043423e-05	8.806679454502456	-3.9414665934429764e-05	8.517350104962071	-4.1817674937273486e-05	8.241390103676055	-4.724641960726414e-05	7.968741700334018	-4.686884846363915e-05	7.711928569305018	-4.6246440675726566e-05	7.467095644041832	-4.885334226651592e-05	7.230991536249811	-5.1541078239356766e-05	7.007589941583034	-5.0393065914130216e-05
16	1	15	0	0	833	3856	890	4748	953	2794	967	1651	987	1086	1010	860	1031	768	1067	686	1102	618	1140	676	1138	739	1177	776	1208	815	1220	876	1276	924	1314	961	1321	984	1343	1010	1365	1055	1417	1071	1427	1122	1444	1127	1457	1168	1486	1206	1493	1225	1512	1280	1509	1308	1536	1321	1582	4077	4095	260.0	690.4426063222302	566.2958278656006	18	1	0.6770486831665039	3.7037037037037033	3.571428571428571			3.699920049746824	8.66536326659026	3.8539817260641756	8.780397595931577	4.04156064461408	7.9000197924619	3.9937223805393796	6.362970670983158	3.9372905696505507	5.174878490422186	3.928279724631481	4.459655673096868	3.8915940059638396	4.225352112676056	3.9229383433214458	3.8556654676258995	3.959328854237775	3.4905393956509463	4.004355614879342	3.764548643982848	3.909309515630367	4.065353724282099	3.9280469897209986	4.138004585932918	3.939216069914563	4.293993677555322	3.8886941000223123	4.41020993807582	3.9802857321105494	4.511278195488721	4.008786381109281	4.508350534809533	3.9764004695824933	4.450273619465425	3.9738430583501003	4.410480349344978	3.978200046630916	4.475079533404029	4.058078927773641	4.43239663949013	4.039174615754763	4.5190913484775255	4.038708955641327	4.3811226869849165	4.03534038663934	4.432301153612629	4.051916889349403	4.492624050067054	4.032846222414306	4.39540724793685	4.050361639432092	4.4753679941260796	4.025288092189501	4.445048596479304	4.0687663902942965	4.353988134475939	4.160749040029456	4.764297567018019	4.761904761904762	2.5595589683008466	4.396656095684335	3.6052861122298454	4.275534441805226	4.761904761904762	4.913361445791471	1.7981640625	21.632	0.03160893946873134	20.848360436860798	-7.629430911211543e-06	18.993801563998396	-1.7209926685712318e-05	17.397654130744556	-1.7401173419127564e-05	16.332348425911007	-1.878212732305259e-05	15.571073514060155	-2.0388877052013045e-05	14.944094225712064	-2.1164827443161856e-05	14.39446238031304	-2.2082489138175655e-05	13.924835553539	-2.1991809787049834e-05	13.488440769285056	-2.433525216796678e-05	13.077006906684753	-2.5642077623697383e-05	12.683570281766027	-2.572096542966873e-05	12.285949106820693	-2.4341247102317716e-05	11.8928074358628	-2.5802143095650063e-05	11.502971247601819	-2.7384814637022337e-05	11.120427526193856	-2.9109090597763736e-05	10.759263410962076	-3.098593603044642e-05	10.408008070148211	-3.2979035033434924e-05	10.063567809104537	-3.510329661253188e-05	9.735990524472221	-3.7357218513358505e-05	9.416165560145627	-3.969940544302201e-05	9.108323037957133	-4.2089417730043423e-05	8.806679454502456	-3.9414665934429764e-05	8.517350104962071	-4.1817674937273486e-05	8.241390103676055	-4.724641960726414e-05	7.968741700334018	-4.686884846363915e-05	7.711928569305018	-4.6246440675726566e-05	7.467095644041832	-4.885334226651592e-05	7.230991536249811	-5.1541078239356766e-05	7.007589941583034	-5.0393065914130216e-05
17	2	20	0	0	795	4436	798	5075	819	2814	888	1705	938	1134	941	844	986	693	992	692	1015	729	1044	757	1108	745	1169	782	1180	792	1180	808	1236	850	1242	929	1295	936	1316	972	1321	992	1346	1027	1356	1074	1382	1125	1414	1185	1431	1177	1451	1226	1481	1244	1500	1306	1527	1327	1539	4078	4095	230.0	672.5720309686582	534.4113235473633	17	1	0.6863136291503906	7.4074074074074066	4.761904761904762			3.531136181931243	9.968763342996471	3.455592603819339	9.385113268608414	3.4732824427480913	7.95656968360336	3.6674513690992443	6.5710872162485074	3.741822243497686	5.403602401601067	3.659912099879429	4.37668533499274	3.7217378175367077	3.812720070422535	3.6471929115040993	3.889388489208633	3.6467502604821616	4.117480937588252	3.6671467209947664	4.215626218187894	3.8062521470285127	4.098360655737705	3.901348284608196	4.169999466751986	3.8479097371681994	4.172813487881981	3.761195932808466	4.067864874389569	3.8555118847089647	4.149985352992871	3.789126853377265	4.358228560705573	3.8981367207489237	4.233187101442721	3.8939519469759736	4.244541484716157	3.8499650268127765	4.207847295864263	3.8547454035168105	4.250300045524148	3.8382065725041747	4.325761237312712	3.86530178441573	4.37334784636915	3.9162466072120976	4.496812386156648	3.901946883350602	4.384592460140069	3.919397098943843	4.398995335486186	3.967318510581302	4.349498269291283	4.001280409731113	4.438251886087134	4.044925962226166	4.373764007910349	4.047656619851665	4.765466146259378	4.761904761904762	2.2642252411892105	4.282858405127272	3.402295457950903	4.038004750593824	4.761904761904762	4.98059742087921	1.7981640625	21.632	0.03160893946873134	20.848360436860798	-7.629430911211543e-06	18.993801563998396	-1.7209926685712318e-05	17.397654130744556	-1.7401173419127564e-05	16.332348425911007	-1.878212732305259e-05	15.571073514060155	-2.0388877052013045e-05	14.944094225712064	-2.1164827443161856e-05	14.39446238031304	-2.2082489138175655e-05	13.924835553539	-2.1991809787049834e-05	13.488440769285056	-2.433525216796678e-05	13.077006906684753	-2.5642077623697383e-05	12.683570281766027	-2.572096542966873e-05	12.285949106820693	-2.4341247102317716e-05	11.8928074358628	-2.5802143095650063e-05	11.502971247601819	-2.7384814637022337e-05	11.120427526193856	-2.9109090597763736e-05	10.759263410962076	-3.098593603044642e-05	10.408008070148211	-3.2979035033434924e-05	10.063567809104537	-3.510329661253188e-05	9.735990524472221	-3.7357218513358505e-05	9.416165560145627	-3.969940544302201e-05	9.108323037957133	-4.2089417730043423e-05	8.806679454502456	-3.9414665934429764e-05	8.517350104962071	-4.1817674937273486e-05	8.241390103676055	-4.724641960726414e-05	7.968741700334018	-4.686884846363915e-05	7.711928569305018	-4.6246440675726566e-05	7.467095644041832	-4.885334226651592e-05	7.230991536249811	-5.1541078239356766e-05	7.007589941583034	-5.0393065914130216e-05
18	2	26	0	0	778	5036	781	5695	771	3040	814	1648	839	1113	863	872	929	749	952	720	983	702	1011	719	1033	732	1085	778	1103	768	1141	778	1173	803	1191	844	1201	890	1237	954	1274	979	1317	1012	1352	1043	1366	1094	1394	1123	1393	1169	1379	1193	1388	1205	1412	1236	1386	1280	1392	4078	4095	200.0	648.1013378679847	496.24817848205566	17	1	0.6972265243530273	7.4074074074074066	6.190476190476191			3.45562760948743	11.317108249623587	3.3819772225349674	10.53166897827092	3.2697201017811706	8.595583453501852	3.361830421674307	6.3514086406906385	3.3468964416786338	5.303535690460307	3.3565400023336314	4.521883426674964	3.5065866455290076	4.120818661971831	3.500128681201515	4.046762589928058	3.5317788236984873	3.964981643603502	3.5512311637219436	4.004009578437378	3.5486087255238745	4.026845637583892	3.6210118809237755	4.14866954620594	3.5968173221156983	4.046364594309799	3.6368852197749657	3.916830287469164	3.658993075051469	3.920515574650913	3.6335346879004207	3.9594670669919307	3.6151831672737127	4.025145855004297	3.6601964729553793	4.165938864628821	3.712986710188855	4.152704135737009	3.7716936823414855	4.188221661217565	3.826884429222452	4.200902207185435	3.820551546680092	4.252837816824755	3.860854151664543	4.261536126290225	3.7983312428423406	4.354790642229176	3.724912887280192	4.280588446358092	3.718189124028931	4.213139400720254	3.7665386256935554	4.200367022361178	3.6714259224921193	4.218852999340804	3.661038346220609	4.765466146259378	4.761904761904762	1.9688915140775742	4.127031952643712	3.1593322395539976	4.038004750593824	4.761904761904762	5.059792610063873	1.7981640625	21.632	0.03160893946873134	20.848360436860798	-7.629430911211543e-06	18.993801563998396	-1.7209926685712318e-05	17.397654130744556	-1.7401173419127564e-05	16.332348425911007	-1.878212732305259e-05	15.571073514060155	-2.0388877052013045e-05	14.944094225712064	-2.1164827443161856e-05	14.39446238031304	-2.2082489138175655e-05	13.924835553539	-2.1991809787049834e-05	13.488440769285056	-2.433525216796678e-05	13.077006906684753	-2.5642077623697383e-05	12.683570281766027	-2.572096542966873e-05	12.285949106820693	-2.4341247102317716e-05	11.8928074358628	-2.5802143095650063e-05	11.502971247601819	-2.7384814637022337e-05	11.120427526193856	-2.9109090597763736e-05	10.759263410962076	-3.098593603044642e-05	10.408008070148211	-3.2979035033434924e-05	10.063567809104537	-3.510329661253188e-05	9.735990524472221	-3.7357218513358505e-05	9.416165560145627	-3.969940544302201e-05	9.108323037957133	-4.2089417730043423e-05	8.806679454502456	-3.9414665934429764e-05	8.517350104962071	-4.1817674937273486e-05	8.241390103676055	-4.724641960726414e-05	7.968741700334018	-4.686884846363915e-05	7.711928569305018	-4.6246440675726566e-05	7.467095644041832	-4.885334226651592e-05	7.230991536249811	-5.1541078239356766e-05	7.007589941583034	-5.0393065914130216e-05
19	1	21	0	0	709	6040	724	6158	742	3137	758	1640	792	1155	866	852	898	720	890	688	927	659	954	669	993	703	1000	729	1063	747	1076	794	1079	837	1124	888	1166	889	1204	924	1218	955	1260	984	1256	1004	1255	1076	1281	1070	1285	1112	1290	1170	1317	1197	1294	1222	1293	1261	1278	4078	4095	175.0	619.8779202467184	456.26863956451416	17	1	0.7094392776489258	3.7037037037037033	5.0			3.1491516389801903	13.573338726712961	3.1351491794050146	11.387887193712437	3.146734520780322	8.869850425537932	3.1305497047040847	6.320576559910587	3.1594064145524174	5.503669112741828	3.3682081599315468	4.418170504044804	3.3895746046125392	3.961267605633803	3.2721791242325082	3.8669064748201443	3.3305788093270574	3.7221123976277886	3.3510133829779765	3.7255666313972267	3.4111989007214016	3.8673121355484654	3.3373381391002535	3.8873780195168774	3.4663797039066067	3.9357218124341413	3.429700698052465	3.9973820671600464	3.3657745336577456	4.086514988770628	3.4291292940386846	4.165884781384875	3.509828120766985	4.020623219212157	3.5625517812758902	4.034934497816594	3.5497785031475866	4.050901378579003	3.608454092445157	4.07234201051194	3.555152990461094	4.0438214918640245	3.5100967723891032	4.182864251282849	3.5478867778208607	4.060412871888282	3.503844685608333	4.142452689614067	3.484508792307069	4.198062432723358	3.527993570854541	4.185168350756967	3.4517712334613746	4.1527900496159855	3.425074832454769	4.1562294001318385	3.3612119299353003	4.765466146259378	4.761904761904762	1.7227800748178774	3.947308598393363	2.9048050660517175	4.038004750593824	4.761904761904762	5.148420906201143	1.7981640625	21.632	0.03160893946873134	20.848360436860798	-7.629430911211543e-06	18.993801563998396	-1.7209926685712318e-05	17.397654130744556	-1.7401173419127564e-05	16.332348425911007	-1.878212732305259e-05	15.571073514060155	-2.0388877052013045e-05	14.944094225712064	-2.1164827443161856e-05	14.39446238031304	-2.2082489138175655e-05	13.924835553539	-2.1991809787049834e-05	13.488440769285056	-2.433525216796678e-05	13.077006906684753	-2.5642077623697383e-05	12.683570281766027	-2.572096542966873e-05	12.285949106820693	-2.4341247102317716e-05	11.8928074358628	-2.5802143095650063e-05	11.502971247601819	-2.7384814637022337e-05	11.120427526193856	-2.9109090597763736e-05	10.759263410962076	-3.098593603044642e-05	10.408008070148211	-3.2979035033434924e-05	10.063567809104537	-3.510329661253188e-05	9.735990524472221	-3.7357218513358505e-05	9.416165560145627	-3.969940544302201e-05	9.108323037957133	-4.2089417730043423e-05	8.806679454502456	-3.9414665934429764e-05	8.517350104962071	-4.1817674937273486e-05	8.241390103676055	-4.724641960726414e-05	7.968741700334018	-4.686884846363915e-05	7.711928569305018	-4.6246440675726566e-05	7.467095644041832	-4.885334226651592e-05	7.230991536249811	-5.1541078239356766e-05	7.007589941583034	-5.0393065914130216e-05
20	2	20	0	0	692	6870	705	6917	774	3278	759	1747	755	1164	776	885	781	743	811	692	835	697	868	692	898	715	922	769	949	769	983	761	1000	795	1012	820	1005	844	1038	869	1063	893	1055	933	1099	957	1115	981	1098	1001	1139	1000	1129	1016	1138	1059	1159	1056	1163	1098	1167	4080	4095	153.0	587.2817945425178	413.3638849258423	15	1	0.7268218994140625	7.4074074074074066	4.761904761904762			3.0736430665363774	15.43854918088047	3.0528731650283634	12.791493296347664	3.2824427480916034	9.268527158085222	3.1346797175071246	6.7329556403437785	3.0118078825594385	5.546554846087868	3.018163431994088	4.589296826384567	2.947948514701997	4.087808098591549	2.981727269384904	3.889388489208633	3.000035928573995	3.9367410336063258	3.04893041553971	3.853650387035697	3.0848505668155273	3.9333259984596767	3.077025764250434	4.100677224977337	3.094632492010696	4.051633298208641	3.133267459280273	3.831244021547601	3.119346185039616	3.881456888975686	3.0874366953444383	3.8468755864139617	3.0251949068360373	3.8171046085658724	3.071369392827554	3.7947598253275108	3.098041501515505	3.787910922587487	3.0213643393092386	3.8612755038695523	3.1107588666534576	3.8545190913484775	3.118532192202271	3.8135593220338984	3.0410458095607376	3.7985731633272617	3.105742487866063	3.7252272388615704	3.0496204856702955	3.645496950125583	3.048486472006429	3.702667738890249	3.091655996585574	3.5886630870658602	3.0807130936928826	3.618984838497034	3.0692756824996055	4.7678033047420945	4.761904761904762	1.5062020082693444	3.739740361061581	2.6316546940448373	3.5629453681710213	4.761904761904762	5.274567084062617	1.7981640625	21.632	0.03160893946873134	20.848360436860798	-7.629430911211543e-06	18.993801563998396	-1.7209926685712318e-05	17.397654130744556	-1.7401173419127564e-05	16.332348425911007	-1.878212732305259e-05	15.571073514060155	-2.0388877052013045e-05	14.944094225712064	-2.1164827443161856e-05	14.39446238031304	-2.2082489138175655e-05	13.924835553539	-2.1991809787049834e-05	13.488440769285056	-2.433525216796678e-05	13.077006906684753	-2.5642077623697383e-05	12.683570281766027	-2.572096542966873e-05	12.285949106820693	-2.4341247102317716e-05	11.8928074358628	-2.5802143095650063e-05	11.502971247601819	-2.7384814637022337e-05	11.120427526193856	-2.9109090597763736e-05	10.759263410962076	-3.098593603044642e-05	10.408008070148211	-3.2979035033434924e-05	10.063567809104537	-3.510329661253188e-05	9.735990524472221	-3.7357218513358505e-05	9.416165560145627	-3.969940544302201e-05	9.108323037957133	-4.2089417730043423e-05	8.806679454502456	-3.9414665934429764e-05	8.517350104962071	-4.1817674937273486e-05	8.241390103676055	-4.724641960726414e-05	7.968741700334018	-4.686884846363915e-05	7.711928569305018	-4.6246440675726566e-05	7.467095644041832	-4.885334226651592e-05	7.230991536249811	-5.1541078239356766e-05	7.007589941583034	-5.0393065914130216e-05
