	counts(inten<0.01	MicrocoloniesPlatonic	MicrocoloniesAggregates	MicrocoloniesLarge	counts(Norminten<0.01	counts(inten<0.02	counts(Norminten<0.02	counts(inten<0.03	counts(Norminten<0.03	counts(inten<0.04	counts(Norminten<0.04	counts(inten<0.05	counts(Norminten<0.05	counts(inten<0.060000000000000005	counts(Norminten<0.060000000000000005	counts(inten<0.06999999999999999	counts(Norminten<0.06999999999999999	counts(inten<0.08	counts(Norminten<0.08	counts(inten<0.09	counts(Norminten<0.09	counts(inten<0.09999999999999999	counts(Norminten<0.09999999999999999	counts(inten<0.11	counts(Norminten<0.11	counts(inten<0.12	counts(Norminten<0.12	counts(inten<0.13	counts(Norminten<0.13	counts(inten<0.14	counts(Norminten<0.14	counts(inten<0.15000000000000002	counts(Norminten<0.15000000000000002	counts(inten<0.16	counts(Norminten<0.16	counts(inten<0.17	counts(Norminten<0.17	counts(inten<0.18000000000000002	counts(Norminten<0.18000000000000002	counts(inten<0.19	counts(Norminten<0.19	counts(inten<0.2	counts(Norminten<0.2	counts(inten<0.21000000000000002	counts(Norminten<0.21000000000000002	counts(inten<0.22	counts(Norminten<0.22	counts(inten<0.23	counts(Norminten<0.23	counts(inten<0.24000000000000002	counts(Norminten<0.24000000000000002	counts(inten<0.25	counts(Norminten<0.25	counts(inten<0.26	counts(Norminten<0.26	counts(inten<0.27	counts(Norminten<0.27	counts(inten<0.28	counts(Norminten<0.28	counts(inten<0.29000000000000004	counts(Norminten<0.29000000000000004	diff	max	med	std	mean	min	eigenLocal	minProp	counts(inten<0.01Normalized	MicrocoloniesPlatonicNormalized	MicrocoloniesAggregatesNormalized	MicrocoloniesLargeNormalized	counts(Norminten<0.01Normalized	counts(inten<0.02Normalized	counts(Norminten<0.02Normalized	counts(inten<0.03Normalized	counts(Norminten<0.03Normalized	counts(inten<0.04Normalized	counts(Norminten<0.04Normalized	counts(inten<0.05Normalized	counts(Norminten<0.05Normalized	counts(inten<0.060000000000000005Normalized	counts(Norminten<0.060000000000000005Normalized	counts(inten<0.06999999999999999Normalized	counts(Norminten<0.06999999999999999Normalized	counts(inten<0.08Normalized	counts(Norminten<0.08Normalized	counts(inten<0.09Normalized	counts(Norminten<0.09Normalized	counts(inten<0.09999999999999999Normalized	counts(Norminten<0.09999999999999999Normalized	counts(inten<0.11Normalized	counts(Norminten<0.11Normalized	counts(inten<0.12Normalized	counts(Norminten<0.12Normalized	counts(inten<0.13Normalized	counts(Norminten<0.13Normalized	counts(inten<0.14Normalized	counts(Norminten<0.14Normalized	counts(inten<0.15000000000000002Normalized	counts(Norminten<0.15000000000000002Normalized	counts(inten<0.16Normalized	counts(Norminten<0.16Normalized	counts(inten<0.17Normalized	counts(Norminten<0.17Normalized	counts(inten<0.18000000000000002Normalized	counts(Norminten<0.18000000000000002Normalized	counts(inten<0.19Normalized	counts(Norminten<0.19Normalized	counts(inten<0.2Normalized	counts(Norminten<0.2Normalized	counts(inten<0.21000000000000002Normalized	counts(Norminten<0.21000000000000002Normalized	counts(inten<0.22Normalized	counts(Norminten<0.22Normalized	counts(inten<0.23Normalized	counts(Norminten<0.23Normalized	counts(inten<0.24000000000000002Normalized	counts(Norminten<0.24000000000000002Normalized	counts(inten<0.25Normalized	counts(Norminten<0.25Normalized	counts(inten<0.26Normalized	counts(Norminten<0.26Normalized	counts(inten<0.27Normalized	counts(Norminten<0.27Normalized	counts(inten<0.28Normalized	counts(Norminten<0.28Normalized	counts(inten<0.29000000000000004Normalized	counts(Norminten<0.29000000000000004Normalized	diffNormalized	maxNormalized	medNormalized	stdNormalized	meanNormalized	minNormalized	eigenLocalNormalized	minPropNormalized	BioVolume	SubstratumCoverage	Homogenity	ThicknessThreshold=0.01	RoughnessThreshold=0.01	ThicknessThreshold=0.02	RoughnessThreshold=0.02	ThicknessThreshold=0.03	RoughnessThreshold=0.03	ThicknessThreshold=0.04	RoughnessThreshold=0.04	ThicknessThreshold=0.05	RoughnessThreshold=0.05	ThicknessThreshold=0.060000000000000005	RoughnessThreshold=0.060000000000000005	ThicknessThreshold=0.06999999999999999	RoughnessThreshold=0.06999999999999999	ThicknessThreshold=0.08	RoughnessThreshold=0.08	ThicknessThreshold=0.09	RoughnessThreshold=0.09	ThicknessThreshold=0.09999999999999999	RoughnessThreshold=0.09999999999999999	ThicknessThreshold=0.11	RoughnessThreshold=0.11	ThicknessThreshold=0.12	RoughnessThreshold=0.12	ThicknessThreshold=0.13	RoughnessThreshold=0.13	ThicknessThreshold=0.14	RoughnessThreshold=0.14	ThicknessThreshold=0.15000000000000002	RoughnessThreshold=0.15000000000000002	ThicknessThreshold=0.16	RoughnessThreshold=0.16	ThicknessThreshold=0.17	RoughnessThreshold=0.17	ThicknessThreshold=0.18000000000000002	RoughnessThreshold=0.18000000000000002	ThicknessThreshold=0.19	RoughnessThreshold=0.19	ThicknessThreshold=0.2	RoughnessThreshold=0.2	ThicknessThreshold=0.21000000000000002	RoughnessThreshold=0.21000000000000002	ThicknessThreshold=0.22	RoughnessThreshold=0.22	ThicknessThreshold=0.23	RoughnessThreshold=0.23	ThicknessThreshold=0.24000000000000002	RoughnessThreshold=0.24000000000000002	ThicknessThreshold=0.25	RoughnessThreshold=0.25	ThicknessThreshold=0.26	RoughnessThreshold=0.26	ThicknessThreshold=0.27	RoughnessThreshold=0.27	ThicknessThreshold=0.28	RoughnessThreshold=0.28	ThicknessThreshold=0.29000000000000004	RoughnessThreshold=0.29000000000000004
0	1	21	0	0	3711	2	3922	55	4140	46	4336	45	4524	63	4706	60	4897	55	5079	49	5230	67	5355	78	5483	102	5643	128	5790	151	5895	187	6009	247	6095	315	6195	396	6284	501	6377	640	6461	786	6510	954	6585	1172	6638	1374	6685	1591	6727	1855	6756	2120	6753	2334	6777	2604	6740	4048	4095	1200.0	861.269465780839	1339.4904689788818	47	1	0.5587062835693359	2.941176470588235	8.108108108108109			10.053368731883076	0.0012053202837323947	13.130231001004352	0.05419359924326029	15.035409478845107	0.09927486187845305	16.11835991227092	0.17345719461897235	16.830357142857146	0.34592576323303315	17.447076706335967	0.3953350464518679	18.05944829620888	0.4008746355685131	18.603714149664846	0.3706505295007564	18.877458942429165	0.5025125628140703	19.19974185221039	0.5841383958660975	19.468115324527766	0.7513258691809075	19.86272439281943	0.9233876785456644	20.162975344755537	1.0633054010280967	20.332494050288	1.27453653217012	20.563274245431522	1.643489254108723	20.72072072072072	2.022991458480509	20.83473464720522	2.4640657084188913	20.97673331775545	3.0215306676316263	21.0281606542241	3.719848881139204	21.13648259617901	4.411764705882353	21.150784625881283	5.171572613433079	21.30930036890816	6.1684210526315795	21.35160346103123	6.983481575603558	21.352370001277627	7.7955803812043705	21.365051133837262	8.812770202859992	21.35001896094046	9.745782190962165	21.31225146752509	10.456989247311828	21.316012958827415	11.306009030913513	21.25311386497651	4.74911130143013	4.770947898219778	18.45585973546601	8.239288599034925	13.538355416340538	7.899159663865546	4.761904761904762	3.581781961072792	25.869999999999997	1.1323	0.13814883397762107	20.75546360015869	-1.144410271082183e-05	14.921026708157537	4.7727274896694315e-06	11.425677901928935	4.817043857257503e-06	9.737617916445538	9.791701141614435e-07	8.748409210459336	3.992573812708363e-06	8.085723189480287	-1.0184056452261725e-06	7.601934672322023	-3.1187657172797294e-06	7.227272437734888	3.1849196179370426e-06	6.925721723567535	4.338752435124805e-06	6.670018680571098	1.1079829060397257e-06	6.451392797565592	3.3974854078001736e-06	6.260893482092604	3.4742448439311313e-06	6.090708965922528	3.5544307756834283e-06	5.9383217270110515	4.8519782728412946e-06	5.797824553034594	4.969049035818148e-06	5.667605117293595	3.820020984648609e-06	5.545390910064436	3.9178556270201444e-06	5.430809465977121	1.3404879644288114e-06	5.32407283687191	2.755010675666368e-06	5.222048299269618	1.4165690414502268e-06	5.129381259332095	-2.913438819241515e-06	5.038281136329205	-1.4999880000959992e-06	4.950907932659599	-1.546209236126251e-06	4.866476674683116	-1.594786960383897e-06	4.784437065367422	-1.647118119781724e-06	4.708596044644605	-1.7026957078446596e-06	4.6326213229725495	0.0	4.557605634315987	-1.8217557717777239e-06	4.486627010853468	-1.8865788778628835e-06
1	1	25	0	0	3470	20	3590	66	3704	71	3834	43	3954	59	4050	63	4150	80	4279	106	4400	133	4513	149	4611	211	4703	268	4782	361	4853	463	4924	602	4977	764	5032	914	5071	1073	5164	1248	5217	1431	5261	1607	5277	1783	5310	1977	5326	2203	5365	2433	5413	2607	5433	2787	5438	2964	5454	4053	4095	1088.0	903.1159288918661	1277.5067262649536	42	1	0.577850341796875	2.941176470588235	9.652509652509652			9.400482214937826	0.012053202837323949	12.018747907599598	0.06503231909191234	13.451970219720355	0.153228591160221	14.252258280361325	0.16574798596924026	14.709821428571429	0.3239622227103009	15.015015015015015	0.41510179877446135	15.304617200177017	0.5830903790087464	15.673418556096847	0.8018154311649017	15.881609817722433	0.997524938123453	16.180846868165357	1.1158541151801094	16.371964209629315	1.5542133176193282	16.55403027103133	1.9333429519549847	16.652737150020894	2.542074501795648	16.738523091780774	3.15567066521265	16.850318253370748	4.005589194224499	16.91993880673126	4.90655706120352	16.923387367996234	5.687262771451683	16.92759622125046	6.471262288161149	17.028292554243883	7.253705318221447	17.06686731222193	8.032105972159856	17.092823028688393	8.711443595164525	17.076564623648956	9.384210526315789	17.079996140113867	10.04828462515883	17.011626421361953	10.794257435445147	17.03931906244045	11.558743883319874	17.10592845405132	11.984553854640739	17.146373792842265	12.486559139784946	17.104394049004497	12.869051754081278	17.19799451329108	4.754977298590987	4.770947898219778	16.733312826822516	8.639610565758817	12.911879933065265	7.0588235294117645	4.761904761904762	3.704511639327104	25.869999999999997	1.1323	0.13814883397762107	20.75546360015869	-1.144410271082183e-05	14.921026708157537	4.7727274896694315e-06	11.425677901928935	4.817043857257503e-06	9.737617916445538	9.791701141614435e-07	8.748409210459336	3.992573812708363e-06	8.085723189480287	-1.0184056452261725e-06	7.601934672322023	-3.1187657172797294e-06	7.227272437734888	3.1849196179370426e-06	6.925721723567535	4.338752435124805e-06	6.670018680571098	1.1079829060397257e-06	6.451392797565592	3.3974854078001736e-06	6.260893482092604	3.4742448439311313e-06	6.090708965922528	3.5544307756834283e-06	5.9383217270110515	4.8519782728412946e-06	5.797824553034594	4.969049035818148e-06	5.667605117293595	3.820020984648609e-06	5.545390910064436	3.9178556270201444e-06	5.430809465977121	1.3404879644288114e-06	5.32407283687191	2.755010675666368e-06	5.222048299269618	1.4165690414502268e-06	5.129381259332095	-2.913438819241515e-06	5.038281136329205	-1.4999880000959992e-06	4.950907932659599	-1.546209236126251e-06	4.866476674683116	-1.594786960383897e-06	4.784437065367422	-1.647118119781724e-06	4.708596044644605	-1.7026957078446596e-06	4.6326213229725495	0.0	4.557605634315987	-1.8217557717777239e-06	4.486627010853468	-1.8865788778628835e-06
2	1	33	0	0	2963	22	3060	112	3144	99	3231	54	3300	83	3358	112	3441	193	3515	270	3586	376	3622	498	3655	649	3683	774	3690	921	3747	1118	3771	1272	3769	1405	3781	1531	3779	1720	3798	1906	3813	2033	3835	2156	3845	2308	3871	2479	3908	2620	3918	2773	3904	2870	3899	2928	3925	3058	3936	4054	4095	887.0	885.2658788300319	1129.8004722595215	41	1	0.6024570465087891	2.941176470588235	12.741312741312742			8.026982363936824	0.013258523121056342	10.244392366923334	0.11035787482263912	11.418195024514254	0.21365676795580113	12.010705921712947	0.20814863354276683	12.276785714285714	0.4557434658466945	12.449486523560598	0.7379587533768202	12.689924767664849	1.4067055393586005	12.874986264239405	2.042360060514372	12.943512001443782	2.8200705017625443	12.986267971747159	3.729498988991238	12.97756000568101	4.780494991160872	12.963745160154874	5.583609868705815	12.849979105725032	6.485458770509118	12.923809195323008	7.6199563794983645	12.904660871945794	8.463636968527513	12.813190549039605	9.023184124333698	12.716082599044864	9.526476261589197	12.614747805187434	10.373318858934926	12.523906878586033	11.07817494914269	12.473828840617639	11.411091154018859	12.45979401540011	11.68753726893262	12.442560352080772	12.147368421052631	12.451349351860786	12.5997458703939	12.482432605084963	12.837473663579793	12.443625738423426	13.174022518884506	12.337251927695615	13.193582494368595	12.305118979991162	13.118279569892474	12.345484855156794	13.277179576241751	12.411313972188061	4.756150498023159	4.770947898219778	13.641956321131959	8.46884900992758	11.418999012855194	6.890756302521009	4.761904761904762	3.8622615226746047	25.869999999999997	1.1323	0.13814883397762107	20.75546360015869	-1.144410271082183e-05	14.921026708157537	4.7727274896694315e-06	11.425677901928935	4.817043857257503e-06	9.737617916445538	9.791701141614435e-07	8.748409210459336	3.992573812708363e-06	8.085723189480287	-1.0184056452261725e-06	7.601934672322023	-3.1187657172797294e-06	7.227272437734888	3.1849196179370426e-06	6.925721723567535	4.338752435124805e-06	6.670018680571098	1.1079829060397257e-06	6.451392797565592	3.3974854078001736e-06	6.260893482092604	3.4742448439311313e-06	6.090708965922528	3.5544307756834283e-06	5.9383217270110515	4.8519782728412946e-06	5.797824553034594	4.969049035818148e-06	5.667605117293595	3.820020984648609e-06	5.545390910064436	3.9178556270201444e-06	5.430809465977121	1.3404879644288114e-06	5.32407283687191	2.755010675666368e-06	5.222048299269618	1.4165690414502268e-06	5.129381259332095	-2.913438819241515e-06	5.038281136329205	-1.4999880000959992e-06	4.950907932659599	-1.546209236126251e-06	4.866476674683116	-1.594786960383897e-06	4.784437065367422	-1.647118119781724e-06	4.708596044644605	-1.7026957078446596e-06	4.6326213229725495	0.0	4.557605634315987	-1.8217557717777239e-06	4.486627010853468	-1.8865788778628835e-06
3	1	34	0	0	2305	25	2312	183	2355	141	2364	198	2402	317	2418	468	2444	657	2438	802	2465	981	2495	1163	2533	1251	2520	1375	2571	1533	2604	1650	2608	1770	2622	1889	2639	2006	2643	2105	2674	2153	2716	2205	2739	2302	2752	2295	2786	2312	2808	2350	2807	2364	2863	2411	2864	2450	2862	2438	2840	4055	4095	642.0	830.899271415423	934.8365936279297	40	1	0.6365022659301758	2.941176470588235	13.127413127413126			6.244412537588383	0.015066503546654935	7.740207566119853	0.18031688475484786	8.552751044125658	0.3042990331491713	8.787777406044386	0.7632116563234784	8.936011904761905	1.740610586426532	8.964520075631187	3.08361336232457	9.013128780056055	4.788629737609329	8.930075821398484	6.066565809379728	8.897310954701318	7.357683942098553	8.945537987164318	8.709653261439376	8.993750887658003	9.214790807307011	8.870116156282998	9.919203578127254	8.953196824070204	10.795014435603127	8.981478287862588	11.245910577971646	8.924782697967284	11.777230687337815	8.913819479857215	12.131526555776764	8.875361538978947	12.482110634061353	8.8226457923023	12.695253603522103	8.817516322627448	12.513804126707354	8.885108610311438	12.37651549169286	8.898924591442217	12.478993874342711	8.90557245485729	12.078947368421053	8.961368972948632	11.750952986022872	8.968953622077425	11.514527904355921	8.915073365940419	11.230937336690578	9.047528757426369	11.08352870868386	9.038692166887584	10.976702508960573	9.001981568269745	10.585272664119486	8.955318008387728	4.75732369745533	4.770947898219778	9.873884958474315	7.948753747716834	9.448480861819075	6.722689075630252	4.761904761904762	4.080520304382318	25.869999999999997	1.1323	0.13814883397762107	20.75546360015869	-1.144410271082183e-05	14.921026708157537	4.7727274896694315e-06	11.425677901928935	4.817043857257503e-06	9.737617916445538	9.791701141614435e-07	8.748409210459336	3.992573812708363e-06	8.085723189480287	-1.0184056452261725e-06	7.601934672322023	-3.1187657172797294e-06	7.227272437734888	3.1849196179370426e-06	6.925721723567535	4.338752435124805e-06	6.670018680571098	1.1079829060397257e-06	6.451392797565592	3.3974854078001736e-06	6.260893482092604	3.4742448439311313e-06	6.090708965922528	3.5544307756834283e-06	5.9383217270110515	4.8519782728412946e-06	5.797824553034594	4.969049035818148e-06	5.667605117293595	3.820020984648609e-06	5.545390910064436	3.9178556270201444e-06	5.430809465977121	1.3404879644288114e-06	5.32407283687191	2.755010675666368e-06	5.222048299269618	1.4165690414502268e-06	5.129381259332095	-2.913438819241515e-06	5.038281136329205	-1.4999880000959992e-06	4.950907932659599	-1.546209236126251e-06	4.866476674683116	-1.594786960383897e-06	4.784437065367422	-1.647118119781724e-06	4.708596044644605	-1.7026957078446596e-06	4.6326213229725495	0.0	4.557605634315987	-1.8217557717777239e-06	4.486627010853468	-1.8865788778628835e-06
4	1	26	0	0	1734	56	1774	391	1790	575	1820	788	1865	880	1863	992	1918	1109	1916	1196	1940	1326	1925	1484	1953	1576	1971	1616	1980	1671	1999	1696	2013	1682	2005	1727	2016	1698	2049	1713	2103	1734	2131	1780	2180	1798	2193	1836	2217	1859	2237	1921	2266	1901	2274	1934	2272	1942	2268	1974	2264	4058	4095	472.0	783.6488382283691	790.2556819915771	37	1	0.6644802093505859	2.941176470588235	10.038610038610038			4.697532034784493	0.033748967944507054	5.9390693003013055	0.3852672237111777	6.500817141819502	1.240935773480663	6.765547749154306	3.0374282079944495	6.938244047619048	4.831978915001098	6.906906906906906	6.536206101337551	7.073314648178197	8.083090379008746	7.018057946595363	9.046898638426626	7.00234614690489	9.945248631215781	6.9018679860887024	11.113607429042164	6.934384320409033	11.608721272834414	6.937697993664203	11.657769441639013	6.895110739657334	11.766776987536089	6.894767702548892	11.559432933478735	6.88864554103073	11.19169605429503	6.816250212476628	11.091130948558217	6.7801170377345805	10.56561508306888	6.8398037186634175	10.331101863578795	6.9346435401965305	10.07846556233653	6.971342580476316	9.991019308486754	7.082751226485591	9.74684230498184	7.096628049964404	9.663157894736841	7.131139631380874	9.44853875476493	7.145138622716239	9.412514086922435	7.196849393381186	9.031307900612855	7.186196435343193	8.890727715717372	7.170359149151044	8.700716845878135	7.133645771081684	8.57068426536992	7.13902815879923	4.760843295751845	4.770947898219778	7.259304829283297	7.4967349882864145	7.987188069162163	6.218487394957983	4.761904761904762	4.259882692095118	25.869999999999997	1.1323	0.13814883397762107	20.75546360015869	-1.144410271082183e-05	14.921026708157537	4.7727274896694315e-06	11.425677901928935	4.817043857257503e-06	9.737617916445538	9.791701141614435e-07	8.748409210459336	3.992573812708363e-06	8.085723189480287	-1.0184056452261725e-06	7.601934672322023	-3.1187657172797294e-06	7.227272437734888	3.1849196179370426e-06	6.925721723567535	4.338752435124805e-06	6.670018680571098	1.1079829060397257e-06	6.451392797565592	3.3974854078001736e-06	6.260893482092604	3.4742448439311313e-06	6.090708965922528	3.5544307756834283e-06	5.9383217270110515	4.8519782728412946e-06	5.797824553034594	4.969049035818148e-06	5.667605117293595	3.820020984648609e-06	5.545390910064436	3.9178556270201444e-06	5.430809465977121	1.3404879644288114e-06	5.32407283687191	2.755010675666368e-06	5.222048299269618	1.4165690414502268e-06	5.129381259332095	-2.913438819241515e-06	5.038281136329205	-1.4999880000959992e-06	4.950907932659599	-1.546209236126251e-06	4.866476674683116	-1.594786960383897e-06	4.784437065367422	-1.647118119781724e-06	4.708596044644605	-1.7026957078446596e-06	4.6326213229725495	0.0	4.557605634315987	-1.8217557717777239e-06	4.486627010853468	-1.8865788778628835e-06
5	1	20	0	0	1461	98	1455	738	1466	1451	1496	1519	1523	1494	1534	1450	1532	1411	1489	1420	1508	1382	1530	1369	1564	1357	1580	1392	1615	1414	1636	1424	1663	1429	1679	1439	1708	1455	1712	1466	1746	1508	1766	1532	1735	1551	1749	1509	1786	1506	1805	1542	1804	1571	1826	1597	1835	1622	1874	1663	1875	4060	4095	356.0	735.0607829339414	675.5435762405396	35	1	0.6876192092895508	2.941176470588235	7.722007722007722			3.9579551919377995	0.059060693902887346	4.871108135252762	0.7271795680277471	5.3241329217359725	3.131474447513812	5.561131556447715	5.855143969471534	5.665922619047619	8.203382385240502	5.687168650131613	9.553930289253476	5.649800855583419	10.284256559766764	5.454012673528442	10.741301059001513	5.443060819346688	10.365259131478286	5.485640529202969	10.252377742829328	5.553188467547224	9.995580436063642	5.561422034494896	10.0418410041841	5.6240423457306035	9.957045278501514	5.642741351360673	9.70556161395856	5.690917801656287	9.508283984297025	5.707972123066463	9.241538757947467	5.744265823636241	9.053574761993653	5.714857963080415	8.841445027441047	5.757435863615379	8.764893926184248	5.777283433656111	8.599012123933543	5.6369602651158255	8.407871198568873	5.659827842858068	7.942105263157895	5.74479719514941	7.65438373570521	5.765299603935096	7.55549022490078	5.729530585021914	7.463537460211886	5.770446214132221	7.341516112720084	5.7912011613962004	7.267025089605735	5.894379265876136	7.220389023966655	5.912401854129222	4.763189694616187	4.770947898219778	5.47523838818825	7.031919938012096	6.827782090410945	5.88235294117647	4.761904761904762	4.408223340868873	25.869999999999997	1.1323	0.13814883397762107	20.75546360015869	-1.144410271082183e-05	14.921026708157537	4.7727274896694315e-06	11.425677901928935	4.817043857257503e-06	9.737617916445538	9.791701141614435e-07	8.748409210459336	3.992573812708363e-06	8.085723189480287	-1.0184056452261725e-06	7.601934672322023	-3.1187657172797294e-06	7.227272437734888	3.1849196179370426e-06	6.925721723567535	4.338752435124805e-06	6.670018680571098	1.1079829060397257e-06	6.451392797565592	3.3974854078001736e-06	6.260893482092604	3.4742448439311313e-06	6.090708965922528	3.5544307756834283e-06	5.9383217270110515	4.8519782728412946e-06	5.797824553034594	4.969049035818148e-06	5.667605117293595	3.820020984648609e-06	5.545390910064436	3.9178556270201444e-06	5.430809465977121	1.3404879644288114e-06	5.32407283687191	2.755010675666368e-06	5.222048299269618	1.4165690414502268e-06	5.129381259332095	-2.913438819241515e-06	5.038281136329205	-1.4999880000959992e-06	4.950907932659599	-1.546209236126251e-06	4.866476674683116	-1.594786960383897e-06	4.784437065367422	-1.647118119781724e-06	4.708596044644605	-1.7026957078446596e-06	4.6326213229725495	0.0	4.557605634315987	-1.8217557717777239e-06	4.486627010853468	-1.8865788778628835e-06
6	1	18	0	0	1237	173	1223	1690	1246	2580	1268	2325	1280	1914	1298	1570	1299	1363	1294	1241	1324	1288	1323	1223	1335	1185	1354	1204	1361	1211	1365	1229	1373	1223	1376	1246	1426	1288	1453	1283	1453	1289	1425	1294	1467	1324	1486	1322	1480	1351	1509	1348	1523	1366	1534	1369	1544	1375	1533	1430	1524	4063	4095	279.0	688.2584664215965	583.3263711929321	32	1	0.7094697952270508	2.941176470588235	6.94980694980695			3.351122910627692	0.10426020454285215	4.094409106126548	1.6652215040201799	4.525149809333576	5.568024861878453	4.713579420839374	8.961955055313572	4.761904761904762	10.509554140127388	4.812219627034442	10.34460038215721	4.7905295766337215	9.934402332361516	4.739753122596242	9.387291981845689	4.77892077242375	9.66024150603765	4.743465634075508	9.158990489028684	4.74009373668513	8.728638774307601	4.76592749032031	8.685615351320155	4.739518038724056	8.527568481092882	4.708032973476357	8.37649945474373	4.698514817603176	8.137600638765054	4.677885432602414	8.002055102434012	4.795856595143606	8.01443594051397	4.850285409086357	7.737772148845064	4.791268218690233	7.492008137169427	4.6617377649829885	7.263134261338124	4.766236719841451	7.177318805225783	4.808750242702738	6.957894736842104	4.7605262311428485	6.866581956797966	4.819854350325795	6.6049291979028855	4.83707044400686	6.48961945935674	4.847680444950069	6.293384820484531	4.87281449220476	6.160394265232974	4.821816123045954	6.20875303924974	4.805600227036231	4.766709292912702	4.770947898219778	4.290987388495847	6.584188062949068	5.89573417640989	5.378151260504202	4.761904761904762	4.548304161241632	25.869999999999997	1.1323	0.13814883397762107	20.75546360015869	-1.144410271082183e-05	14.921026708157537	4.7727274896694315e-06	11.425677901928935	4.817043857257503e-06	9.737617916445538	9.791701141614435e-07	8.748409210459336	3.992573812708363e-06	8.085723189480287	-1.0184056452261725e-06	7.601934672322023	-3.1187657172797294e-06	7.227272437734888	3.1849196179370426e-06	6.925721723567535	4.338752435124805e-06	6.670018680571098	1.1079829060397257e-06	6.451392797565592	3.3974854078001736e-06	6.260893482092604	3.4742448439311313e-06	6.090708965922528	3.5544307756834283e-06	5.9383217270110515	4.8519782728412946e-06	5.797824553034594	4.969049035818148e-06	5.667605117293595	3.820020984648609e-06	5.545390910064436	3.9178556270201444e-06	5.430809465977121	1.3404879644288114e-06	5.32407283687191	2.755010675666368e-06	5.222048299269618	1.4165690414502268e-06	5.129381259332095	-2.913438819241515e-06	5.038281136329205	-1.4999880000959992e-06	4.950907932659599	-1.546209236126251e-06	4.866476674683116	-1.594786960383897e-06	4.784437065367422	-1.647118119781724e-06	4.708596044644605	-1.7026957078446596e-06	4.6326213229725495	0.0	4.557605634315987	-1.8217557717777239e-06	4.486627010853468	-1.8865788778628835e-06
7	1	16	0	0	1084	434	1079	3854	1056	3783	1070	2680	1064	1749	1098	1367	1114	1147	1101	1077	1119	1093	1116	1100	1119	1099	1112	1084	1110	1070	1113	1077	1115	1065	1127	1082	1144	1110	1172	1103	1187	1120	1211	1122	1223	1126	1225	1109	1229	1122	1243	1122	1260	1120	1270	1141	1257	1172	1272	1190	1273	4063	4095	221.0	639.0102792703159	497.7582473754883	32	1	0.7335243225097656	2.941176470588235	6.177606177606178			2.9366347899114134	0.2615545015699297	3.6123200535654503	3.797493299700457	3.835118939531505	8.164278314917127	3.977547303074235	10.330339590641021	3.958333333333333	9.603558093564683	4.070737404070737	9.007050141661725	4.108275556866794	8.3600583090379	4.0328193106479615	8.146747352496218	4.038982133188955	8.197704942623565	4.001290738948048	8.237849172470606	3.9731572219855136	8.095167943429582	3.9141147483280534	7.8199394026835956	3.865440869201839	7.53468065629181	3.838857655296106	7.3405125408942205	3.815618369721443	7.086299820347329	3.8313785483596803	6.94881510500289	3.8474473666509716	6.906850849355983	3.91227425977234	6.652192268258851	3.914133087119963	6.5097355419936065	3.961659251504842	6.297709923664121	3.973488417427467	6.103973545834011	3.9641447155523917	5.836842105263158	3.9531667149152434	5.70266836086404	3.970231250798518	5.497574599441423	4.001778568252556	5.320917858330562	4.013399064593603	5.245253528248977	3.9670516947547814	5.250896057347671	4.000880697008776	5.166724557137895	4.0141266988301325	4.766709292912702	4.770947898219778	3.398954167948324	6.113057896328326	5.030889148111108	5.378151260504202	4.761904761904762	4.702514118131564	25.869999999999997	1.1323	0.13814883397762107	20.75546360015869	-1.144410271082183e-05	14.921026708157537	4.7727274896694315e-06	11.425677901928935	4.817043857257503e-06	9.737617916445538	9.791701141614435e-07	8.748409210459336	3.992573812708363e-06	8.085723189480287	-1.0184056452261725e-06	7.601934672322023	-3.1187657172797294e-06	7.227272437734888	3.1849196179370426e-06	6.925721723567535	4.338752435124805e-06	6.670018680571098	1.1079829060397257e-06	6.451392797565592	3.3974854078001736e-06	6.260893482092604	3.4742448439311313e-06	6.090708965922528	3.5544307756834283e-06	5.9383217270110515	4.8519782728412946e-06	5.797824553034594	4.969049035818148e-06	5.667605117293595	3.820020984648609e-06	5.545390910064436	3.9178556270201444e-06	5.430809465977121	1.3404879644288114e-06	5.32407283687191	2.755010675666368e-06	5.222048299269618	1.4165690414502268e-06	5.129381259332095	-2.913438819241515e-06	5.038281136329205	-1.4999880000959992e-06	4.950907932659599	-1.546209236126251e-06	4.866476674683116	-1.594786960383897e-06	4.784437065367422	-1.647118119781724e-06	4.708596044644605	-1.7026957078446596e-06	4.6326213229725495	0.0	4.557605634315987	-1.8217557717777239e-06	4.486627010853468	-1.8865788778628835e-06
8	1	14	0	0	950	963	895	5996	883	4738	890	2571	867	1590	903	1273	881	1094	881	1003	907	994	913	950	926	889	934	880	932	878	941	889	936	901	947	872	942	899	957	908	992	926	986	936	991	925	993	939	1003	938	997	943	1011	948	1025	985	1037	997	1048	991	1052	4065	4095	176.0	578.5166965014884	414.08417987823486	30	1	0.759648323059082	2.941176470588235	5.405405405405405			2.573619050199117	0.5803617166171481	2.996317375292936	5.90808765568343	3.2068276738696206	10.225310773480663	3.308427196015018	9.91018771923062	3.225446428571429	8.730507357786076	3.3477922366811255	8.387691902220466	3.2490042779170967	7.973760932944607	3.2269880224167617	7.586989409984872	3.273777296516874	7.455186379659491	3.2734573876877846	7.114506103497341	3.287885243573356	6.548320565704184	3.2875747976064766	6.348290290001443	3.2455773784649673	6.182663192732906	3.2456110095540303	6.059160305343511	3.203066183012799	5.995076186040322	3.2194458609552954	5.600154132682551	3.1680904015605034	5.593926949163089	3.1945788964181996	5.4761473976237856	3.271120490668074	5.382156349898285	3.2255953938759485	5.253704535249215	3.219727736443679	5.014365479481758	3.213384246974306	4.942105263157895	3.2262214931326194	4.767471410419314	3.1844895873259236	4.620510559067078	3.2109508988121704	4.503776901515511	3.2391606623688536	4.528111065140441	3.2727387489743105	4.4668458781362	3.296323089988362	4.302709274053491	3.317251600290102	4.769055691777045	4.770947898219778	2.706859427868348	5.534349249818841	4.185187524140431	5.042016806722689	4.761904761904762	4.869991156909105	25.869999999999997	1.1323	0.13814883397762107	20.75546360015869	-1.144410271082183e-05	14.921026708157537	4.7727274896694315e-06	11.425677901928935	4.817043857257503e-06	9.737617916445538	9.791701141614435e-07	8.748409210459336	3.992573812708363e-06	8.085723189480287	-1.0184056452261725e-06	7.601934672322023	-3.1187657172797294e-06	7.227272437734888	3.1849196179370426e-06	6.925721723567535	4.338752435124805e-06	6.670018680571098	1.1079829060397257e-06	6.451392797565592	3.3974854078001736e-06	6.260893482092604	3.4742448439311313e-06	6.090708965922528	3.5544307756834283e-06	5.9383217270110515	4.8519782728412946e-06	5.797824553034594	4.969049035818148e-06	5.667605117293595	3.820020984648609e-06	5.545390910064436	3.9178556270201444e-06	5.430809465977121	1.3404879644288114e-06	5.32407283687191	2.755010675666368e-06	5.222048299269618	1.4165690414502268e-06	5.129381259332095	-2.913438819241515e-06	5.038281136329205	-1.4999880000959992e-06	4.950907932659599	-1.546209236126251e-06	4.866476674683116	-1.594786960383897e-06	4.784437065367422	-1.647118119781724e-06	4.708596044644605	-1.7026957078446596e-06	4.6326213229725495	0.0	4.557605634315987	-1.8217557717777239e-06	4.486627010853468	-1.8865788778628835e-06
9	1	12	0	0	854	2002	828	7693	796	4693	786	2284	769	1477	783	1125	778	933	781	852	799	841	794	801	790	800	770	794	797	778	789	773	802	780	823	800	841	791	855	781	852	787	861	800	871	800	866	822	885	834	896	856	919	852	903	862	906	869	907	862	908	4068	4095	151.0	525.1576109380819	354.85484409332275	27	1	0.7768287658691406	2.941176470588235	4.633204633204633			2.3135480724947852	1.2065256040161272	2.772012052226314	7.5802065268800245	2.8908661703286724	10.128194060773481	2.921824467491915	8.803916277994064	2.8608630952380953	8.110037338018888	2.902902902902903	7.412532120972524	2.869154742587402	6.800291545189505	2.860701073220761	6.4447806354009085	2.8839559646273236	6.307657691442286	2.846796457638665	5.998651988317232	2.8049992898735976	5.892751915144372	2.710313269975361	5.727889193478575	2.775456191670149	5.478487430462644	2.7213465319214984	5.268538713195202	2.7445075627951545	5.189966065606494	2.797892231854496	5.137756085029864	2.828411919015269	4.921909028685209	2.8540908635711184	4.710210481876847	2.809470421420563	4.5742516710258645	2.8166710285265637	4.4903457566232605	2.82985152214172	4.336748522795034	2.802407611157854	4.326315789473685	2.846666023352311	4.238881829733164	2.8618883352497764	4.194228036650497	2.9187575430349995	4.047698227944321	2.8536215396283655	3.962671815381787	2.8593069494413936	3.8933691756272397	2.8528292391406915	3.7426189649183748	2.8631791378929776	4.77257529007356	4.770947898219778	2.3223623500461397	5.023892391884235	3.586551089242021	4.53781512605042	4.761904761904762	4.98013239202674	25.869999999999997	1.1323	0.13814883397762107	20.75546360015869	-1.144410271082183e-05	14.921026708157537	4.7727274896694315e-06	11.425677901928935	4.817043857257503e-06	9.737617916445538	9.791701141614435e-07	8.748409210459336	3.992573812708363e-06	8.085723189480287	-1.0184056452261725e-06	7.601934672322023	-3.1187657172797294e-06	7.227272437734888	3.1849196179370426e-06	6.925721723567535	4.338752435124805e-06	6.670018680571098	1.1079829060397257e-06	6.451392797565592	3.3974854078001736e-06	6.260893482092604	3.4742448439311313e-06	6.090708965922528	3.5544307756834283e-06	5.9383217270110515	4.8519782728412946e-06	5.797824553034594	4.969049035818148e-06	5.667605117293595	3.820020984648609e-06	5.545390910064436	3.9178556270201444e-06	5.430809465977121	1.3404879644288114e-06	5.32407283687191	2.755010675666368e-06	5.222048299269618	1.4165690414502268e-06	5.129381259332095	-2.913438819241515e-06	5.038281136329205	-1.4999880000959992e-06	4.950907932659599	-1.546209236126251e-06	4.866476674683116	-1.594786960383897e-06	4.784437065367422	-1.647118119781724e-06	4.708596044644605	-1.7026957078446596e-06	4.6326213229725495	0.0	4.557605634315987	-1.8217557717777239e-06	4.486627010853468	-1.8865788778628835e-06
10	1	8	0	0	779	3438	776	8742	703	4317	713	2089	708	1261	717	986	710	828	718	797	692	751	700	727	692	715	704	724	695	707	688	718	693	694	704	694	717	700	734	692	750	687	750	690	755	679	754	703	766	729	771	746	754	752	759	756	777	759	777	767	779	4065	4095	135.0	482.97489861739143	312.21286964416504	30	1	0.7905311584472656	2.941176470588235	3.088803088803089			2.110367621163276	2.0719455677359866	2.597924338801473	8.61382626517421	2.5531142182676594	9.316729972375692	2.6504590907401213	8.052268434645184	2.6339285714285716	6.924006149791347	2.6582137693248806	6.496672596692364	2.6183802920784776	6.034985422740525	2.6299402952272812	6.02874432677761	2.497744089514528	5.6326408160204	2.5097701767595284	5.444469407623755	2.457037352648771	5.2666470241602825	2.478000703977473	5.222911556773914	2.420253517202953	4.978522639250757	2.3729865829683026	4.893675027262813	2.371500923961399	4.6177390378601375	2.3933367329593747	4.457003403763406	2.4113809107419115	4.35567170680107	2.450178589311346	4.17345154092033	2.4731253709688055	3.993025283347864	2.4535461920963098	3.872923215087562	2.452971181649826	3.680815308722286	2.439971522878778	3.6999999999999997	2.463893981794204	3.705209656925032	2.4626293599080107	3.6552501347444757	2.3947151114781176	3.572616276307663	2.3985589685248385	3.475382705833678	2.4521870857792085	3.400537634408602	2.4439341993520585	3.3301493574157695	2.4564058903288872	4.769055691777045	4.770947898219778	2.076284220239926	4.620353714955597	3.1555646663320487	5.042016806722689	4.761904761904762	5.067976370165525	25.869999999999997	1.1323	0.13814883397762107	20.75546360015869	-1.144410271082183e-05	14.921026708157537	4.7727274896694315e-06	11.425677901928935	4.817043857257503e-06	9.737617916445538	9.791701141614435e-07	8.748409210459336	3.992573812708363e-06	8.085723189480287	-1.0184056452261725e-06	7.601934672322023	-3.1187657172797294e-06	7.227272437734888	3.1849196179370426e-06	6.925721723567535	4.338752435124805e-06	6.670018680571098	1.1079829060397257e-06	6.451392797565592	3.3974854078001736e-06	6.260893482092604	3.4742448439311313e-06	6.090708965922528	3.5544307756834283e-06	5.9383217270110515	4.8519782728412946e-06	5.797824553034594	4.969049035818148e-06	5.667605117293595	3.820020984648609e-06	5.545390910064436	3.9178556270201444e-06	5.430809465977121	1.3404879644288114e-06	5.32407283687191	2.755010675666368e-06	5.222048299269618	1.4165690414502268e-06	5.129381259332095	-2.913438819241515e-06	5.038281136329205	-1.4999880000959992e-06	4.950907932659599	-1.546209236126251e-06	4.866476674683116	-1.594786960383897e-06	4.784437065367422	-1.647118119781724e-06	4.708596044644605	-1.7026957078446596e-06	4.6326213229725495	0.0	4.557605634315987	-1.8217557717777239e-06	4.486627010853468	-1.8865788778628835e-06
11	1	5	0	0	801	5375	734	9499	684	3925	648	1890	618	1111	622	869	610	731	583	716	591	657	580	617	603	620	599	611	592	581	599	592	601	583	612	600	618	597	620	592	625	598	635	610	631	625	633	613	621	620	641	629	654	630	669	635	688	621	680	643	668	4075	4095	121.0	429.815612610629	266.67863941192627	20	1	0.8042736053466797	2.941176470588235	1.9305019305019304			2.1699672202205185	3.239298262530811	2.457315031804486	9.35972725839508	2.4841111312874524	8.47073549723757	2.4088323854131817	7.285202173996839	2.2991071428571432	6.100373380188887	2.306009713417121	5.725769256111221	2.249594335447706	5.32798833819242	2.135452913812681	5.4160363086232985	2.133188955062263	4.927623190579764	2.0795238607436093	4.620684490376695	2.1410311035364296	4.566882734236889	2.1084125307990145	4.4077333718078195	2.061568463574314	4.0912611787902256	2.0660159348808333	4.0348964013086155	2.056669632468688	3.8791669439084435	2.080571137174911	3.8533170637723977	2.0784287347817316	3.7147657270860557	2.0696331408351973	3.570351607261323	2.0609378091406714	3.4757337983144434	2.0773357759748756	3.4238886394252357	2.050099093537802	3.388084783433621	2.0484111060772765	3.2263157894736842	1.9974910740133165	3.1512071156289707	2.0474000255525744	3.0819736390807977	2.0771136378072796	2.993016295310941	2.1141448615851344	2.9191375902174412	2.1713059395316545	2.782258064516129	2.1388355927405405	2.7917679749913162	2.106391700564437	4.78078768609876	4.770947898219778	1.8609658566594893	4.111808228867497	2.6953459437878977	3.361344537815126	4.761904761904762	5.156077130534391	25.869999999999997	1.1323	0.13814883397762107	20.75546360015869	-1.144410271082183e-05	14.921026708157537	4.7727274896694315e-06	11.425677901928935	4.817043857257503e-06	9.737617916445538	9.791701141614435e-07	8.748409210459336	3.992573812708363e-06	8.085723189480287	-1.0184056452261725e-06	7.601934672322023	-3.1187657172797294e-06	7.227272437734888	3.1849196179370426e-06	6.925721723567535	4.338752435124805e-06	6.670018680571098	1.1079829060397257e-06	6.451392797565592	3.3974854078001736e-06	6.260893482092604	3.4742448439311313e-06	6.090708965922528	3.5544307756834283e-06	5.9383217270110515	4.8519782728412946e-06	5.797824553034594	4.969049035818148e-06	5.667605117293595	3.820020984648609e-06	5.545390910064436	3.9178556270201444e-06	5.430809465977121	1.3404879644288114e-06	5.32407283687191	2.755010675666368e-06	5.222048299269618	1.4165690414502268e-06	5.129381259332095	-2.913438819241515e-06	5.038281136329205	-1.4999880000959992e-06	4.950907932659599	-1.546209236126251e-06	4.866476674683116	-1.594786960383897e-06	4.784437065367422	-1.647118119781724e-06	4.708596044644605	-1.7026957078446596e-06	4.6326213229725495	0.0	4.557605634315987	-1.8217557717777239e-06	4.486627010853468	-1.8865788778628835e-06
12	1	7	0	0	827	7244	691	9635	621	3582	543	1552	562	1006	552	815	531	633	552	583	545	569	527	541	532	538	521	545	532	547	531	523	535	534	546	523	574	530	563	526	579	538	579	546	577	575	561	574	567	567	575	574	567	560	548	566	552	570	570	574	569	4072	4095	111.0	388.8171588605374	234.42911052703857	23	1	0.8142776489257812	2.941176470588235	2.7027027027027026			2.240403110015442	4.365670067678734	2.3133578841647138	9.493733249251143	2.255311421826766	7.730490331491713	2.0185123229619717	5.982345912192113	2.0907738095238093	5.523830441467164	2.0464909353798246	5.36996771430454	1.9582534297093965	4.613702623906706	2.0219039595619206	4.40998487140696	1.9671539433315284	4.267606690167254	1.8894984045032446	4.051524002096906	1.8889362306490556	3.9628756629345903	1.833861316437874	3.931611600057712	1.8526257138877282	3.851841419618337	1.831476563308385	3.5646128680479823	1.8308124016152214	3.553130614145984	1.8561958184599694	3.358808040588273	1.93044998991054	3.2978657208636672	1.8793604165971225	3.1723056510463783	1.9092527863879178	3.126997965707643	1.8941376602983513	3.064660978895375	1.87465479710192	3.1170380007589307	1.8154164778978708	3.0210526315789474	1.8237961980121584	2.8818297331639138	1.8365912865721221	2.8124846881277867	1.8008003557136505	2.660458929165281	1.7317658955884212	2.60193996230405	1.7420943003219085	2.553763440860215	1.792847482150159	2.4921847863841613	1.7942168826664144	4.777268087802246	4.770947898219778	1.7071670255306057	3.719598698653933	2.369396939920791	3.865546218487395	4.761904761904762	5.220211549428868	25.869999999999997	1.1323	0.13814883397762107	20.75546360015869	-1.144410271082183e-05	14.921026708157537	4.7727274896694315e-06	11.425677901928935	4.817043857257503e-06	9.737617916445538	9.791701141614435e-07	8.748409210459336	3.992573812708363e-06	8.085723189480287	-1.0184056452261725e-06	7.601934672322023	-3.1187657172797294e-06	7.227272437734888	3.1849196179370426e-06	6.925721723567535	4.338752435124805e-06	6.670018680571098	1.1079829060397257e-06	6.451392797565592	3.3974854078001736e-06	6.260893482092604	3.4742448439311313e-06	6.090708965922528	3.5544307756834283e-06	5.9383217270110515	4.8519782728412946e-06	5.797824553034594	4.969049035818148e-06	5.667605117293595	3.820020984648609e-06	5.545390910064436	3.9178556270201444e-06	5.430809465977121	1.3404879644288114e-06	5.32407283687191	2.755010675666368e-06	5.222048299269618	1.4165690414502268e-06	5.129381259332095	-2.913438819241515e-06	5.038281136329205	-1.4999880000959992e-06	4.950907932659599	-1.546209236126251e-06	4.866476674683116	-1.594786960383897e-06	4.784437065367422	-1.647118119781724e-06	4.708596044644605	-1.7026957078446596e-06	4.6326213229725495	0.0	4.557605634315987	-1.8217557717777239e-06	4.486627010853468	-1.8865788778628835e-06
13	1	5	0	0	908	10944	705	9479	594	3044	576	1307	528	865	529	672	518	576	508	564	503	537	502	522	488	510	469	507	473	507	477	498	475	468	465	467	477	469	455	479	456	461	457	477	460	455	453	456	441	461	443	455	458	453	448	442	442	453	423	453	411	4073	4095	101.0	337.4735604718976	198.92042446136475	22	1	0.8206758499145508	2.941176470588235	1.9305019305019304			2.4598379974534716	6.595512592583665	2.3602276531637094	9.340020495033896	2.157254403486472	6.5694060773480665	2.141184342589495	5.03796785259993	1.9642857142857142	4.7496156380408525	1.9612204797389983	4.427752520260921	1.9103112553473962	4.198250728862974	1.8607377019156806	4.266263237518911	1.8155567587078143	4.02760069001725	1.7998637553332617	3.9092338800269606	1.7327084220991336	3.7566293459045372	1.6508271735304472	3.6574808829894674	1.6471653433625852	3.5701711147102313	1.645224709412617	3.3942202835332607	1.6254876462938883	3.1139796393638965	1.580826109127996	2.999165114636183	1.604224120535414	2.918300043556717	1.5188436759355075	2.8888486822266453	1.503660225549034	2.6794536471955825	1.4950274797173515	2.677368657386619	1.4945254881575099	2.466525722339676	1.4659245356287618	2.4	1.4185081540094566	2.3430749682337995	1.4149738086112176	2.229408594247636	1.4546147494124373	2.1521212409140578	1.415750221210972	2.0319036454741877	1.3949378274316733	2.029569892473118	1.3304815525430125	1.9668287599861063	1.2959984864251253	4.778441287234417	4.770947898219778	1.5533681944017226	3.2284228917264013	2.0105073296865204	3.697478991596639	4.761904761904762	5.261229453753276	25.869999999999997	1.1323	0.13814883397762107	20.75546360015869	-1.144410271082183e-05	14.921026708157537	4.7727274896694315e-06	11.425677901928935	4.817043857257503e-06	9.737617916445538	9.791701141614435e-07	8.748409210459336	3.992573812708363e-06	8.085723189480287	-1.0184056452261725e-06	7.601934672322023	-3.1187657172797294e-06	7.227272437734888	3.1849196179370426e-06	6.925721723567535	4.338752435124805e-06	6.670018680571098	1.1079829060397257e-06	6.451392797565592	3.3974854078001736e-06	6.260893482092604	3.4742448439311313e-06	6.090708965922528	3.5544307756834283e-06	5.9383217270110515	4.8519782728412946e-06	5.797824553034594	4.969049035818148e-06	5.667605117293595	3.820020984648609e-06	5.545390910064436	3.9178556270201444e-06	5.430809465977121	1.3404879644288114e-06	5.32407283687191	2.755010675666368e-06	5.222048299269618	1.4165690414502268e-06	5.129381259332095	-2.913438819241515e-06	5.038281136329205	-1.4999880000959992e-06	4.950907932659599	-1.546209236126251e-06	4.866476674683116	-1.594786960383897e-06	4.784437065367422	-1.647118119781724e-06	4.708596044644605	-1.7026957078446596e-06	4.6326213229725495	0.0	4.557605634315987	-1.8217557717777239e-06	4.486627010853468	-1.8865788778628835e-06
14	1	5	0	0	1107	13989	807	8447	601	2507	559	1164	512	829	478	612	452	559	451	512	460	484	434	446	418	459	411	454	403	428	380	418	381	410	384	401	369	383	365	378	373	366	370	359	363	376	354	365	338	364	342	355	340	346	343	339	347	338	347	340	340	4072	4095	93.0	291.2887903436255	170.7739429473877	23	1	0.8245086669921875	2.941176470588235	1.9305019305019304			2.9989434616530763	8.430612724566236	2.7017073987278204	8.323151505596721	2.1826765934265477	5.410479972375691	2.07798966581168	4.486759434144085	1.9047619047619049	4.551943773336261	1.7721425128832538	4.032417473809053	1.6669125239710874	4.074344023323615	1.6519541408739606	3.872919818456883	1.6603501173073452	3.630090752268807	1.5560575095909075	3.340073391747173	1.4841641812242579	3.380966411314084	1.4466737064413937	3.275140672341653	1.4033988020615684	3.013872262516724	1.31066119408133	2.8489640130861504	1.303812196290466	2.728059085767516	1.3054563997960225	2.575300237621219	1.24100356494249	2.383174662435443	1.218413058717495	2.2797177492310476	1.2299676844951526	2.127288578901482	1.2104161214341795	2.0150426582846883	1.1793755482634263	2.038271805713666	1.145556921882079	1.9210526315789473	1.087201260896137	1.8500635324015247	1.092372556535071	1.7394286834239798	1.0798450104808486	1.6437835526628344	1.0839337631146504	1.5584057371397049	1.0951208735719244	1.5143369175627241	1.0914352215896581	1.4762070163251129	1.0721155362154322	4.777268087802246	4.770947898219778	1.4303291294986158	2.7865987413463253	1.7260282092444266	3.865546218487395	4.761904761904762	5.285801067627147	25.869999999999997	1.1323	0.13814883397762107	20.75546360015869	-1.144410271082183e-05	14.921026708157537	4.7727274896694315e-06	11.425677901928935	4.817043857257503e-06	9.737617916445538	9.791701141614435e-07	8.748409210459336	3.992573812708363e-06	8.085723189480287	-1.0184056452261725e-06	7.601934672322023	-3.1187657172797294e-06	7.227272437734888	3.1849196179370426e-06	6.925721723567535	4.338752435124805e-06	6.670018680571098	1.1079829060397257e-06	6.451392797565592	3.3974854078001736e-06	6.260893482092604	3.4742448439311313e-06	6.090708965922528	3.5544307756834283e-06	5.9383217270110515	4.8519782728412946e-06	5.797824553034594	4.969049035818148e-06	5.667605117293595	3.820020984648609e-06	5.545390910064436	3.9178556270201444e-06	5.430809465977121	1.3404879644288114e-06	5.32407283687191	2.755010675666368e-06	5.222048299269618	1.4165690414502268e-06	5.129381259332095	-2.913438819241515e-06	5.038281136329205	-1.4999880000959992e-06	4.950907932659599	-1.546209236126251e-06	4.866476674683116	-1.594786960383897e-06	4.784437065367422	-1.647118119781724e-06	4.708596044644605	-1.7026957078446596e-06	4.6326213229725495	0.0	4.557605634315987	-1.8217557717777239e-06	4.486627010853468	-1.8865788778628835e-06
15	1	3	0	0	1300	16135	867	7553	678	2260	576	1139	490	760	429	622	406	559	379	472	372	430	358	403	344	369	347	371	350	343	334	349	328	340	327	334	328	332	326	326	316	329	311	328	304	317	303	311	297	304	299	302	292	295	288	297	291	290	288	287	287	4076	4095	89.0	259.20859588437213	153.93262004852295	19	1	0.8229312896728516	2.941176470588235	1.1583011583011582			3.52179448974616	9.723921389011094	2.902577837294945	7.442259183351727	2.4623206827673867	4.877417127071823	2.141184342589495	4.390394326022434	1.8229166666666667	4.17307269931913	1.590479368257146	4.098306648217697	1.4972709839209322	4.074344023323615	1.3882275374528406	3.5703479576399397	1.3427179209528965	3.225080627015675	1.2835681761141586	3.0180483786415038	1.2214174122993893	2.718031820860342	1.2214009151707144	2.676381474534699	1.2188327065050841	2.415322864587001	1.1520022074293794	2.378680479825518	1.1224419957566216	2.2622929003925747	1.1116777154513005	2.145013165499968	1.10311427994888	2.0658328666542216	1.088226457923023	1.9661057837283638	1.0420101563015234	1.9122348154606217	1.01740382098927	1.8410417602155364	0.9876864095649631	1.7184366021575324	0.9805190602549996	1.6368421052631577	0.9553218180063688	1.545108005082592	0.9550274690175035	1.4797393306874418	0.9273963031188465	1.4014917573281391	0.9101251422070534	1.365328920148945	0.918386669191441	1.2992831541218637	0.9058597804548171	1.2460923931920806	0.9049916438053794	4.781960885530932	4.770947898219778	1.3688095970470624	2.479705264955269	1.5558113839914653	3.1932773109243695	4.761904761904762	5.275688738851983	25.869999999999997	1.1323	0.13814883397762107	20.75546360015869	-1.144410271082183e-05	14.921026708157537	4.7727274896694315e-06	11.425677901928935	4.817043857257503e-06	9.737617916445538	9.791701141614435e-07	8.748409210459336	3.992573812708363e-06	8.085723189480287	-1.0184056452261725e-06	7.601934672322023	-3.1187657172797294e-06	7.227272437734888	3.1849196179370426e-06	6.925721723567535	4.338752435124805e-06	6.670018680571098	1.1079829060397257e-06	6.451392797565592	3.3974854078001736e-06	6.260893482092604	3.4742448439311313e-06	6.090708965922528	3.5544307756834283e-06	5.9383217270110515	4.8519782728412946e-06	5.797824553034594	4.969049035818148e-06	5.667605117293595	3.820020984648609e-06	5.545390910064436	3.9178556270201444e-06	5.430809465977121	1.3404879644288114e-06	5.32407283687191	2.755010675666368e-06	5.222048299269618	1.4165690414502268e-06	5.129381259332095	-2.913438819241515e-06	5.038281136329205	-1.4999880000959992e-06	4.950907932659599	-1.546209236126251e-06	4.866476674683116	-1.594786960383897e-06	4.784437065367422	-1.647118119781724e-06	4.708596044644605	-1.7026957078446596e-06	4.6326213229725495	0.0	4.557605634315987	-1.8217557717777239e-06	4.486627010853468	-1.8865788778628835e-06
16	1	2	0	0	1764	18526	940	6587	673	2029	510	1084	461	717	389	552	361	469	337	397	321	368	305	337	298	321	291	300	282	299	285	294	267	280	253	283	247	262	242	253	232	245	233	237	231	236	220	234	219	228	224	221	229	220	231	232	215	230	221	221	213	4073	4095	83.0	218.36053272083416	134.32332515716553	22	1	0.8189325332641602	2.941176470588235	0.7722007722007722			4.7788042153170975	11.164881788213172	3.146970204218279	6.490422513006464	2.4441619756673325	4.378884668508287	1.8958403033344486	4.178391088154801	1.715029761904762	3.936964638699758	1.4421829236644053	3.6370824273571847	1.331317303437085	3.4183673469387754	1.2343870187905206	3.0030257186081695	1.1586356253383865	2.760069001725043	1.0935427198737944	2.5237774282932675	1.0580883397244711	2.3644667059516795	1.0242872228088702	2.1641898715914007	0.9820309235269535	2.105485529188085	0.9829958955609974	2.0038167938931295	0.9136951611799329	1.8630647414997672	0.8601053884072751	1.817481215079314	0.8306988632541871	1.630265695974115	0.8078245485195448	1.5258428321572883	0.7650201147530172	1.4240046498111014	0.7622350170112536	1.3302649303996408	0.7505117125312712	1.2793408142245353	0.7119280305481845	1.231578947368421	0.7044292193380295	1.158831003811944	0.7154720838124441	1.0828556029202803	0.7273073747062186	1.045180293600646	0.7299962078119074	1.066519560520388	0.678533106103642	1.0304659498207887	0.6951215676406757	0.9595345606113235	0.6716488506290795	4.778441287234417	4.770947898219778	1.2765302983697324	2.0889344383001434	1.3576184069967083	3.697478991596639	4.761904761904762	5.250053312882056	25.869999999999997	1.1323	0.13814883397762107	20.75546360015869	-1.144410271082183e-05	14.921026708157537	4.7727274896694315e-06	11.425677901928935	4.817043857257503e-06	9.737617916445538	9.791701141614435e-07	8.748409210459336	3.992573812708363e-06	8.085723189480287	-1.0184056452261725e-06	7.601934672322023	-3.1187657172797294e-06	7.227272437734888	3.1849196179370426e-06	6.925721723567535	4.338752435124805e-06	6.670018680571098	1.1079829060397257e-06	6.451392797565592	3.3974854078001736e-06	6.260893482092604	3.4742448439311313e-06	6.090708965922528	3.5544307756834283e-06	5.9383217270110515	4.8519782728412946e-06	5.797824553034594	4.969049035818148e-06	5.667605117293595	3.820020984648609e-06	5.545390910064436	3.9178556270201444e-06	5.430809465977121	1.3404879644288114e-06	5.32407283687191	2.755010675666368e-06	5.222048299269618	1.4165690414502268e-06	5.129381259332095	-2.913438819241515e-06	5.038281136329205	-1.4999880000959992e-06	4.950907932659599	-1.546209236126251e-06	4.866476674683116	-1.594786960383897e-06	4.784437065367422	-1.647118119781724e-06	4.708596044644605	-1.7026957078446596e-06	4.6326213229725495	0.0	4.557605634315987	-1.8217557717777239e-06	4.486627010853468	-1.8865788778628835e-06
17	2	1	0	0	1995	20623	1030	5603	611	1823	500	983	441	619	374	496	326	408	299	365	298	319	273	289	239	291	237	256	219	239	225	229	222	221	214	227	208	222	201	210	198	198	200	199	206	195	205	206	206	205	187	208	186	195	186	182	178	185	184	177	186	4076	4095	79.0	190.4184241768612	121.21862506866455	19	1	0.8150291442871094	5.88235294117647	0.3861003861003861			5.404600005418145	12.428660105706589	3.4482758620689653	5.520849755636134	2.218994007626657	3.9343059392265194	1.858666964053381	3.7890760513433297	1.640625	3.3988578958928177	1.3865717569421274	3.2681030506687754	1.202242218616315	2.9737609329446064	1.0951979780960404	2.760968229954614	1.0756181194730194	2.39255981399535	0.9788103689362161	2.164307646221823	0.8486010509870757	2.1434885091337654	0.8342133051742344	1.8467753570913288	0.7626410363560384	1.6829800718259278	0.7760493912323664	1.5607960741548528	0.7597015946889331	1.4704903852551734	0.7275199728029916	1.4578382891272237	0.6995358848456312	1.3813701698711967	0.6709617117868946	1.2665098606839154	0.6529050979357647	1.1508282476024412	0.654278984559016	1.116973506960036	0.6692875012183632	1.0570824524312896	0.6633874830108083	1.0842105263157895	0.6626137862266396	1.0419313850063534	0.5972914271112815	1.019158214513205	0.5907387410277584	0.9264098056914818	0.5877891543420554	0.8366662069599595	0.5617622924951082	0.828853046594982	0.5787437486239109	0.7684960055574852	0.5865102639296188	4.781960885530932	4.770947898219778	1.215010765918179	1.821627741027845	1.2251679778735187	3.1932773109243695	4.761904761904762	5.225029273174229	25.869999999999997	1.1323	0.13814883397762107	20.75546360015869	-1.144410271082183e-05	14.921026708157537	4.7727274896694315e-06	11.425677901928935	4.817043857257503e-06	9.737617916445538	9.791701141614435e-07	8.748409210459336	3.992573812708363e-06	8.085723189480287	-1.0184056452261725e-06	7.601934672322023	-3.1187657172797294e-06	7.227272437734888	3.1849196179370426e-06	6.925721723567535	4.338752435124805e-06	6.670018680571098	1.1079829060397257e-06	6.451392797565592	3.3974854078001736e-06	6.260893482092604	3.4742448439311313e-06	6.090708965922528	3.5544307756834283e-06	5.9383217270110515	4.8519782728412946e-06	5.797824553034594	4.969049035818148e-06	5.667605117293595	3.820020984648609e-06	5.545390910064436	3.9178556270201444e-06	5.430809465977121	1.3404879644288114e-06	5.32407283687191	2.755010675666368e-06	5.222048299269618	1.4165690414502268e-06	5.129381259332095	-2.913438819241515e-06	5.038281136329205	-1.4999880000959992e-06	4.950907932659599	-1.546209236126251e-06	4.866476674683116	-1.594786960383897e-06	4.784437065367422	-1.647118119781724e-06	4.708596044644605	-1.7026957078446596e-06	4.6326213229725495	0.0	4.557605634315987	-1.8217557717777239e-06	4.486627010853468	-1.8865788778628835e-06
18	2	3	0	0	2247	21179	1008	5357	650	1683	428	860	381	537	337	416	305	367	266	328	240	303	224	254	206	234	206	205	187	207	186	188	177	181	170	177	166	169	175	168	166	171	167	165	166	164	173	168	171	171	168	169	163	169	161	162	153	161	158	154	164	4077	4095	76.0	165.1825081071283	110.87760257720947	18	1	0.802703857421875	5.88235294117647	1.1583011583011582			6.087286321892017	12.763739144584193	3.3746233679276862	5.278456566293552	2.360631923007082	3.6321650552486187	1.5910189212296941	3.314959719384805	1.4174107142857142	2.9486053151768066	1.249397545693842	2.740989655399618	1.124797167723853	2.674927113702624	0.9743232848613604	2.481089258698941	0.8662696264212236	2.272556813920348	0.803126456563049	1.9021942634613944	0.7314301945746343	1.7236299351797288	0.7250967969024991	1.4788630789207906	0.6512049031898592	1.4576438278994437	0.6415341634187562	1.2813522355507088	0.6057080281979331	1.2043382793266353	0.5779364269930307	1.1367285338128572	0.5582834465594942	1.0515835977848298	0.5841706445905799	1.0132078885471323	0.5473850821077623	0.9938971229293809	0.5463229521067784	0.9261338123035473	0.5393287631177102	0.8890334471729819	0.5598343149310724	0.8842105263157894	0.5500337740036669	0.869123252858958	0.536604062859333	0.828066049291979	0.5176904020834656	0.802888498265951	0.5087852357476931	0.7447248655357882	0.48286309411096384	0.7213261648745519	0.49696474066618435	0.6686349426884335	0.5171380821745026	4.783134084963104	4.770947898219778	1.168871116579514	1.5802096903239997	1.1206502966358052	3.0252100840336134	4.761904761904762	5.146013712660196	25.869999999999997	1.1323	0.13814883397762107	20.75546360015869	-1.144410271082183e-05	14.921026708157537	4.7727274896694315e-06	11.425677901928935	4.817043857257503e-06	9.737617916445538	9.791701141614435e-07	8.748409210459336	3.992573812708363e-06	8.085723189480287	-1.0184056452261725e-06	7.601934672322023	-3.1187657172797294e-06	7.227272437734888	3.1849196179370426e-06	6.925721723567535	4.338752435124805e-06	6.670018680571098	1.1079829060397257e-06	6.451392797565592	3.3974854078001736e-06	6.260893482092604	3.4742448439311313e-06	6.090708965922528	3.5544307756834283e-06	5.9383217270110515	4.8519782728412946e-06	5.797824553034594	4.969049035818148e-06	5.667605117293595	3.820020984648609e-06	5.545390910064436	3.9178556270201444e-06	5.430809465977121	1.3404879644288114e-06	5.32407283687191	2.755010675666368e-06	5.222048299269618	1.4165690414502268e-06	5.129381259332095	-2.913438819241515e-06	5.038281136329205	-1.4999880000959992e-06	4.950907932659599	-1.546209236126251e-06	4.866476674683116	-1.594786960383897e-06	4.784437065367422	-1.647118119781724e-06	4.708596044644605	-1.7026957078446596e-06	4.6326213229725495	0.0	4.557605634315987	-1.8217557717777239e-06	4.486627010853468	-1.8865788778628835e-06
19	2	1	0	0	2694	22661	1152	5619	607	1742	425	786	342	515	266	364	232	275	228	258	216	225	200	214	177	198	176	177	177	176	180	179	171	182	175	171	174	173	174	174	158	176	157	159	152	157	153	152	148	153	139	148	137	141	138	138	140	137	138	140	135	3913	3932	72.0	138.4702647856	100.16048336029053	19	1	0.7934856414794922	5.88235294117647	0.3861003861003861			7.298241811827812	13.656881474829898	3.8567124204887846	5.536615166325083	2.2044670419466135	3.759495856353591	1.5798669194453738	3.0297189993447176	1.2723214285714286	2.827805842301779	0.9861713565417269	2.3983659484746656	0.8555834193833899	2.0043731778425657	0.8351342441668803	1.951588502269289	0.7796426637791012	1.6875421885547137	0.7170771933598652	1.6026361117351906	0.6284618662121858	1.4584560989982323	0.6195001759943682	1.2768720242389267	0.6163811115754284	1.2393493415956625	0.6208395129858931	1.220010905125409	0.5851755526657998	1.2109920819748485	0.5949345571987081	1.0981953631751333	0.5851886728997108	1.0764731503951217	0.5808325266214909	1.0493938845666728	0.5210050781507617	1.022958442313281	0.5136090028788275	0.8924562191288729	0.49384320478248156	0.8510868975985255	0.4951135848812374	0.8	0.4760526231142848	0.7776365946632783	0.4439759805800435	0.7251702680190112	0.43511401892904783	0.6698655518076868	0.4361016306408798	0.6343952558267825	0.44183551095120877	0.6137992831541219	0.4340578114679332	0.6078499478985759	0.4256929334973039	4.590729378086981	4.581042035604437	1.1073515841279606	1.3246684333793122	1.012331370627658	3.1932773109243695	4.761904761904762	5.086917116565438	25.869999999999997	1.1323	0.13814883397762107	20.75546360015869	-1.144410271082183e-05	14.921026708157537	4.7727274896694315e-06	11.425677901928935	4.817043857257503e-06	9.737617916445538	9.791701141614435e-07	8.748409210459336	3.992573812708363e-06	8.085723189480287	-1.0184056452261725e-06	7.601934672322023	-3.1187657172797294e-06	7.227272437734888	3.1849196179370426e-06	6.925721723567535	4.338752435124805e-06	6.670018680571098	1.1079829060397257e-06	6.451392797565592	3.3974854078001736e-06	6.260893482092604	3.4742448439311313e-06	6.090708965922528	3.5544307756834283e-06	5.9383217270110515	4.8519782728412946e-06	5.797824553034594	4.969049035818148e-06	5.667605117293595	3.820020984648609e-06	5.545390910064436	3.9178556270201444e-06	5.430809465977121	1.3404879644288114e-06	5.32407283687191	2.755010675666368e-06	5.222048299269618	1.4165690414502268e-06	5.129381259332095	-2.913438819241515e-06	5.038281136329205	-1.4999880000959992e-06	4.950907932659599	-1.546209236126251e-06	4.866476674683116	-1.594786960383897e-06	4.784437065367422	-1.647118119781724e-06	4.708596044644605	-1.7026957078446596e-06	4.6326213229725495	0.0	4.557605634315987	-1.8217557717777239e-06	4.486627010853468	-1.8865788778628835e-06
20	11	0	0	0	2722	22022	1022	4189	533	1247	328	582	289	366	269	293	211	273	207	212	189	209	202	188	198	202	179	197	178	179	166	178	158	165	145	155	132	146	127	130	127	125	122	127	122	125	122	123	110	121	105	106	106	105	105	108	103	100	103	102	95	4078	4095	70.0	120.98825410561638	93.05644130706787	17	1	0.7841205596923828	32.35294117647059	0.0			7.374095846991575	13.2717816441774	3.4214931369266823	4.127581586000315	1.9357181768658072	2.6912120165745854	1.2192855284190178	2.2433797170720426	1.0751488095238095	2.009663957830002	0.9972935898861824	1.9305528101732885	0.7781383684909279	1.9897959183673468	0.7582139848357203	1.6036308623298035	0.6821873308067136	1.567539188479712	0.7242479652934638	1.407923313113158	0.7030251384746485	1.487919858573954	0.6300598380851813	1.4211513490116865	0.6198634907368714	1.2604746144637702	0.5725519953092125	1.21319520174482	0.5406885223461775	1.09787743695522	0.49294577596464384	0.995440241474536	0.4439362346135737	0.9084686702756518	0.4239409820743065	0.7840299137567095	0.41878256281738446	0.7265329845975007	0.39911018058099973	0.7128423888639425	0.39637415120699176	0.6776169566867241	0.39479645330399327	0.6473684210526316	0.35382289555791435	0.6149936467598476	0.33537753928708314	0.5193787054730756	0.3366575620910881	0.49883604921849023	0.33181645809632154	0.4964832436905255	0.325064697342675	0.4480286738351254	0.3239706853709936	0.44286210489753386	0.2995616939425472	4.7843072843952745	4.770947898219778	1.076591817902184	1.157427706746553	0.9405301533465261	2.857142857142857	4.761904761904762	5.026878985627042	25.869999999999997	1.1323	0.13814883397762107	20.75546360015869	-1.144410271082183e-05	14.921026708157537	4.7727274896694315e-06	11.425677901928935	4.817043857257503e-06	9.737617916445538	9.791701141614435e-07	8.748409210459336	3.992573812708363e-06	8.085723189480287	-1.0184056452261725e-06	7.601934672322023	-3.1187657172797294e-06	7.227272437734888	3.1849196179370426e-06	6.925721723567535	4.338752435124805e-06	6.670018680571098	1.1079829060397257e-06	6.451392797565592	3.3974854078001736e-06	6.260893482092604	3.4742448439311313e-06	6.090708965922528	3.5544307756834283e-06	5.9383217270110515	4.8519782728412946e-06	5.797824553034594	4.969049035818148e-06	5.667605117293595	3.820020984648609e-06	5.545390910064436	3.9178556270201444e-06	5.430809465977121	1.3404879644288114e-06	5.32407283687191	2.755010675666368e-06	5.222048299269618	1.4165690414502268e-06	5.129381259332095	-2.913438819241515e-06	5.038281136329205	-1.4999880000959992e-06	4.950907932659599	-1.546209236126251e-06	4.866476674683116	-1.594786960383897e-06	4.784437065367422	-1.647118119781724e-06	4.708596044644605	-1.7026957078446596e-06	4.6326213229725495	0.0	4.557605634315987	-1.8217557717777239e-06	4.486627010853468	-1.8865788778628835e-06
