	counts(inten<0.01	MicrocoloniesPlatonic	MicrocoloniesAggregates	MicrocoloniesLarge	counts(Norminten<0.01	counts(inten<0.02	counts(Norminten<0.02	counts(inten<0.03	counts(Norminten<0.03	counts(inten<0.04	counts(Norminten<0.04	counts(inten<0.05	counts(Norminten<0.05	counts(inten<0.060000000000000005	counts(Norminten<0.060000000000000005	counts(inten<0.06999999999999999	counts(Norminten<0.06999999999999999	counts(inten<0.08	counts(Norminten<0.08	counts(inten<0.09	counts(Norminten<0.09	counts(inten<0.09999999999999999	counts(Norminten<0.09999999999999999	counts(inten<0.11	counts(Norminten<0.11	counts(inten<0.12	counts(Norminten<0.12	counts(inten<0.13	counts(Norminten<0.13	counts(inten<0.14	counts(Norminten<0.14	counts(inten<0.15000000000000002	counts(Norminten<0.15000000000000002	counts(inten<0.16	counts(Norminten<0.16	counts(inten<0.17	counts(Norminten<0.17	counts(inten<0.18000000000000002	counts(Norminten<0.18000000000000002	counts(inten<0.19	counts(Norminten<0.19	counts(inten<0.2	counts(Norminten<0.2	counts(inten<0.21000000000000002	counts(Norminten<0.21000000000000002	counts(inten<0.22	counts(Norminten<0.22	counts(inten<0.23	counts(Norminten<0.23	counts(inten<0.24000000000000002	counts(Norminten<0.24000000000000002	counts(inten<0.25	counts(Norminten<0.25	counts(inten<0.26	counts(Norminten<0.26	counts(inten<0.27	counts(Norminten<0.27	counts(inten<0.28	counts(Norminten<0.28	counts(inten<0.29000000000000004	counts(Norminten<0.29000000000000004	diff	max	med	std	mean	min	eigenLocal	minProp	counts(inten<0.01Normalized	MicrocoloniesPlatonicNormalized	MicrocoloniesAggregatesNormalized	MicrocoloniesLargeNormalized	counts(Norminten<0.01Normalized	counts(inten<0.02Normalized	counts(Norminten<0.02Normalized	counts(inten<0.03Normalized	counts(Norminten<0.03Normalized	counts(inten<0.04Normalized	counts(Norminten<0.04Normalized	counts(inten<0.05Normalized	counts(Norminten<0.05Normalized	counts(inten<0.060000000000000005Normalized	counts(Norminten<0.060000000000000005Normalized	counts(inten<0.06999999999999999Normalized	counts(Norminten<0.06999999999999999Normalized	counts(inten<0.08Normalized	counts(Norminten<0.08Normalized	counts(inten<0.09Normalized	counts(Norminten<0.09Normalized	counts(inten<0.09999999999999999Normalized	counts(Norminten<0.09999999999999999Normalized	counts(inten<0.11Normalized	counts(Norminten<0.11Normalized	counts(inten<0.12Normalized	counts(Norminten<0.12Normalized	counts(inten<0.13Normalized	counts(Norminten<0.13Normalized	counts(inten<0.14Normalized	counts(Norminten<0.14Normalized	counts(inten<0.15000000000000002Normalized	counts(Norminten<0.15000000000000002Normalized	counts(inten<0.16Normalized	counts(Norminten<0.16Normalized	counts(inten<0.17Normalized	counts(Norminten<0.17Normalized	counts(inten<0.18000000000000002Normalized	counts(Norminten<0.18000000000000002Normalized	counts(inten<0.19Normalized	counts(Norminten<0.19Normalized	counts(inten<0.2Normalized	counts(Norminten<0.2Normalized	counts(inten<0.21000000000000002Normalized	counts(Norminten<0.21000000000000002Normalized	counts(inten<0.22Normalized	counts(Norminten<0.22Normalized	counts(inten<0.23Normalized	counts(Norminten<0.23Normalized	counts(inten<0.24000000000000002Normalized	counts(Norminten<0.24000000000000002Normalized	counts(inten<0.25Normalized	counts(Norminten<0.25Normalized	counts(inten<0.26Normalized	counts(Norminten<0.26Normalized	counts(inten<0.27Normalized	counts(Norminten<0.27Normalized	counts(inten<0.28Normalized	counts(Norminten<0.28Normalized	counts(inten<0.29000000000000004Normalized	counts(Norminten<0.29000000000000004Normalized	diffNormalized	maxNormalized	medNormalized	stdNormalized	meanNormalized	minNormalized	eigenLocalNormalized	minPropNormalized	BioVolume	SubstratumCoverage	Homogenity	ThicknessThreshold=0.01	RoughnessThreshold=0.01	ThicknessThreshold=0.02	RoughnessThreshold=0.02	ThicknessThreshold=0.03	RoughnessThreshold=0.03	ThicknessThreshold=0.04	RoughnessThreshold=0.04	ThicknessThreshold=0.05	RoughnessThreshold=0.05	ThicknessThreshold=0.060000000000000005	RoughnessThreshold=0.060000000000000005	ThicknessThreshold=0.06999999999999999	RoughnessThreshold=0.06999999999999999	ThicknessThreshold=0.08	RoughnessThreshold=0.08	ThicknessThreshold=0.09	RoughnessThreshold=0.09	ThicknessThreshold=0.09999999999999999	RoughnessThreshold=0.09999999999999999	ThicknessThreshold=0.11	RoughnessThreshold=0.11	ThicknessThreshold=0.12	RoughnessThreshold=0.12	ThicknessThreshold=0.13	RoughnessThreshold=0.13	ThicknessThreshold=0.14	RoughnessThreshold=0.14	ThicknessThreshold=0.15000000000000002	RoughnessThreshold=0.15000000000000002	ThicknessThreshold=0.16	RoughnessThreshold=0.16	ThicknessThreshold=0.17	RoughnessThreshold=0.17	ThicknessThreshold=0.18000000000000002	RoughnessThreshold=0.18000000000000002	ThicknessThreshold=0.19	RoughnessThreshold=0.19	ThicknessThreshold=0.2	RoughnessThreshold=0.2	ThicknessThreshold=0.21000000000000002	RoughnessThreshold=0.21000000000000002	ThicknessThreshold=0.22	RoughnessThreshold=0.22	ThicknessThreshold=0.23	RoughnessThreshold=0.23	ThicknessThreshold=0.24000000000000002	RoughnessThreshold=0.24000000000000002	ThicknessThreshold=0.25	RoughnessThreshold=0.25	ThicknessThreshold=0.26	RoughnessThreshold=0.26	ThicknessThreshold=0.27	RoughnessThreshold=0.27	ThicknessThreshold=0.28	RoughnessThreshold=0.28	ThicknessThreshold=0.29000000000000004	RoughnessThreshold=0.29000000000000004
0	1	28	0	0	3585	1	3790	9	4026	48	4267	48	4456	45	4666	49	4836	35	5028	40	5264	61	5470	60	5628	71	5836	102	6032	126	6194	143	6347	225	6448	283	6580	393	6689	493	6768	605	6878	749	6987	912	7073	1081	7148	1296	7189	1519	7223	1748	7223	2047	7209	2294	7204	2570	7210	4030	4095	1174.0	781.9256662343738	1290.7112550735474	65	1	0.5532493591308594	4.761904761904762	7.977207977207977			8.948852999176255	0.0024696846212738633	12.258231450934732	0.005815794405205782	14.044022743921584	0.04763795156808257	15.153236975744877	0.09343975082733112	15.919402665142368	0.1541465419792416	16.606755169591057	0.23698974656606694	17.041370075410526	0.21638330757341576	17.507573383474355	0.27010601661152	18.072578707041576	0.4302743880933907	18.604809360225843	0.4287551807917679	18.96290306277166	0.49964813511611544	19.404821280133	0.7074980925296525	19.76085176085176	0.8537163764482689	20.117574458410473	0.9479615512098111	20.476175113720682	1.4411990776325903	20.657397321714615	1.751454387919297	20.92342915288731	2.3457084875253673	21.110935774025563	2.8490522422561257	21.191057674243847	3.3853729505903423	21.381497140014922	4.051495645588792	21.57746826842902	4.7826314961455765	21.77781883120882	5.500712395684918	21.93782033575791	6.348895311811101	21.95181532260527	7.188150671966685	22.024027320404926	8.030135979419331	22.001888574126536	9.06835600053161	21.9893850658858	9.881116471399034	21.956051324251014	10.751338688085676	21.98438834004147	4.733491507904813	4.761904761904762	16.721264777097282	7.5525189101894386	12.66826186510453	7.584597432905485	4.761904761904762	3.5039348629692593	30.21327868852459	1.0309000000000001	0.1362053578184966	20.990744590759277	0.0	18.158500506431007	-5.7223897080913635e-06	13.379437241854061	-8.604872843881791e-06	10.85207042297053	-5.795180920719027e-06	9.443127564588641	-5.88574590057798e-06	8.55618991255737	-9.996880973136381e-07	7.935909706859536	0.0	7.472269774909557	0.0	7.110463318569634	1.0662288020386295e-06	6.812879778625397	1.0907314008481527e-06	6.562414056361169	1.1161523994486206e-06	6.345619554943994	1.1428702042309054e-06	6.154148327941485	1.1708696985947222e-06	5.985170205999364	1.2001142508766835e-06	5.829980212503186	1.2313329918436502e-06	5.686168322853353	1.2644271133634772e-06	5.554697905905438	1.2994708554676535e-06	5.432614425559898	1.3365928377336197e-06	5.318872080018599	0.0	5.213942862973455	0.0	5.117030688819459	0.0	5.026085763769036	0.0	4.940371780794181	0.0	4.859792851274947	0.0	4.783111213388564	0.0	4.707990141640515	0.0	4.64073853782982	0.0	4.5735153025175705	1.859361606785926e-06	4.507565783123226	0.0
1	1	27	0	0	3342	1	3485	17	3602	72	3749	74	3891	71	4004	63	4128	62	4261	89	4399	151	4545	207	4690	256	4802	327	4905	447	5006	555	5086	663	5153	782	5225	925	5303	1077	5405	1217	5473	1384	5530	1543	5573	1720	5592	1916	5642	2131	5699	2305	5736	2529	5791	2715	5842	2885	5827	4036	4095	1045.0	856.1732123817417	1236.197156906128	59	1	0.5796651840209961	4.761904761904762	7.6923076923076925			8.342278026010334	0.0024696846212738633	11.271751083511223	0.010985389432055367	12.56497017476541	0.07145692735212386	13.313683014311586	0.1440529491921355	13.90089671680183	0.24320898845613675	14.25063174004342	0.3047011027278003	14.546479667347946	0.38330757341576505	14.836867578954699	0.600985886960632	15.102825557043293	1.0651054524934753	15.458657868779973	1.4792053737315993	15.802419218976379	1.8015482054890921	15.966749792186203	2.2681556495803568	16.06879606879607	3.028660478352192	16.25905355808893	3.679151474975141	16.408039487692356	4.246733282090699	16.508617927852885	4.839707884639188	16.614729076570846	5.521069595320521	16.736626163799905	6.223994452149792	16.923414114847517	6.809915505567679	17.01380253668242	7.486341753664736	17.077916061888143	8.091667103676125	17.159307839152657	8.75228984327295	17.16232391124206	9.38617547641209	17.228006962044642	10.084232443687299	17.377119160873278	10.588937890481441	17.472356757744677	11.203650378771098	17.664104441190826	11.694521019986217	17.80500441924964	12.069109772423026	17.767410659836568	4.740538889802439	4.761904761904762	14.88391966956274	8.269666358505937	12.133208910223825	6.884480746791131	4.761904761904762	3.6712361498827213	30.21327868852459	1.0309000000000001	0.1362053578184966	20.990744590759277	0.0	18.158500506431007	-5.7223897080913635e-06	13.379437241854061	-8.604872843881791e-06	10.85207042297053	-5.795180920719027e-06	9.443127564588641	-5.88574590057798e-06	8.55618991255737	-9.996880973136381e-07	7.935909706859536	0.0	7.472269774909557	0.0	7.110463318569634	1.0662288020386295e-06	6.812879778625397	1.0907314008481527e-06	6.562414056361169	1.1161523994486206e-06	6.345619554943994	1.1428702042309054e-06	6.154148327941485	1.1708696985947222e-06	5.985170205999364	1.2001142508766835e-06	5.829980212503186	1.2313329918436502e-06	5.686168322853353	1.2644271133634772e-06	5.554697905905438	1.2994708554676535e-06	5.432614425559898	1.3365928377336197e-06	5.318872080018599	0.0	5.213942862973455	0.0	5.117030688819459	0.0	5.026085763769036	0.0	4.940371780794181	0.0	4.859792851274947	0.0	4.783111213388564	0.0	4.707990141640515	0.0	4.64073853782982	0.0	4.5735153025175705	1.859361606785926e-06	4.507565783123226	0.0
2	1	37	0	0	2946	1	3081	17	3202	117	3296	125	3402	108	3492	133	3591	203	3711	321	3797	444	3856	520	3962	628	4014	767	4058	892	4103	1021	4119	1212	4156	1365	4222	1513	4268	1640	4308	1805	4345	1939	4392	2071	4407	2242	4424	2398	4442	2556	4417	2720	4443	2862	4406	2991	4407	3155	4395	4037	4095	866.0	848.9256748956562	1107.5800151824951	58	1	0.604039192199707	4.761904761904762	10.541310541310542			7.353785477147351	0.0024696846212738633	9.965068891907626	0.010985389432055367	11.169637562353927	0.11611750694720127	11.704961113675912	0.24333268444617479	12.153906612839842	0.36995170075017986	12.428373135921984	0.6432578835364674	12.654168722249631	1.2550231839258115	12.921759114175286	2.167600783307448	13.036014694269921	3.1318332510404177	13.115200163259752	3.715878233528655	13.349506384986018	4.41942294159043	13.346633416458854	5.320108205590622	13.294021294021293	6.0437699031099665	13.326187924258665	6.768312893602917	13.288382746717426	7.763259031514219	13.314538348177098	8.4478277014482	13.425337064360212	9.030679240778323	13.470096260059966	9.477577438742488	13.488634228818336	10.100162274075318	13.507212136284508	10.488451344187807	13.563509465427256	10.860559022497247	13.569185294661	11.408508039894159	13.57763250774944	11.747415862440603	13.563772939631743	12.095400340715502	13.468105866569093	12.495406100698272	13.533765877730056	12.678864129712489	13.439482674475354	12.883356305995866	13.431471152966992	13.198627844712183	13.401024515184778	4.741713453452043	4.761904761904762	12.334425295541946	8.199663331006441	10.870838550244747	6.76779463243874	4.761904761904762	3.825605848822549	30.21327868852459	1.0309000000000001	0.1362053578184966	20.990744590759277	0.0	18.158500506431007	-5.7223897080913635e-06	13.379437241854061	-8.604872843881791e-06	10.85207042297053	-5.795180920719027e-06	9.443127564588641	-5.88574590057798e-06	8.55618991255737	-9.996880973136381e-07	7.935909706859536	0.0	7.472269774909557	0.0	7.110463318569634	1.0662288020386295e-06	6.812879778625397	1.0907314008481527e-06	6.562414056361169	1.1161523994486206e-06	6.345619554943994	1.1428702042309054e-06	6.154148327941485	1.1708696985947222e-06	5.985170205999364	1.2001142508766835e-06	5.829980212503186	1.2313329918436502e-06	5.686168322853353	1.2644271133634772e-06	5.554697905905438	1.2994708554676535e-06	5.432614425559898	1.3365928377336197e-06	5.318872080018599	0.0	5.213942862973455	0.0	5.117030688819459	0.0	5.026085763769036	0.0	4.940371780794181	0.0	4.859792851274947	0.0	4.783111213388564	0.0	4.707990141640515	0.0	4.64073853782982	0.0	4.5735153025175705	1.859361606785926e-06	4.507565783123226	0.0
3	1	56	0	0	2795	1	2866	37	2945	210	2982	231	3032	329	3101	413	3177	504	3220	648	3268	740	3326	941	3320	1050	3344	1213	3372	1340	3376	1494	3357	1633	3347	1790	3343	1971	3336	2115	3307	2260	3287	2384	3268	2538	3268	2632	3211	2788	3210	2882	3205	2954	3179	3044	3183	3091	3168	3191	3155	4038	4095	689.0	799.4127553230188	954.836540222168	57	1	0.6298294067382812	4.761904761904762	15.954415954415953			6.976860288060707	0.0024696846212738633	9.269681091920564	0.023909376999179326	10.273136358879547	0.20841603811036125	10.589864696899747	0.44967880085653106	10.832053159944268	1.1269824958037886	11.036765490977684	1.9974850067711356	11.19529212770456	3.1159196290571867	11.212089557435844	4.3757174691066245	11.219830397912588	5.219722085067362	11.31254038978266	6.7243104187508935	11.18636072643957	7.389162561576355	11.118869492934332	8.413678296455574	11.046683046683047	9.079205908259368	10.964955016401962	9.903878024527677	10.830080330354551	10.459902638995644	10.72275261100788	11.078103725708626	10.630246756550497	11.764354780947833	10.528641312924096	12.222607489597781	10.354436721147223	12.646186559230038	10.218229296194977	12.895548223075675	10.092338099502793	13.309560018878807	10.062195948026357	13.393038876450234	9.854832274498971	13.657963062754128	9.801826009954501	13.63808442173008	9.772533235760458	13.570378537302464	9.683511529440434	13.485137110707482	9.70900439238653	13.314093728463128	9.655298527932706	13.349230254350736	9.620075618977925	4.742888017101646	4.761904761904762	9.813416892180602	7.721424442683587	9.371669521248249	6.651108518086348	4.761904761904762	3.988944911676831	30.21327868852459	1.0309000000000001	0.1362053578184966	20.990744590759277	0.0	18.158500506431007	-5.7223897080913635e-06	13.379437241854061	-8.604872843881791e-06	10.85207042297053	-5.795180920719027e-06	9.443127564588641	-5.88574590057798e-06	8.55618991255737	-9.996880973136381e-07	7.935909706859536	0.0	7.472269774909557	0.0	7.110463318569634	1.0662288020386295e-06	6.812879778625397	1.0907314008481527e-06	6.562414056361169	1.1161523994486206e-06	6.345619554943994	1.1428702042309054e-06	6.154148327941485	1.1708696985947222e-06	5.985170205999364	1.2001142508766835e-06	5.829980212503186	1.2313329918436502e-06	5.686168322853353	1.2644271133634772e-06	5.554697905905438	1.2994708554676535e-06	5.432614425559898	1.3365928377336197e-06	5.318872080018599	0.0	5.213942862973455	0.0	5.117030688819459	0.0	5.026085763769036	0.0	4.940371780794181	0.0	4.859792851274947	0.0	4.783111213388564	0.0	4.707990141640515	0.0	4.64073853782982	0.0	4.5735153025175705	1.859361606785926e-06	4.507565783123226	0.0
4	1	51	0	0	2429	1	2441	68	2471	415	2433	654	2418	801	2438	910	2489	995	2497	1064	2489	1157	2496	1281	2473	1444	2489	1527	2481	1681	2492	1842	2493	2011	2504	2134	2500	2262	2516	2352	2537	2379	2498	2439	2503	2455	2500	2442	2497	2425	2501	2463	2477	2478	2461	2491	2452	2496	2467	2473	2463	4040	4095	534.0	747.2860600818615	813.415379524231	55	1	0.6581029891967773	4.761904761904762	14.529914529914532			6.063253538354011	0.0024696846212738633	7.895077301248464	0.04394155772822147	8.61966721317194	0.4118697895990472	8.640221598778366	1.2731166050223865	8.638490943517558	2.7438084472305007	8.677082962593872	4.401238150512672	8.770878849813235	6.151468315301391	8.694592430098542	7.184820041866432	8.545335942596216	8.161106016787754	8.489507159620421	9.153923109904245	8.332490986893088	10.16185784658691	8.27597672485453	10.591662620517445	8.127764127764129	11.389660546107459	8.093799733671116	12.21080543586344	8.042713811013968	12.881117089418396	8.022041391683219	13.207080084168831	7.9496311371152375	13.501253432016236	7.9406659302509075	13.592233009708737	7.943515561400213	13.312069833808964	7.7654812235762245	13.193054578893276	7.729841573762392	12.874298599821701	7.697518320093602	12.426216161204968	7.663505509007765	11.879684514769998	7.6368744083788815	11.655309483248153	7.552750335406756	11.383682469680265	7.496420847421486	11.035307668453461	7.479258174719375	10.75120606478291	7.518819907957697	10.345548862115127	7.510062202707648	4.745237144400855	4.761904761904762	7.605754166073209	7.217939433129598	7.983628400551266	6.417736289381564	4.761904761904762	4.168012071253835	30.21327868852459	1.0309000000000001	0.1362053578184966	20.990744590759277	0.0	18.158500506431007	-5.7223897080913635e-06	13.379437241854061	-8.604872843881791e-06	10.85207042297053	-5.795180920719027e-06	9.443127564588641	-5.88574590057798e-06	8.55618991255737	-9.996880973136381e-07	7.935909706859536	0.0	7.472269774909557	0.0	7.110463318569634	1.0662288020386295e-06	6.812879778625397	1.0907314008481527e-06	6.562414056361169	1.1161523994486206e-06	6.345619554943994	1.1428702042309054e-06	6.154148327941485	1.1708696985947222e-06	5.985170205999364	1.2001142508766835e-06	5.829980212503186	1.2313329918436502e-06	5.686168322853353	1.2644271133634772e-06	5.554697905905438	1.2994708554676535e-06	5.432614425559898	1.3365928377336197e-06	5.318872080018599	0.0	5.213942862973455	0.0	5.117030688819459	0.0	5.026085763769036	0.0	4.940371780794181	0.0	4.859792851274947	0.0	4.783111213388564	0.0	4.707990141640515	0.0	4.64073853782982	0.0	4.5735153025175705	1.859361606785926e-06	4.507565783123226	0.0
5	1	33	0	0	1860	1	1850	166	1854	1058	1840	1576	1832	1656	1830	1574	1818	1417	1828	1444	1840	1611	1799	1703	1812	1853	1806	1894	1801	1932	1825	1885	1824	1862	1858	1845	1871	1871	1875	1854	1901	1832	1898	1826	1873	1830	1857	1835	1858	1840	1879	1793	1874	1801	1855	1805	1839	1814	1816	1824	1824	4042	4095	401.0	687.2000985547396	677.6657762527466	53	1	0.6908388137817383	4.761904761904762	9.401709401709402			4.642919547689773	0.0024696846212738633	5.983569441749143	0.10726909680712887	6.467366658527227	1.0500198491464867	6.534322951809369	3.067938485497372	6.5449608802829475	5.67259274483609	6.513150870199666	7.612691042754885	6.4063711325674815	8.760432766615146	6.365124133848672	9.750827199675873	6.317162769938545	11.363476052761515	6.118839495255264	12.169501214806346	6.105326998888103	13.040112596762842	6.00498753117207	13.137268502462371	5.9000819000819	13.090317772206788	5.927441618759946	12.495856811402055	5.884440429719005	11.926723033563926	5.9524572307298005	11.41849238767174	5.949503943017044	11.167482392264533	5.917626637210036	10.714285714285714	5.952157304778007	10.25124503385373	5.900273563790102	9.877211013144372	5.784256199623236	9.596727673186848	5.717716608165527	9.337472013026664	5.702360126446306	9.013863714299712	5.737579773428196	8.484762445580163	5.714111477009391	8.273612642410878	5.650491943099089	7.996278740087716	5.6094436310395315	7.813576843556167	5.534729206668495	7.630522088353414	5.561653860226857	4.747586271700063	4.761904761904762	5.711437117219769	6.637576899621866	6.651253312345173	6.18436406067678	4.761904761904762	4.375340277130997	30.21327868852459	1.0309000000000001	0.1362053578184966	20.990744590759277	0.0	18.158500506431007	-5.7223897080913635e-06	13.379437241854061	-8.604872843881791e-06	10.85207042297053	-5.795180920719027e-06	9.443127564588641	-5.88574590057798e-06	8.55618991255737	-9.996880973136381e-07	7.935909706859536	0.0	7.472269774909557	0.0	7.110463318569634	1.0662288020386295e-06	6.812879778625397	1.0907314008481527e-06	6.562414056361169	1.1161523994486206e-06	6.345619554943994	1.1428702042309054e-06	6.154148327941485	1.1708696985947222e-06	5.985170205999364	1.2001142508766835e-06	5.829980212503186	1.2313329918436502e-06	5.686168322853353	1.2644271133634772e-06	5.554697905905438	1.2994708554676535e-06	5.432614425559898	1.3365928377336197e-06	5.318872080018599	0.0	5.213942862973455	0.0	5.117030688819459	0.0	5.026085763769036	0.0	4.940371780794181	0.0	4.859792851274947	0.0	4.783111213388564	0.0	4.707990141640515	0.0	4.64073853782982	0.0	4.5735153025175705	1.859361606785926e-06	4.507565783123226	0.0
6	1	22	0	0	1488	1	1482	600	1451	2236	1439	2890	1428	2373	1433	2155	1435	1978	1446	1876	1447	1715	1435	1582	1408	1537	1412	1588	1411	1507	1388	1499	1390	1459	1409	1454	1401	1426	1373	1433	1386	1436	1408	1453	1418	1439	1397	1417	1416	1412	1416	1408	1415	1394	1419	1399	1398	1402	1389	1388	1391	4043	4095	311.0	631.8873774089117	568.5038394927979	52	1	0.7203083038330078	4.761904761904762	6.267806267806268			3.7143356381518187	0.0024696846212738633	4.793324277120124	0.3877196270137188	5.061569051522657	2.21913457721318	5.110266699811783	5.625851664395562	5.10163981279697	8.128660980372008	5.100188632238317	10.422712323466822	5.056734089787864	12.228748068006183	5.034994254674606	12.667972179080289	4.967899200054932	12.09705861606828	4.880786367810619	11.304844933542947	4.74409515145389	10.816326530612246	4.694929343308395	11.014774224873413	4.622440622440623	10.210718883393184	4.508103543473318	9.937023533311235	4.484304932735426	9.345375352293107	4.514000128147626	8.998638445352148	4.454973289239379	8.511400262623852	4.333280732207669	8.281322237632917	4.339658087544618	8.035364557103687	4.377020641631435	7.8595770000540925	4.379111207189402	7.546279301484084	4.301373237268305	7.2104620394870755	4.345824509713654	6.9171606329299955	4.323796146447219	6.662880938860496	4.3145505549457255	6.4038956266078655	4.322397879923239	6.197669782483498	4.264275256222548	6.038938662991041	4.233336381091707	5.806559571619813	4.241370898890109	4.7487608353496675	4.761904761904762	4.42956843754451	6.103318477795507	5.579834747471645	6.0676779463243875	4.761904761904762	4.561981566235763	30.21327868852459	1.0309000000000001	0.1362053578184966	20.990744590759277	0.0	18.158500506431007	-5.7223897080913635e-06	13.379437241854061	-8.604872843881791e-06	10.85207042297053	-5.795180920719027e-06	9.443127564588641	-5.88574590057798e-06	8.55618991255737	-9.996880973136381e-07	7.935909706859536	0.0	7.472269774909557	0.0	7.110463318569634	1.0662288020386295e-06	6.812879778625397	1.0907314008481527e-06	6.562414056361169	1.1161523994486206e-06	6.345619554943994	1.1428702042309054e-06	6.154148327941485	1.1708696985947222e-06	5.985170205999364	1.2001142508766835e-06	5.829980212503186	1.2313329918436502e-06	5.686168322853353	1.2644271133634772e-06	5.554697905905438	1.2994708554676535e-06	5.432614425559898	1.3365928377336197e-06	5.318872080018599	0.0	5.213942862973455	0.0	5.117030688819459	0.0	5.026085763769036	0.0	4.940371780794181	0.0	4.859792851274947	0.0	4.783111213388564	0.0	4.707990141640515	0.0	4.64073853782982	0.0	4.5735153025175705	1.859361606785926e-06	4.507565783123226	0.0
7	1	22	0	0	1242	3	1232	1348	1175	3905	1154	4211	1150	3385	1125	2708	1099	1940	1087	1611	1085	1442	1052	1356	1080	1298	1062	1233	1084	1189	1072	1164	1078	1134	1060	1125	1064	1100	1071	1085	1056	1069	1074	1052	1083	1069	1078	1076	1071	1074	1070	1074	1074	1056	1063	1064	1068	1067	1087	1057	1094	4043	4095	252.0	585.4985233741071	485.42298889160156	52	1	0.746495246887207	4.761904761904762	6.267806267806268			3.100272085070268	0.00740905386382159	3.984733812018889	0.8710767620241548	4.098789548958734	3.8755458515283845	4.098156894776093	8.197391473622737	4.108463434675431	11.595245435549618	4.003986190696516	13.09731089185529	3.8727183029107057	11.993817619783616	3.784950729482224	10.878519819028968	3.7250660898822394	10.171404387388023	3.5781095881092484	9.689867085893955	3.638936621853836	9.134412385643913	3.5311720698254363	8.552403412637858	3.5511875511875513	8.056101361880886	3.481762967293514	7.716274444812727	3.477755911862438	7.2636433512682546	3.3959120907285194	6.962495358336428	3.3833630119562454	6.565596275516294	3.3801483351743724	6.270226537216829	3.306406161938756	5.981758155671199	3.33872171101716	5.6904852058203055	3.344553905067787	5.605957312916251	3.3191698996243613	5.475269692652147	3.2869901482368102	5.26135305932494	3.2672753366515006	5.082339579784214	3.27478960848884	4.851157662624035	3.237990800816352	4.713595888893811	3.2576866764275256	4.595968297725706	3.312913352229435	4.421854082998662	3.335772655201854	4.7487608353496675	4.761904761904762	3.589232303090728	5.6552545345729754	4.764400646889941	6.0676779463243875	4.761904761904762	4.727833258981232	30.21327868852459	1.0309000000000001	0.1362053578184966	20.990744590759277	0.0	18.158500506431007	-5.7223897080913635e-06	13.379437241854061	-8.604872843881791e-06	10.85207042297053	-5.795180920719027e-06	9.443127564588641	-5.88574590057798e-06	8.55618991255737	-9.996880973136381e-07	7.935909706859536	0.0	7.472269774909557	0.0	7.110463318569634	1.0662288020386295e-06	6.812879778625397	1.0907314008481527e-06	6.562414056361169	1.1161523994486206e-06	6.345619554943994	1.1428702042309054e-06	6.154148327941485	1.1708696985947222e-06	5.985170205999364	1.2001142508766835e-06	5.829980212503186	1.2313329918436502e-06	5.686168322853353	1.2644271133634772e-06	5.554697905905438	1.2994708554676535e-06	5.432614425559898	1.3365928377336197e-06	5.318872080018599	0.0	5.213942862973455	0.0	5.117030688819459	0.0	5.026085763769036	0.0	4.940371780794181	0.0	4.859792851274947	0.0	4.783111213388564	0.0	4.707990141640515	0.0	4.64073853782982	0.0	4.5735153025175705	1.859361606785926e-06	4.507565783123226	0.0
8	1	16	0	0	1091	15	1039	2366	978	5605	986	5216	959	3592	937	2378	925	1651	896	1423	872	1270	855	1123	842	1051	842	985	845	978	838	962	843	927	840	904	837	890	820	850	817	844	828	834	838	845	821	832	814	839	830	841	834	822	833	815	832	832	855	830	869	4053	4095	216.0	546.1385262585495	424.2023010253906	42	1	0.7673778533935547	4.761904761904762	4.5584045584045585			2.723346895983625	0.037045269319107954	3.360501972960735	1.5289077291907645	3.4115882373460775	5.562723302897975	3.5015447991761075	10.153786256569983	3.4261012468293375	12.30431952865413	3.334875609495676	11.501257496614432	3.259567270420748	10.20710973724884	3.1198857898951915	9.609021540954824	2.9937858344491364	8.958171686534527	2.9080643515526683	8.024867800485923	2.837022810741602	7.396199859254046	2.799667497921862	6.832211971977527	2.7682227682227682	6.626465207669896	2.721751274805937	6.37719588995691	2.7196180275510535	5.937740199846272	2.6911001473697698	5.594751825721005	2.6615365047061816	5.312164259281365	2.5879753826731893	4.91215903837263	2.5580812824848143	4.722735157517766	2.5739865705048497	4.511278195488721	2.5879373706803372	4.43127589281032	2.5278650163187386	4.2336657846529615	2.498235276064205	4.110125900161662	2.534428532168921	3.9797463562369866	2.5429930479326748	3.776185226019846	2.5373907216180815	3.6105081291808796	2.537823328452904	3.5837353549276365	2.6058334095272926	3.4722222222222223	2.649713379680449	4.7605064718457095	4.761904761904762	3.0764848312206237	5.2750814115294	4.163522873179976	4.900816802800467	4.761904761904762	4.86009060688347	30.21327868852459	1.0309000000000001	0.1362053578184966	20.990744590759277	0.0	18.158500506431007	-5.7223897080913635e-06	13.379437241854061	-8.604872843881791e-06	10.85207042297053	-5.795180920719027e-06	9.443127564588641	-5.88574590057798e-06	8.55618991255737	-9.996880973136381e-07	7.935909706859536	0.0	7.472269774909557	0.0	7.110463318569634	1.0662288020386295e-06	6.812879778625397	1.0907314008481527e-06	6.562414056361169	1.1161523994486206e-06	6.345619554943994	1.1428702042309054e-06	6.154148327941485	1.1708696985947222e-06	5.985170205999364	1.2001142508766835e-06	5.829980212503186	1.2313329918436502e-06	5.686168322853353	1.2644271133634772e-06	5.554697905905438	1.2994708554676535e-06	5.432614425559898	1.3365928377336197e-06	5.318872080018599	0.0	5.213942862973455	0.0	5.117030688819459	0.0	5.026085763769036	0.0	4.940371780794181	0.0	4.859792851274947	0.0	4.783111213388564	0.0	4.707990141640515	0.0	4.64073853782982	0.0	4.5735153025175705	1.859361606785926e-06	4.507565783123226	0.0
9	1	9	0	0	990	24	928	4114	895	7184	806	5601	762	3390	748	2033	722	1359	724	1137	731	993	698	922	688	870	709	796	717	747	676	714	684	732	691	729	691	711	703	690	700	704	710	712	717	672	722	678	706	690	698	690	722	700	716	721	725	713	738	721	746	4053	4095	189.0	506.2441027284956	373.63157749176025	42	1	0.7833786010742188	4.761904761904762	2.564102564102564			2.47123137215746	0.05927243091057272	3.0014878064557866	2.658464242557399	3.122056720270695	7.129813418023025	2.862317553890408	10.903250924664201	2.722303597584938	11.612372829102867	2.6622059294586613	9.832656219771716	2.5442243991824656	8.401854714064914	2.5209791427278105	7.677763522182457	2.5096989047962373	7.004302743880935	2.3740689092207745	6.5885379448335	2.3181374035513325	6.122448979591836	2.3574397339983375	5.521259624054935	2.348894348894349	5.061318517514737	2.1955893338529995	4.7331786542923435	2.2066651611446266	4.688700999231361	2.213750240276799	4.511696992202005	2.197278046298652	4.243762683538259	2.2187154805112828	3.9875173370319006	2.191746508860918	3.9393430697778524	2.207162397413579	3.8513550062205875	2.2142614496155155	3.5240442603177935	2.223043290843032	3.4500305312436392	2.1667740846453674	3.380198892862392	2.1313627897035023	3.2651902328222597	2.2014879863397976	3.2157295112091147	2.1809985074172222	3.194081424710938	2.211444607125427	3.071157822191592	2.249245679802505	3.016231593038822	2.2746676423954137	4.7605064718457095	4.761904761904762	2.6919242273180455	4.889746332847475	3.667173929205416	4.900816802800467	4.761904761904762	4.961429319177563	30.21327868852459	1.0309000000000001	0.1362053578184966	20.990744590759277	0.0	18.158500506431007	-5.7223897080913635e-06	13.379437241854061	-8.604872843881791e-06	10.85207042297053	-5.795180920719027e-06	9.443127564588641	-5.88574590057798e-06	8.55618991255737	-9.996880973136381e-07	7.935909706859536	0.0	7.472269774909557	0.0	7.110463318569634	1.0662288020386295e-06	6.812879778625397	1.0907314008481527e-06	6.562414056361169	1.1161523994486206e-06	6.345619554943994	1.1428702042309054e-06	6.154148327941485	1.1708696985947222e-06	5.985170205999364	1.2001142508766835e-06	5.829980212503186	1.2313329918436502e-06	5.686168322853353	1.2644271133634772e-06	5.554697905905438	1.2994708554676535e-06	5.432614425559898	1.3365928377336197e-06	5.318872080018599	0.0	5.213942862973455	0.0	5.117030688819459	0.0	5.026085763769036	0.0	4.940371780794181	0.0	4.859792851274947	0.0	4.783111213388564	0.0	4.707990141640515	0.0	4.64073853782982	0.0	4.5735153025175705	1.859361606785926e-06	4.507565783123226	0.0
10	1	8	0	0	897	109	746	6414	698	8692	684	5667	629	2722	595	1637	594	1089	582	863	588	739	582	680	564	674	576	607	585	593	604	588	579	572	588	584	588	565	604	576	596	589	606	601	602	587	591	577	602	599	625	603	624	598	627	608	619	590	621	603	619	4057	4095	167.0	461.07270457693505	324.8493995666504	38	1	0.7998294830322266	4.761904761904762	2.2792022792022792			2.2390853947729714	0.26919562371885114	2.4128339478620866	4.144722812776655	2.434855408658039	8.626439063120287	2.4290635320856566	11.03173058205178	2.2471508699224754	9.324153050388793	2.117663807523935	7.917392145482685	2.0931707660864047	6.732612055641423	2.026532957275671	5.827537308393545	2.0187454938716654	5.2126684065740285	1.9795245059691848	4.859225382306702	1.9003335691903367	4.74313863476425	1.915211970074813	4.210307276132344	1.9164619164619165	4.01788739074463	1.9617395823183603	3.897911832946636	1.8679227021969866	3.6638483218037408	1.883770103158839	3.614308701571977	1.8697532434495039	3.3723289960606424	1.9062647940665929	3.3287101248266295	1.8661155989730103	3.295842426277209	1.8838597363839842	3.250933088115973	1.8591149130663045	3.0782946142954533	1.8196933308701275	2.936087929981681	1.8475892336494493	2.9344045461225687	1.908455220006718	2.8534923339011926	1.9026710574460302	2.747151782432929	1.909896737640501	2.6934833650821774	1.8881161542215714	2.5413507925568575	1.8926579500777179	2.522590361445783	1.8874252957677764	4.765204726444126	4.761904761904762	2.3785785500640935	4.453441638588854	3.188379464621469	4.434072345390899	4.761904761904762	5.0656189000020415	30.21327868852459	1.0309000000000001	0.1362053578184966	20.990744590759277	0.0	18.158500506431007	-5.7223897080913635e-06	13.379437241854061	-8.604872843881791e-06	10.85207042297053	-5.795180920719027e-06	9.443127564588641	-5.88574590057798e-06	8.55618991255737	-9.996880973136381e-07	7.935909706859536	0.0	7.472269774909557	0.0	7.110463318569634	1.0662288020386295e-06	6.812879778625397	1.0907314008481527e-06	6.562414056361169	1.1161523994486206e-06	6.345619554943994	1.1428702042309054e-06	6.154148327941485	1.1708696985947222e-06	5.985170205999364	1.2001142508766835e-06	5.829980212503186	1.2313329918436502e-06	5.686168322853353	1.2644271133634772e-06	5.554697905905438	1.2994708554676535e-06	5.432614425559898	1.3365928377336197e-06	5.318872080018599	0.0	5.213942862973455	0.0	5.117030688819459	0.0	5.026085763769036	0.0	4.940371780794181	0.0	4.859792851274947	0.0	4.783111213388564	0.0	4.707990141640515	0.0	4.64073853782982	0.0	4.5735153025175705	1.859361606785926e-06	4.507565783123226	0.0
11	1	9	0	0	852	282	706	8944	578	9362	589	4922	547	2139	519	1134	517	816	504	690	489	571	492	550	489	530	494	521	504	517	512	488	501	491	505	486	518	487	523	502	529	512	526	504	534	499	527	518	538	521	561	528	565	525	576	531	576	532	557	548	562	4060	4095	151.0	418.490381823047	285.03773403167725	35	1	0.8138914108276367	4.761904761904762	2.564102564102564			2.1267566960385413	0.6964510631992294	2.2834594734458893	5.779607240017835	2.016255624934594	9.291385470424771	2.0916935970737596	9.58146778275258	1.9541995641456182	7.32709896207995	1.847172295974659	5.484619849100406	1.821833814927056	5.044822256568779	1.754935756816045	4.659328786548721	1.678854670923885	4.02765041969387	1.6734124689636407	3.930255823924539	1.6476296371171535	3.729767769176636	1.6425602660016625	3.6137892765485193	1.6511056511056512	3.502947354156786	1.662931566468544	3.2350016572754394	1.6162854469787398	3.145016653856008	1.6178637790734929	3.0077979948013365	1.6471635716102773	2.9067685328876687	1.6506233233391194	2.901063337956542	1.656334147410608	2.864976778020256	1.6351653817458345	2.7262400605831125	1.6491152218893796	2.616812627825266	1.6226368618757314	2.635864034194993	1.6511677868827304	2.552295106059864	1.71302940547803	2.4985803520726857	1.7227710696426393	2.4117971334068358	1.7545462852965366	2.3523678731227573	1.7569546120058566	2.2915230875258445	1.6976014141598856	2.2925033467202143	1.7136236126356872	4.768728417392939	4.761904761904762	2.1506907847884915	4.042144488838902	2.7976300988740865	4.084014002333722	4.761904761904762	5.154678341698095	30.21327868852459	1.0309000000000001	0.1362053578184966	20.990744590759277	0.0	18.158500506431007	-5.7223897080913635e-06	13.379437241854061	-8.604872843881791e-06	10.85207042297053	-5.795180920719027e-06	9.443127564588641	-5.88574590057798e-06	8.55618991255737	-9.996880973136381e-07	7.935909706859536	0.0	7.472269774909557	0.0	7.110463318569634	1.0662288020386295e-06	6.812879778625397	1.0907314008481527e-06	6.562414056361169	1.1161523994486206e-06	6.345619554943994	1.1428702042309054e-06	6.154148327941485	1.1708696985947222e-06	5.985170205999364	1.2001142508766835e-06	5.829980212503186	1.2313329918436502e-06	5.686168322853353	1.2644271133634772e-06	5.554697905905438	1.2994708554676535e-06	5.432614425559898	1.3365928377336197e-06	5.318872080018599	0.0	5.213942862973455	0.0	5.117030688819459	0.0	5.026085763769036	0.0	4.940371780794181	0.0	4.859792851274947	0.0	4.783111213388564	0.0	4.707990141640515	0.0	4.64073853782982	0.0	4.5735153025175705	1.859361606785926e-06	4.507565783123226	0.0
12	1	6	0	0	869	483	649	10965	557	9720	517	4250	483	1715	474	990	443	669	434	570	447	514	451	483	444	473	428	446	451	443	453	447	454	455	457	437	446	427	448	448	463	457	466	468	461	449	471	446	477	459	473	466	491	461	475	469	471	478	476	479	470	4063	4095	140.0	389.11238651340244	258.7383508682251	32	1	0.8233489990234375	4.761904761904762	1.7094017094017095			2.1691919822271037	1.192857672075276	2.0991008474028074	7.085576183675711	1.943000662782991	9.64668519253672	1.83600269895948	8.273311271169943	1.725554642563681	5.87469598876443	1.6870128483467985	4.788160185722577	1.5610684332933964	4.1360123647604325	1.5111946794804831	3.8490107367141606	1.534658564218766	3.6255907455738168	1.5339614298833373	3.4514792053737318	1.4960072778732438	3.3286418015482058	1.4231088944305903	3.093570090864951	1.4774774774774775	3.001558371163358	1.4713046867387705	2.9632084852502483	1.4646578701164628	2.9144248014347935	1.46408662779522	2.7045426414160167	1.4182141948613585	2.548645099677689	1.413918257850718	2.5889967637540456	1.4496837622894359	2.5572156006938616	1.4486446157672221	2.531508627684319	1.4236743769494458	2.354606953694478	1.4502124515056347	2.269489110523102	1.4639535954332012	2.2485670895997645	1.444318910501084	2.2051864470944538	1.4971337968044884	2.117787578096288	1.4468914679094704	2.0777034510255614	1.4366764275256223	2.0589248793935218	1.4507329858888787	2.0038487282463184	1.433101597755824	4.7722521083417515	4.761904761904762	1.9940179461615155	3.758386230604364	2.5395030611685474	3.7339556592765457	4.761904761904762	5.214576780714696	30.21327868852459	1.0309000000000001	0.1362053578184966	20.990744590759277	0.0	18.158500506431007	-5.7223897080913635e-06	13.379437241854061	-8.604872843881791e-06	10.85207042297053	-5.795180920719027e-06	9.443127564588641	-5.88574590057798e-06	8.55618991255737	-9.996880973136381e-07	7.935909706859536	0.0	7.472269774909557	0.0	7.110463318569634	1.0662288020386295e-06	6.812879778625397	1.0907314008481527e-06	6.562414056361169	1.1161523994486206e-06	6.345619554943994	1.1428702042309054e-06	6.154148327941485	1.1708696985947222e-06	5.985170205999364	1.2001142508766835e-06	5.829980212503186	1.2313329918436502e-06	5.686168322853353	1.2644271133634772e-06	5.554697905905438	1.2994708554676535e-06	5.432614425559898	1.3365928377336197e-06	5.318872080018599	0.0	5.213942862973455	0.0	5.117030688819459	0.0	5.026085763769036	0.0	4.940371780794181	0.0	4.859792851274947	0.0	4.783111213388564	0.0	4.707990141640515	0.0	4.64073853782982	0.0	4.5735153025175705	1.859361606785926e-06	4.507565783123226	0.0
13	1	8	0	0	964	1135	696	11875	572	9549	496	3495	462	1281	454	857	443	617	434	523	424	486	391	461	383	457	389	430	384	423	396	401	411	384	412	388	412	384	407	398	409	413	418	407	420	407	427	407	448	415	454	425	441	431	453	436	466	455	455	442	453	4063	4095	132.0	358.61482252693924	235.32242488861084	32	1	0.8292722702026367	4.761904761904762	2.2792022792022792			2.4063303462220116	2.8030920451458345	2.2511158548418395	7.673617617979851	1.9953256357484215	9.476974990075426	1.7614261870094818	6.803581857115047	1.650530527669608	4.388038228342411	1.6158308716233047	4.14490230218611	1.5610684332933964	3.814528593508501	1.5111946794804831	3.5316361671956247	1.4556940295945342	3.4280877477604568	1.3298867385463078	3.29426897241675	1.2904747464537216	3.216045038705137	1.2934330839567747	2.9825899979191233	1.257985257985258	2.8660478352191885	1.2861736334405145	2.658269804441498	1.3259347678807627	2.4596464258262873	1.3199205484718397	2.4012872880306966	1.3100992113965912	2.2919899725438704	1.2845194887170586	2.300046232085067	1.2806061744630222	2.311006658832746	1.2994280029843324	2.2015470330502516	1.2970569160927705	2.134354187424616	1.3147361290719872	2.0710360268674943	1.3749501273670317	2.033018174692598	1.3863018718128797	2.0111678970282036	1.344676180021954	1.979970599044469	1.3798775472905054	1.9315110973286669	1.4214250854075159	1.959855272226051	1.3867300600408399	1.849062918340027	1.381266008049762	4.7722521083417515	4.761904761904762	1.8800740635237148	3.4638142032763395	2.309677001344846	3.7339556592765457	4.761904761904762	5.252091069787208	30.21327868852459	1.0309000000000001	0.1362053578184966	20.990744590759277	0.0	18.158500506431007	-5.7223897080913635e-06	13.379437241854061	-8.604872843881791e-06	10.85207042297053	-5.795180920719027e-06	9.443127564588641	-5.88574590057798e-06	8.55618991255737	-9.996880973136381e-07	7.935909706859536	0.0	7.472269774909557	0.0	7.110463318569634	1.0662288020386295e-06	6.812879778625397	1.0907314008481527e-06	6.562414056361169	1.1161523994486206e-06	6.345619554943994	1.1428702042309054e-06	6.154148327941485	1.1708696985947222e-06	5.985170205999364	1.2001142508766835e-06	5.829980212503186	1.2313329918436502e-06	5.686168322853353	1.2644271133634772e-06	5.554697905905438	1.2994708554676535e-06	5.432614425559898	1.3365928377336197e-06	5.318872080018599	0.0	5.213942862973455	0.0	5.117030688819459	0.0	5.026085763769036	0.0	4.940371780794181	0.0	4.859792851274947	0.0	4.783111213388564	0.0	4.707990141640515	0.0	4.64073853782982	0.0	4.5735153025175705	1.859361606785926e-06	4.507565783123226	0.0
14	1	5	0	0	1056	1717	674	14005	507	8604	472	2767	420	1137	371	704	368	510	364	472	366	416	368	374	350	367	349	375	352	373	342	365	359	345	360	347	364	338	364	356	363	353	360	360	365	373	383	360	385	355	377	362	362	382	379	385	375	380	370	361	350	4063	4095	124.0	329.0477050141257	212.82316493988037	32	1	0.836787223815918	4.761904761904762	1.4245014245014245			2.6359801303012906	4.240448494727223	2.179959893912931	9.050022293878552	1.7685840862315554	8.539102818578801	1.6761958876380552	5.386412302900526	1.5004822978814618	3.8947692940088374	1.3204256682208064	3.404913909847166	1.2967791951511736	3.153013910355487	1.2674536021449214	3.187250996015936	1.2565660727160366	2.934330253227058	1.2516581068671133	2.6725739602686867	1.179285016341521	2.5826882477128783	1.1604322527015793	2.60109592841784	1.1531531531531531	2.527271495358764	1.1107863197895351	2.4196221411998673	1.1581765977352647	2.209838585703305	1.1533286345870442	2.1475430127491024	1.1574662935639786	2.0174286737495524	1.1488085845037084	2.057327785483125	1.1365771181664475	1.975267192658497	1.1191245958716738	1.9473143289879375	1.1272042246996694	1.9560543290156798	1.1792598066383397	1.8318746183594545	1.181597765706043	1.7390878361828246	1.1511801887080522	1.7130418322922583	1.1037931455055494	1.754869533259831	1.1544670870267142	1.7055774597971025	1.1438506588579795	1.636802205375603	1.1276705982749686	1.51020749665328	1.067203317477741	4.7722521083417515	4.761904761904762	1.7661301808859138	3.1782292381341612	2.0888479695368494	3.7339556592765457	4.761904761904762	5.29968607830297	30.21327868852459	1.0309000000000001	0.1362053578184966	20.990744590759277	0.0	18.158500506431007	-5.7223897080913635e-06	13.379437241854061	-8.604872843881791e-06	10.85207042297053	-5.795180920719027e-06	9.443127564588641	-5.88574590057798e-06	8.55618991255737	-9.996880973136381e-07	7.935909706859536	0.0	7.472269774909557	0.0	7.110463318569634	1.0662288020386295e-06	6.812879778625397	1.0907314008481527e-06	6.562414056361169	1.1161523994486206e-06	6.345619554943994	1.1428702042309054e-06	6.154148327941485	1.1708696985947222e-06	5.985170205999364	1.2001142508766835e-06	5.829980212503186	1.2313329918436502e-06	5.686168322853353	1.2644271133634772e-06	5.554697905905438	1.2994708554676535e-06	5.432614425559898	1.3365928377336197e-06	5.318872080018599	0.0	5.213942862973455	0.0	5.117030688819459	0.0	5.026085763769036	0.0	4.940371780794181	0.0	4.859792851274947	0.0	4.783111213388564	0.0	4.707990141640515	0.0	4.64073853782982	0.0	4.5735153025175705	1.859361606785926e-06	4.507565783123226	0.0
15	1	6	0	0	1231	2646	741	14675	556	7983	453	2325	396	1016	387	707	362	506	341	436	338	380	338	372	321	349	315	341	341	327	349	322	333	315	335	339	319	346	319	332	320	335	319	319	321	317	334	318	329	315	324	326	326	335	330	321	333	323	339	323	346	4067	4095	118.0	302.25904936327197	195.00990104675293	28	1	0.8387632369995117	4.761904761904762	1.7094017094017095			3.072813958712963	6.534785507890642	2.396662138560062	9.482975877377205	1.9395123312519622	7.922786820166733	1.6087219006356759	4.525987930698851	1.4147404522882354	3.48028637002021	1.3773712495996013	3.4194234861675374	1.2756360560997957	3.1282843894899535	1.187367248163237	2.9441555810655684	1.160435334912624	2.680397827467024	1.1496207611985987	2.658282120908961	1.0815728292732234	2.4560168895144265	1.0473815461346634	2.365263230907956	1.1171171171171173	2.2155972626871736	1.1335217122998473	2.134570765661253	1.0742975126625156	2.0176787086856263	1.0732363682962773	2.098031934645377	1.0143729330959044	2.0651784648442164	1.0067855452106675	1.9186315302820156	1.0019412611935625	1.8745453528062224	0.991668739119622	1.7255368637420891	0.9913220715851888	1.6623839739891972	1.028388447564505	1.618155912884185	1.009728999785164	1.5431342771763092	0.9893431860514825	1.542684081014575	0.9940236614221246	1.5389562660786476	1.0052088092844742	1.4220528950516103	1.0157393850658858	1.3912818745692626	1.0331900886897687	1.3512382864792503	1.0550067081351384	4.776950362940167	4.761904761904762	1.680672268907563	2.9194810768722674	1.9140117381308632	3.267211201866978	4.761904761904762	5.312200907953307	30.21327868852459	1.0309000000000001	0.1362053578184966	20.990744590759277	0.0	18.158500506431007	-5.7223897080913635e-06	13.379437241854061	-8.604872843881791e-06	10.85207042297053	-5.795180920719027e-06	9.443127564588641	-5.88574590057798e-06	8.55618991255737	-9.996880973136381e-07	7.935909706859536	0.0	7.472269774909557	0.0	7.110463318569634	1.0662288020386295e-06	6.812879778625397	1.0907314008481527e-06	6.562414056361169	1.1161523994486206e-06	6.345619554943994	1.1428702042309054e-06	6.154148327941485	1.1708696985947222e-06	5.985170205999364	1.2001142508766835e-06	5.829980212503186	1.2313329918436502e-06	5.686168322853353	1.2644271133634772e-06	5.554697905905438	1.2994708554676535e-06	5.432614425559898	1.3365928377336197e-06	5.318872080018599	0.0	5.213942862973455	0.0	5.117030688819459	0.0	5.026085763769036	0.0	4.940371780794181	0.0	4.859792851274947	0.0	4.783111213388564	0.0	4.707990141640515	0.0	4.64073853782982	0.0	4.5735153025175705	1.859361606785926e-06	4.507565783123226	0.0
16	1	4	0	0	1603	3665	798	15571	529	6828	428	2067	400	890	350	565	329	449	336	400	322	356	305	329	300	335	303	317	313	308	304	298	289	305	287	312	277	298	286	293	296	280	302	283	294	289	284	298	290	299	290	285	298	285	292	285	286	288	276	293	287	4065	4095	112.0	272.52673475254034	176.36074924468994	30	1	0.8386363983154297	4.761904761904762	1.1396011396011396			4.001397868250917	9.051394136968709	2.581020764603144	10.06197052038436	1.845327379914187	6.776498610559746	1.51994033879044	4.023749270001947	1.4290307598871066	3.048676052478334	1.2456845926611382	2.732636873669956	1.1593487913172176	2.775888717156105	1.1699571712106969	2.7010601661152003	1.1055034847392453	2.5111095436270015	1.0373796809632325	2.3510075746748607	1.0108157282927321	2.357494722026742	1.0074812967581048	2.198793091489214	1.0253890253890254	2.086862253540213	0.987365617590698	1.9754723235001659	0.9323482917701712	1.9536254163464002	0.9194592170180047	1.9309320460453028	0.8808191299923683	1.7786797182762326	0.902635316395771	1.6932501155802127	0.9267956666040453	1.5667841754798277	0.9388211887590151	1.5308054308432952	0.9079398412649393	1.5155487964759558	0.8744380811626331	1.5163851007531042	0.8900346806616947	1.464752853573703	0.8855232220831171	1.3486655309483249	0.9086473960239054	1.3092613009922822	0.8894574918517164	1.2625703273822708	0.8723767691556857	1.2405237767057202	0.8411813111456523	1.2257362784471217	0.8751067203317477	4.77460123564096	4.761904761904762	1.5952143569292123	2.6323004943206456	1.7309713116513108	3.5005834305717616	4.761904761904762	5.3113975911852105	30.21327868852459	1.0309000000000001	0.1362053578184966	20.990744590759277	0.0	18.158500506431007	-5.7223897080913635e-06	13.379437241854061	-8.604872843881791e-06	10.85207042297053	-5.795180920719027e-06	9.443127564588641	-5.88574590057798e-06	8.55618991255737	-9.996880973136381e-07	7.935909706859536	0.0	7.472269774909557	0.0	7.110463318569634	1.0662288020386295e-06	6.812879778625397	1.0907314008481527e-06	6.562414056361169	1.1161523994486206e-06	6.345619554943994	1.1428702042309054e-06	6.154148327941485	1.1708696985947222e-06	5.985170205999364	1.2001142508766835e-06	5.829980212503186	1.2313329918436502e-06	5.686168322853353	1.2644271133634772e-06	5.554697905905438	1.2994708554676535e-06	5.432614425559898	1.3365928377336197e-06	5.318872080018599	0.0	5.213942862973455	0.0	5.117030688819459	0.0	5.026085763769036	0.0	4.940371780794181	0.0	4.859792851274947	0.0	4.783111213388564	0.0	4.707990141640515	0.0	4.64073853782982	0.0	4.5735153025175705	1.859361606785926e-06	4.507565783123226	0.0
17	1	3	0	0	1881	5258	871	16111	513	5900	426	1661	358	794	330	466	308	387	288	336	283	331	279	301	274	280	269	281	272	288	258	266	255	272	251	258	258	257	270	256	271	253	271	263	270	268	263	270	255	268	250	263	234	255	243	249	237	232	240	243	232	4073	4095	106.0	245.56093500858793	160.1386775970459	22	1	0.8376798629760742	4.761904761904762	0.8547008547008548			4.695339607099173	12.985601738657973	2.8171291804127048	10.410918184696706	1.7895140754177277	5.855498213576816	1.5128378138428211	3.233404710920771	1.2789825300989603	2.7198300962559516	1.1745026159376446	2.253820855097698	1.0853478046373952	2.39258114374034	1.0028204324663115	2.268890539536768	0.9716070999416349	2.3347675812936446	0.9489473147171865	2.1509218236387024	0.9232116985073622	1.9704433497536946	0.8944305901911886	1.9490878823611015	0.891072891072891	1.951351717596043	0.8379616096657898	1.7633410672853826	0.8226602574442687	1.7422495516269536	0.8041263535593004	1.5967322688451542	0.8204019333502924	1.5339620389160797	0.8521382357582452	1.4794267221451687	0.8485190055732983	1.4157014157014158	0.8424521263367322	1.4226213014550764	0.8338223032024953	1.4054224133410247	0.8097789272738468	1.373905963769591	0.7826167019611453	1.3128888453436536	0.7633820880026871	1.2445580162786296	0.7135016465422613	1.171444321940463	0.7401992141094764	1.1030877597129314	0.722913616398243	0.9993108201240523	0.7314620096918716	1.016566265060241	0.7074033418709599	4.7839977448377935	4.761904761904762	1.5097564449508616	2.371841321167558	1.571752546943838	2.5670945157526255	4.761904761904762	5.305339495558141	30.21327868852459	1.0309000000000001	0.1362053578184966	20.990744590759277	0.0	18.158500506431007	-5.7223897080913635e-06	13.379437241854061	-8.604872843881791e-06	10.85207042297053	-5.795180920719027e-06	9.443127564588641	-5.88574590057798e-06	8.55618991255737	-9.996880973136381e-07	7.935909706859536	0.0	7.472269774909557	0.0	7.110463318569634	1.0662288020386295e-06	6.812879778625397	1.0907314008481527e-06	6.562414056361169	1.1161523994486206e-06	6.345619554943994	1.1428702042309054e-06	6.154148327941485	1.1708696985947222e-06	5.985170205999364	1.2001142508766835e-06	5.829980212503186	1.2313329918436502e-06	5.686168322853353	1.2644271133634772e-06	5.554697905905438	1.2994708554676535e-06	5.432614425559898	1.3365928377336197e-06	5.318872080018599	0.0	5.213942862973455	0.0	5.117030688819459	0.0	5.026085763769036	0.0	4.940371780794181	0.0	4.859792851274947	0.0	4.783111213388564	0.0	4.707990141640515	0.0	4.64073853782982	0.0	4.5735153025175705	1.859361606785926e-06	4.507565783123226	0.0
18	1	0	0	0	2196	6787	870	16088	517	5130	427	1383	356	694	309	466	302	377	281	338	264	310	261	289	251	274	260	264	251	250	244	255	236	255	225	245	213	238	204	226	200	213	204	203	201	201	202	205	205	204	207	203	210	204	211	207	211	213	206	210	202	4070	4095	102.0	219.48571715518906	147.5616912841797	25	1	0.826807975769043	4.761904761904762	0.0			5.481640498240184	16.76174952458571	2.8138948185522996	10.396055598994513	1.8034674015418424	5.091306073838825	1.5163890763166306	2.692232820712478	1.2718373762995248	2.3772822251909704	1.0997615403779764	2.253820855097698	1.0642046655860173	2.330757341576507	0.9784463247327553	2.282395840367344	0.9063755278607477	2.186640332933625	0.8877249073160777	2.0651707874803487	0.8457158260049193	1.9282195636875439	0.8645054031587697	1.8311715336061594	0.8222768222768222	1.6938816993021206	0.7924908246451655	1.690420947961551	0.7613640029680292	1.633358954650269	0.7208303966169027	1.5162767669266	0.6773085728822184	1.4205562850662528	0.6438377781284519	1.3060564031437818	0.6262132882459766	1.1918751049185832	0.6341706043272818	1.0980689132904202	0.6207343812729688	1.0540668100057686	0.621959480263563	1.0431508243435783	0.6291624466746463	0.9993631509332288	0.632080368866225	0.9606284308158244	0.6403219904866447	0.9371554575523704	0.642724420481891	0.9170247640987019	0.6436066373840899	0.9174707098552722	0.6278382249855232	0.8785140562248996	0.6159287718014392	4.78047405388898	4.761904761904762	1.4527845036319613	2.119984163346529	1.4483100996428375	2.9171528588098017	4.761904761904762	5.236483772578486	30.21327868852459	1.0309000000000001	0.1362053578184966	20.990744590759277	0.0	18.158500506431007	-5.7223897080913635e-06	13.379437241854061	-8.604872843881791e-06	10.85207042297053	-5.795180920719027e-06	9.443127564588641	-5.88574590057798e-06	8.55618991255737	-9.996880973136381e-07	7.935909706859536	0.0	7.472269774909557	0.0	7.110463318569634	1.0662288020386295e-06	6.812879778625397	1.0907314008481527e-06	6.562414056361169	1.1161523994486206e-06	6.345619554943994	1.1428702042309054e-06	6.154148327941485	1.1708696985947222e-06	5.985170205999364	1.2001142508766835e-06	5.829980212503186	1.2313329918436502e-06	5.686168322853353	1.2644271133634772e-06	5.554697905905438	1.2994708554676535e-06	5.432614425559898	1.3365928377336197e-06	5.318872080018599	0.0	5.213942862973455	0.0	5.117030688819459	0.0	5.026085763769036	0.0	4.940371780794181	0.0	4.859792851274947	0.0	4.783111213388564	0.0	4.707990141640515	0.0	4.64073853782982	0.0	4.5735153025175705	1.859361606785926e-06	4.507565783123226	0.0
19	1	0	0	0	2905	8201	931	15997	553	4303	364	1198	325	580	288	396	259	341	250	284	232	256	226	259	228	234	210	226	202	226	201	208	197	203	171	196	174	194	166	177	171	170	162	167	164	172	166	162	175	164	171	176	170	173	175	169	174	169	171	174	176	4071	4095	98.0	197.66944847702058	136.3543186187744	24	1	0.8169994354248047	4.761904761904762	0.0			7.251441551633758	20.253883579066954	3.011190892037001	10.3372514555641	1.929047336658876	4.270543866613736	1.292659540466636	2.3321004477321394	1.1610874924082741	1.9867776521768916	1.025020464818308	1.9152640742890308	0.9126788357178096	2.108191653786708	0.8705038476270065	1.9177527179417921	0.7965118275139904	1.805741694293574	0.7686813373694772	1.8507931970844647	0.7682199535024765	1.6467276565798734	0.6982543640897756	1.5675938128598181	0.6617526617526618	1.5312690561691171	0.6528305563675338	1.378853165396089	0.6355453753589058	1.3002818344862925	0.5478311014288461	1.21302141354128	0.5532943271432206	1.157932434045601	0.5239072116143285	1.022884882108183	0.53541236145031	0.9512618208270383	0.5036060681422532	0.9033374803916265	0.5064698434267008	0.9019875190099114	0.5111152164542152	0.8243435782617545	0.5370898935027468	0.8034095919267135	0.522153348193838	0.832860117357562	0.5183558970606171	0.794744579198824	0.5330652776508574	0.7486820537810659	0.5307467057101025	0.7279462439696761	0.5211666819054586	0.7279116465863454	0.5366508110745213	4.781648617538584	4.761904761904762	1.3958125623130608	1.909263644943372	1.3383103369638651	2.8004667444574096	4.761904761904762	5.174362622504297	30.21327868852459	1.0309000000000001	0.1362053578184966	20.990744590759277	0.0	18.158500506431007	-5.7223897080913635e-06	13.379437241854061	-8.604872843881791e-06	10.85207042297053	-5.795180920719027e-06	9.443127564588641	-5.88574590057798e-06	8.55618991255737	-9.996880973136381e-07	7.935909706859536	0.0	7.472269774909557	0.0	7.110463318569634	1.0662288020386295e-06	6.812879778625397	1.0907314008481527e-06	6.562414056361169	1.1161523994486206e-06	6.345619554943994	1.1428702042309054e-06	6.154148327941485	1.1708696985947222e-06	5.985170205999364	1.2001142508766835e-06	5.829980212503186	1.2313329918436502e-06	5.686168322853353	1.2644271133634772e-06	5.554697905905438	1.2994708554676535e-06	5.432614425559898	1.3365928377336197e-06	5.318872080018599	0.0	5.213942862973455	0.0	5.117030688819459	0.0	5.026085763769036	0.0	4.940371780794181	0.0	4.859792851274947	0.0	4.783111213388564	0.0	4.707990141640515	0.0	4.64073853782982	0.0	4.5735153025175705	1.859361606785926e-06	4.507565783123226	0.0
20	1	1	0	0	3839	10159	1042	15364	488	3839	351	1009	285	475	246	338	233	270	207	244	182	234	176	201	172	179	166	177	164	172	156	168	162	157	157	155	145	158	140	151	135	145	135	140	140	133	134	136	142	136	140	138	135	141	140	136	133	141	127	134	125	4071	4095	94.0	168.64532282985863	124.1793441772461	24	1	0.794072151184082	4.761904761904762	0.2849002849002849			9.582886098699483	25.089526067521177	3.3702050585419494	9.928207249064625	1.70230578714201	3.8100436681222707	1.246493128307113	1.9641814288495232	1.0181844164195635	1.6271023875586612	0.8755383136989715	1.6347455987618493	0.8210585664951723	1.6692426584234932	0.7207771858351614	1.6476467013302722	0.6248497957221821	1.6505607674402198	0.5986190945886195	1.4363298556524224	0.5795343508878331	1.259676284306826	0.5519534497090607	1.2277172782132206	0.5372645372645373	1.1653906091198591	0.5066744616583845	1.1136890951276102	0.5226312223763591	1.005636689725852	0.5029794323060165	0.9592771382596856	0.4610786059526838	0.9430583741196131	0.4418494555783494	0.8726306056403144	0.42269396956603417	0.8113703765877679	0.4196717234518777	0.7572889057175313	0.4323523053642568	0.6974670931878966	0.41258698195701704	0.6920415224913495	0.4358100850136574	0.6662421006221526	0.4274939692815048	0.653038046564452	0.411635565312843	0.6477398015435502	0.426452222120686	0.6024897000841714	0.4056857003416301	0.6073397656788422	0.3870653134619487	0.5605756358768408	0.3811440419563361	4.781648617538584	4.761904761904762	1.3388406209941603	1.628923368024772	1.2188136146567161	2.8004667444574096	4.761904761904762	5.0291555667013235	30.21327868852459	1.0309000000000001	0.1362053578184966	20.990744590759277	0.0	18.158500506431007	-5.7223897080913635e-06	13.379437241854061	-8.604872843881791e-06	10.85207042297053	-5.795180920719027e-06	9.443127564588641	-5.88574590057798e-06	8.55618991255737	-9.996880973136381e-07	7.935909706859536	0.0	7.472269774909557	0.0	7.110463318569634	1.0662288020386295e-06	6.812879778625397	1.0907314008481527e-06	6.562414056361169	1.1161523994486206e-06	6.345619554943994	1.1428702042309054e-06	6.154148327941485	1.1708696985947222e-06	5.985170205999364	1.2001142508766835e-06	5.829980212503186	1.2313329918436502e-06	5.686168322853353	1.2644271133634772e-06	5.554697905905438	1.2994708554676535e-06	5.432614425559898	1.3365928377336197e-06	5.318872080018599	0.0	5.213942862973455	0.0	5.117030688819459	0.0	5.026085763769036	0.0	4.940371780794181	0.0	4.859792851274947	0.0	4.783111213388564	0.0	4.707990141640515	0.0	4.64073853782982	0.0	4.5735153025175705	1.859361606785926e-06	4.507565783123226	0.0
