	counts(inten<0.01	MicrocoloniesPlatonic	MicrocoloniesAggregates	MicrocoloniesLarge	counts(Norminten<0.01	counts(inten<0.02	counts(Norminten<0.02	counts(inten<0.03	counts(Norminten<0.03	counts(inten<0.04	counts(Norminten<0.04	counts(inten<0.05	counts(Norminten<0.05	counts(inten<0.060000000000000005	counts(Norminten<0.060000000000000005	counts(inten<0.06999999999999999	counts(Norminten<0.06999999999999999	counts(inten<0.08	counts(Norminten<0.08	counts(inten<0.09	counts(Norminten<0.09	counts(inten<0.09999999999999999	counts(Norminten<0.09999999999999999	counts(inten<0.11	counts(Norminten<0.11	counts(inten<0.12	counts(Norminten<0.12	counts(inten<0.13	counts(Norminten<0.13	counts(inten<0.14	counts(Norminten<0.14	counts(inten<0.15000000000000002	counts(Norminten<0.15000000000000002	counts(inten<0.16	counts(Norminten<0.16	counts(inten<0.17	counts(Norminten<0.17	counts(inten<0.18000000000000002	counts(Norminten<0.18000000000000002	counts(inten<0.19	counts(Norminten<0.19	counts(inten<0.2	counts(Norminten<0.2	counts(inten<0.21000000000000002	counts(Norminten<0.21000000000000002	counts(inten<0.22	counts(Norminten<0.22	counts(inten<0.23	counts(Norminten<0.23	counts(inten<0.24000000000000002	counts(Norminten<0.24000000000000002	counts(inten<0.25	counts(Norminten<0.25	counts(inten<0.26	counts(Norminten<0.26	counts(inten<0.27	counts(Norminten<0.27	counts(inten<0.28	counts(Norminten<0.28	counts(inten<0.29000000000000004	counts(Norminten<0.29000000000000004	diff	max	med	std	mean	min	eigenLocal	minProp	counts(inten<0.01Normalized	MicrocoloniesPlatonicNormalized	MicrocoloniesAggregatesNormalized	MicrocoloniesLargeNormalized	counts(Norminten<0.01Normalized	counts(inten<0.02Normalized	counts(Norminten<0.02Normalized	counts(inten<0.03Normalized	counts(Norminten<0.03Normalized	counts(inten<0.04Normalized	counts(Norminten<0.04Normalized	counts(inten<0.05Normalized	counts(Norminten<0.05Normalized	counts(inten<0.060000000000000005Normalized	counts(Norminten<0.060000000000000005Normalized	counts(inten<0.06999999999999999Normalized	counts(Norminten<0.06999999999999999Normalized	counts(inten<0.08Normalized	counts(Norminten<0.08Normalized	counts(inten<0.09Normalized	counts(Norminten<0.09Normalized	counts(inten<0.09999999999999999Normalized	counts(Norminten<0.09999999999999999Normalized	counts(inten<0.11Normalized	counts(Norminten<0.11Normalized	counts(inten<0.12Normalized	counts(Norminten<0.12Normalized	counts(inten<0.13Normalized	counts(Norminten<0.13Normalized	counts(inten<0.14Normalized	counts(Norminten<0.14Normalized	counts(inten<0.15000000000000002Normalized	counts(Norminten<0.15000000000000002Normalized	counts(inten<0.16Normalized	counts(Norminten<0.16Normalized	counts(inten<0.17Normalized	counts(Norminten<0.17Normalized	counts(inten<0.18000000000000002Normalized	counts(Norminten<0.18000000000000002Normalized	counts(inten<0.19Normalized	counts(Norminten<0.19Normalized	counts(inten<0.2Normalized	counts(Norminten<0.2Normalized	counts(inten<0.21000000000000002Normalized	counts(Norminten<0.21000000000000002Normalized	counts(inten<0.22Normalized	counts(Norminten<0.22Normalized	counts(inten<0.23Normalized	counts(Norminten<0.23Normalized	counts(inten<0.24000000000000002Normalized	counts(Norminten<0.24000000000000002Normalized	counts(inten<0.25Normalized	counts(Norminten<0.25Normalized	counts(inten<0.26Normalized	counts(Norminten<0.26Normalized	counts(inten<0.27Normalized	counts(Norminten<0.27Normalized	counts(inten<0.28Normalized	counts(Norminten<0.28Normalized	counts(inten<0.29000000000000004Normalized	counts(Norminten<0.29000000000000004Normalized	diffNormalized	maxNormalized	medNormalized	stdNormalized	meanNormalized	minNormalized	eigenLocalNormalized	minPropNormalized	BioVolume	SubstratumCoverage	Homogenity	ThicknessThreshold=0.01	RoughnessThreshold=0.01	ThicknessThreshold=0.02	RoughnessThreshold=0.02	ThicknessThreshold=0.03	RoughnessThreshold=0.03	ThicknessThreshold=0.04	RoughnessThreshold=0.04	ThicknessThreshold=0.05	RoughnessThreshold=0.05	ThicknessThreshold=0.060000000000000005	RoughnessThreshold=0.060000000000000005	ThicknessThreshold=0.06999999999999999	RoughnessThreshold=0.06999999999999999	ThicknessThreshold=0.08	RoughnessThreshold=0.08	ThicknessThreshold=0.09	RoughnessThreshold=0.09	ThicknessThreshold=0.09999999999999999	RoughnessThreshold=0.09999999999999999	ThicknessThreshold=0.11	RoughnessThreshold=0.11	ThicknessThreshold=0.12	RoughnessThreshold=0.12	ThicknessThreshold=0.13	RoughnessThreshold=0.13	ThicknessThreshold=0.14	RoughnessThreshold=0.14	ThicknessThreshold=0.15000000000000002	RoughnessThreshold=0.15000000000000002	ThicknessThreshold=0.16	RoughnessThreshold=0.16	ThicknessThreshold=0.17	RoughnessThreshold=0.17	ThicknessThreshold=0.18000000000000002	RoughnessThreshold=0.18000000000000002	ThicknessThreshold=0.19	RoughnessThreshold=0.19	ThicknessThreshold=0.2	RoughnessThreshold=0.2	ThicknessThreshold=0.21000000000000002	RoughnessThreshold=0.21000000000000002	ThicknessThreshold=0.22	RoughnessThreshold=0.22	ThicknessThreshold=0.23	RoughnessThreshold=0.23	ThicknessThreshold=0.24000000000000002	RoughnessThreshold=0.24000000000000002	ThicknessThreshold=0.25	RoughnessThreshold=0.25	ThicknessThreshold=0.26	RoughnessThreshold=0.26	ThicknessThreshold=0.27	RoughnessThreshold=0.27	ThicknessThreshold=0.28	RoughnessThreshold=0.28	ThicknessThreshold=0.29000000000000004	RoughnessThreshold=0.29000000000000004
0	1	36	0	0	3003	112	3113	961	3233	622	3344	409	3421	342	3492	257	3564	252	3637	249	3753	262	3808	283	3903	322	3951	355	4006	413	4060	484	4145	575	4199	673	4254	773	4263	881	4298	1013	4290	1134	4324	1285	4350	1430	4362	1562	4386	1744	4361	1934	4329	2096	4285	2315	4270	2484	4247	4075	4095	1042.0	1042.1488168503445	1294.8510971069336	20	1	0.5895605087280273	0.9009009009009009	13.333333333333334			11.640888475404116	0.08103141414287575	11.986907970735464	0.6221715795130099	12.31665968227361	0.8019390938861815	12.646547159821498	0.9345794392523363	12.84786119352537	1.1752981202103165	12.9683960337208	1.1660617059891107	13.114512805416545	1.345291479820628	13.242790562190503	1.4893235241342184	13.546291283161885	1.666772695464088	13.632132884656691	1.8554943613952268	13.87141486299179	2.104575163398693	13.917362358660043	2.306542784744331	14.031523642732049	2.668475802804161	14.16015625	3.05980528511822	14.294582198158432	3.5520138374104273	14.341336794289422	4.051288225379244	14.472833667880108	4.502300658162968	14.41079034548036	4.931430170724881	14.470406033263753	5.489919791892478	14.430354199603082	5.985748218527316	14.493045081280375	6.532126880845872	14.53051407956709	7.0184049079754605	14.541454145414543	7.450868154932265	14.597131161180817	8.098444392848851	14.538605147352982	8.728618495283659	14.460366770217457	9.186133146338255	14.360882096655272	9.848549306560027	14.248531767218367	10.293812937714973	14.223993569562596	4.756013585275616	4.761904761904762	14.255421027430057	5.433111712187682	8.495631601599477	6.369426751592357	4.761904761904762	3.8393046562108895	7.799503816793893	4.4278	0.14472714469953563	20.45214947976228	-9.53778010075711e-06	15.581127272937472	-1.2524410557885417e-05	12.960601767928386	-1.4005784388952637e-05	11.781879474207114	-1.3538493582233331e-05	11.113908395414267	-7.55440248993106e-06	10.68655558651435	-7.801624744078846e-06	10.385063447465315	-8.034239633822312e-06	10.16157110370673	-8.264999498196458e-06	9.984729212841145	-9.704992490762061e-06	9.841866017380209	0.0	9.723769879252893	2.5592891318507373e-06	9.62419318384896	2.628069091936427e-06	9.541902509252676	2.698560048358196e-06	9.471696074302308	2.7708237797638426e-06	9.407843806678757	2.8450554359051685e-06	9.35006333469207	2.9220200509015893e-06	9.29757075903647	0.0	9.245510847371895	0.0	9.199297335930158	1.5847207563555226e-06	9.156971392355981	3.2584646766136732e-06	9.113915127118432	1.674486518709038e-06	9.077023147781198	3.4461546944380786e-06	9.046365379192684	-1.7734647115991687e-06	9.019977204396922	-1.8265740958914869e-06	8.997766307180749	0.0	8.977432946772561	0.0	8.96627040919472	4.003282691807282e-06	8.952853090477854	4.132077732646306e-06	8.943782083832948	4.267185556430328e-06
1	1	38	0	0	2923	188	3016	1115	3114	680	3197	451	3270	298	3356	245	3456	283	3579	313	3661	333	3737	354	3799	418	3879	496	3941	577	3965	678	4030	768	4062	891	4090	982	4146	1098	4170	1214	4177	1327	4194	1441	4190	1579	4198	1699	4197	1786	4200	1920	4210	2060	4198	2249	4222	2369	4227	4075	4095	1017.5	1110.5532363418129	1318.2756538391113	20	1	0.5953569412231445	0.9009009009009009	14.074074074074074			11.33077489630577	0.13601701659697	11.613400077011937	0.7218744132747201	11.863309078441084	0.8767179804543461	12.090613418047047	1.030550922011745	12.280767641867278	1.0240901749201003	12.463326772384594	1.1116152450090744	12.717103326464526	1.5107836856715782	13.031605010195166	1.8721215383695196	13.214221259700414	2.1184553724791653	13.377962339800959	2.321007081038552	13.501794789778584	2.7320261437908497	13.663742999048928	3.222662595023065	13.803852889667251	3.7281126833365636	13.828822544642858	4.2862561638639525	13.897989447184193	4.744255003706449	13.873424638819632	5.3635925836744525	13.914877691967476	5.719610926670161	14.015279561895747	6.146095717884131	14.039458622314996	6.579232603511814	14.050253960779038	7.004486671945104	14.057315233785822	7.325132167547784	13.996058389284164	7.749693251533743	13.994732806613994	8.104369395153595	13.968116617299565	8.293475737172045	14.001866915588746	8.66543304598998	14.062865350569528	9.028356050313363	14.069307594342783	9.567769931081425	14.088360918312867	9.817247523931872	14.157009846607274	4.756013585275616	4.761904761904762	13.920240782543267	5.789729545164474	8.649322172563185	6.369426751592357	4.761904761904762	3.8770518762815303	7.799503816793893	4.4278	0.14472714469953563	20.45214947976228	-9.53778010075711e-06	15.581127272937472	-1.2524410557885417e-05	12.960601767928386	-1.4005784388952637e-05	11.781879474207114	-1.3538493582233331e-05	11.113908395414267	-7.55440248993106e-06	10.68655558651435	-7.801624744078846e-06	10.385063447465315	-8.034239633822312e-06	10.16157110370673	-8.264999498196458e-06	9.984729212841145	-9.704992490762061e-06	9.841866017380209	0.0	9.723769879252893	2.5592891318507373e-06	9.62419318384896	2.628069091936427e-06	9.541902509252676	2.698560048358196e-06	9.471696074302308	2.7708237797638426e-06	9.407843806678757	2.8450554359051685e-06	9.35006333469207	2.9220200509015893e-06	9.29757075903647	0.0	9.245510847371895	0.0	9.199297335930158	1.5847207563555226e-06	9.156971392355981	3.2584646766136732e-06	9.113915127118432	1.674486518709038e-06	9.077023147781198	3.4461546944380786e-06	9.046365379192684	-1.7734647115991687e-06	9.019977204396922	-1.8265740958914869e-06	8.997766307180749	0.0	8.977432946772561	0.0	8.96627040919472	4.003282691807282e-06	8.952853090477854	4.132077732646306e-06	8.943782083832948	4.267185556430328e-06
2	1	37	0	0	2896	320	2956	1291	2995	703	3051	461	3136	369	3212	311	3288	306	3350	351	3371	408	3397	501	3452	606	3522	699	3563	778	3578	879	3635	1014	3681	1100	3668	1217	3687	1333	3693	1455	3695	1564	3684	1705	3670	1830	3690	1963	3704	2093	3705	2206	3725	2280	3705	2412	3681	2531	3698	4081	4095	938.0	1140.9370922013238	1284.2995080947876	14	1	0.6056070327758789	0.9009009009009009	13.703703703703704			11.22611156336008	0.23151832612250214	11.382364266461302	0.835820509002389	11.409958474608557	0.9063716768520667	11.538461538461538	1.0534012750496995	11.777519059601156	1.268084813911131	11.9285475544992	1.4110707803992741	12.09891080365028	1.6335682254964765	12.197786192834256	2.0994078593217296	12.167478794441436	2.5955849608753736	12.160807617956612	3.284815106215578	12.268543199346055	3.96078431372549	12.406213674310472	4.5416152296796835	12.47985989492119	5.026813982037863	12.479073660714286	5.55696042483247	12.53577956340311	6.263899184581172	12.572150688206566	6.621719239104262	12.479161705167897	7.0883569223600675	12.463660333986883	7.461516932549678	12.433506161201265	7.885324084110124	12.428941437653469	8.255476378991819	12.347913524384113	8.667141114274095	12.259077395864649	8.98159509202454	12.301230123012301	9.363671055142149	12.327353812360634	9.719061992105873	12.351646886251501	9.956221510132238	12.442796539399406	9.992549414909936	12.417052081238689	10.261209903854335	12.28310197544047	10.488583150304587	12.385290374439013	4.763016304664978	4.761904761904762	12.832615089951432	5.948131954170362	8.426401700756852	4.45859872611465	4.761904761904762	3.943801978505821	7.799503816793893	4.4278	0.14472714469953563	20.45214947976228	-9.53778010075711e-06	15.581127272937472	-1.2524410557885417e-05	12.960601767928386	-1.4005784388952637e-05	11.781879474207114	-1.3538493582233331e-05	11.113908395414267	-7.55440248993106e-06	10.68655558651435	-7.801624744078846e-06	10.385063447465315	-8.034239633822312e-06	10.16157110370673	-8.264999498196458e-06	9.984729212841145	-9.704992490762061e-06	9.841866017380209	0.0	9.723769879252893	2.5592891318507373e-06	9.62419318384896	2.628069091936427e-06	9.541902509252676	2.698560048358196e-06	9.471696074302308	2.7708237797638426e-06	9.407843806678757	2.8450554359051685e-06	9.35006333469207	2.9220200509015893e-06	9.29757075903647	0.0	9.245510847371895	0.0	9.199297335930158	1.5847207563555226e-06	9.156971392355981	3.2584646766136732e-06	9.113915127118432	1.674486518709038e-06	9.077023147781198	3.4461546944380786e-06	9.046365379192684	-1.7734647115991687e-06	9.019977204396922	-1.8265740958914869e-06	8.997766307180749	0.0	8.977432946772561	0.0	8.96627040919472	4.003282691807282e-06	8.952853090477854	4.132077732646306e-06	8.943782083832948	4.267185556430328e-06
3	1	40	0	0	2576	483	2607	1363	2671	757	2711	521	2744	441	2787	483	2798	503	2811	585	2833	687	2854	787	2915	886	2943	969	2976	1086	2987	1209	3013	1351	3010	1444	3026	1568	3051	1685	3082	1781	3080	1891	3100	1975	3114	2070	3124	2181	3120	2257	3122	2334	3125	2427	3114	2470	3103	2541	3085	4080	4095	788.0	1131.5047507905565	1187.9699029922485	15	1	0.6264657974243164	0.9009009009009009	14.814814814814813			9.985657246966701	0.34944797349115164	10.038505968425106	0.8824348208909807	10.175625738123358	0.9759933988293236	10.252628394221315	1.190503393277426	10.305329177151012	1.5155159971133028	10.35020611282356	2.191470054446461	10.29584927877539	2.685244501387999	10.235217011360326	3.4990130988695496	10.225591048547193	4.370507029709269	10.216939929834611	5.15997901914503	10.360024167466324	5.790849673202614	10.366691324104407	6.295887206809174	10.423817863397549	7.016863733281643	10.417829241071429	7.643191301049438	10.390730075525054	8.345688164072152	10.280405751562553	8.69251143751505	10.294968189705033	9.132739239326694	10.313704279629505	9.431849986006158	10.376405629250556	9.65207023628875	10.360254297150929	9.981525468461335	10.390480978716273	10.039650264335096	10.401843872131476	10.159509202453988	10.414374770810413	10.403548941041786	10.383732152960363	10.480612955653587	10.408054407254301	10.53391704653157	10.438587700838427	10.636805890344919	10.436356324150413	10.50795541563856	10.354378003203417	10.530023621068334	10.332239265858396	4.761849184766751	4.761904761904762	10.780491141664957	5.898957629195283	7.794374713941746	4.777070063694268	4.761904761904762	4.079637318648145	7.799503816793893	4.4278	0.14472714469953563	20.45214947976228	-9.53778010075711e-06	15.581127272937472	-1.2524410557885417e-05	12.960601767928386	-1.4005784388952637e-05	11.781879474207114	-1.3538493582233331e-05	11.113908395414267	-7.55440248993106e-06	10.68655558651435	-7.801624744078846e-06	10.385063447465315	-8.034239633822312e-06	10.16157110370673	-8.264999498196458e-06	9.984729212841145	-9.704992490762061e-06	9.841866017380209	0.0	9.723769879252893	2.5592891318507373e-06	9.62419318384896	2.628069091936427e-06	9.541902509252676	2.698560048358196e-06	9.471696074302308	2.7708237797638426e-06	9.407843806678757	2.8450554359051685e-06	9.35006333469207	2.9220200509015893e-06	9.29757075903647	0.0	9.245510847371895	0.0	9.199297335930158	1.5847207563555226e-06	9.156971392355981	3.2584646766136732e-06	9.113915127118432	1.674486518709038e-06	9.077023147781198	3.4461546944380786e-06	9.046365379192684	-1.7734647115991687e-06	9.019977204396922	-1.8265740958914869e-06	8.997766307180749	0.0	8.977432946772561	0.0	8.96627040919472	4.003282691807282e-06	8.952853090477854	4.132077732646306e-06	8.943782083832948	4.267185556430328e-06
4	1	28	0	0	2198	507	2207	1595	2257	955	2317	709	2354	710	2353	717	2362	824	2378	917	2405	978	2440	1080	2450	1211	2500	1331	2505	1393	2530	1487	2562	1596	2601	1674	2600	1726	2647	1818	2648	1877	2654	1953	2664	1960	2665	2057	2688	2081	2683	2122	2678	2162	2641	2196	2626	2210	2647	2271	2625	4077	4095	644.0	1111.986898999549	1088.6454315185547	18	1	0.6466093063354492	0.9009009009009009	10.37037037037037			8.520370585727024	0.36681184795033933	8.49826723142087	1.0326364925319989	8.598422797058936	1.2312730460792656	8.762574691778232	1.6200900303909698	8.840650467570512	2.439946389910306	8.738440970030082	3.253176043557169	8.691492493376508	4.398889600683323	8.658607631808914	5.484777797715174	8.680743548096013	6.221769832686558	8.734875062647669	7.081038552321008	8.707395955503431	7.915032679738562	8.806227764274894	8.647911116886492	8.774080560420314	9.000452284034374	8.823939732142858	9.40068276646858	8.835396765182606	9.859154929577464	8.883500119539601	10.077052732964123	8.84564352056612	10.05300250451395	8.948008924345887	10.17632241813602	8.915224564002425	10.172339041838283	8.92731003397356	10.308788598574822	8.929110105580694	9.963399755998372	8.902027591275012	10.095705521472393	8.96089608960896	9.926540736500668	8.929344027689952	9.853726491757604	8.927857047606349	9.757638669494968	8.821859237732571	9.624402857518517	8.800857966351632	9.401854845571343	8.832754938601175	9.411130910447142	8.791613637885993	4.75834782507207	4.761904761904762	8.810452151309939	5.797203765017848	7.142698146227184	5.7324840764331215	4.761904761904762	4.210814808337528	7.799503816793893	4.4278	0.14472714469953563	20.45214947976228	-9.53778010075711e-06	15.581127272937472	-1.2524410557885417e-05	12.960601767928386	-1.4005784388952637e-05	11.781879474207114	-1.3538493582233331e-05	11.113908395414267	-7.55440248993106e-06	10.68655558651435	-7.801624744078846e-06	10.385063447465315	-8.034239633822312e-06	10.16157110370673	-8.264999498196458e-06	9.984729212841145	-9.704992490762061e-06	9.841866017380209	0.0	9.723769879252893	2.5592891318507373e-06	9.62419318384896	2.628069091936427e-06	9.541902509252676	2.698560048358196e-06	9.471696074302308	2.7708237797638426e-06	9.407843806678757	2.8450554359051685e-06	9.35006333469207	2.9220200509015893e-06	9.29757075903647	0.0	9.245510847371895	0.0	9.199297335930158	1.5847207563555226e-06	9.156971392355981	3.2584646766136732e-06	9.113915127118432	1.674486518709038e-06	9.077023147781198	3.4461546944380786e-06	9.046365379192684	-1.7734647115991687e-06	9.019977204396922	-1.8265740958914869e-06	8.997766307180749	0.0	8.977432946772561	0.0	8.96627040919472	4.003282691807282e-06	8.952853090477854	4.132077732646306e-06	8.943782083832948	4.267185556430328e-06
5	1	23	0	0	1939	689	1972	1983	2006	1620	2024	1236	2036	1186	2085	1084	2103	1100	2116	1210	2116	1275	2114	1350	2117	1424	2134	1477	2137	1497	2135	1511	2138	1571	2159	1617	2173	1659	2189	1698	2189	1755	2199	1742	2193	1802	2189	1848	2152	1918	2124	1940	2131	1972	2103	2011	2113	2039	2112	2106	2101	4079	4095	504.0	1089.6490828819296	986.8983125686646	16	1	0.6668472290039062	0.9009009009009009	8.518518518518519			7.516377873396131	0.4984878959325124	7.593376973430882	1.2838358399316325	7.642195893176883	2.088651659317707	7.654489070418275	2.824303635491168	7.646373981297179	4.075741434413554	7.743157425632265	4.918330308529946	7.738445687371209	5.872304078582106	7.70463151762307	7.2372749566361625	7.637610539613789	8.111203002735543	7.567838476408678	8.851298190401259	7.523900913388065	9.307189542483659	7.516996019585051	9.596517445260217	7.485113835376532	9.672417135103702	7.4462890625	9.552408648375268	7.3731765355036725	9.704719545342229	7.373885720140715	9.733927281483265	7.392916680842378	9.66276428446619	7.399770130484755	9.504617968094038	7.369874082553364	9.511164101452417	7.3968179218944465	9.195038268672473	7.350427350427351	9.160227734851565	7.312021912683302	9.069938650306748	7.174050738407174	9.149017363098645	7.0689253502845535	9.008590666357092	7.104280570742766	8.90012185765221	7.024751979156228	8.813603891835035	7.081573832026275	8.674381009104058	7.0475173518419645	8.727363142845302	7.036640096456562	4.760682064868524	4.761904761904762	6.895136466242562	5.68074837168916	6.475126375964399	5.095541401273886	4.761904761904762	4.342607134286698	7.799503816793893	4.4278	0.14472714469953563	20.45214947976228	-9.53778010075711e-06	15.581127272937472	-1.2524410557885417e-05	12.960601767928386	-1.4005784388952637e-05	11.781879474207114	-1.3538493582233331e-05	11.113908395414267	-7.55440248993106e-06	10.68655558651435	-7.801624744078846e-06	10.385063447465315	-8.034239633822312e-06	10.16157110370673	-8.264999498196458e-06	9.984729212841145	-9.704992490762061e-06	9.841866017380209	0.0	9.723769879252893	2.5592891318507373e-06	9.62419318384896	2.628069091936427e-06	9.541902509252676	2.698560048358196e-06	9.471696074302308	2.7708237797638426e-06	9.407843806678757	2.8450554359051685e-06	9.35006333469207	2.9220200509015893e-06	9.29757075903647	0.0	9.245510847371895	0.0	9.199297335930158	1.5847207563555226e-06	9.156971392355981	3.2584646766136732e-06	9.113915127118432	1.674486518709038e-06	9.077023147781198	3.4461546944380786e-06	9.046365379192684	-1.7734647115991687e-06	9.019977204396922	-1.8265740958914869e-06	8.997766307180749	0.0	8.977432946772561	0.0	8.96627040919472	4.003282691807282e-06	8.952853090477854	4.132077732646306e-06	8.943782083832948	4.267185556430328e-06
6	1	16	0	0	1485	930	1541	3036	1569	2756	1559	2398	1589	1952	1617	1724	1617	1609	1615	1519	1602	1449	1598	1423	1603	1377	1592	1409	1590	1407	1593	1399	1571	1393	1545	1442	1535	1450	1557	1459	1544	1467	1533	1469	1539	1518	1549	1550	1563	1562	1548	1601	1543	1616	1551	1604	1529	1602	1531	1610	1543	4077	4095	353.0	1049.9931195636195	854.7653112411499	18	1	0.6963691711425781	0.9009009009009009	5.9259259259259265			5.7564833120130245	0.6728501352935218	5.933769734308818	1.9655701513022872	5.977370566497772	3.553286403135556	5.895923152560321	5.479514658501474	5.967626844931836	6.708134300147771	6.005124967504735	7.822141560798548	5.950103032087135	8.589579329489643	5.880425284008156	9.085471619115976	5.7823497563616675	9.218143647814747	5.720627192668433	9.329923944400734	5.697124782315101	9.0	5.607805840290253	9.154700799168346	5.5691768826619965	9.090909090909092	5.555943080357143	8.844354532810723	5.417801841569818	8.605139609587349	5.276819563509683	8.680471947989405	5.222331847718845	8.445454015958996	5.263335812318302	8.16680660509376	5.1983031445693895	7.950357684803816	5.156581116081941	7.754024808656637	5.158371040723981	7.716551443676291	5.1741991515515915	7.6073619631901845	5.210521052105211	7.450868154932265	5.151928645122641	7.434409101462736	5.144019202560341	7.293406147041567	5.180879847680128	7.0298461673313755	5.1243380923654405	6.815281204798775	5.108782701548318	6.671915792963408	5.167794226003082	4.75834782507207	4.761904761904762	4.829331691634175	5.474006997252868	5.608190166696534	5.7324840764331215	4.761904761904762	4.534858359115053	7.799503816793893	4.4278	0.14472714469953563	20.45214947976228	-9.53778010075711e-06	15.581127272937472	-1.2524410557885417e-05	12.960601767928386	-1.4005784388952637e-05	11.781879474207114	-1.3538493582233331e-05	11.113908395414267	-7.55440248993106e-06	10.68655558651435	-7.801624744078846e-06	10.385063447465315	-8.034239633822312e-06	10.16157110370673	-8.264999498196458e-06	9.984729212841145	-9.704992490762061e-06	9.841866017380209	0.0	9.723769879252893	2.5592891318507373e-06	9.62419318384896	2.628069091936427e-06	9.541902509252676	2.698560048358196e-06	9.471696074302308	2.7708237797638426e-06	9.407843806678757	2.8450554359051685e-06	9.35006333469207	2.9220200509015893e-06	9.29757075903647	0.0	9.245510847371895	0.0	9.199297335930158	1.5847207563555226e-06	9.156971392355981	3.2584646766136732e-06	9.113915127118432	1.674486518709038e-06	9.077023147781198	3.4461546944380786e-06	9.046365379192684	-1.7734647115991687e-06	9.019977204396922	-1.8265740958914869e-06	8.997766307180749	0.0	8.977432946772561	0.0	8.96627040919472	4.003282691807282e-06	8.952853090477854	4.132077732646306e-06	8.943782083832948	4.267185556430328e-06
7	1	10	0	0	1319	1099	1345	3952	1350	3758	1357	3099	1337	2412	1333	1948	1374	1682	1390	1501	1349	1414	1351	1350	1325	1345	1347	1290	1364	1295	1335	1294	1308	1261	1307	1279	1318	1282	1320	1352	1319	1327	1320	1350	1326	1358	1371	1350	1363	1336	1370	1374	1364	1366	1345	1354	1342	1334	1352	1345	1305	4079	4095	290.0	1024.893784917216	787.5177659988403	16	1	0.7123374938964844	0.9009009009009009	3.7037037037037033			5.11299763538396	0.7951207512769682	5.179052753176743	2.5586077858849277	5.143053068688331	4.84515613315799	5.131986990394069	7.0813244064620795	5.021219063356743	8.28894463727276	4.950421510008542	8.838475499092558	5.055931704445098	8.979286781977365	5.0611709874745126	8.977809677612298	4.8691571918426275	8.99548317322985	4.836400085916804	8.851298190401259	4.709101894302875	8.790849673202615	4.744795519391314	8.381521668507569	4.777583187390543	8.367254635911351	4.656110491071429	8.18055379946896	4.510811463254819	7.789720780825303	4.463950271525667	7.699253551649409	4.484060830810057	7.46694624031685	4.462172943005882	7.567870137139658	4.440778398761027	7.191632343377412	4.440108984493256	7.1258907363420425	4.444444444444445	6.9032126880845865	4.579617196111835	6.625766871165645	4.543787712104544	6.372829612669338	4.559523413319133	6.380311121430229	4.547272969729297	6.165094552511621	4.492768146440859	5.934171889380726	4.497620483946645	5.6751467710371815	4.511478910838227	5.573743317724089	4.370687922834751	4.760682064868524	4.761904761904762	3.9674396333538544	5.34315477458506	5.166973125009637	5.095541401273886	4.761904761904762	4.6388464230937965	7.799503816793893	4.4278	0.14472714469953563	20.45214947976228	-9.53778010075711e-06	15.581127272937472	-1.2524410557885417e-05	12.960601767928386	-1.4005784388952637e-05	11.781879474207114	-1.3538493582233331e-05	11.113908395414267	-7.55440248993106e-06	10.68655558651435	-7.801624744078846e-06	10.385063447465315	-8.034239633822312e-06	10.16157110370673	-8.264999498196458e-06	9.984729212841145	-9.704992490762061e-06	9.841866017380209	0.0	9.723769879252893	2.5592891318507373e-06	9.62419318384896	2.628069091936427e-06	9.541902509252676	2.698560048358196e-06	9.471696074302308	2.7708237797638426e-06	9.407843806678757	2.8450554359051685e-06	9.35006333469207	2.9220200509015893e-06	9.29757075903647	0.0	9.245510847371895	0.0	9.199297335930158	1.5847207563555226e-06	9.156971392355981	3.2584646766136732e-06	9.113915127118432	1.674486518709038e-06	9.077023147781198	3.4461546944380786e-06	9.046365379192684	-1.7734647115991687e-06	9.019977204396922	-1.8265740958914869e-06	8.997766307180749	0.0	8.977432946772561	0.0	8.96627040919472	4.003282691807282e-06	8.952853090477854	4.132077732646306e-06	8.943782083832948	4.267185556430328e-06
8	1	9	0	0	1134	1607	1139	5216	1157	4718	1163	3422	1164	2598	1183	2061	1186	1677	1169	1429	1182	1286	1198	1241	1212	1250	1198	1220	1174	1162	1190	1156	1199	1159	1189	1119	1189	1107	1196	1139	1182	1157	1164	1152	1142	1168	1145	1177	1159	1180	1166	1170	1151	1196	1126	1212	1119	1202	1128	1182	1115	4080	4095	246.0	1000.6425536055347	731.7957067489624	15	1	0.7261190414428711	0.9009009009009009	3.3333333333333335			4.3958599837190375	1.1626560939964403	4.385829803619561	3.3769479279290944	4.407786963312888	6.08287563497589	4.3983057257393545	7.8193908095880085	4.3715026101325725	8.928141860545036	4.393359824711256	9.351179673321235	4.364144833676773	8.952594490711082	4.256481211768133	8.547161911597584	4.266377910124526	8.181182009033654	4.288680461086847	8.136637817991083	4.307495468600064	8.169934640522875	4.219944344640529	7.926710415177701	4.112084063047285	7.507914970601538	4.150390625	7.3081299785055	4.134910507983585	7.159624413145541	4.060931042726869	6.7360943895978815	4.045180825366583	6.447667307356282	4.042999121087147	6.375594738315141	3.9795299979799337	6.270323000216779	3.9153688317804165	6.080760095011876	3.8277191218367688	5.937372915819439	3.8246985335872	5.776687116564417	3.8637197053038634	5.628696813585194	3.8805870802409563	5.433016020431855	3.8371782904387253	5.397842668231259	3.7612319203661024	5.311828899504755	3.7502513573295793	5.1135880200799795	3.764014949279231	4.898263644275	3.7343425547591935	4.761849184766751	4.761904761904762	3.3654832751898214	5.216724031927134	4.801375807660052	4.777070063694268	4.761904761904762	4.728593885621079	7.799503816793893	4.4278	0.14472714469953563	20.45214947976228	-9.53778010075711e-06	15.581127272937472	-1.2524410557885417e-05	12.960601767928386	-1.4005784388952637e-05	11.781879474207114	-1.3538493582233331e-05	11.113908395414267	-7.55440248993106e-06	10.68655558651435	-7.801624744078846e-06	10.385063447465315	-8.034239633822312e-06	10.16157110370673	-8.264999498196458e-06	9.984729212841145	-9.704992490762061e-06	9.841866017380209	0.0	9.723769879252893	2.5592891318507373e-06	9.62419318384896	2.628069091936427e-06	9.541902509252676	2.698560048358196e-06	9.471696074302308	2.7708237797638426e-06	9.407843806678757	2.8450554359051685e-06	9.35006333469207	2.9220200509015893e-06	9.29757075903647	0.0	9.245510847371895	0.0	9.199297335930158	1.5847207563555226e-06	9.156971392355981	3.2584646766136732e-06	9.113915127118432	1.674486518709038e-06	9.077023147781198	3.4461546944380786e-06	9.046365379192684	-1.7734647115991687e-06	9.019977204396922	-1.8265740958914869e-06	8.997766307180749	0.0	8.977432946772561	0.0	8.96627040919472	4.003282691807282e-06	8.952853090477854	4.132077732646306e-06	8.943782083832948	4.267185556430328e-06
9	2	6	0	0	961	2178	999	7182	976	6000	982	3735	985	2637	980	1913	986	1586	1008	1325	970	1219	967	1085	980	1012	985	971	987	955	1023	991	1011	993	1010	958	995	997	995	985	1008	987	1012	992	1006	987	1009	1005	1001	963	994	966	991	976	975	996	972	1021	975	1011	952	4080	4095	202.0	963.8147314484213	665.5588083267212	15	1	0.7426834106445312	1.8018018018018018	2.2222222222222223			3.7252393689188668	1.57577160717128	3.8467462456680783	4.649777610887031	3.718236885214675	7.735746886361879	3.7137886695408824	8.534606859675982	3.69925263829947	9.062167084779546	3.6394696772755966	8.67967332123412	3.628201354136002	8.466794789664744	3.6702592484707255	7.925115138465219	3.501173073452445	7.754946243399708	3.461731223598482	7.113821138211382	3.482958382201372	6.61437908496732	3.4696537391243085	6.3088818140471705	3.4570928196147115	6.170446468953932	3.5679408482142856	6.265014540397017	3.4865675759561334	6.134173461823573	3.4495713651422526	5.76691548278353	3.3851597319089577	5.806977692352495	3.3635318774930703	5.513574027427932	3.393710861221467	5.349013657056146	3.4040835547781625	5.236210081815782	3.3718786659963134	5.017283448556324	3.370411196846711	4.932515337423313	3.3370003667033368	4.593589009730968	3.3081505641162177	4.485720919433481	3.3037738365115352	4.404928465044907	3.256839362661589	4.365166323355393	3.2575909913533074	4.343571853994725	3.2534703683929522	4.1896315942149105	3.1884252126733204	4.761849184766751	4.761904761904762	2.7635269170257883	5.024726815540224	4.366789708389477	4.777070063694268	4.761904761904762	4.836463491643941	7.799503816793893	4.4278	0.14472714469953563	20.45214947976228	-9.53778010075711e-06	15.581127272937472	-1.2524410557885417e-05	12.960601767928386	-1.4005784388952637e-05	11.781879474207114	-1.3538493582233331e-05	11.113908395414267	-7.55440248993106e-06	10.68655558651435	-7.801624744078846e-06	10.385063447465315	-8.034239633822312e-06	10.16157110370673	-8.264999498196458e-06	9.984729212841145	-9.704992490762061e-06	9.841866017380209	0.0	9.723769879252893	2.5592891318507373e-06	9.62419318384896	2.628069091936427e-06	9.541902509252676	2.698560048358196e-06	9.471696074302308	2.7708237797638426e-06	9.407843806678757	2.8450554359051685e-06	9.35006333469207	2.9220200509015893e-06	9.29757075903647	0.0	9.245510847371895	0.0	9.199297335930158	1.5847207563555226e-06	9.156971392355981	3.2584646766136732e-06	9.113915127118432	1.674486518709038e-06	9.077023147781198	3.4461546944380786e-06	9.046365379192684	-1.7734647115991687e-06	9.019977204396922	-1.8265740958914869e-06	8.997766307180749	0.0	8.977432946772561	0.0	8.96627040919472	4.003282691807282e-06	8.952853090477854	4.132077732646306e-06	8.943782083832948	4.267185556430328e-06
10	2	6	0	0	855	2889	863	8141	860	6355	854	3986	854	2561	860	1936	873	1543	894	1288	905	1171	924	1035	916	977	887	936	879	927	881	905	901	858	905	873	896	860	879	857	891	865	883	862	888	886	865	908	849	921	856	907	857	876	847	881	851	895	852	905	833	4080	4095	184.0	945.166008917204	634.1295442581177	15	1	0.7519073486328125	1.8018018018018018	2.2222222222222223			3.3143388766135597	2.0901763880247146	3.3230650750866384	5.270654348403136	3.2763152882014555	8.193445243804955	3.229710309356327	9.108150720928638	3.207270815337815	8.800989724732808	3.1938203290377687	8.784029038112523	3.212393288195466	8.237241084774718	3.255170404893679	7.703810036485435	3.266558382963364	7.449583306826134	3.3077969499534623	6.785995279307631	3.255499875608629	6.38562091503268	3.124449610764733	6.081476187382236	3.0788091068301227	5.989532855204497	3.0726841517857144	5.721330130231382	3.107217988067731	5.3002223869532985	3.0909525598551864	5.255237177943655	3.0483448440104786	5.0090278991205075	2.9714015279561896	4.797089280716485	2.999797993401118	4.68783871667028	2.9701638131117765	4.550013196093956	2.9763700351935642	4.503863359089061	2.889401075592077	4.456441717791411	2.8302830283028304	4.393245563823698	2.8488701035045096	4.211748316693755	2.8570476063475128	3.9536038272329286	2.829274810435247	3.8611561554980933	2.852067832964676	3.8075385008083042	2.8430325680726107	3.7503626041191827	2.7898720610891554	4.761849184766751	4.761904761904762	2.517272043231411	4.927504047387099	4.16057955060931	4.777070063694268	4.761904761904762	4.896531131085078	7.799503816793893	4.4278	0.14472714469953563	20.45214947976228	-9.53778010075711e-06	15.581127272937472	-1.2524410557885417e-05	12.960601767928386	-1.4005784388952637e-05	11.781879474207114	-1.3538493582233331e-05	11.113908395414267	-7.55440248993106e-06	10.68655558651435	-7.801624744078846e-06	10.385063447465315	-8.034239633822312e-06	10.16157110370673	-8.264999498196458e-06	9.984729212841145	-9.704992490762061e-06	9.841866017380209	0.0	9.723769879252893	2.5592891318507373e-06	9.62419318384896	2.628069091936427e-06	9.541902509252676	2.698560048358196e-06	9.471696074302308	2.7708237797638426e-06	9.407843806678757	2.8450554359051685e-06	9.35006333469207	2.9220200509015893e-06	9.29757075903647	0.0	9.245510847371895	0.0	9.199297335930158	1.5847207563555226e-06	9.156971392355981	3.2584646766136732e-06	9.113915127118432	1.674486518709038e-06	9.077023147781198	3.4461546944380786e-06	9.046365379192684	-1.7734647115991687e-06	9.019977204396922	-1.8265740958914869e-06	8.997766307180749	0.0	8.977432946772561	0.0	8.96627040919472	4.003282691807282e-06	8.952853090477854	4.132077732646306e-06	8.943782083832948	4.267185556430328e-06
11	1	7	0	0	778	3906	792	10017	789	6889	780	3767	758	2401	773	1636	753	1384	741	1112	757	1030	736	901	744	875	725	852	676	815	648	791	663	792	694	780	689	767	679	758	687	757	689	748	697	759	674	730	675	733	663	696	665	656	666	665	653	695	682	694	689	4077	4095	160.0	910.8028990543826	585.5211992263794	18	1	0.7655830383300781	0.9009009009009009	2.5925925925925926			3.015854556731403	2.825970568232792	3.049672699268387	6.485216141500333	3.005828793477847	8.881926716691163	2.949852507374631	8.607727989397436	2.8467345175949226	8.251142650950205	2.8707245515653432	7.422867513611616	2.7708272004710035	7.38842622250694	2.6980774832508008	6.651115497338357	2.7323587800036098	6.552579680641263	2.634781986110117	5.907421977445581	2.644205139140633	5.718954248366013	2.55380605163972	5.535702683386394	2.3677758318739053	5.265878400206758	2.260044642857143	5.000632191174611	2.2864434251819157	4.892512972572276	2.3702995320878446	4.695400915001204	2.344095532950022	4.4673539518900345	2.295314718409844	4.24293310943185	2.3129755572015354	4.102536310427054	2.3176023411483735	3.9482713116917396	2.336182336182336	3.8582757218381456	2.2513945953168317	3.5828220858895707	2.25022502250225	3.4964701392863957	2.206543082504077	3.2319479916415137	2.2169622616348845	2.9606896240465765	2.2246718108026857	2.914493579348731	2.1884844828741876	2.9566919084489065	2.275760811532301	2.8759686710041024	2.307589255810838	4.75834782507207	4.761904761904762	2.1889322115055747	4.74835629838601	3.8416559360904254	5.7324840764331215	4.761904761904762	4.985589231745325	7.799503816793893	4.4278	0.14472714469953563	20.45214947976228	-9.53778010075711e-06	15.581127272937472	-1.2524410557885417e-05	12.960601767928386	-1.4005784388952637e-05	11.781879474207114	-1.3538493582233331e-05	11.113908395414267	-7.55440248993106e-06	10.68655558651435	-7.801624744078846e-06	10.385063447465315	-8.034239633822312e-06	10.16157110370673	-8.264999498196458e-06	9.984729212841145	-9.704992490762061e-06	9.841866017380209	0.0	9.723769879252893	2.5592891318507373e-06	9.62419318384896	2.628069091936427e-06	9.541902509252676	2.698560048358196e-06	9.471696074302308	2.7708237797638426e-06	9.407843806678757	2.8450554359051685e-06	9.35006333469207	2.9220200509015893e-06	9.29757075903647	0.0	9.245510847371895	0.0	9.199297335930158	1.5847207563555226e-06	9.156971392355981	3.2584646766136732e-06	9.113915127118432	1.674486518709038e-06	9.077023147781198	3.4461546944380786e-06	9.046365379192684	-1.7734647115991687e-06	9.019977204396922	-1.8265740958914869e-06	8.997766307180749	0.0	8.977432946772561	0.0	8.96627040919472	4.003282691807282e-06	8.952853090477854	4.132077732646306e-06	8.943782083832948	4.267185556430328e-06
12	1	4	0	0	649	5370	610	11841	593	6671	585	3501	566	2046	558	1486	565	1225	559	1000	570	863	571	774	561	700	549	707	534	647	523	600	535	590	540	569	540	576	552	550	565	557	554	566	563	574	564	568	552	541	535	528	529	544	541	540	559	539	557	546	551	4081	4095	139.0	872.7650553028997	538.9504747390747	14	1	0.7782220840454102	0.9009009009009009	1.4814814814814816			2.5157964104353217	3.885166910243239	2.3488640739314595	7.666112042677992	2.2591336812830964	8.600861246486682	2.2123893805309733	7.999908598587849	2.125661922109137	7.031169455995051	2.072269469305901	6.742286751361161	2.079040329702679	6.539611360239163	2.0353917856102535	5.981218972426581	2.057390362750406	5.4901711304790375	2.0441039593327126	5.0747442958300555	1.9938159718520099	4.57516339869281	1.933847617034767	4.593593658631668	1.8704028021015764	4.180396717710151	1.8240792410714284	3.793147047667215	1.8450184501845017	3.644675067951569	1.8443252843334812	3.42523477004575	1.8371721158098868	3.354883802201643	1.8659995943479144	3.0786453960257485	1.9022288061410006	3.0186429655321914	1.8635002859161087	2.9875956716811825	1.8870454164571813	2.917852785685238	1.8839563082473194	2.787730061349693	1.84018401840184	2.580614386567449	1.7805438146903183	2.451822614348735	1.763568475796773	2.455206029697161	1.8071283027691485	2.3666564403734056	1.8734499631342585	2.2930315664085765	1.858649225840897	2.2626497037006343	1.8454015674191173	4.763016304664978	4.761904761904762	1.9016348587454681	4.5500507866865	3.5361013286550858	4.45859872611465	4.761904761904762	5.067896554482442	7.799503816793893	4.4278	0.14472714469953563	20.45214947976228	-9.53778010075711e-06	15.581127272937472	-1.2524410557885417e-05	12.960601767928386	-1.4005784388952637e-05	11.781879474207114	-1.3538493582233331e-05	11.113908395414267	-7.55440248993106e-06	10.68655558651435	-7.801624744078846e-06	10.385063447465315	-8.034239633822312e-06	10.16157110370673	-8.264999498196458e-06	9.984729212841145	-9.704992490762061e-06	9.841866017380209	0.0	9.723769879252893	2.5592891318507373e-06	9.62419318384896	2.628069091936427e-06	9.541902509252676	2.698560048358196e-06	9.471696074302308	2.7708237797638426e-06	9.407843806678757	2.8450554359051685e-06	9.35006333469207	2.9220200509015893e-06	9.29757075903647	0.0	9.245510847371895	0.0	9.199297335930158	1.5847207563555226e-06	9.156971392355981	3.2584646766136732e-06	9.113915127118432	1.674486518709038e-06	9.077023147781198	3.4461546944380786e-06	9.046365379192684	-1.7734647115991687e-06	9.019977204396922	-1.8265740958914869e-06	8.997766307180749	0.0	8.977432946772561	0.0	8.96627040919472	4.003282691807282e-06	8.952853090477854	4.132077732646306e-06	8.943782083832948	4.267185556430328e-06
13	3	4	0	0	527	7307	510	13184	488	6275	461	3184	452	1873	421	1270	420	956	421	813	426	667	408	618	398	572	399	531	398	509	390	487	397	457	423	440	429	417	424	425	420	426	445	409	453	397	447	399	462	381	477	396	460	423	458	431	457	426	468	420	480	4082	4095	124.0	832.209050582683	495.5579538345337	13	1	0.790313720703125	2.7027027027027026	1.4814814814814816			2.042873202310346	5.28657627805351	1.9638043896804003	8.53559844359992	1.8591184426073375	8.090301951986797	1.7434384691021858	7.275552407284692	1.6975250685394523	6.43664730746761	1.5634864634010475	5.762250453720508	1.5454813070356197	5.103566090113175	1.5329158170696184	4.86273102458281	1.5376285868976718	4.243272472803613	1.4605856662132168	4.051927616050354	1.4145075878736184	3.7385620915032685	1.4054739511782732	3.450068221688	1.394045534150613	3.2887510499450796	1.3602120535714286	3.078771020356556	1.3691071490154154	2.8230788238201137	1.4447214727278936	2.648687695641705	1.45953118089341	2.4287960859688975	1.433304036238253	2.378953260565351	1.4140461921756111	2.3086928246260565	1.4968549228026506	2.158880971232515	1.518350930115636	2.0180967873119156	1.4931355847279286	1.9582822085889569	1.54015401540154	1.8174012593016602	1.5875128964622092	1.838866960761551	1.533537805040672	1.9091032179446676	1.5298794134348799	1.8889424551869218	1.5316039949058249	1.812303241725517	1.561665776828617	1.740499772077411	1.6076093509277245	4.764183424563205	4.761904761904762	1.6964224639168204	4.33861715966297	3.2513991936425373	4.140127388535031	4.761904761904762	5.146639069006241	7.799503816793893	4.4278	0.14472714469953563	20.45214947976228	-9.53778010075711e-06	15.581127272937472	-1.2524410557885417e-05	12.960601767928386	-1.4005784388952637e-05	11.781879474207114	-1.3538493582233331e-05	11.113908395414267	-7.55440248993106e-06	10.68655558651435	-7.801624744078846e-06	10.385063447465315	-8.034239633822312e-06	10.16157110370673	-8.264999498196458e-06	9.984729212841145	-9.704992490762061e-06	9.841866017380209	0.0	9.723769879252893	2.5592891318507373e-06	9.62419318384896	2.628069091936427e-06	9.541902509252676	2.698560048358196e-06	9.471696074302308	2.7708237797638426e-06	9.407843806678757	2.8450554359051685e-06	9.35006333469207	2.9220200509015893e-06	9.29757075903647	0.0	9.245510847371895	0.0	9.199297335930158	1.5847207563555226e-06	9.156971392355981	3.2584646766136732e-06	9.113915127118432	1.674486518709038e-06	9.077023147781198	3.4461546944380786e-06	9.046365379192684	-1.7734647115991687e-06	9.019977204396922	-1.8265740958914869e-06	8.997766307180749	0.0	8.977432946772561	0.0	8.96627040919472	4.003282691807282e-06	8.952853090477854	4.132077732646306e-06	8.943782083832948	4.267185556430328e-06
14	3	3	0	0	440	9306	392	13658	387	5669	382	2922	352	1542	348	1092	349	845	359	654	363	526	360	459	339	433	339	395	330	383	319	383	320	347	325	334	335	346	345	370	343	349	333	336	331	340	342	332	357	321	360	318	373	341	381	340	372	341	377	333	384	4081	4095	114.0	797.720881114973	463.2452516555786	14	1	0.7982177734375	2.7027027027027026	1.1111111111111112			1.7056246850408963	6.732842321550016	1.509433962264151	8.842475996866481	1.4743418796906549	7.308991516464249	1.4446713561757811	6.676873157690285	1.3219664250572727	5.299151173579848	1.2923831098897018	4.954627949183303	1.284221371798646	4.510997224001708	1.3071657442470141	3.911717207966984	1.3102328099621008	3.346268846618742	1.2887520584234267	3.009441384736428	1.2048192771084338	2.830065359477124	1.1941244848356758	2.5664349295042554	1.1558669001751314	2.474639788072624	1.1125837053571428	2.4212921987609053	1.1035624374935338	2.1435631331850757	1.1100105877932989	2.010594750782567	1.1397271459190963	2.015260061739181	1.1662497464674464	2.071088720962776	1.154804390276749	1.8913938868415348	1.1201184029062532	1.7735550277117973	1.1094352270822858	1.7283448556323708	1.1423990379797575	1.6294478527607361	1.1901190119011902	1.5311963365769892	1.1981229407261957	1.4766658927327605	1.2434991332177623	1.5390170149388456	1.2726726124862209	1.490117018012885	1.2467323547154634	1.450693439972773	1.258008542445275	1.3799676764328042	1.2860874807421796	4.763016304664978	4.761904761904762	1.559614200697722	4.158817428149351	3.039392720946216	4.45859872611465	4.761904761904762	5.198111421744883	7.799503816793893	4.4278	0.14472714469953563	20.45214947976228	-9.53778010075711e-06	15.581127272937472	-1.2524410557885417e-05	12.960601767928386	-1.4005784388952637e-05	11.781879474207114	-1.3538493582233331e-05	11.113908395414267	-7.55440248993106e-06	10.68655558651435	-7.801624744078846e-06	10.385063447465315	-8.034239633822312e-06	10.16157110370673	-8.264999498196458e-06	9.984729212841145	-9.704992490762061e-06	9.841866017380209	0.0	9.723769879252893	2.5592891318507373e-06	9.62419318384896	2.628069091936427e-06	9.541902509252676	2.698560048358196e-06	9.471696074302308	2.7708237797638426e-06	9.407843806678757	2.8450554359051685e-06	9.35006333469207	2.9220200509015893e-06	9.29757075903647	0.0	9.245510847371895	0.0	9.199297335930158	1.5847207563555226e-06	9.156971392355981	3.2584646766136732e-06	9.113915127118432	1.674486518709038e-06	9.077023147781198	3.4461546944380786e-06	9.046365379192684	-1.7734647115991687e-06	9.019977204396922	-1.8265740958914869e-06	8.997766307180749	0.0	8.977432946772561	0.0	8.96627040919472	4.003282691807282e-06	8.952853090477854	4.132077732646306e-06	8.943782083832948	4.267185556430328e-06
15	15	2	0	0	406	11842	384	12957	362	5082	313	2330	288	1370	291	874	274	631	272	521	281	464	294	433	270	381	255	362	272	316	279	286	299	290	302	278	293	275	302	292	297	276	299	263	303	270	313	271	312	292	320	303	327	298	338	303	360	298	367	300	360	4083	4095	105.0	762.0661287963717	434.1559314727783	12	1	0.8043642044067383	13.513513513513514	0.7407407407407408			1.5738264139240996	8.567625056070845	1.4786291875240662	8.388633876951165	1.3791001561964267	6.552177612748511	1.1837228651387943	5.324132257843384	1.0816088932286778	4.708065569263549	1.0806996694767332	3.9655172413793105	1.0082425669708568	3.368567157804826	0.9903874162540053	3.1162150846342485	1.0142573542681828	2.9518417202112093	1.052480847712465	2.8389719381064777	0.9595905746881331	2.4901960784313726	0.8982352319560393	2.352023910077318	0.9527145359019265	2.041739355172191	0.9730747767857142	1.808066759388039	1.0311411525330205	1.7914504571287373	1.0314559923494655	1.6734890440645318	0.9968359813561052	1.6017240375094648	1.0208910824149822	1.6344808284354881	0.9999326644670393	1.49577281595491	1.0057519593662754	1.3882290841910794	1.0155857214680744	1.3725091500610005	1.0455289441159767	1.3300613496932516	1.0401040104010402	1.392863957260065	1.064998169534396	1.4070118411887624	1.0901453527136953	1.344947420679695	1.1290376457226843	1.3279572248761888	1.2065151819827067	1.2677614226155023	1.2246396155899626	1.2432141229124363	1.2057070131957934	4.765350544461432	4.761904761904762	1.4364867638005336	3.972935863745903	2.848535140204919	3.821656050955414	4.761904761904762	5.23813788330383	7.799503816793893	4.4278	0.14472714469953563	20.45214947976228	-9.53778010075711e-06	15.581127272937472	-1.2524410557885417e-05	12.960601767928386	-1.4005784388952637e-05	11.781879474207114	-1.3538493582233331e-05	11.113908395414267	-7.55440248993106e-06	10.68655558651435	-7.801624744078846e-06	10.385063447465315	-8.034239633822312e-06	10.16157110370673	-8.264999498196458e-06	9.984729212841145	-9.704992490762061e-06	9.841866017380209	0.0	9.723769879252893	2.5592891318507373e-06	9.62419318384896	2.628069091936427e-06	9.541902509252676	2.698560048358196e-06	9.471696074302308	2.7708237797638426e-06	9.407843806678757	2.8450554359051685e-06	9.35006333469207	2.9220200509015893e-06	9.29757075903647	0.0	9.245510847371895	0.0	9.199297335930158	1.5847207563555226e-06	9.156971392355981	3.2584646766136732e-06	9.113915127118432	1.674486518709038e-06	9.077023147781198	3.4461546944380786e-06	9.046365379192684	-1.7734647115991687e-06	9.019977204396922	-1.8265740958914869e-06	8.997766307180749	0.0	8.977432946772561	0.0	8.96627040919472	4.003282691807282e-06	8.952853090477854	4.132077732646306e-06	8.943782083832948	4.267185556430328e-06
16	7	1	0	0	390	13674	362	12828	331	4613	294	1991	272	1119	260	733	253	596	251	478	254	395	246	390	245	365	252	323	272	281	290	269	281	249	309	258	309	260	329	244	326	242	316	255	304	280	295	282	297	290	318	309	322	312	319	323	330	322	349	304	373	4084	4095	100.0	732.26220202449	413.51576042175293	11	1	0.8070716857910156	6.306306306306306	0.3703703703703704			1.5118036981044307	9.89306747312217	1.3939160569888334	8.30511656815077	1.2610004190635835	5.947500064464557	1.1118674835488995	4.549505289856729	1.0215195102715289	3.845492972267088	0.9655735878486277	3.325771324863884	0.9309685016190757	3.18172111894085	0.9139236819108651	2.8590226688199056	0.916802021295795	2.5128824988866976	0.8806472399226748	2.5570416994492526	0.870739595550343	2.3856209150326797	0.8876677586389095	2.0986290689363916	0.9527145359019265	1.8155973379853978	1.0114397321428572	1.7005942597041346	0.9690657654240095	1.5381764269829503	1.0553639127019365	1.5530941488080905	1.0512707107134351	1.5143572718271303	1.1121628017037386	1.3657990484186957	1.0975691872601172	1.3115109473227835	1.0629351811362642	1.3460015835312746	1.0189374895257248	1.4233428222854818	0.9854026789591476	1.3840490797546012	0.9900990099009901	1.3833237931692424	1.058341930974806	1.4348734618063619	1.0734764635284704	1.4081328699733717	1.0655710325015868	1.4156111671122409	1.1059722501508142	1.36986301369863	1.1645755472504005	1.2597903112179354	1.2492464331167525	4.766517664359659	4.761904761904762	1.3680826321909842	3.81755684205984	2.7131131678752087	3.5031847133757963	4.761904761904762	5.255769399885032	7.799503816793893	4.4278	0.14472714469953563	20.45214947976228	-9.53778010075711e-06	15.581127272937472	-1.2524410557885417e-05	12.960601767928386	-1.4005784388952637e-05	11.781879474207114	-1.3538493582233331e-05	11.113908395414267	-7.55440248993106e-06	10.68655558651435	-7.801624744078846e-06	10.385063447465315	-8.034239633822312e-06	10.16157110370673	-8.264999498196458e-06	9.984729212841145	-9.704992490762061e-06	9.841866017380209	0.0	9.723769879252893	2.5592891318507373e-06	9.62419318384896	2.628069091936427e-06	9.541902509252676	2.698560048358196e-06	9.471696074302308	2.7708237797638426e-06	9.407843806678757	2.8450554359051685e-06	9.35006333469207	2.9220200509015893e-06	9.29757075903647	0.0	9.245510847371895	0.0	9.199297335930158	1.5847207563555226e-06	9.156971392355981	3.2584646766136732e-06	9.113915127118432	1.674486518709038e-06	9.077023147781198	3.4461546944380786e-06	9.046365379192684	-1.7734647115991687e-06	9.019977204396922	-1.8265740958914869e-06	8.997766307180749	0.0	8.977432946772561	0.0	8.96627040919472	4.003282691807282e-06	8.952853090477854	4.132077732646306e-06	8.943782083832948	4.267185556430328e-06
17	11	0	0	0	380	15773	326	12192	315	4060	293	1709	283	1028	276	728	234	541	233	422	232	412	252	363	244	337	230	313	240	288	241	277	245	235	284	226	295	237	289	256	293	244	297	234	320	236	310	248	312	276	331	292	331	289	336	295	326	298	325	311	329	4082	4095	96.0	710.8781350642965	399.0257692337036	13	1	0.8086071014404297	9.90990990990991	0.0			1.4730395007171377	11.411682993531956	1.2552945706584522	7.8933568131348775	1.200045716027277	5.234522059771537	1.1080856213599575	3.9051253341864127	1.0628309610545685	3.532767449053232	1.0249935009470048	3.3030852994555353	0.8610538710627024	2.8881059150117445	0.8483833381881736	2.524074406364017	0.8373939722071828	2.621031872256505	0.9021264408963987	2.3800157356412273	0.8671855563848314	2.202614379084967	0.8101729543132904	2.03365603274641	0.8406304728546411	1.8608257414227565	0.8405412946428572	1.7511695536730307	0.8449149912059868	1.4516926118112183	0.9699784828716828	1.3604623163977847	1.0036403225257715	1.380394897780884	0.9769454397944697	1.432969493422894	0.9864655578748907	1.322349880771732	0.9990245215109825	1.2351543942992875	1.0725657784481315	1.1996746644977634	1.035507899923172	1.2171779141104293	1.0401040104010402	1.316542644533486	1.1016074816121408	1.3559322033898304	1.103480464061875	1.3043282032766168	1.1223569495941477	1.2928956479817681	1.092566525906562	1.2677614226155023	1.084490122797651	1.2887986407525591	1.1018822426150445	4.764183424563205	4.761904761904762	1.313359326903345	3.7060736999431834	2.6180430649736985	4.140127388535031	4.761904761904762	5.26576825219068	7.799503816793893	4.4278	0.14472714469953563	20.45214947976228	-9.53778010075711e-06	15.581127272937472	-1.2524410557885417e-05	12.960601767928386	-1.4005784388952637e-05	11.781879474207114	-1.3538493582233331e-05	11.113908395414267	-7.55440248993106e-06	10.68655558651435	-7.801624744078846e-06	10.385063447465315	-8.034239633822312e-06	10.16157110370673	-8.264999498196458e-06	9.984729212841145	-9.704992490762061e-06	9.841866017380209	0.0	9.723769879252893	2.5592891318507373e-06	9.62419318384896	2.628069091936427e-06	9.541902509252676	2.698560048358196e-06	9.471696074302308	2.7708237797638426e-06	9.407843806678757	2.8450554359051685e-06	9.35006333469207	2.9220200509015893e-06	9.29757075903647	0.0	9.245510847371895	0.0	9.199297335930158	1.5847207563555226e-06	9.156971392355981	3.2584646766136732e-06	9.113915127118432	1.674486518709038e-06	9.077023147781198	3.4461546944380786e-06	9.046365379192684	-1.7734647115991687e-06	9.019977204396922	-1.8265740958914869e-06	8.997766307180749	0.0	8.977432946772561	0.0	8.96627040919472	4.003282691807282e-06	8.952853090477854	4.132077732646306e-06	8.943782083832948	4.267185556430328e-06
18	16	0	0	0	309	17519	308	11713	282	3744	248	1502	253	864	226	614	217	475	206	372	228	321	223	310	214	285	241	249	229	249	231	230	246	223	241	211	256	230	257	221	262	235	282	228	284	229	301	240	309	248	297	259	305	256	317	282	318	284	324	297	324	4083	4095	92.0	686.2553187707213	381.4780740737915	12	1	0.8120212554931641	14.414414414414415	0.0			1.1978136992673567	12.674904860437858	1.1859838274932615	7.583242154876051	1.0743266410148957	4.827106057089812	0.9379018228575752	3.432123026300756	0.9501633680099147	2.969174198426063	0.8393062725145765	2.7858439201451906	0.7984986753017368	2.5357676702968184	0.7500728226041363	2.225013457742688	0.8229561451001625	2.042114638335772	0.7983103028567338	2.0325203252032518	0.7605643814194832	1.8627450980392157	0.8489203564760999	1.6178286011305307	0.8021015761821366	1.6088389222717583	0.8056640625	1.4540397016057656	0.8483636238231541	1.377563627378305	0.8231155435636464	1.270166144955454	0.8709556697172796	1.3396237404624614	0.8687715502670543	1.2370556954939826	0.8820954817857383	1.2735746802514631	0.9485687375962865	1.2034837688044338	0.9519021283727166	1.1640910939406262	1.0054447673447573	1.177914110429448	1.03010301030103	1.1829803472619729	0.9884514260991115	1.2026932899930347	1.0168022402987065	1.155391072798664	1.0588903363730502	1.235920585528334	1.0657550774180575	1.2082021611503446	1.0811532301121196	1.2307819816833119	1.085136311876214	4.765350544461432	4.761904761904762	1.2586360216157055	3.577705745742569	2.5029110981638714	3.821656050955414	4.761904761904762	5.288001725019389	7.799503816793893	4.4278	0.14472714469953563	20.45214947976228	-9.53778010075711e-06	15.581127272937472	-1.2524410557885417e-05	12.960601767928386	-1.4005784388952637e-05	11.781879474207114	-1.3538493582233331e-05	11.113908395414267	-7.55440248993106e-06	10.68655558651435	-7.801624744078846e-06	10.385063447465315	-8.034239633822312e-06	10.16157110370673	-8.264999498196458e-06	9.984729212841145	-9.704992490762061e-06	9.841866017380209	0.0	9.723769879252893	2.5592891318507373e-06	9.62419318384896	2.628069091936427e-06	9.541902509252676	2.698560048358196e-06	9.471696074302308	2.7708237797638426e-06	9.407843806678757	2.8450554359051685e-06	9.35006333469207	2.9220200509015893e-06	9.29757075903647	0.0	9.245510847371895	0.0	9.199297335930158	1.5847207563555226e-06	9.156971392355981	3.2584646766136732e-06	9.113915127118432	1.674486518709038e-06	9.077023147781198	3.4461546944380786e-06	9.046365379192684	-1.7734647115991687e-06	9.019977204396922	-1.8265740958914869e-06	8.997766307180749	0.0	8.977432946772561	0.0	8.96627040919472	4.003282691807282e-06	8.952853090477854	4.132077732646306e-06	8.943782083832948	4.267185556430328e-06
19	15	0	0	0	293	20005	250	10871	242	3073	271	1338	259	800	255	513	243	361	224	324	202	283	211	240	216	268	226	255	237	246	238	253	248	232	248	205	240	208	239	214	240	230	256	234	262	254	289	252	300	248	302	238	292	236	296	259	312	268	322	290	300	4081	4095	88.0	652.0727271400693	359.5237283706665	14	1	0.8146944046020508	13.513513513513514	0.0			1.1357909834476878	14.473512856502047	0.9626492106276472	7.038113674178908	0.9219398834241305	3.9619916969650086	1.0248846532032372	3.0573772364783034	0.9726968866188455	2.749235368913021	0.9470048650053849	2.327586206896552	0.8941713276420371	1.9271834294255819	0.8156131663268279	1.9379149470662123	0.7291102689045299	1.8003689802150262	0.7553519009092862	1.5735641227380015	0.7676724597505065	1.7516339869281046	0.7960829898904506	1.6568124228445198	0.8301225919439579	1.5894553207986044	0.830078125	1.5994436717663423	0.8552608890574888	1.4331603657029899	0.8470234639161174	1.2340476763785215	0.8165209403599497	1.2114858174617043	0.8079237374078831	1.1978729359082003	0.8080263955289206	1.2464773466290917	0.8611120454774799	1.2351543942992875	0.8781632311044075	1.2911752745018301	0.9653605905735378	1.2368098159509202	1.0001000100010002	1.1829803472619729	1.0050920224980864	1.1051776178314372	0.9734631284171223	1.0651261452362684	0.9887430270234159	1.1351185519568743	1.0456464910516792	1.1401344337615926	1.074479444741057	1.2017736521486884	1.004755844329828	4.763016304664978	4.761904761904762	1.203912716328066	3.3994991058284025	2.358866710693653	4.45859872611465	4.761904761904762	5.305409664778851	7.799503816793893	4.4278	0.14472714469953563	20.45214947976228	-9.53778010075711e-06	15.581127272937472	-1.2524410557885417e-05	12.960601767928386	-1.4005784388952637e-05	11.781879474207114	-1.3538493582233331e-05	11.113908395414267	-7.55440248993106e-06	10.68655558651435	-7.801624744078846e-06	10.385063447465315	-8.034239633822312e-06	10.16157110370673	-8.264999498196458e-06	9.984729212841145	-9.704992490762061e-06	9.841866017380209	0.0	9.723769879252893	2.5592891318507373e-06	9.62419318384896	2.628069091936427e-06	9.541902509252676	2.698560048358196e-06	9.471696074302308	2.7708237797638426e-06	9.407843806678757	2.8450554359051685e-06	9.35006333469207	2.9220200509015893e-06	9.29757075903647	0.0	9.245510847371895	0.0	9.199297335930158	1.5847207563555226e-06	9.156971392355981	3.2584646766136732e-06	9.113915127118432	1.674486518709038e-06	9.077023147781198	3.4461546944380786e-06	9.046365379192684	-1.7734647115991687e-06	9.019977204396922	-1.8265740958914869e-06	8.997766307180749	0.0	8.977432946772561	0.0	8.96627040919472	4.003282691807282e-06	8.952853090477854	4.132077732646306e-06	8.943782083832948	4.267185556430328e-06
20	26	0	0	0	336	22514	278	9363	272	2562	256	1092	254	550	261	415	261	353	251	336	245	276	245	275	234	256	235	251	240	253	236	249	250	234	245	241	263	232	236	230	245	238	251	236	258	248	285	249	272	268	296	236	289	244	308	262	297	286	324	281	337	4084	4095	83.0	613.1129912888246	335.6941213607788	11	1	0.816960334777832	23.423423423423422	0.0			1.302477032213048	16.28876123225629	1.0704659222179438	6.061802808512291	1.0362299516172044	3.303163920476522	0.9681567203691097	2.4952585517446244	0.9539189544447366	1.890099316127702	0.9692873324172763	1.882940108892922	0.9604062408007066	1.8844757633995302	0.9139236819108651	2.009689574735331	0.8843169103049991	1.7558368852980468	0.877067373093721	1.803042223970627	0.8316451647297153	1.6732026143790852	0.8277854098418401	1.630823208368527	0.8406304728546411	1.634683724235963	0.8231026785714286	1.574156024781894	0.8621581542918233	1.445515196441809	0.8367772123364869	1.4507584878401156	0.8947708638111115	1.3512726425534394	0.7977824352646881	1.2874335292471313	0.8248602787691064	1.289833080424886	0.8442934508392478	1.2457112694642387	0.864756158873806	1.260675071167141	0.9519991983164645	1.2220858895705522	0.9067573424009068	1.2783819881701965	0.9851233068193164	1.095890410958904	0.9634617949059874	1.1012321162612269	1.0288272037946353	1.148266643292282	0.995375025135733	1.2167106270739385	1.0811532301121196	1.1644772284613154	1.1286757317971734	4.766517664359659	4.761904761904762	1.135508584718517	3.196387425678088	2.202518569336532	3.5031847133757963	4.761904761904762	5.320165735013769	7.799503816793893	4.4278	0.14472714469953563	20.45214947976228	-9.53778010075711e-06	15.581127272937472	-1.2524410557885417e-05	12.960601767928386	-1.4005784388952637e-05	11.781879474207114	-1.3538493582233331e-05	11.113908395414267	-7.55440248993106e-06	10.68655558651435	-7.801624744078846e-06	10.385063447465315	-8.034239633822312e-06	10.16157110370673	-8.264999498196458e-06	9.984729212841145	-9.704992490762061e-06	9.841866017380209	0.0	9.723769879252893	2.5592891318507373e-06	9.62419318384896	2.628069091936427e-06	9.541902509252676	2.698560048358196e-06	9.471696074302308	2.7708237797638426e-06	9.407843806678757	2.8450554359051685e-06	9.35006333469207	2.9220200509015893e-06	9.29757075903647	0.0	9.245510847371895	0.0	9.199297335930158	1.5847207563555226e-06	9.156971392355981	3.2584646766136732e-06	9.113915127118432	1.674486518709038e-06	9.077023147781198	3.4461546944380786e-06	9.046365379192684	-1.7734647115991687e-06	9.019977204396922	-1.8265740958914869e-06	8.997766307180749	0.0	8.977432946772561	0.0	8.96627040919472	4.003282691807282e-06	8.952853090477854	4.132077732646306e-06	8.943782083832948	4.267185556430328e-06
