	counts(inten<0.01	MicrocoloniesPlatonic	MicrocoloniesAggregates	MicrocoloniesLarge	counts(Norminten<0.01	counts(inten<0.02	counts(Norminten<0.02	counts(inten<0.03	counts(Norminten<0.03	counts(inten<0.04	counts(Norminten<0.04	counts(inten<0.05	counts(Norminten<0.05	counts(inten<0.060000000000000005	counts(Norminten<0.060000000000000005	counts(inten<0.06999999999999999	counts(Norminten<0.06999999999999999	counts(inten<0.08	counts(Norminten<0.08	counts(inten<0.09	counts(Norminten<0.09	counts(inten<0.09999999999999999	counts(Norminten<0.09999999999999999	counts(inten<0.11	counts(Norminten<0.11	counts(inten<0.12	counts(Norminten<0.12	counts(inten<0.13	counts(Norminten<0.13	counts(inten<0.14	counts(Norminten<0.14	counts(inten<0.15000000000000002	counts(Norminten<0.15000000000000002	counts(inten<0.16	counts(Norminten<0.16	counts(inten<0.17	counts(Norminten<0.17	counts(inten<0.18000000000000002	counts(Norminten<0.18000000000000002	counts(inten<0.19	counts(Norminten<0.19	counts(inten<0.2	counts(Norminten<0.2	counts(inten<0.21000000000000002	counts(Norminten<0.21000000000000002	counts(inten<0.22	counts(Norminten<0.22	counts(inten<0.23	counts(Norminten<0.23	counts(inten<0.24000000000000002	counts(Norminten<0.24000000000000002	counts(inten<0.25	counts(Norminten<0.25	counts(inten<0.26	counts(Norminten<0.26	counts(inten<0.27	counts(Norminten<0.27	counts(inten<0.28	counts(Norminten<0.28	counts(inten<0.29000000000000004	counts(Norminten<0.29000000000000004	diff	max	med	std	mean	min	eigenLocal	minProp	counts(inten<0.01Normalized	MicrocoloniesPlatonicNormalized	MicrocoloniesAggregatesNormalized	MicrocoloniesLargeNormalized	counts(Norminten<0.01Normalized	counts(inten<0.02Normalized	counts(Norminten<0.02Normalized	counts(inten<0.03Normalized	counts(Norminten<0.03Normalized	counts(inten<0.04Normalized	counts(Norminten<0.04Normalized	counts(inten<0.05Normalized	counts(Norminten<0.05Normalized	counts(inten<0.060000000000000005Normalized	counts(Norminten<0.060000000000000005Normalized	counts(inten<0.06999999999999999Normalized	counts(Norminten<0.06999999999999999Normalized	counts(inten<0.08Normalized	counts(Norminten<0.08Normalized	counts(inten<0.09Normalized	counts(Norminten<0.09Normalized	counts(inten<0.09999999999999999Normalized	counts(Norminten<0.09999999999999999Normalized	counts(inten<0.11Normalized	counts(Norminten<0.11Normalized	counts(inten<0.12Normalized	counts(Norminten<0.12Normalized	counts(inten<0.13Normalized	counts(Norminten<0.13Normalized	counts(inten<0.14Normalized	counts(Norminten<0.14Normalized	counts(inten<0.15000000000000002Normalized	counts(Norminten<0.15000000000000002Normalized	counts(inten<0.16Normalized	counts(Norminten<0.16Normalized	counts(inten<0.17Normalized	counts(Norminten<0.17Normalized	counts(inten<0.18000000000000002Normalized	counts(Norminten<0.18000000000000002Normalized	counts(inten<0.19Normalized	counts(Norminten<0.19Normalized	counts(inten<0.2Normalized	counts(Norminten<0.2Normalized	counts(inten<0.21000000000000002Normalized	counts(Norminten<0.21000000000000002Normalized	counts(inten<0.22Normalized	counts(Norminten<0.22Normalized	counts(inten<0.23Normalized	counts(Norminten<0.23Normalized	counts(inten<0.24000000000000002Normalized	counts(Norminten<0.24000000000000002Normalized	counts(inten<0.25Normalized	counts(Norminten<0.25Normalized	counts(inten<0.26Normalized	counts(Norminten<0.26Normalized	counts(inten<0.27Normalized	counts(Norminten<0.27Normalized	counts(inten<0.28Normalized	counts(Norminten<0.28Normalized	counts(inten<0.29000000000000004Normalized	counts(Norminten<0.29000000000000004Normalized	diffNormalized	maxNormalized	medNormalized	stdNormalized	meanNormalized	minNormalized	eigenLocalNormalized	minPropNormalized	BioVolume	SubstratumCoverage	Homogenity	ThicknessThreshold=0.01	RoughnessThreshold=0.01	ThicknessThreshold=0.02	RoughnessThreshold=0.02	ThicknessThreshold=0.03	RoughnessThreshold=0.03	ThicknessThreshold=0.04	RoughnessThreshold=0.04	ThicknessThreshold=0.05	RoughnessThreshold=0.05	ThicknessThreshold=0.060000000000000005	RoughnessThreshold=0.060000000000000005	ThicknessThreshold=0.06999999999999999	RoughnessThreshold=0.06999999999999999	ThicknessThreshold=0.08	RoughnessThreshold=0.08	ThicknessThreshold=0.09	RoughnessThreshold=0.09	ThicknessThreshold=0.09999999999999999	RoughnessThreshold=0.09999999999999999	ThicknessThreshold=0.11	RoughnessThreshold=0.11	ThicknessThreshold=0.12	RoughnessThreshold=0.12	ThicknessThreshold=0.13	RoughnessThreshold=0.13	ThicknessThreshold=0.14	RoughnessThreshold=0.14	ThicknessThreshold=0.15000000000000002	RoughnessThreshold=0.15000000000000002	ThicknessThreshold=0.16	RoughnessThreshold=0.16	ThicknessThreshold=0.17	RoughnessThreshold=0.17	ThicknessThreshold=0.18000000000000002	RoughnessThreshold=0.18000000000000002	ThicknessThreshold=0.19	RoughnessThreshold=0.19	ThicknessThreshold=0.2	RoughnessThreshold=0.2	ThicknessThreshold=0.21000000000000002	RoughnessThreshold=0.21000000000000002	ThicknessThreshold=0.22	RoughnessThreshold=0.22	ThicknessThreshold=0.23	RoughnessThreshold=0.23	ThicknessThreshold=0.24000000000000002	RoughnessThreshold=0.24000000000000002	ThicknessThreshold=0.25	RoughnessThreshold=0.25	ThicknessThreshold=0.26	RoughnessThreshold=0.26	ThicknessThreshold=0.27	RoughnessThreshold=0.27	ThicknessThreshold=0.28	RoughnessThreshold=0.28	ThicknessThreshold=0.29000000000000004	RoughnessThreshold=0.29000000000000004
0	1	32	0	0	1685	1	1754	10	1833	62	1915	200	1996	337	2104	482	2193	604	2242	592	2314	673	2371	668	2476	679	2545	687	2633	654	2683	702	2720	683	2808	647	2838	630	2919	692	2974	733	3004	787	3052	877	3101	918	3155	978	3212	1044	3249	1145	3308	1238	3337	1339	3391	1457	3418	4032	4095	1016.0	865.7312531220042	1248.2337074279785	63	1	0.5981779098510742	4.761904761904762	6.374501992031872			6.234044914721226	0.015472690700912888	6.292150954225857	0.028019838045336098	6.371884450933361	0.17648230907176	6.463916829811652	0.7369196757553427	6.562982934929142	1.468089740797212	6.760490971017287	2.339919413563765	6.858912207174804	3.1629660661918724	6.824131003835149	3.2184407959117105	6.853453382300676	3.7147430590053543	6.882438316400581	3.7750777055665443	7.046101309049516	3.835508105970739	7.07947369885115	3.8645440738032293	7.193792519330073	3.610666372218849	7.193415196525282	3.7904967602591793	7.16978147982181	3.591334525186665	7.269150120375883	3.2852645475779423	7.218986086027522	3.1032954041672824	7.313589897775105	3.255857720899595	7.336688375764752	3.320347889110346	7.308824602807718	3.444352050417961	7.334951572976999	3.7012027853977636	7.367720782152107	3.716448726772195	7.39950279093766	3.824046920821114	7.427276511122416	3.9327959014540794	7.420688395039171	4.1539689450007256	7.49314789226901	4.323229501327001	7.487098945479022	4.499781564001747	7.534885787929962	4.750570590153244	7.53610406790872	4.727068092290377	4.761904761904762	7.679806493064742	4.9630605306627675	6.444078506821413	9.012875536480687	4.761904761904762	4.38472470086165	3.499569093610698	11.373700000000001	0.03717830764719076	20.99476909637451	0.0	20.387425956638797	0.0	18.973505571619633	0.0	17.6852921522929	2.8761307987590453e-06	16.60751013862905	-1.6461973325793106e-05	15.693118952059685	-1.4773609212428741e-05	14.931502236614339	-1.512249218671237e-05	14.275559932616302	-1.5550100349980924e-05	13.693205974311487	-1.6039298419701392e-05	13.166649531775274	-1.6582171291618488e-05	12.681701225625975	-1.6024265316050018e-05	12.230792410211146	-1.5422560358562664e-05	11.821014795043789	-1.5997322294360575e-05	11.432955997645854	-1.6596493288633443e-05	11.072805107996738	-1.7213823494750444e-05	10.729543647223798	-1.7854739334540132e-05	10.407356845331824	-1.5675321344087554e-05	10.105388612375384	-1.4786840303603405e-05	9.820712057534175	-1.5344106942287744e-06	9.553750105539173	-1.5930466698952412e-06	9.309809675830913	-1.6524091298909245e-06	9.078016399039871	-1.715742624880327e-06	8.854928435921872	-1.7813119005885453e-06	8.64050695650405	-1.8493996848622937e-06	8.443349384677145	-1.9207867542545426e-06	8.25635010871083	-1.994698092470214e-05	8.076414273281115	-2.072199577685726e-05	7.910418061965255	-2.153520144027427e-05	7.748133271538184	-2.2389596897697453e-05
1	1	28	0	0	1856	1	1947	20	2030	137	2093	223	2174	351	2232	493	2286	585	2385	616	2426	671	2481	649	2553	627	2629	648	2679	675	2760	665	2816	653	2881	724	2930	749	2984	778	3025	784	3070	861	3132	892	3169	974	3214	1031	3307	1048	3360	1160	3406	1252	3476	1377	3529	1486	3576	4047	4095	1027.0	973.6515841506309	1320.2424964904785	48	1	0.6094169616699219	4.761904761904762	5.577689243027888			6.8666987309926375	0.015472690700912888	6.984502798105898	0.056039676090672196	7.056696909653422	0.3899689732714696	7.064740430702761	0.8216654384672071	7.148258968204386	1.529078632106295	7.171775592828225	2.393320064080781	7.1497826290932975	3.0634687892752406	7.259390028611433	3.3489181254756986	7.185167634166569	3.7037037037037033	7.201741654571843	3.6677027408872562	7.265224815025611	3.5417725809184883	7.3131380566914235	3.645159475727063	7.319472145569793	3.7266052006845913	7.399860582336855	3.590712742980562	7.422832590874344	3.433589231254601	7.458127313676253	3.6762465725601703	7.45300536718134	3.6894734249544356	7.47644818600922	3.6604874376587935	7.462502466942965	3.5513680014495383	7.469404637356755	3.768217427458532	7.527217669254248	3.7645072800168813	7.52928318563045	3.943160195943484	7.537877011116844	4.03128054740958	7.6469500069370575	3.947864084984555	7.674211451933399	4.208387752140473	7.71513353115727	4.372119011035061	7.798967915638322	4.627482609133985	7.841525197760199	4.845125529833714	7.8844669826920954	4.7446539110861	4.761904761904762	7.762954004308553	5.581745755959532	6.815828033483403	6.866952789699571	4.761904761904762	4.467108465478826	3.499569093610698	11.373700000000001	0.03717830764719076	20.99476909637451	0.0	20.387425956638797	0.0	18.973505571619633	0.0	17.6852921522929	2.8761307987590453e-06	16.60751013862905	-1.6461973325793106e-05	15.693118952059685	-1.4773609212428741e-05	14.931502236614339	-1.512249218671237e-05	14.275559932616302	-1.5550100349980924e-05	13.693205974311487	-1.6039298419701392e-05	13.166649531775274	-1.6582171291618488e-05	12.681701225625975	-1.6024265316050018e-05	12.230792410211146	-1.5422560358562664e-05	11.821014795043789	-1.5997322294360575e-05	11.432955997645854	-1.6596493288633443e-05	11.072805107996738	-1.7213823494750444e-05	10.729543647223798	-1.7854739334540132e-05	10.407356845331824	-1.5675321344087554e-05	10.105388612375384	-1.4786840303603405e-05	9.820712057534175	-1.5344106942287744e-06	9.553750105539173	-1.5930466698952412e-06	9.309809675830913	-1.6524091298909245e-06	9.078016399039871	-1.715742624880327e-06	8.854928435921872	-1.7813119005885453e-06	8.64050695650405	-1.8493996848622937e-06	8.443349384677145	-1.9207867542545426e-06	8.25635010871083	-1.994698092470214e-05	8.076414273281115	-2.072199577685726e-05	7.910418061965255	-2.153520144027427e-05	7.748133271538184	-2.2389596897697453e-05
2	1	34	0	0	2004	1	2078	49	2132	162	2183	309	2212	428	2283	534	2356	558	2395	580	2432	652	2484	659	2531	620	2595	683	2620	742	2653	720	2668	704	2704	786	2754	800	2815	794	2889	887	2954	937	3023	1012	3047	1079	3095	1150	3139	1241	3214	1319	3261	1414	3289	1518	3323	1625	3333	4052	4095	1009.0	1026.780069584083	1336.6831398010254	43	1	0.6185522079467773	4.761904761904762	6.772908366533864			7.414258759110585	0.015472690700912888	7.454441096283541	0.13729720642214688	7.411269857823201	0.4611311946713729	7.368527644636467	1.1385408990420045	7.273205537105842	1.8645175343062512	7.3356468093310205	2.5923588523714742	7.368717355268507	2.922077922077922	7.289827722651731	3.1532021311297163	7.202938040516527	3.598829828338025	7.210449927431059	3.724215880192144	7.202618099032441	3.5022312602383776	7.2185596261370275	3.842043089385161	7.158274364088413	4.0965052724562465	7.1129819293259695	3.8876889848812093	7.032712128001687	3.70175623093911	6.99992233813974	3.9910632680004063	7.005316307582733	3.940692576720359	7.053016636600522	3.7357673849628306	7.126998223801066	4.01793803225222	7.18717306148269	4.100835922797497	7.265255113076498	4.270943236969825	7.239421226448715	4.3682442006396505	7.258783244992729	4.496578690127078	7.25847477223327	4.674903940329993	7.340748692414864	4.785227107821797	7.386685391985866	4.937840480514039	7.379403185999552	5.101320697650973	7.383788107723759	5.298337137267688	7.348693639069562	4.750515850684675	4.761904761904762	7.626894440455044	5.886320516496101	6.900703802792754	6.151645207439199	4.761904761904762	4.53407105192498	3.499569093610698	11.373700000000001	0.03717830764719076	20.99476909637451	0.0	20.387425956638797	0.0	18.973505571619633	0.0	17.6852921522929	2.8761307987590453e-06	16.60751013862905	-1.6461973325793106e-05	15.693118952059685	-1.4773609212428741e-05	14.931502236614339	-1.512249218671237e-05	14.275559932616302	-1.5550100349980924e-05	13.693205974311487	-1.6039298419701392e-05	13.166649531775274	-1.6582171291618488e-05	12.681701225625975	-1.6024265316050018e-05	12.230792410211146	-1.5422560358562664e-05	11.821014795043789	-1.5997322294360575e-05	11.432955997645854	-1.6596493288633443e-05	11.072805107996738	-1.7213823494750444e-05	10.729543647223798	-1.7854739334540132e-05	10.407356845331824	-1.5675321344087554e-05	10.105388612375384	-1.4786840303603405e-05	9.820712057534175	-1.5344106942287744e-06	9.553750105539173	-1.5930466698952412e-06	9.309809675830913	-1.6524091298909245e-06	9.078016399039871	-1.715742624880327e-06	8.854928435921872	-1.7813119005885453e-06	8.64050695650405	-1.8493996848622937e-06	8.443349384677145	-1.9207867542545426e-06	8.25635010871083	-1.994698092470214e-05	8.076414273281115	-2.072199577685726e-05	7.910418061965255	-2.153520144027427e-05	7.748133271538184	-2.2389596897697453e-05
3	1	30	0	0	1947	3	2013	52	2057	191	2089	313	2119	450	2176	537	2242	561	2294	630	2358	658	2380	653	2412	678	2477	634	2485	673	2527	740	2567	794	2603	847	2634	840	2687	920	2729	973	2759	1051	2806	1138	2816	1181	2845	1283	2883	1372	2929	1457	2974	1537	2994	1600	3012	1651	3024	4051	4095	977.0	1017.3727436518427	1305.307861328125	44	1	0.6222810745239258	4.761904761904762	5.9760956175298805			7.203374153686781	0.04641807210273867	7.221265604821352	0.1457031578357477	7.150554454757187	0.5436793714952606	7.051238776750152	1.1532792925571114	6.967415250057542	1.960357220649096	6.99183857078594	2.606922666148842	7.012166515497451	2.9377880184331797	6.982407012844708	3.4250299010546916	6.983769695533705	3.631947894242976	6.9085631349782295	3.6903079966092114	6.863972680705749	3.8298593458735803	6.890316837742357	3.5664060302638236	6.789431982732712	3.7155634074973776	6.775162207088852	3.995680345572354	6.766481271581832	4.174992112735303	6.7384607419296385	4.300802274804509	6.7000737669473205	4.137727205556377	6.732311084385649	4.3285969699821205	6.732287349516479	4.407501358941837	6.712732050315077	4.599763665805943	6.743733326924463	4.802700991770416	6.690584238161989	4.781182948058784	6.672451803555514	5.016617790811339	6.666512509827499	5.168386950953063	6.689811113902657	5.285880133507473	6.736584592384534	5.367369744377706	6.7175229975319715	5.376886110831065	6.692738423251267	5.383110531463972	6.667401609524859	4.74934346276496	4.761904761904762	7.385010771382139	5.8323902374805145	6.738727118098539	6.294706723891273	4.761904761904762	4.5614041465073445	3.499569093610698	11.373700000000001	0.03717830764719076	20.99476909637451	0.0	20.387425956638797	0.0	18.973505571619633	0.0	17.6852921522929	2.8761307987590453e-06	16.60751013862905	-1.6461973325793106e-05	15.693118952059685	-1.4773609212428741e-05	14.931502236614339	-1.512249218671237e-05	14.275559932616302	-1.5550100349980924e-05	13.693205974311487	-1.6039298419701392e-05	13.166649531775274	-1.6582171291618488e-05	12.681701225625975	-1.6024265316050018e-05	12.230792410211146	-1.5422560358562664e-05	11.821014795043789	-1.5997322294360575e-05	11.432955997645854	-1.6596493288633443e-05	11.072805107996738	-1.7213823494750444e-05	10.729543647223798	-1.7854739334540132e-05	10.407356845331824	-1.5675321344087554e-05	10.105388612375384	-1.4786840303603405e-05	9.820712057534175	-1.5344106942287744e-06	9.553750105539173	-1.5930466698952412e-06	9.309809675830913	-1.6524091298909245e-06	9.078016399039871	-1.715742624880327e-06	8.854928435921872	-1.7813119005885453e-06	8.64050695650405	-1.8493996848622937e-06	8.443349384677145	-1.9207867542545426e-06	8.25635010871083	-1.994698092470214e-05	8.076414273281115	-2.072199577685726e-05	7.910418061965255	-2.153520144027427e-05	7.748133271538184	-2.2389596897697453e-05
4	1	30	0	0	1810	12	1860	110	1897	207	1949	335	2004	446	2019	572	2076	562	2139	640	2186	585	2213	617	2249	670	2271	691	2340	745	2384	772	2412	826	2425	914	2453	964	2471	1026	2505	1083	2545	1188	2568	1210	2597	1304	2622	1343	2642	1432	2675	1521	2675	1566	2703	1644	2719	1672	2718	4051	4095	937.5	996.658993698404	1261.2692184448242	44	1	0.626704216003418	4.761904761904762	5.9760956175298805			6.696511154685708	0.18567228841095468	6.67240637107189	0.30821821849869707	6.5943615948830265	0.5892231931911986	6.57868088840883	1.234340456890199	6.589287475750502	1.9429318231322152	6.487372276845961	2.7768338268848005	6.4929784505676675	2.9430247172182655	6.510622755220065	3.479395455039687	6.474351380168226	3.229011425732737	6.4238026124818575	3.4868606951116132	6.400113830392715	3.784669265096311	6.317282817324543	3.887045058221297	6.393267943498812	4.113067962237067	6.39176363343879	4.168466522678186	6.357909165194929	4.3432537595961715	6.277667037717777	4.641007413425409	6.239666268155572	4.748534554948032	6.191120465023051	4.827326620871365	6.179692125518058	4.905780032614604	6.192063453443955	5.199352269245919	6.171741690499651	5.106562565942182	6.170258262253796	5.279138496417149	6.149444157793518	5.2512218963831865	6.109235536234565	5.394409703910194	6.109677272000548	5.5180670439703965	6.059301877817292	5.468640871630115	6.0646174556876815	5.524750478878919	6.041685183539241	5.451581349853277	5.992724065703891	4.74934346276496	4.761904761904762	7.086435617370271	5.713642537815984	6.511375084272585	6.294706723891273	4.761904761904762	4.5938263696973705	3.499569093610698	11.373700000000001	0.03717830764719076	20.99476909637451	0.0	20.387425956638797	0.0	18.973505571619633	0.0	17.6852921522929	2.8761307987590453e-06	16.60751013862905	-1.6461973325793106e-05	15.693118952059685	-1.4773609212428741e-05	14.931502236614339	-1.512249218671237e-05	14.275559932616302	-1.5550100349980924e-05	13.693205974311487	-1.6039298419701392e-05	13.166649531775274	-1.6582171291618488e-05	12.681701225625975	-1.6024265316050018e-05	12.230792410211146	-1.5422560358562664e-05	11.821014795043789	-1.5997322294360575e-05	11.432955997645854	-1.6596493288633443e-05	11.072805107996738	-1.7213823494750444e-05	10.729543647223798	-1.7854739334540132e-05	10.407356845331824	-1.5675321344087554e-05	10.105388612375384	-1.4786840303603405e-05	9.820712057534175	-1.5344106942287744e-06	9.553750105539173	-1.5930466698952412e-06	9.309809675830913	-1.6524091298909245e-06	9.078016399039871	-1.715742624880327e-06	8.854928435921872	-1.7813119005885453e-06	8.64050695650405	-1.8493996848622937e-06	8.443349384677145	-1.9207867542545426e-06	8.25635010871083	-1.994698092470214e-05	8.076414273281115	-2.072199577685726e-05	7.910418061965255	-2.153520144027427e-05	7.748133271538184	-2.2389596897697453e-05
5	1	30	0	0	1548	2	1583	163	1625	287	1702	454	1712	561	1734	660	1728	653	1749	672	1768	710	1807	752	1848	837	1889	836	1952	883	1995	889	2004	922	2005	950	2027	994	2039	1039	2074	1103	2098	1160	2133	1202	2146	1257	2166	1311	2190	1345	2230	1383	2252	1439	2266	1511	2279	1528	2317	4060	4095	856.0	963.1414573721366	1177.893328666687	35	1	0.6339187622070312	4.761904761904762	5.9760956175298805			5.727181915720152	0.030945381401825775	5.678720045917635	0.4567233601389784	5.648833733096952	0.816942301670889	5.744953756835212	1.6728076639646279	5.629171735770887	2.4439120017425395	5.571621361095045	3.2040390310209235	5.404560097582335	3.4195643066610812	5.323552687648384	3.653365227791671	5.236346404454449	3.918971132085886	5.245283018867925	4.249788075727607	5.2589641434262955	4.72801220132181	5.254666332860442	4.7027057433762725	5.33318761782465	4.874951692154806	5.348812268754357	4.800215982721382	5.282441943221658	4.848038700178778	5.190400994071812	4.823804204326191	5.156055248899856	4.8963105265750455	5.108739226297855	4.888491578055895	5.116439707913953	4.996376155100561	5.104498673998199	5.076808613068406	5.126294791992117	5.072800168811986	5.098719380360664	5.088862799076961	5.0799756086120365	5.126099706744868	5.064052166674374	5.066676712122354	5.093301052920083	5.017414018284719	5.101139375268988	5.025143176421288	5.084137312093336	5.077796820916087	5.063994311616745	4.982067166612325	5.108587807297982	4.759894954042394	4.761904761904762	6.470388147700215	5.521493344834835	6.080942244565437	5.007153075822604	4.761904761904762	4.646709965737162	3.499569093610698	11.373700000000001	0.03717830764719076	20.99476909637451	0.0	20.387425956638797	0.0	18.973505571619633	0.0	17.6852921522929	2.8761307987590453e-06	16.60751013862905	-1.6461973325793106e-05	15.693118952059685	-1.4773609212428741e-05	14.931502236614339	-1.512249218671237e-05	14.275559932616302	-1.5550100349980924e-05	13.693205974311487	-1.6039298419701392e-05	13.166649531775274	-1.6582171291618488e-05	12.681701225625975	-1.6024265316050018e-05	12.230792410211146	-1.5422560358562664e-05	11.821014795043789	-1.5997322294360575e-05	11.432955997645854	-1.6596493288633443e-05	11.072805107996738	-1.7213823494750444e-05	10.729543647223798	-1.7854739334540132e-05	10.407356845331824	-1.5675321344087554e-05	10.105388612375384	-1.4786840303603405e-05	9.820712057534175	-1.5344106942287744e-06	9.553750105539173	-1.5930466698952412e-06	9.309809675830913	-1.6524091298909245e-06	9.078016399039871	-1.715742624880327e-06	8.854928435921872	-1.7813119005885453e-06	8.64050695650405	-1.8493996848622937e-06	8.443349384677145	-1.9207867542545426e-06	8.25635010871083	-1.994698092470214e-05	8.076414273281115	-2.072199577685726e-05	7.910418061965255	-2.153520144027427e-05	7.748133271538184	-2.2389596897697453e-05
6	1	27	0	0	1275	12	1317	189	1367	380	1422	626	1433	759	1438	824	1468	842	1488	854	1530	908	1580	897	1617	960	1637	953	1655	918	1680	929	1704	980	1742	958	1757	1015	1800	1063	1814	1079	1827	1111	1873	1093	1911	1082	1925	1142	1941	1195	1986	1203	1989	1261	1999	1319	2017	1384	2042	4060	4095	774.0	927.3544430840705	1090.7883977890015	35	1	0.6406888961791992	4.761904761904762	5.378486055776892			4.717155647637723	0.18567228841095468	4.72449418854929	0.5295749390568523	4.751972746549867	1.0816657652785289	4.799837980152569	2.3065585851142227	4.7118008746259825	3.306469178828142	4.6205256731572515	4.000194184183698	4.5913739717886966	4.409300377042313	4.529128873196567	4.642818310318582	4.531453619239426	5.011867306949274	4.586357039187227	5.069228595648488	4.601593625498008	5.422809693272327	4.553673259339621	5.36085953760477	4.521734378842108	5.068183072931045	4.504262963161564	5.0161987041036715	4.491657221182487	5.153012935114103	4.509565352455409	4.864425713415253	4.469259532470176	4.999753706713955	4.509921828021648	5.001411499011951	4.4750345372015	4.887660808117412	4.445147320016544	4.862357214757758	4.501429979091062	4.612787507913062	4.540378721281095	4.380389457916683	4.51475209906656	4.465298142717498	4.488276372381261	4.501619829729526	4.536007126053491	4.364388332607749	4.505402405599474	4.403547981561671	4.485079649988782	4.432570487616359	4.481823837881077	4.512552983371373	4.502259949288943	4.759894954042394	4.761904761904762	5.850561245700896	5.316333698024284	5.6312580151083935	5.007153075822604	4.761904761904762	4.696335960223147	3.499569093610698	11.373700000000001	0.03717830764719076	20.99476909637451	0.0	20.387425956638797	0.0	18.973505571619633	0.0	17.6852921522929	2.8761307987590453e-06	16.60751013862905	-1.6461973325793106e-05	15.693118952059685	-1.4773609212428741e-05	14.931502236614339	-1.512249218671237e-05	14.275559932616302	-1.5550100349980924e-05	13.693205974311487	-1.6039298419701392e-05	13.166649531775274	-1.6582171291618488e-05	12.681701225625975	-1.6024265316050018e-05	12.230792410211146	-1.5422560358562664e-05	11.821014795043789	-1.5997322294360575e-05	11.432955997645854	-1.6596493288633443e-05	11.072805107996738	-1.7213823494750444e-05	10.729543647223798	-1.7854739334540132e-05	10.407356845331824	-1.5675321344087554e-05	10.105388612375384	-1.4786840303603405e-05	9.820712057534175	-1.5344106942287744e-06	9.553750105539173	-1.5930466698952412e-06	9.309809675830913	-1.6524091298909245e-06	9.078016399039871	-1.715742624880327e-06	8.854928435921872	-1.7813119005885453e-06	8.64050695650405	-1.8493996848622937e-06	8.443349384677145	-1.9207867542545426e-06	8.25635010871083	-1.994698092470214e-05	8.076414273281115	-2.072199577685726e-05	7.910418061965255	-2.153520144027427e-05	7.748133271538184	-2.2389596897697453e-05
7	1	25	0	0	1226	29	1239	238	1311	542	1375	706	1405	913	1420	973	1480	903	1489	875	1530	941	1567	946	1622	882	1650	888	1675	866	1708	881	1713	863	1714	950	1758	970	1740	1071	1751	1059	1770	1071	1800	1100	1812	1133	1823	1151	1852	1170	1871	1225	1885	1235	1900	1311	1954	1376	1980	4058	4095	744.0	913.2774203243447	1055.7338180541992	37	1	0.6426668167114258	4.761904761904762	4.9800796812749			4.535868881571646	0.44870803032647383	4.444683598794661	0.6668721454789991	4.557305245593909	1.5427969599499018	4.6411935462094105	2.6013264554163595	4.619734981751225	3.977346983228055	4.562688773215089	4.723530268459633	4.628905639133018	4.728739002932551	4.532172642600597	4.756985973687072	4.531453619239426	5.194016669426506	4.548621190130624	5.346142978242441	4.615822424587365	4.98220640569395	4.589835600433948	4.995218540811161	4.576377694598508	4.78109645006349	4.57933401254759	4.7570194384449245	4.5153807628436615	4.537806288779051	4.437080949545678	4.823804204326191	4.471803220308804	4.778089749273435	4.359591100420926	5.039051472663969	4.319617130451944	4.797064685631455	4.3064645629060125	4.687294848789882	4.3259871662380736	4.642329605401983	4.305162869158212	4.58685883162625	4.275528870960176	4.500488758553275	4.2824769920917545	4.407443682664055	4.273348103145056	4.444202583079379	4.26982580922826	4.312753177818131	4.262957146062374	4.405686057062204	4.3418362812194475	4.486468862080209	4.365560577665087	4.757550178202964	4.761904761904762	5.623795305945047	5.2356330004393365	5.450286725444892	5.293276108726753	4.761904761904762	4.710834384305966	3.499569093610698	11.373700000000001	0.03717830764719076	20.99476909637451	0.0	20.387425956638797	0.0	18.973505571619633	0.0	17.6852921522929	2.8761307987590453e-06	16.60751013862905	-1.6461973325793106e-05	15.693118952059685	-1.4773609212428741e-05	14.931502236614339	-1.512249218671237e-05	14.275559932616302	-1.5550100349980924e-05	13.693205974311487	-1.6039298419701392e-05	13.166649531775274	-1.6582171291618488e-05	12.681701225625975	-1.6024265316050018e-05	12.230792410211146	-1.5422560358562664e-05	11.821014795043789	-1.5997322294360575e-05	11.432955997645854	-1.6596493288633443e-05	11.072805107996738	-1.7213823494750444e-05	10.729543647223798	-1.7854739334540132e-05	10.407356845331824	-1.5675321344087554e-05	10.105388612375384	-1.4786840303603405e-05	9.820712057534175	-1.5344106942287744e-06	9.553750105539173	-1.5930466698952412e-06	9.309809675830913	-1.6524091298909245e-06	9.078016399039871	-1.715742624880327e-06	8.854928435921872	-1.7813119005885453e-06	8.64050695650405	-1.8493996848622937e-06	8.443349384677145	-1.9207867542545426e-06	8.25635010871083	-1.994698092470214e-05	8.076414273281115	-2.072199577685726e-05	7.910418061965255	-2.153520144027427e-05	7.748133271538184	-2.2389596897697453e-05
8	1	25	0	0	1159	31	1206	357	1273	713	1285	934	1305	1047	1355	1025	1417	969	1447	973	1464	965	1528	905	1538	892	1566	847	1592	848	1610	897	1641	888	1675	926	1704	930	1744	986	1740	1034	1772	1052	1772	1084	1789	1111	1802	1120	1805	1177	1839	1181	1843	1274	1884	1288	1921	1341	1944	4061	4095	702.0	901.8780832422185	1014.7837572097778	34	1	0.6449117660522461	4.761904761904762	4.9800796812749			4.287986976950683	0.47965341172829956	4.326302195436935	1.0003082182184988	4.425209441373797	2.02954655432524	4.337406332275704	3.4414148857774505	4.290928221484234	4.561097800043563	4.353833301201723	4.975969707267343	4.431864385575329	5.074361122748219	4.4043343276313385	5.289768402740024	4.335979149389883	5.326488933046311	4.435413642960813	5.114439107092399	4.37677859988617	5.038694006665537	4.356171242593675	4.7645834505259606	4.349607934209447	4.681720311378568	4.316585339696498	4.84341252699784	4.325592429554261	4.669260700389105	4.336120531207125	4.701939677059003	4.334444077022868	4.581055120437417	4.369613148927641	4.639126752611273	4.292480757844879	4.683819532524008	4.311330624559013	4.60414022495514	4.258694032541037	4.574804811141591	4.250516762099361	4.497793611594672	4.2262770298794505	4.379276637341153	4.173796420478195	4.433813003842387	4.200260375031404	4.284574082136119	4.174689106847578	4.448945383433441	4.227058559569217	4.328393319219007	4.26850946582526	4.372350831431366	4.286186748980267	4.761067341962109	4.761904761904762	5.3063229902868585	5.170282928180772	5.238879674529476	4.86409155937053	4.761904761904762	4.727290165545579	3.499569093610698	11.373700000000001	0.03717830764719076	20.99476909637451	0.0	20.387425956638797	0.0	18.973505571619633	0.0	17.6852921522929	2.8761307987590453e-06	16.60751013862905	-1.6461973325793106e-05	15.693118952059685	-1.4773609212428741e-05	14.931502236614339	-1.512249218671237e-05	14.275559932616302	-1.5550100349980924e-05	13.693205974311487	-1.6039298419701392e-05	13.166649531775274	-1.6582171291618488e-05	12.681701225625975	-1.6024265316050018e-05	12.230792410211146	-1.5422560358562664e-05	11.821014795043789	-1.5997322294360575e-05	11.432955997645854	-1.6596493288633443e-05	11.072805107996738	-1.7213823494750444e-05	10.729543647223798	-1.7854739334540132e-05	10.407356845331824	-1.5675321344087554e-05	10.105388612375384	-1.4786840303603405e-05	9.820712057534175	-1.5344106942287744e-06	9.553750105539173	-1.5930466698952412e-06	9.309809675830913	-1.6524091298909245e-06	9.078016399039871	-1.715742624880327e-06	8.854928435921872	-1.7813119005885453e-06	8.64050695650405	-1.8493996848622937e-06	8.443349384677145	-1.9207867542545426e-06	8.25635010871083	-1.994698092470214e-05	8.076414273281115	-2.072199577685726e-05	7.910418061965255	-2.153520144027427e-05	7.748133271538184	-2.2389596897697453e-05
9	1	22	0	0	1171	60	1191	496	1220	884	1264	1090	1295	1155	1320	1144	1335	1071	1335	1062	1380	954	1411	922	1411	860	1455	834	1498	897	1532	900	1576	868	1600	921	1629	938	1641	979	1680	1069	1712	1060	1736	1045	1779	1110	1819	1152	1849	1204	1870	1216	1912	1292	1921	1307	1935	1335	1977	4069	4095	659.0	882.0512779614835	969.1819829940796	26	1	0.6489315032958984	4.761904761904762	4.382470119521913			4.332383735987273	0.9283614420547733	4.272492466637968	1.3897839670486705	4.24097055654048	2.5162961487005777	4.266522649024505	4.016212232866617	4.258047545457535	5.031583532999346	4.241372662425294	5.553667653769601	4.175397992055798	5.608504398826979	4.063432154379984	5.77362183320648	4.087193460490464	5.265772478887233	4.095791001451379	5.210511443910709	4.015367103016505	4.857933683556459	4.047400484019027	4.6914552511672385	4.092784350154368	4.952244244465301	4.107458844978283	4.859611231101512	4.154255739779107	4.5640971711010625	4.141965880556059	4.676551233878339	4.143667489125734	4.62046204620462	4.111545399879735	4.606191775665757	4.144464179988159	4.842362746874434	4.165348774968979	4.639152698148716	4.172174289216275	4.410213125131884	4.226757585117252	4.4937451925023275	4.266147567897181	4.504398826979472	4.275539934329187	4.535523242673096	4.271064111641505	4.411551298795531	4.330985117901556	4.51180332448666	4.3100740408346425	4.392243841785126	4.299617811750067	4.352787740462993	4.358946091941352	4.770446445319827	4.761904761904762	4.981291809970142	5.056619901250537	5.003457885045988	3.719599427753934	4.761904761904762	4.756755381316593	3.499569093610698	11.373700000000001	0.03717830764719076	20.99476909637451	0.0	20.387425956638797	0.0	18.973505571619633	0.0	17.6852921522929	2.8761307987590453e-06	16.60751013862905	-1.6461973325793106e-05	15.693118952059685	-1.4773609212428741e-05	14.931502236614339	-1.512249218671237e-05	14.275559932616302	-1.5550100349980924e-05	13.693205974311487	-1.6039298419701392e-05	13.166649531775274	-1.6582171291618488e-05	12.681701225625975	-1.6024265316050018e-05	12.230792410211146	-1.5422560358562664e-05	11.821014795043789	-1.5997322294360575e-05	11.432955997645854	-1.6596493288633443e-05	11.072805107996738	-1.7213823494750444e-05	10.729543647223798	-1.7854739334540132e-05	10.407356845331824	-1.5675321344087554e-05	10.105388612375384	-1.4786840303603405e-05	9.820712057534175	-1.5344106942287744e-06	9.553750105539173	-1.5930466698952412e-06	9.309809675830913	-1.6524091298909245e-06	9.078016399039871	-1.715742624880327e-06	8.854928435921872	-1.7813119005885453e-06	8.64050695650405	-1.8493996848622937e-06	8.443349384677145	-1.9207867542545426e-06	8.25635010871083	-1.994698092470214e-05	8.076414273281115	-2.072199577685726e-05	7.910418061965255	-2.153520144027427e-05	7.748133271538184	-2.2389596897697453e-05
10	1	24	0	0	1143	95	1177	727	1169	1265	1206	1394	1257	1347	1288	1117	1324	1104	1369	994	1413	1003	1425	931	1448	882	1519	867	1516	848	1563	888	1619	897	1668	922	1709	964	1744	953	1778	999	1763	1025	1796	1092	1812	1127	1852	1164	1898	1192	1924	1242	1915	1292	1932	1339	1952	1401	1982	4062	4095	610.0	860.3033383010277	916.2478218078613	33	1	0.6514606475830078	4.761904761904762	4.780876494023905			4.228791298235229	1.4699056165867244	4.222270053092266	2.0370422258959344	4.063684082455592	3.6008084028351024	4.070748666711673	5.136330140014738	4.133100976556078	5.868002613809628	4.13855150697256	5.42259332977329	4.140993963656835	5.781315458734813	4.166920314117002	5.403936066108514	4.184930695415235	5.536236683777667	4.136429608127721	5.261373269285109	4.120660216277746	4.98220640569395	4.22543047094495	4.877088372616302	4.141963334335127	4.681720311378568	4.19057322108424	4.794816414686824	4.267601549938055	4.716584288568725	4.317999430479691	4.681628922514471	4.3471625162160095	4.748534554948032	4.369613148927641	4.483861861296697	4.386224590487467	4.5252763181735824	4.289433347120508	4.485973127926824	4.316373861424211	4.608567208271787	4.305162869158212	4.562568317072183	4.343543318166893	4.551319648093842	4.388845211117792	4.49031869208167	4.394399652833291	4.505877231171093	4.337780596643034	4.51180332448666	4.334754319048687	4.499781564001747	4.337392231801617	4.567981741115097	4.369970234814243	4.7622397298818235	4.761904761904762	4.610907441702256	4.9319434031308225	4.730182224929742	4.721030042918455	4.761904761904762	4.775294349815935	3.499569093610698	11.373700000000001	0.03717830764719076	20.99476909637451	0.0	20.387425956638797	0.0	18.973505571619633	0.0	17.6852921522929	2.8761307987590453e-06	16.60751013862905	-1.6461973325793106e-05	15.693118952059685	-1.4773609212428741e-05	14.931502236614339	-1.512249218671237e-05	14.275559932616302	-1.5550100349980924e-05	13.693205974311487	-1.6039298419701392e-05	13.166649531775274	-1.6582171291618488e-05	12.681701225625975	-1.6024265316050018e-05	12.230792410211146	-1.5422560358562664e-05	11.821014795043789	-1.5997322294360575e-05	11.432955997645854	-1.6596493288633443e-05	11.072805107996738	-1.7213823494750444e-05	10.729543647223798	-1.7854739334540132e-05	10.407356845331824	-1.5675321344087554e-05	10.105388612375384	-1.4786840303603405e-05	9.820712057534175	-1.5344106942287744e-06	9.553750105539173	-1.5930466698952412e-06	9.309809675830913	-1.6524091298909245e-06	9.078016399039871	-1.715742624880327e-06	8.854928435921872	-1.7813119005885453e-06	8.64050695650405	-1.8493996848622937e-06	8.443349384677145	-1.9207867542545426e-06	8.25635010871083	-1.994698092470214e-05	8.076414273281115	-2.072199577685726e-05	7.910418061965255	-2.153520144027427e-05	7.748133271538184	-2.2389596897697453e-05
11	1	21	0	0	1054	114	1123	1128	1186	1692	1238	1547	1234	1392	1230	1215	1263	1099	1319	1034	1393	905	1411	885	1460	953	1503	936	1547	880	1578	894	1605	893	1648	884	1688	935	1710	949	1734	975	1749	1012	1771	1066	1772	1154	1804	1229	1839	1249	1848	1244	1851	1305	1878	1392	1888	1432	1924	4066	4095	555.0	831.4859149431915	856.540488243103	29	1	0.6540851593017578	4.761904761904762	4.183266932270916			3.899515335380517	1.7638867399040692	4.028555029415985	3.160637731513912	4.122779573817221	4.81625914434545	4.178761898332546	5.700073691967575	4.0574754216946705	6.064038335874537	3.9521881627144784	5.898344579833973	3.950207987989866	5.755131964809384	4.014731843915505	5.621398282048494	4.12569600758204	4.995308273996798	4.095791001451379	5.001412828482622	4.154809334092203	5.383268372592216	4.180922974213469	5.26523035382798	4.226660473757548	4.858389002373985	4.230789854683898	4.827213822894168	4.230698262909561	4.695551582711116	4.26622485697274	4.488676754341424	4.293745071604812	4.605684449041919	4.284425736620565	4.465041874470687	4.277679100059207	4.416560971190433	4.2553709155495	4.429077858987264	4.2562907063375715	4.49883941759865	4.210126161229775	4.671875632565483	4.230967681410948	4.805474095796677	4.252416408453961	4.705040307390944	4.22081629856337	4.513133072123059	4.192810383491517	4.55720072635843	4.2135965896342835	4.677890916423026	4.195182650431073	4.669057711118357	4.2420901774887	4.7669292815606825	4.761904761904762	4.1951698854832005	4.766738998245464	4.421939671764692	4.148783977110158	4.761904761904762	4.794532374442704	3.499569093610698	11.373700000000001	0.03717830764719076	20.99476909637451	0.0	20.387425956638797	0.0	18.973505571619633	0.0	17.6852921522929	2.8761307987590453e-06	16.60751013862905	-1.6461973325793106e-05	15.693118952059685	-1.4773609212428741e-05	14.931502236614339	-1.512249218671237e-05	14.275559932616302	-1.5550100349980924e-05	13.693205974311487	-1.6039298419701392e-05	13.166649531775274	-1.6582171291618488e-05	12.681701225625975	-1.6024265316050018e-05	12.230792410211146	-1.5422560358562664e-05	11.821014795043789	-1.5997322294360575e-05	11.432955997645854	-1.6596493288633443e-05	11.072805107996738	-1.7213823494750444e-05	10.729543647223798	-1.7854739334540132e-05	10.407356845331824	-1.5675321344087554e-05	10.105388612375384	-1.4786840303603405e-05	9.820712057534175	-1.5344106942287744e-06	9.553750105539173	-1.5930466698952412e-06	9.309809675830913	-1.6524091298909245e-06	9.078016399039871	-1.715742624880327e-06	8.854928435921872	-1.7813119005885453e-06	8.64050695650405	-1.8493996848622937e-06	8.443349384677145	-1.9207867542545426e-06	8.25635010871083	-1.994698092470214e-05	8.076414273281115	-2.072199577685726e-05	7.910418061965255	-2.153520144027427e-05	7.748133271538184	-2.2389596897697453e-05
12	1	23	0	0	1056	172	1072	1441	1135	2013	1155	1666	1196	1477	1270	1205	1323	1020	1404	983	1429	994	1465	902	1477	887	1479	921	1526	919	1533	967	1551	996	1593	1036	1621	1041	1681	1050	1693	1032	1729	1061	1709	1138	1751	1182	1784	1227	1804	1299	1813	1401	1839	1428	1869	1468	1896	1467	1882	4067	4095	515.0	799.4115214946072	803.9043493270874	28	1	0.6578292846679688	4.761904761904762	4.581673306772909			3.906914795219949	2.661302800557017	3.8456019514994977	4.037658662332932	3.945493099732332	5.729982067120208	3.8986025788159053	6.138540899042004	3.9325288527932134	6.4343280331082555	4.080714607030397	5.849798533909413	4.137866324711475	5.341432760787599	4.273452243258051	5.344133956725019	4.232318445681791	5.486559584920241	4.252539912917271	5.097485165300932	4.203187250996017	5.010450206179744	4.1141617291162484	5.180851662260224	4.169284992213328	5.073703969524651	4.110139953884927	5.221382289416847	4.0883570129425095	5.237143758544536	4.123844779828626	5.260485427033614	4.123317986416707	5.127826215457366	4.2117658849468835	4.94024654182742	4.176534438523782	4.674759920275412	4.2067102990194885	4.643529257297913	4.107284481722704	4.802700991770416	4.160231889567346	4.785231367151128	4.1840611660959715	4.797653958944281	4.171484067890672	4.893392601521886	4.140876595939063	5.082716586852416	4.1656284685256075	4.9867299902220985	4.193403634731883	4.933293006687502	4.212958848102391	4.783175741767199	4.149487377356411	4.768101669480398	4.761904761904762	3.892815299142069	4.582863048757034	4.150202568806884	4.005722460658083	4.761904761904762	4.821977318005455	3.499569093610698	11.373700000000001	0.03717830764719076	20.99476909637451	0.0	20.387425956638797	0.0	18.973505571619633	0.0	17.6852921522929	2.8761307987590453e-06	16.60751013862905	-1.6461973325793106e-05	15.693118952059685	-1.4773609212428741e-05	14.931502236614339	-1.512249218671237e-05	14.275559932616302	-1.5550100349980924e-05	13.693205974311487	-1.6039298419701392e-05	13.166649531775274	-1.6582171291618488e-05	12.681701225625975	-1.6024265316050018e-05	12.230792410211146	-1.5422560358562664e-05	11.821014795043789	-1.5997322294360575e-05	11.432955997645854	-1.6596493288633443e-05	11.072805107996738	-1.7213823494750444e-05	10.729543647223798	-1.7854739334540132e-05	10.407356845331824	-1.5675321344087554e-05	10.105388612375384	-1.4786840303603405e-05	9.820712057534175	-1.5344106942287744e-06	9.553750105539173	-1.5930466698952412e-06	9.309809675830913	-1.6524091298909245e-06	9.078016399039871	-1.715742624880327e-06	8.854928435921872	-1.7813119005885453e-06	8.64050695650405	-1.8493996848622937e-06	8.443349384677145	-1.9207867542545426e-06	8.25635010871083	-1.994698092470214e-05	8.076414273281115	-2.072199577685726e-05	7.910418061965255	-2.153520144027427e-05	7.748133271538184	-2.2389596897697453e-05
13	1	23	0	0	1179	206	1218	1674	1218	2179	1252	1805	1271	1441	1261	1230	1309	1059	1355	1022	1393	897	1432	866	1440	870	1478	870	1471	930	1491	953	1527	1021	1570	1042	1580	1072	1599	1148	1605	1177	1648	1215	1673	1233	1728	1264	1745	1269	1784	1341	1791	1380	1825	1424	1824	1447	1857	1470	1856	4066	4095	494.0	782.0092507941964	777.1392545700073	29	1	0.6601228713989258	4.761904761904762	4.581673306772909			4.361981575344999	3.187374284388055	4.369349978476109	4.690520888789263	4.234018145792053	6.202499217215564	4.226017687166678	6.650700073691968	4.179133922993457	6.2774994554563275	4.051796157059314	5.971163648720812	4.094079379476433	5.545664013405949	4.124307542460583	5.5561596172665	4.12569600758204	4.951150852790197	4.156748911465892	4.894037863803334	4.097894137734776	4.914421284528046	4.111380010570531	4.893964110929853	4.019015873883227	5.1344338320543255	3.997533379805888	5.1457883369330455	4.025094235179377	5.36859817015459	4.064304020295633	5.290951558850411	4.01902678503294	5.2805280528052805	4.00631389055923	5.401336219064647	3.959443457667259	5.331581808298605	4.009634802072942	5.317519366274235	4.0207647383979435	5.2036294576914965	4.105585782508494	5.117201732723371	4.092593461231766	4.961876832844575	4.125237016140221	5.051608528591879	4.090628782860928	5.00653025685677	4.133916234398714	4.972761558876939	4.092438860219879	4.8627213764828445	4.126299884454715	4.792957287251386	4.092161834417373	4.7669292815606825	4.761904761904762	3.734079141312975	4.4830993835946	4.012026223439212	4.148783977110158	4.761904761904762	4.838789617870056	3.499569093610698	11.373700000000001	0.03717830764719076	20.99476909637451	0.0	20.387425956638797	0.0	18.973505571619633	0.0	17.6852921522929	2.8761307987590453e-06	16.60751013862905	-1.6461973325793106e-05	15.693118952059685	-1.4773609212428741e-05	14.931502236614339	-1.512249218671237e-05	14.275559932616302	-1.5550100349980924e-05	13.693205974311487	-1.6039298419701392e-05	13.166649531775274	-1.6582171291618488e-05	12.681701225625975	-1.6024265316050018e-05	12.230792410211146	-1.5422560358562664e-05	11.821014795043789	-1.5997322294360575e-05	11.432955997645854	-1.6596493288633443e-05	11.072805107996738	-1.7213823494750444e-05	10.729543647223798	-1.7854739334540132e-05	10.407356845331824	-1.5675321344087554e-05	10.105388612375384	-1.4786840303603405e-05	9.820712057534175	-1.5344106942287744e-06	9.553750105539173	-1.5930466698952412e-06	9.309809675830913	-1.6524091298909245e-06	9.078016399039871	-1.715742624880327e-06	8.854928435921872	-1.7813119005885453e-06	8.64050695650405	-1.8493996848622937e-06	8.443349384677145	-1.9207867542545426e-06	8.25635010871083	-1.994698092470214e-05	8.076414273281115	-2.072199577685726e-05	7.910418061965255	-2.153520144027427e-05	7.748133271538184	-2.2389596897697453e-05
14	1	17	0	0	1132	311	1165	2193	1206	2430	1230	1873	1314	1474	1322	1172	1342	1113	1376	947	1374	865	1412	883	1440	916	1454	912	1459	961	1488	1000	1520	1052	1513	1078	1569	1093	1583	1142	1630	1204	1664	1229	1678	1310	1684	1320	1716	1344	1741	1402	1756	1398	1747	1440	1758	1460	1749	1470	1767	4067	4095	459.0	758.5031561672141	736.0201225280762	28	1	0.6618690490722656	4.761904761904762	3.386454183266932			4.188094269118355	4.8120068079839085	4.179222270053092	6.144750483342206	4.192303681301492	6.916967920070594	4.151758590427327	6.901252763448785	4.320520829908263	6.421258984970595	4.24779898464109	5.689596582358367	4.197291464673318	5.828445747800586	4.188226699945212	5.148417962379036	4.069423054140504	4.774521167963791	4.098693759071118	4.990110200621645	4.097894137734776	5.1742642489973445	4.0446187654733095	5.13022444731957	3.986229884429387	5.305581626456137	3.989490053085956	5.399568034557236	4.00664259166513	5.531601640551057	3.9167464858008234	5.473748349751193	3.991046218808028	5.38397123294419	3.966225696532371	5.373106238825633	4.021117031774225	5.453886573654647	4.048563295296952	5.378791194362992	4.032781369415271	5.528592530069635	4.001045403787213	5.34391320189466	4.024579014025048	5.255131964809384	4.025805854876752	5.281398327431628	4.010689080236621	5.071832825424467	3.9572337871203027	5.028635284257578	3.9443571909356065	4.906408576133347	3.8863212158919205	4.792957287251386	3.895932091279903	4.768101669480398	4.761904761904762	3.4695188782644846	4.348343741988163	3.7997463327154235	4.005722460658083	4.761904761904762	4.851589335563229	3.499569093610698	11.373700000000001	0.03717830764719076	20.99476909637451	0.0	20.387425956638797	0.0	18.973505571619633	0.0	17.6852921522929	2.8761307987590453e-06	16.60751013862905	-1.6461973325793106e-05	15.693118952059685	-1.4773609212428741e-05	14.931502236614339	-1.512249218671237e-05	14.275559932616302	-1.5550100349980924e-05	13.693205974311487	-1.6039298419701392e-05	13.166649531775274	-1.6582171291618488e-05	12.681701225625975	-1.6024265316050018e-05	12.230792410211146	-1.5422560358562664e-05	11.821014795043789	-1.5997322294360575e-05	11.432955997645854	-1.6596493288633443e-05	11.072805107996738	-1.7213823494750444e-05	10.729543647223798	-1.7854739334540132e-05	10.407356845331824	-1.5675321344087554e-05	10.105388612375384	-1.4786840303603405e-05	9.820712057534175	-1.5344106942287744e-06	9.553750105539173	-1.5930466698952412e-06	9.309809675830913	-1.6524091298909245e-06	9.078016399039871	-1.715742624880327e-06	8.854928435921872	-1.7813119005885453e-06	8.64050695650405	-1.8493996848622937e-06	8.443349384677145	-1.9207867542545426e-06	8.25635010871083	-1.994698092470214e-05	8.076414273281115	-2.072199577685726e-05	7.910418061965255	-2.153520144027427e-05	7.748133271538184	-2.2389596897697453e-05
15	1	22	0	0	1058	470	1079	2847	1160	2789	1186	2046	1187	1533	1212	1200	1264	1025	1295	947	1315	971	1328	958	1370	905	1399	957	1427	943	1447	967	1486	1019	1525	1064	1554	1094	1575	1139	1615	1194	1605	1195	1626	1222	1611	1296	1636	1306	1680	1328	1689	1366	1711	1412	1721	1435	1724	1472	1740	4071	4095	408.0	724.1890819524925	682.0344114303589	24	1	0.6649866104125977	4.761904761904762	4.382470119521913			3.9143142550593804	7.272164629429058	3.8707131582723484	7.977247891507187	4.03239823408767	7.938857419373203	4.003240396948627	7.538688282977156	3.9029362443691844	6.678283598344588	3.894351262772315	5.825525510947133	3.953335626935227	5.367616254713029	3.9416813782187856	5.148417962379036	3.894680725032579	5.359606998951262	3.8548621190130623	5.413958745408308	3.898690950483779	5.1121278879286	3.8916242454588446	5.383360522022838	3.898800579219147	5.206205487771214	3.8795645879135607	5.221382289416847	3.9170203231673564	5.358081817225786	3.9478112299049934	5.402660708845334	3.9528909012286015	5.38889709866509	3.9461815995189413	5.3589912487061255	3.9841128873100455	5.408588512411669	3.905014476533418	5.229988183290297	3.9078084068350596	5.157206161637476	3.827603411817815	5.246751143678393	3.8369529527651394	5.106549364613881	3.8847523470378764	5.0026369321178334	3.8576616494986635	4.9557393701930055	3.875688042222575	4.9308562648414584	3.8613417096701816	4.822394730651611	3.830770598169052	4.799478317574176	3.836401719766288	4.772791221159258	4.761904761904762	3.084016780679542	4.15162815990981	3.5210419855326323	3.4334763948497855	4.761904761904762	4.874441480368792	3.499569093610698	11.373700000000001	0.03717830764719076	20.99476909637451	0.0	20.387425956638797	0.0	18.973505571619633	0.0	17.6852921522929	2.8761307987590453e-06	16.60751013862905	-1.6461973325793106e-05	15.693118952059685	-1.4773609212428741e-05	14.931502236614339	-1.512249218671237e-05	14.275559932616302	-1.5550100349980924e-05	13.693205974311487	-1.6039298419701392e-05	13.166649531775274	-1.6582171291618488e-05	12.681701225625975	-1.6024265316050018e-05	12.230792410211146	-1.5422560358562664e-05	11.821014795043789	-1.5997322294360575e-05	11.432955997645854	-1.6596493288633443e-05	11.072805107996738	-1.7213823494750444e-05	10.729543647223798	-1.7854739334540132e-05	10.407356845331824	-1.5675321344087554e-05	10.105388612375384	-1.4786840303603405e-05	9.820712057534175	-1.5344106942287744e-06	9.553750105539173	-1.5930466698952412e-06	9.309809675830913	-1.6524091298909245e-06	9.078016399039871	-1.715742624880327e-06	8.854928435921872	-1.7813119005885453e-06	8.64050695650405	-1.8493996848622937e-06	8.443349384677145	-1.9207867542545426e-06	8.25635010871083	-1.994698092470214e-05	8.076414273281115	-2.072199577685726e-05	7.910418061965255	-2.153520144027427e-05	7.748133271538184	-2.2389596897697453e-05
16	1	20	0	0	1037	506	1066	3504	1075	3195	1110	2086	1157	1545	1146	1266	1157	1103	1198	1029	1254	1012	1265	914	1297	920	1343	973	1374	990	1408	969	1458	1036	1483	1050	1502	1083	1539	1115	1552	1150	1601	1142	1607	1202	1609	1247	1663	1278	1672	1315	1696	1366	1702	1398	1690	1453	1698	1487	1707	4068	4095	360.0	692.4333774883628	632.5547380447388	27	1	0.6698999404907227	4.761904761904762	3.9840637450199203			3.8366199267453474	7.829181494661921	3.824078059979911	9.81815125108577	3.7369207772795217	9.094531894907632	3.7467089718490514	7.686072218128224	3.804294216289087	6.73055979089523	3.6822826296510507	6.145929414049226	3.618678259781691	5.776078759949728	3.646435746027881	5.594215505055996	3.714014927141334	5.585913782635094	3.671988388969521	5.165300932466799	3.690950483779169	5.19685928938598	3.735848006898662	5.473364459695111	3.7539957924646865	5.465687627670734	3.7750013405544536	5.232181425485962	3.843213749110367	5.447470817120623	3.839084625540397	5.331573067939474	3.820619133619922	5.334712575735185	3.8559831629585086	5.246071327750071	3.8286954805604894	5.2092770429425626	3.8952823532274152	4.998030548382861	3.8621452089692134	5.072800168811986	3.8228515764213924	5.0483786081535165	3.900276748440358	4.997067448680352	3.8662535263376956	4.953665335643788	3.873649590023525	4.9557393701930055	3.8553016059981426	4.881966755133398	3.791788198339691	4.882884699398462	3.772997955737268	4.8483860449951095	3.7636423768052034	4.7692740574001125	4.761904761904762	2.721191277070184	3.969579189307263	3.265600317925515	3.862660944206009	4.761904761904762	4.910456852053788	3.499569093610698	11.373700000000001	0.03717830764719076	20.99476909637451	0.0	20.387425956638797	0.0	18.973505571619633	0.0	17.6852921522929	2.8761307987590453e-06	16.60751013862905	-1.6461973325793106e-05	15.693118952059685	-1.4773609212428741e-05	14.931502236614339	-1.512249218671237e-05	14.275559932616302	-1.5550100349980924e-05	13.693205974311487	-1.6039298419701392e-05	13.166649531775274	-1.6582171291618488e-05	12.681701225625975	-1.6024265316050018e-05	12.230792410211146	-1.5422560358562664e-05	11.821014795043789	-1.5997322294360575e-05	11.432955997645854	-1.6596493288633443e-05	11.072805107996738	-1.7213823494750444e-05	10.729543647223798	-1.7854739334540132e-05	10.407356845331824	-1.5675321344087554e-05	10.105388612375384	-1.4786840303603405e-05	9.820712057534175	-1.5344106942287744e-06	9.553750105539173	-1.5930466698952412e-06	9.309809675830913	-1.6524091298909245e-06	9.078016399039871	-1.715742624880327e-06	8.854928435921872	-1.7813119005885453e-06	8.64050695650405	-1.8493996848622937e-06	8.443349384677145	-1.9207867542545426e-06	8.25635010871083	-1.994698092470214e-05	8.076414273281115	-2.072199577685726e-05	7.910418061965255	-2.153520144027427e-05	7.748133271538184	-2.2389596897697453e-05
17	1	15	0	0	1007	669	1015	3919	1022	3583	1086	2272	1135	1537	1153	1266	1178	1089	1200	1011	1281	955	1295	979	1323	1011	1333	992	1354	974	1383	975	1392	1023	1436	1013	1492	1079	1504	1140	1513	1153	1537	1207	1544	1230	1557	1276	1563	1327	1567	1330	1586	1367	1603	1398	1631	1431	1616	1461	1595	4072	4095	331.0	669.8849853798233	601.3294525146484	23	1	0.6736507415771484	4.761904761904762	2.9880478087649402			3.725628029153872	10.351230078910723	3.6411249820634235	10.980974529967217	3.5526818924462056	10.198969571034128	3.6656990481333964	8.371407516580692	3.731956729030349	6.695708995861469	3.7047747574063363	6.145929414049226	3.6843586776342536	5.702764976958526	3.652523284835941	5.496357507883006	3.793981755716147	5.271292156538058	3.759071117561684	5.532636337948573	3.764940239043825	5.7108964582274195	3.7080308214414868	5.580244135680936	3.699352476708287	5.377353282173026	3.707973617888358	5.264578833693304	3.66924111026175	5.379114523083395	3.717414377799063	5.143698588402559	3.7951822552336374	5.315009112851583	3.7682902385247545	5.363696245412628	3.7324847049536216	5.222866461315456	3.739568380331379	5.28250689308066	3.7107356581508806	5.190968558767672	3.6993038561144242	5.165782761831505	3.6657441718654717	5.188660801564027	3.623456504647829	5.01017102388307	3.6224105246328486	4.959367290668989	3.63105080752939	4.881966755133398	3.6594121606461743	4.808952515374534	3.590791929606257	4.763612650798827	3.516701576452431	4.773963609078971	4.761904761904762	2.5019842019728635	3.8403138607191667	3.10439798044944	3.290414878397711	4.761904761904762	4.93795072954546	3.499569093610698	11.373700000000001	0.03717830764719076	20.99476909637451	0.0	20.387425956638797	0.0	18.973505571619633	0.0	17.6852921522929	2.8761307987590453e-06	16.60751013862905	-1.6461973325793106e-05	15.693118952059685	-1.4773609212428741e-05	14.931502236614339	-1.512249218671237e-05	14.275559932616302	-1.5550100349980924e-05	13.693205974311487	-1.6039298419701392e-05	13.166649531775274	-1.6582171291618488e-05	12.681701225625975	-1.6024265316050018e-05	12.230792410211146	-1.5422560358562664e-05	11.821014795043789	-1.5997322294360575e-05	11.432955997645854	-1.6596493288633443e-05	11.072805107996738	-1.7213823494750444e-05	10.729543647223798	-1.7854739334540132e-05	10.407356845331824	-1.5675321344087554e-05	10.105388612375384	-1.4786840303603405e-05	9.820712057534175	-1.5344106942287744e-06	9.553750105539173	-1.5930466698952412e-06	9.309809675830913	-1.6524091298909245e-06	9.078016399039871	-1.715742624880327e-06	8.854928435921872	-1.7813119005885453e-06	8.64050695650405	-1.8493996848622937e-06	8.443349384677145	-1.9207867542545426e-06	8.25635010871083	-1.994698092470214e-05	8.076414273281115	-2.072199577685726e-05	7.910418061965255	-2.153520144027427e-05	7.748133271538184	-2.2389596897697453e-05
18	1	16	0	0	963	899	985	4635	989	3745	999	2317	1050	1670	1105	1274	1112	1046	1160	969	1224	967	1255	993	1265	943	1320	933	1332	937	1372	966	1392	956	1397	993	1415	1025	1439	1093	1471	1116	1485	1178	1505	1225	1525	1259	1529	1299	1536	1328	1539	1372	1529	1398	1535	1406	1562	1415	1572	4074	4095	302.0	650.3598364875403	571.017653465271	21	1	0.6795940399169922	4.761904761904762	3.187250996015936			3.562839912686374	13.909948940120687	3.5335055244654896	12.987194934013283	3.43796711509716	10.660100765705502	3.3720380746641467	8.537214443625645	3.4524709828034066	7.275103463297756	3.5505430242272347	6.184766250788874	3.477934507240484	5.477586929199832	3.5307725086747426	5.268022181146026	3.6251628953915414	5.3375282883479604	3.6429608127721336	5.611754732975417	3.5998861696072852	5.32678077162063	3.6718684803471584	5.248354615514429	3.6392448293762465	5.173080108209573	3.678481419915277	5.215982721382289	3.66924111026175	5.026816699968451	3.616453959460509	5.042144815679903	3.599318291659247	5.04901236392296	3.6054319502906393	5.14256140020702	3.628873100453917	5.055263634716434	3.613050777353349	5.155586677753949	3.6170059362157225	5.1698670605613	3.6232744897716747	5.096959637261649	3.586003095830011	5.0791788856304985	3.5517735744346295	5.0026369321178334	3.515062923965923	4.977506893048904	3.4634289985729496	4.881966755133398	3.4440206416872337	4.724938669892798	3.47080259532486	4.613628953374633	3.465990519237129	4.776308384918402	4.761904761904762	2.2827771268755432	3.7283801682792252	2.947911569615631	3.004291845493562	4.761904761904762	4.981515907406661	3.499569093610698	11.373700000000001	0.03717830764719076	20.99476909637451	0.0	20.387425956638797	0.0	18.973505571619633	0.0	17.6852921522929	2.8761307987590453e-06	16.60751013862905	-1.6461973325793106e-05	15.693118952059685	-1.4773609212428741e-05	14.931502236614339	-1.512249218671237e-05	14.275559932616302	-1.5550100349980924e-05	13.693205974311487	-1.6039298419701392e-05	13.166649531775274	-1.6582171291618488e-05	12.681701225625975	-1.6024265316050018e-05	12.230792410211146	-1.5422560358562664e-05	11.821014795043789	-1.5997322294360575e-05	11.432955997645854	-1.6596493288633443e-05	11.072805107996738	-1.7213823494750444e-05	10.729543647223798	-1.7854739334540132e-05	10.407356845331824	-1.5675321344087554e-05	10.105388612375384	-1.4786840303603405e-05	9.820712057534175	-1.5344106942287744e-06	9.553750105539173	-1.5930466698952412e-06	9.309809675830913	-1.6524091298909245e-06	9.078016399039871	-1.715742624880327e-06	8.854928435921872	-1.7813119005885453e-06	8.64050695650405	-1.8493996848622937e-06	8.443349384677145	-1.9207867542545426e-06	8.25635010871083	-1.994698092470214e-05	8.076414273281115	-2.072199577685726e-05	7.910418061965255	-2.153520144027427e-05	7.748133271538184	-2.2389596897697453e-05
19	1	19	0	0	917	1198	920	5334	963	4157	989	2501	1019	1643	1073	1225	1101	1066	1130	1008	1157	910	1183	862	1204	863	1248	874	1254	927	1272	949	1291	1002	1311	1008	1365	1047	1380	1092	1405	1128	1429	1153	1441	1181	1474	1224	1478	1248	1499	1262	1495	1288	1521	1319	1531	1371	1522	1376	1540	4068	4095	268.0	624.1444224483606	533.5285930633545	27	1	0.685429573059082	4.761904761904762	3.7848605577689245			3.3926523363794447	18.536283459693642	3.3003300330033	14.945781613382275	3.3475857753676084	11.832854174375909	3.3382839397826234	9.21518054532056	3.3505408871206392	7.1574820300588105	3.4477218687745004	5.946890625758532	3.443530478841522	5.58232090490155	3.4394594265538445	5.480047841687507	3.426726691150338	5.022906662250925	3.4339622641509435	4.871432608081379	3.4262948207171315	4.874879963847936	3.4715847450554955	4.916465095347922	3.4261358979262866	5.117871142273505	3.410370529250898	5.124190064794817	3.4030102538418956	5.26869281733095	3.3938232933806205	5.118310145221895	3.472133899727826	5.1573814097827695	3.457606734816596	5.137856403500518	3.4660548648115257	5.109621308208009	3.476801051069317	5.046172699024027	3.4631930591939244	4.984173876345221	3.5021026871629166	4.955264969029594	3.466391481776819	4.879765395894428	3.4662165286962954	4.754011903864988	3.4145672978096524	4.672761573066318	3.44530772192901	4.606090236066489	3.4350459950639443	4.6073192862183685	3.3819216069682696	4.486468862080209	3.395436004850623	4.7692740574001125	4.761904761904762	2.0257757284855815	3.5780925516041466	2.754372133098805	3.862660944206009	4.761904761904762	5.024291151843869	3.499569093610698	11.373700000000001	0.03717830764719076	20.99476909637451	0.0	20.387425956638797	0.0	18.973505571619633	0.0	17.6852921522929	2.8761307987590453e-06	16.60751013862905	-1.6461973325793106e-05	15.693118952059685	-1.4773609212428741e-05	14.931502236614339	-1.512249218671237e-05	14.275559932616302	-1.5550100349980924e-05	13.693205974311487	-1.6039298419701392e-05	13.166649531775274	-1.6582171291618488e-05	12.681701225625975	-1.6024265316050018e-05	12.230792410211146	-1.5422560358562664e-05	11.821014795043789	-1.5997322294360575e-05	11.432955997645854	-1.6596493288633443e-05	11.072805107996738	-1.7213823494750444e-05	10.729543647223798	-1.7854739334540132e-05	10.407356845331824	-1.5675321344087554e-05	10.105388612375384	-1.4786840303603405e-05	9.820712057534175	-1.5344106942287744e-06	9.553750105539173	-1.5930466698952412e-06	9.309809675830913	-1.6524091298909245e-06	9.078016399039871	-1.715742624880327e-06	8.854928435921872	-1.7813119005885453e-06	8.64050695650405	-1.8493996848622937e-06	8.443349384677145	-1.9207867542545426e-06	8.25635010871083	-1.994698092470214e-05	8.076414273281115	-2.072199577685726e-05	7.910418061965255	-2.153520144027427e-05	7.748133271538184	-2.2389596897697453e-05
20	1	19	0	0	802	1671	868	6603	899	4518	898	2443	938	1449	981	1185	1019	1064	1085	956	1143	921	1157	854	1159	848	1159	841	1212	903	1231	897	1275	942	1328	981	1334	1038	1318	1085	1359	1144	1380	1154	1364	1143	1399	1203	1402	1223	1406	1272	1423	1330	1399	1314	1432	1341	1460	1364	1461	4074	4095	226.0	582.8735461277488	479.8090515136719	21	1	0.6971359252929688	4.761904761904762	3.7848605577689245			2.9671833956121203	25.854866161225438	3.1137896398335485	18.501499061335423	3.1251086314179446	12.860436651390511	3.031121312360764	9.00147383935151	3.0842074113043765	6.3123502504900895	3.1521110468478892	5.752706442060294	3.1870640853219903	5.571847507331378	3.3024898033724965	5.1973469609655325	3.385262409667101	5.083623116410001	3.3584905660377355	4.826222096637468	3.2982356289129195	4.790148562390555	3.2240117944866338	4.730831973898858	3.3113849348378457	4.985369624026942	3.300445064078503	4.84341252699784	3.360835068666473	4.953202229466821	3.437831680861529	4.981212552046308	3.3932795767303436	5.113048618294665	3.3022649829625177	5.104921426555001	3.352575488454707	5.182098206196774	3.357582540570789	5.050549258173224	3.278136941527073	4.823802489976789	3.3239088597970965	4.870248168090361	3.288146723579905	4.782013685239492	3.251167738056699	4.791682362691177	3.2501199095539364	4.825134233057611	3.168958253108931	4.5886296968850395	3.2129234911375364	4.506502671640286	3.2441560750155545	4.447342680143462	3.221254547458935	4.776308384918402	4.761904761904762	1.7083034128273933	3.341495043319636	2.477041901559145	3.004291845493562	4.761904761904762	5.110100291485434	3.499569093610698	11.373700000000001	0.03717830764719076	20.99476909637451	0.0	20.387425956638797	0.0	18.973505571619633	0.0	17.6852921522929	2.8761307987590453e-06	16.60751013862905	-1.6461973325793106e-05	15.693118952059685	-1.4773609212428741e-05	14.931502236614339	-1.512249218671237e-05	14.275559932616302	-1.5550100349980924e-05	13.693205974311487	-1.6039298419701392e-05	13.166649531775274	-1.6582171291618488e-05	12.681701225625975	-1.6024265316050018e-05	12.230792410211146	-1.5422560358562664e-05	11.821014795043789	-1.5997322294360575e-05	11.432955997645854	-1.6596493288633443e-05	11.072805107996738	-1.7213823494750444e-05	10.729543647223798	-1.7854739334540132e-05	10.407356845331824	-1.5675321344087554e-05	10.105388612375384	-1.4786840303603405e-05	9.820712057534175	-1.5344106942287744e-06	9.553750105539173	-1.5930466698952412e-06	9.309809675830913	-1.6524091298909245e-06	9.078016399039871	-1.715742624880327e-06	8.854928435921872	-1.7813119005885453e-06	8.64050695650405	-1.8493996848622937e-06	8.443349384677145	-1.9207867542545426e-06	8.25635010871083	-1.994698092470214e-05	8.076414273281115	-2.072199577685726e-05	7.910418061965255	-2.153520144027427e-05	7.748133271538184	-2.2389596897697453e-05
