	counts(inten<0.01	MicrocoloniesPlatonic	MicrocoloniesAggregates	MicrocoloniesLarge	counts(Norminten<0.01	counts(inten<0.02	counts(Norminten<0.02	counts(inten<0.03	counts(Norminten<0.03	counts(inten<0.04	counts(Norminten<0.04	counts(inten<0.05	counts(Norminten<0.05	counts(inten<0.060000000000000005	counts(Norminten<0.060000000000000005	counts(inten<0.06999999999999999	counts(Norminten<0.06999999999999999	counts(inten<0.08	counts(Norminten<0.08	counts(inten<0.09	counts(Norminten<0.09	counts(inten<0.09999999999999999	counts(Norminten<0.09999999999999999	counts(inten<0.11	counts(Norminten<0.11	counts(inten<0.12	counts(Norminten<0.12	counts(inten<0.13	counts(Norminten<0.13	counts(inten<0.14	counts(Norminten<0.14	counts(inten<0.15000000000000002	counts(Norminten<0.15000000000000002	counts(inten<0.16	counts(Norminten<0.16	counts(inten<0.17	counts(Norminten<0.17	counts(inten<0.18000000000000002	counts(Norminten<0.18000000000000002	counts(inten<0.19	counts(Norminten<0.19	counts(inten<0.2	counts(Norminten<0.2	counts(inten<0.21000000000000002	counts(Norminten<0.21000000000000002	counts(inten<0.22	counts(Norminten<0.22	counts(inten<0.23	counts(Norminten<0.23	counts(inten<0.24000000000000002	counts(Norminten<0.24000000000000002	counts(inten<0.25	counts(Norminten<0.25	counts(inten<0.26	counts(Norminten<0.26	counts(inten<0.27	counts(Norminten<0.27	counts(inten<0.28	counts(Norminten<0.28	counts(inten<0.29000000000000004	counts(Norminten<0.29000000000000004	diff	max	med	std	mean	min	eigenLocal	minProp	counts(inten<0.01Normalized	MicrocoloniesPlatonicNormalized	MicrocoloniesAggregatesNormalized	MicrocoloniesLargeNormalized	counts(Norminten<0.01Normalized	counts(inten<0.02Normalized	counts(Norminten<0.02Normalized	counts(inten<0.03Normalized	counts(Norminten<0.03Normalized	counts(inten<0.04Normalized	counts(Norminten<0.04Normalized	counts(inten<0.05Normalized	counts(Norminten<0.05Normalized	counts(inten<0.060000000000000005Normalized	counts(Norminten<0.060000000000000005Normalized	counts(inten<0.06999999999999999Normalized	counts(Norminten<0.06999999999999999Normalized	counts(inten<0.08Normalized	counts(Norminten<0.08Normalized	counts(inten<0.09Normalized	counts(Norminten<0.09Normalized	counts(inten<0.09999999999999999Normalized	counts(Norminten<0.09999999999999999Normalized	counts(inten<0.11Normalized	counts(Norminten<0.11Normalized	counts(inten<0.12Normalized	counts(Norminten<0.12Normalized	counts(inten<0.13Normalized	counts(Norminten<0.13Normalized	counts(inten<0.14Normalized	counts(Norminten<0.14Normalized	counts(inten<0.15000000000000002Normalized	counts(Norminten<0.15000000000000002Normalized	counts(inten<0.16Normalized	counts(Norminten<0.16Normalized	counts(inten<0.17Normalized	counts(Norminten<0.17Normalized	counts(inten<0.18000000000000002Normalized	counts(Norminten<0.18000000000000002Normalized	counts(inten<0.19Normalized	counts(Norminten<0.19Normalized	counts(inten<0.2Normalized	counts(Norminten<0.2Normalized	counts(inten<0.21000000000000002Normalized	counts(Norminten<0.21000000000000002Normalized	counts(inten<0.22Normalized	counts(Norminten<0.22Normalized	counts(inten<0.23Normalized	counts(Norminten<0.23Normalized	counts(inten<0.24000000000000002Normalized	counts(Norminten<0.24000000000000002Normalized	counts(inten<0.25Normalized	counts(Norminten<0.25Normalized	counts(inten<0.26Normalized	counts(Norminten<0.26Normalized	counts(inten<0.27Normalized	counts(Norminten<0.27Normalized	counts(inten<0.28Normalized	counts(Norminten<0.28Normalized	counts(inten<0.29000000000000004Normalized	counts(Norminten<0.29000000000000004Normalized	diffNormalized	maxNormalized	medNormalized	stdNormalized	meanNormalized	minNormalized	eigenLocalNormalized	minPropNormalized	BioVolume	SubstratumCoverage	Homogenity	ThicknessThreshold=0.01	RoughnessThreshold=0.01	ThicknessThreshold=0.02	RoughnessThreshold=0.02	ThicknessThreshold=0.03	RoughnessThreshold=0.03	ThicknessThreshold=0.04	RoughnessThreshold=0.04	ThicknessThreshold=0.05	RoughnessThreshold=0.05	ThicknessThreshold=0.060000000000000005	RoughnessThreshold=0.060000000000000005	ThicknessThreshold=0.06999999999999999	RoughnessThreshold=0.06999999999999999	ThicknessThreshold=0.08	RoughnessThreshold=0.08	ThicknessThreshold=0.09	RoughnessThreshold=0.09	ThicknessThreshold=0.09999999999999999	RoughnessThreshold=0.09999999999999999	ThicknessThreshold=0.11	RoughnessThreshold=0.11	ThicknessThreshold=0.12	RoughnessThreshold=0.12	ThicknessThreshold=0.13	RoughnessThreshold=0.13	ThicknessThreshold=0.14	RoughnessThreshold=0.14	ThicknessThreshold=0.15000000000000002	RoughnessThreshold=0.15000000000000002	ThicknessThreshold=0.16	RoughnessThreshold=0.16	ThicknessThreshold=0.17	RoughnessThreshold=0.17	ThicknessThreshold=0.18000000000000002	RoughnessThreshold=0.18000000000000002	ThicknessThreshold=0.19	RoughnessThreshold=0.19	ThicknessThreshold=0.2	RoughnessThreshold=0.2	ThicknessThreshold=0.21000000000000002	RoughnessThreshold=0.21000000000000002	ThicknessThreshold=0.22	RoughnessThreshold=0.22	ThicknessThreshold=0.23	RoughnessThreshold=0.23	ThicknessThreshold=0.24000000000000002	RoughnessThreshold=0.24000000000000002	ThicknessThreshold=0.25	RoughnessThreshold=0.25	ThicknessThreshold=0.26	RoughnessThreshold=0.26	ThicknessThreshold=0.27	RoughnessThreshold=0.27	ThicknessThreshold=0.28	RoughnessThreshold=0.28	ThicknessThreshold=0.29000000000000004	RoughnessThreshold=0.29000000000000004
0	1	2	0	0	3662	1	3736	1	3823	4	3881	12	3987	4	4059	10	4141	15	4248	27	4344	23	4401	20	4466	30	4526	29	4616	36	4670	39	4735	52	4816	69	4904	96	4959	118	4997	136	5046	158	5114	200	5197	276	5240	316	5299	370	5363	456	5430	534	5476	610	5506	702	5580	4009	4095	1928.0	1076.077779641945	2061.1773777008057	86	1	0.542210578918457	4.761904761904762	0.7751937984496124			14.697383207577461	0.028530670470756064	14.659028486227733	0.0016766989151758018	14.735016380805549	0.006457445434586077	14.751045229950588	0.027981811822315492	14.925876010781671	0.013825521913452233	14.824689554419285	0.04729474082482028	14.895147656559116	0.09207537904364373	15.01484518591828	0.19637791839406502	15.09066907524491	0.18772445315050604	15.020477815699659	0.17075044821992658	15.022874058127018	0.268985923070026	14.978819168652368	0.2599032084602976	14.990906729020526	0.3246167718665464	14.898232629362598	0.3463895550226485	14.853038050127044	0.45359385903698535	14.833980163863734	0.5852913733141064	14.89038683427461	0.7770133549170376	14.85531124558145	0.9249098604796989	14.744327402555252	1.020637898686679	14.68439891744027	1.1608258026596134	14.635263142832613	1.413827230312456	14.63943661971831	1.8524733203570711	14.553534231356757	2.0500843389126766	14.505091426694406	2.289745652577511	14.531906245766157	2.7031833540814514	14.521434493086941	3.0315072381493047	14.446642923097217	3.3164790953079977	14.365102141981268	3.6619718309859155	14.382926074853078	4.719913348560127	4.761904761904762	11.868997783797095	5.245905407048218	8.72695872413298	8.136234626300851	4.761904761904762	4.02175763744472	69.25043478260869	0.38870000000000005	0.03706280576642258	20.999122619628906	0.0	20.402830123901367	0.0	18.581976383202147	3.815010157464544e-06	17.04705899198167	1.9091274428478837e-06	15.934590570434743	1.9133135050277096e-06	15.093120486507031	1.919616076784643e-06	14.425967046327784	1.928357656351239e-06	13.872863148423926	9.695343229693345e-07	13.393605645016509	9.757020908320104e-07	12.969486908360489	1.965418462158324e-06	12.59040924806944	9.904128040567308e-07	12.245357199936072	9.98882250761398e-07	11.925090759516769	2.0163200948476974e-06	11.6302010080446	2.036867298095529e-06	11.35285452827353	2.0587293728183902e-06	11.088249995313994	2.082671651194152e-06	10.838058276168834	-7.378339093708068e-06	10.595083902899395	-8.54083104421268e-06	10.365527717131414	-8.655189164568684e-06	10.145119211139539	1.3165242443425113e-05	9.933807511643069	1.3350882326435748e-05	9.721425111417986	1.3549707100498178e-05	9.515763671613009	-9.17193479671553e-06	9.31830911098789	-9.319284511931596e-06	9.123945086465605	-8.29009653225262e-06	8.934717007043654	-9.63730020672009e-06	8.750732159997646	-9.807094452126668e-06	8.571392379155247	-9.984087859973167e-06	8.395718425132806	1.5250508668007864e-05
1	1	4	0	0	3412	1	3455	1	3526	6	3578	8	3612	12	3675	21	3722	28	3777	24	3850	21	3903	32	3955	46	4008	55	4048	75	4096	91	4132	133	4187	175	4251	233	4309	258	4385	304	4421	351	4460	410	4493	469	4551	550	4585	656	4621	731	4666	833	4700	936	4740	1053	4781	4020	4095	1816.0	1110.1275717178855	1995.5283107757568	75	1	0.5548524856567383	4.761904761904762	1.550387596899225			13.69401187991652	0.028530670470756064	13.556462371498077	0.0016766989151758018	13.590287145885526	0.009686168151879117	13.599391866210567	0.018654541214876995	13.522012578616351	0.04147656574035669	13.422205989773559	0.09931895573212259	13.38800762562498	0.1718740408814683	13.350063622225363	0.17455814968361336	13.374557076356563	0.1714005876591577	13.320819112627985	0.2732007171518825	13.303955866523143	0.4124450820407065	13.264495631453535	0.49291987811435745	13.146271758898415	0.6762849413886384	13.067057997830664	0.8082422950528465	12.961510712381191	1.1601535240753664	12.896568718043492	1.4844346424633132	12.907633448715613	1.8858761634965602	12.908154095021269	2.0222605424047657	12.93853825499395	2.2814258911819887	12.865582166865524	2.5787965616045847	12.763643648227113	2.8983458221405347	12.656338028169015	3.1478622726357472	12.639911123455075	3.5681847670948486	12.550640534326071	4.05965715700229	12.521338572009213	4.333392613670046	12.478271334206937	4.728924212319046	12.399419601635667	5.088892513456207	12.366615356518563	5.492957746478874	12.323435405711928	4.73286397136735	4.761904761904762	11.17951243536075	5.411898973442162	8.449002686224286	7.095553453169347	4.761904761904762	4.115526897863729	69.25043478260869	0.38870000000000005	0.03706280576642258	20.999122619628906	0.0	20.402830123901367	0.0	18.581976383202147	3.815010157464544e-06	17.04705899198167	1.9091274428478837e-06	15.934590570434743	1.9133135050277096e-06	15.093120486507031	1.919616076784643e-06	14.425967046327784	1.928357656351239e-06	13.872863148423926	9.695343229693345e-07	13.393605645016509	9.757020908320104e-07	12.969486908360489	1.965418462158324e-06	12.59040924806944	9.904128040567308e-07	12.245357199936072	9.98882250761398e-07	11.925090759516769	2.0163200948476974e-06	11.6302010080446	2.036867298095529e-06	11.35285452827353	2.0587293728183902e-06	11.088249995313994	2.082671651194152e-06	10.838058276168834	-7.378339093708068e-06	10.595083902899395	-8.54083104421268e-06	10.365527717131414	-8.655189164568684e-06	10.145119211139539	1.3165242443425113e-05	9.933807511643069	1.3350882326435748e-05	9.721425111417986	1.3549707100498178e-05	9.515763671613009	-9.17193479671553e-06	9.31830911098789	-9.319284511931596e-06	9.123945086465605	-8.29009653225262e-06	8.934717007043654	-9.63730020672009e-06	8.750732159997646	-9.807094452126668e-06	8.571392379155247	-9.984087859973167e-06	8.395718425132806	1.5250508668007864e-05
2	1	5	0	0	2633	1	2652	1	2689	15	2733	19	2778	28	2829	48	2886	45	2917	88	2975	99	3015	145	3071	189	3122	236	3167	268	3199	332	3244	376	3267	444	3276	511	3305	573	3344	677	3382	748	3421	812	3444	882	3458	958	3481	1047	3521	1123	3547	1188	3564	1258	3574	1337	3627	4017	4095	1592.0	1120.05240133779	1829.5933418273926	78	1	0.5725021362304688	4.761904761904762	1.937984496124031			10.567506822925028	0.028530670470756064	10.405712940437887	0.0016766989151758018	10.364232029292735	0.024215420379697792	10.387685290763967	0.04430453538533287	10.399820305480683	0.09677865339416562	10.33235938641344	0.22701475595913734	10.380921549584547	0.2762261371309312	10.310335077053583	0.6400465488399156	10.334885013548252	0.8080313418217433	10.290102389078498	1.2379407495944676	10.330328310010763	1.694611315341164	10.332274291765952	2.1150743860906975	10.285138997142115	2.416591523895401	10.205448861098706	2.9487521094235722	10.175977916496754	3.279832519190509	10.062834965810387	3.766222750021206	9.947167061395518	4.135977337110481	9.900545204002157	4.491299576736166	9.866926322622525	5.080675422138837	9.841981200710066	5.495555065755639	9.790229802821738	5.740138555068571	9.701408450704225	5.919860393314988	9.604221635883906	6.215129103412482	9.528632431840578	6.479361346617985	9.540712640563608	6.657181812792697	9.485732623753108	6.744252057905195	9.402453502176494	6.839558527700755	9.324532338438258	6.974439227960355	9.3489019486545	4.729331983329017	4.761904761904762	9.800541738488057	5.460282759774423	7.746439364615355	7.379375591296121	4.761904761904762	4.246440273133388	69.25043478260869	0.38870000000000005	0.03706280576642258	20.999122619628906	0.0	20.402830123901367	0.0	18.581976383202147	3.815010157464544e-06	17.04705899198167	1.9091274428478837e-06	15.934590570434743	1.9133135050277096e-06	15.093120486507031	1.919616076784643e-06	14.425967046327784	1.928357656351239e-06	13.872863148423926	9.695343229693345e-07	13.393605645016509	9.757020908320104e-07	12.969486908360489	1.965418462158324e-06	12.59040924806944	9.904128040567308e-07	12.245357199936072	9.98882250761398e-07	11.925090759516769	2.0163200948476974e-06	11.6302010080446	2.036867298095529e-06	11.35285452827353	2.0587293728183902e-06	11.088249995313994	2.082671651194152e-06	10.838058276168834	-7.378339093708068e-06	10.595083902899395	-8.54083104421268e-06	10.365527717131414	-8.655189164568684e-06	10.145119211139539	1.3165242443425113e-05	9.933807511643069	1.3350882326435748e-05	9.721425111417986	1.3549707100498178e-05	9.515763671613009	-9.17193479671553e-06	9.31830911098789	-9.319284511931596e-06	9.123945086465605	-8.29009653225262e-06	8.934717007043654	-9.63730020672009e-06	8.750732159997646	-9.807094452126668e-06	8.571392379155247	-9.984087859973167e-06	8.395718425132806	1.5250508668007864e-05
3	1	11	0	0	2110	1	2157	1	2197	24	2199	46	2238	87	2276	102	2321	155	2327	209	2345	288	2370	322	2357	390	2398	448	2441	543	2463	562	2511	621	2536	688	2537	770	2556	849	2587	892	2596	950	2620	1051	2651	1117	2672	1181	2712	1233	2723	1284	2733	1363	2739	1416	2744	1443	2765	4024	4095	1371.0	1100.6945465475987	1647.4438943862915	71	1	0.5899763107299805	4.761904761904762	4.263565891472868			8.468454005458339	0.028530670470756064	8.463470140469278	0.0016766989151758018	8.467912892657544	0.03874467260751647	8.358038768529076	0.10726361198554273	8.378256963162624	0.30070510161758607	8.31263696128561	0.48240635641316687	8.34862055321751	0.9514455834509852	8.224939912342712	1.5201105534947996	8.146321128326269	2.3506366307541624	8.088737201365188	2.7490822163408177	7.928552206673843	3.4968169999103385	7.936192745565264	4.0150564617314926	7.927383736035335	4.896302975653742	7.857461877113507	4.991562305710986	7.876658615389441	5.416957431960921	7.811248690938212	5.8359487657986255	7.703285358595979	6.232294617563739	7.656821041279732	6.654648063959868	7.633294975067127	6.694183864915572	7.554637255187266	6.9796488134597015	7.497925192456285	7.429662095291956	7.467605633802816	7.497147459561044	7.421191501180393	7.6618658362527565	7.4236285995839255	7.630422674670462	7.378404010296707	7.611595233860928	7.308854598454256	7.737723531081464	7.225959635931935	7.698580981895287	7.159070155756737	7.527386541471048	7.127023404474688	4.737573288751795	4.761904761904762	8.440039399162767	5.365912745790389	6.975224462569764	6.717123935666983	4.761904761904762	4.376052083533018	69.25043478260869	0.38870000000000005	0.03706280576642258	20.999122619628906	0.0	20.402830123901367	0.0	18.581976383202147	3.815010157464544e-06	17.04705899198167	1.9091274428478837e-06	15.934590570434743	1.9133135050277096e-06	15.093120486507031	1.919616076784643e-06	14.425967046327784	1.928357656351239e-06	13.872863148423926	9.695343229693345e-07	13.393605645016509	9.757020908320104e-07	12.969486908360489	1.965418462158324e-06	12.59040924806944	9.904128040567308e-07	12.245357199936072	9.98882250761398e-07	11.925090759516769	2.0163200948476974e-06	11.6302010080446	2.036867298095529e-06	11.35285452827353	2.0587293728183902e-06	11.088249995313994	2.082671651194152e-06	10.838058276168834	-7.378339093708068e-06	10.595083902899395	-8.54083104421268e-06	10.365527717131414	-8.655189164568684e-06	10.145119211139539	1.3165242443425113e-05	9.933807511643069	1.3350882326435748e-05	9.721425111417986	1.3549707100498178e-05	9.515763671613009	-9.17193479671553e-06	9.31830911098789	-9.319284511931596e-06	9.123945086465605	-8.29009653225262e-06	8.934717007043654	-9.63730020672009e-06	8.750732159997646	-9.807094452126668e-06	8.571392379155247	-9.984087859973167e-06	8.395718425132806	1.5250508668007864e-05
4	1	19	0	0	1645	1	1685	2	1736	37	1725	142	1701	262	1746	357	1771	402	1754	513	1771	580	1792	610	1841	604	1845	662	1861	663	1881	759	1909	771	1933	853	1942	896	1911	910	1948	968	1952	990	1970	1035	1993	1098	2017	1160	2028	1217	2043	1241	2064	1275	2083	1333	2096	1357	2115	4024	4095	1202.0	1089.0161556428577	1506.6406688690186	71	1	0.6009101867675781	4.761904761904762	7.3643410852713185			6.6021833360089905	0.028530670470756064	6.611472965549714	0.0033533978303516036	6.691077278859126	0.05973137026992122	6.556442417331813	0.3311181065640667	6.367924528301887	0.9055716853311212	6.376917457998539	1.688422247446084	6.370274450559332	2.467620158369652	6.199632404920119	3.7311804494872356	6.152296255124019	4.733920992491022	6.1160409556314	5.20788867070776	6.192814854682454	5.4155832511431905	6.1060365369340746	5.932962896576447	6.043777604572616	5.978358881875564	6.00076564792956	6.741273647748468	5.988268138900216	6.725401256106071	5.9539210250723835	7.235558571549749	5.896641768385255	7.2521246458923505	5.724642022646935	7.132779432512932	5.747838659231064	7.26454033771107	5.680528475395047	7.27352876350011	5.63775291188507	7.3165559168669585	5.614084507042254	7.369622122290087	5.601999722260797	7.525626054236409	5.551297492609219	7.531406646450894	5.535835252675789	7.356689785997984	5.519749685770064	7.238149304569968	5.495317240469595	7.247322350894363	5.468444258916225	7.0787689097548245	5.45159294772657	4.737573288751795	4.761904761904762	7.399655257325782	5.308980305448402	6.379068134343075	6.717123935666983	4.761904761904762	4.457152307635609	69.25043478260869	0.38870000000000005	0.03706280576642258	20.999122619628906	0.0	20.402830123901367	0.0	18.581976383202147	3.815010157464544e-06	17.04705899198167	1.9091274428478837e-06	15.934590570434743	1.9133135050277096e-06	15.093120486507031	1.919616076784643e-06	14.425967046327784	1.928357656351239e-06	13.872863148423926	9.695343229693345e-07	13.393605645016509	9.757020908320104e-07	12.969486908360489	1.965418462158324e-06	12.59040924806944	9.904128040567308e-07	12.245357199936072	9.98882250761398e-07	11.925090759516769	2.0163200948476974e-06	11.6302010080446	2.036867298095529e-06	11.35285452827353	2.0587293728183902e-06	11.088249995313994	2.082671651194152e-06	10.838058276168834	-7.378339093708068e-06	10.595083902899395	-8.54083104421268e-06	10.365527717131414	-8.655189164568684e-06	10.145119211139539	1.3165242443425113e-05	9.933807511643069	1.3350882326435748e-05	9.721425111417986	1.3549707100498178e-05	9.515763671613009	-9.17193479671553e-06	9.31830911098789	-9.319284511931596e-06	9.123945086465605	-8.29009653225262e-06	8.934717007043654	-9.63730020672009e-06	8.750732159997646	-9.807094452126668e-06	8.571392379155247	-9.984087859973167e-06	8.395718425132806	1.5250508668007864e-05
5	1	18	0	0	1342	1	1370	11	1368	110	1397	384	1361	641	1391	709	1405	733	1409	681	1418	764	1421	798	1437	806	1454	818	1479	767	1522	844	1552	826	1543	831	1555	814	1614	887	1630	929	1645	922	1675	930	1666	981	1672	996	1678	1065	1675	1081	1689	1096	1715	1127	1683	1174	1703	4028	4095	1081.0	1081.7212505150305	1403.063959121704	67	1	0.6079244613647461	4.761904761904762	6.976744186046512			5.38609728688393	0.028530670470756064	5.375500274660598	0.018443688066933823	5.272692233571016	0.17757974945111712	5.309768148992779	0.8954179783140958	5.095088349805331	2.21553988663072	5.080350620891162	3.353197124479758	5.053775044063164	4.499416855932724	4.980206418775626	4.953087497272529	4.926005697213923	6.23571661769507	4.849829351535837	6.8129428839750705	4.833826695371367	7.226755133148031	4.8120201217897804	7.331062914500806	4.8031956352299305	6.9161406672678085	4.855483953295477	7.4962252420286	4.868408670284513	7.20516399162596	4.752664325756176	7.048943930782933	4.721564340802818	6.5884257385673815	4.834940986160206	6.9525003919109585	4.809536455106075	6.971857410881801	4.787125687512732	6.773932848431416	4.7935208768565944	6.57429662095292	4.692957746478873	6.584334519095242	4.643799472295514	6.4616582327754	4.5932333296835655	6.590754378364998	4.538680395610351	6.408204398600984	4.5168881876287	6.221969912006813	4.524469067405355	6.127331049855924	4.390931148738552	6.12415232133542	4.38962779668007	4.74228260613624	4.761904761904762	6.654764836247231	5.273417465124066	5.9405276765807224	6.338694418164617	4.761904761904762	4.50917953382615	69.25043478260869	0.38870000000000005	0.03706280576642258	20.999122619628906	0.0	20.402830123901367	0.0	18.581976383202147	3.815010157464544e-06	17.04705899198167	1.9091274428478837e-06	15.934590570434743	1.9133135050277096e-06	15.093120486507031	1.919616076784643e-06	14.425967046327784	1.928357656351239e-06	13.872863148423926	9.695343229693345e-07	13.393605645016509	9.757020908320104e-07	12.969486908360489	1.965418462158324e-06	12.59040924806944	9.904128040567308e-07	12.245357199936072	9.98882250761398e-07	11.925090759516769	2.0163200948476974e-06	11.6302010080446	2.036867298095529e-06	11.35285452827353	2.0587293728183902e-06	11.088249995313994	2.082671651194152e-06	10.838058276168834	-7.378339093708068e-06	10.595083902899395	-8.54083104421268e-06	10.365527717131414	-8.655189164568684e-06	10.145119211139539	1.3165242443425113e-05	9.933807511643069	1.3350882326435748e-05	9.721425111417986	1.3549707100498178e-05	9.515763671613009	-9.17193479671553e-06	9.31830911098789	-9.319284511931596e-06	9.123945086465605	-8.29009653225262e-06	8.934717007043654	-9.63730020672009e-06	8.750732159997646	-9.807094452126668e-06	8.571392379155247	-9.984087859973167e-06	8.395718425132806	1.5250508668007864e-05
6	1	13	0	0	1013	1	1064	9	1094	295	1125	890	1137	1169	1132	1068	1155	979	1206	988	1218	909	1269	816	1247	789	1255	787	1241	757	1292	825	1283	830	1292	778	1311	766	1328	748	1344	763	1378	794	1403	819	1433	840	1431	840	1452	883	1466	923	1476	965	1493	968	1511	1019	1517	4033	4095	971.0	1076.9860127385866	1314.8455057144165	62	1	0.6134490966796875	4.761904761904762	5.038759689922481			4.0656606196821325	0.028530670470756064	4.174841089225457	0.015090290236582217	4.2166120639815	0.4762366008007233	4.275940706955531	2.075317710155066	4.256513926325247	4.040508779206415	4.134404674945215	5.051078320090806	4.154526815582173	6.009453072248481	4.2626890993920545	7.1859771619754165	4.231223511429167	7.419196865817826	4.3310580204778155	6.966618287373004	4.1946986006458555	7.074329776741683	4.1534286470743975	7.053235346836351	4.030267601974539	6.825969341749323	4.121738020800103	7.327471356248334	4.024592992251953	7.240055826936496	3.9795478346577955	6.59937229620833	3.9806886500273273	6.199919061108862	3.978191839913726	5.862987929142499	3.965654598565991	5.726078799249531	4.0101271716672	5.833517008302109	4.015110322525255	5.789622508129506	4.0366197183098596	5.637962279347607	3.974447993334259	5.449591280653951	3.974597613051571	5.464447057367412	3.9723614686356865	5.471575078546446	3.947262856684406	5.47828555208629	3.9387943543068196	5.262871744685478	3.942184768712985	5.3155972874282735	3.910196927518301	4.748169252866797	4.761904761904762	5.977591726175819	5.25033306553413	5.567013582198885	5.865657521286661	4.761904761904762	4.550157606065689	69.25043478260869	0.38870000000000005	0.03706280576642258	20.999122619628906	0.0	20.402830123901367	0.0	18.581976383202147	3.815010157464544e-06	17.04705899198167	1.9091274428478837e-06	15.934590570434743	1.9133135050277096e-06	15.093120486507031	1.919616076784643e-06	14.425967046327784	1.928357656351239e-06	13.872863148423926	9.695343229693345e-07	13.393605645016509	9.757020908320104e-07	12.969486908360489	1.965418462158324e-06	12.59040924806944	9.904128040567308e-07	12.245357199936072	9.98882250761398e-07	11.925090759516769	2.0163200948476974e-06	11.6302010080446	2.036867298095529e-06	11.35285452827353	2.0587293728183902e-06	11.088249995313994	2.082671651194152e-06	10.838058276168834	-7.378339093708068e-06	10.595083902899395	-8.54083104421268e-06	10.365527717131414	-8.655189164568684e-06	10.145119211139539	1.3165242443425113e-05	9.933807511643069	1.3350882326435748e-05	9.721425111417986	1.3549707100498178e-05	9.515763671613009	-9.17193479671553e-06	9.31830911098789	-9.319284511931596e-06	9.123945086465605	-8.29009653225262e-06	8.934717007043654	-9.63730020672009e-06	8.750732159997646	-9.807094452126668e-06	8.571392379155247	-9.984087859973167e-06	8.395718425132806	1.5250508668007864e-05
7	1	16	0	0	953	1	973	29	976	678	1013	1498	1033	1417	1059	1322	1057	1157	1064	971	1104	911	1123	895	1124	756	1136	748	1136	725	1215	709	1189	695	1224	667	1239	709	1246	745	1248	751	1274	720	1302	721	1339	716	1336	704	1370	719	1368	782	1371	826	1383	872	1406	893	1423	4032	4095	886.0	1073.702251907889	1250.0564804077148	63	1	0.6165933609008789	4.761904761904762	6.2015503875969			3.824851501043506	0.028530670470756064	3.8177823118574907	0.048624268540098256	3.7618038157641163	1.09453700116234	3.850247054351957	3.4930628424857177	3.8671758011380652	4.897691137840454	3.867786705624544	6.252364737041241	3.8020215100176253	7.102080903566386	3.7607804326311327	7.0623318059495235	3.835197665531856	7.435520731309174	3.8327645051194543	7.641082557841715	3.7809472551130248	6.778445261364656	3.759597564204395	6.703710342355261	3.6892699402442193	6.537421100090171	3.8760926433994767	6.297184474642509	3.7297280341290504	6.062456385205862	3.7700979486231754	5.657816608703029	3.7620695937329205	5.738567381626872	3.7325504763045956	5.839473271672676	3.6823935558112773	5.6360225140712945	3.707476064371563	5.289839100727353	3.726068168159574	5.096847165276404	3.771830985915493	4.8056916571581985	3.7105957505901963	4.567276501881406	3.7501368663089893	4.449532768116839	3.70681479474326	4.63572233090284	3.6664616372048244	4.689185353391996	3.6485951721408783	4.740934050997662	3.6682407576508647	4.658320292123109	3.6679039076193423	4.746991923520685	4.761904761904762	5.454321595666093	5.234324651437017	5.292698932841003	5.960264900662252	4.761904761904762	4.573479667894405	69.25043478260869	0.38870000000000005	0.03706280576642258	20.999122619628906	0.0	20.402830123901367	0.0	18.581976383202147	3.815010157464544e-06	17.04705899198167	1.9091274428478837e-06	15.934590570434743	1.9133135050277096e-06	15.093120486507031	1.919616076784643e-06	14.425967046327784	1.928357656351239e-06	13.872863148423926	9.695343229693345e-07	13.393605645016509	9.757020908320104e-07	12.969486908360489	1.965418462158324e-06	12.59040924806944	9.904128040567308e-07	12.245357199936072	9.98882250761398e-07	11.925090759516769	2.0163200948476974e-06	11.6302010080446	2.036867298095529e-06	11.35285452827353	2.0587293728183902e-06	11.088249995313994	2.082671651194152e-06	10.838058276168834	-7.378339093708068e-06	10.595083902899395	-8.54083104421268e-06	10.365527717131414	-8.655189164568684e-06	10.145119211139539	1.3165242443425113e-05	9.933807511643069	1.3350882326435748e-05	9.721425111417986	1.3549707100498178e-05	9.515763671613009	-9.17193479671553e-06	9.31830911098789	-9.319284511931596e-06	9.123945086465605	-8.29009653225262e-06	8.934717007043654	-9.63730020672009e-06	8.750732159997646	-9.807094452126668e-06	8.571392379155247	-9.984087859973167e-06	8.395718425132806	1.5250508668007864e-05
8	1	13	0	0	809	1	848	128	847	1542	861	2119	877	1825	915	1509	934	1106	951	966	955	848	972	797	995	687	1023	700	1047	672	1059	609	1061	605	1087	621	1111	638	1115	645	1120	678	1150	657	1198	671	1208	699	1263	708	1252	733	1250	746	1273	773	1304	799	1317	788	1324	4041	4095	792.0	1071.2071632446214	1181.9270763397217	54	1	0.6209745407104492	4.761904761904762	5.038759689922481			3.246909616310804	0.028530670470756064	3.3273169583300635	0.21461746114250263	3.2645981884756217	2.489345215032933	3.2725199543899657	4.941121604290545	3.283168613357293	6.307894373012581	3.341855368882396	7.136776390465379	3.3595913816049783	6.789024614817999	3.361374240067864	7.025965524765438	3.3175849371222124	6.9213189683317005	3.3174061433447104	6.804405361564074	3.3470129171151775	6.159777638303596	3.3856235107227963	6.273525721455458	3.400233826968044	6.0595130748422	3.378421489185223	5.409006128430589	3.328209793280843	5.277390090718772	3.3481180311710714	5.267622359826958	3.373413493653975	5.163901254552813	3.3401234198070817	5.055651356011914	3.3047121654716594	5.088180112570356	3.346622821057533	4.826978179413709	3.42844060326818	4.743390357698289	3.4028169014084506	4.691590039599973	3.5078461324815997	4.593226936551187	3.4271323770940545	4.536171792808961	3.3870749220972765	4.422313118738514	3.404380499023881	4.388305421515754	3.440179395858066	4.344043929755886	3.436040595893449	4.110589462702139	3.412722961130014	4.757587887635687	4.761904761904762	4.875646392514159	5.222161033381401	5.004241227243451	5.10879848628193	4.761904761904762	4.605976347312399	69.25043478260869	0.38870000000000005	0.03706280576642258	20.999122619628906	0.0	20.402830123901367	0.0	18.581976383202147	3.815010157464544e-06	17.04705899198167	1.9091274428478837e-06	15.934590570434743	1.9133135050277096e-06	15.093120486507031	1.919616076784643e-06	14.425967046327784	1.928357656351239e-06	13.872863148423926	9.695343229693345e-07	13.393605645016509	9.757020908320104e-07	12.969486908360489	1.965418462158324e-06	12.59040924806944	9.904128040567308e-07	12.245357199936072	9.98882250761398e-07	11.925090759516769	2.0163200948476974e-06	11.6302010080446	2.036867298095529e-06	11.35285452827353	2.0587293728183902e-06	11.088249995313994	2.082671651194152e-06	10.838058276168834	-7.378339093708068e-06	10.595083902899395	-8.54083104421268e-06	10.365527717131414	-8.655189164568684e-06	10.145119211139539	1.3165242443425113e-05	9.933807511643069	1.3350882326435748e-05	9.721425111417986	1.3549707100498178e-05	9.515763671613009	-9.17193479671553e-06	9.31830911098789	-9.319284511931596e-06	9.123945086465605	-8.29009653225262e-06	8.934717007043654	-9.63730020672009e-06	8.750732159997646	-9.807094452126668e-06	8.571392379155247	-9.984087859973167e-06	8.395718425132806	1.5250508668007864e-05
9	1	12	0	0	690	1	724	422	769	2400	792	2611	793	2040	820	1428	832	1005	840	881	872	727	883	673	910	650	910	658	926	590	926	615	958	606	998	579	1015	624	1061	646	1101	625	1130	628	1154	647	1179	667	1202	662	1224	663	1251	658	1265	647	1296	690	1315	720	1347	4040	4095	708.0	1059.3494864151437	1117.975552558899	55	1	0.6261272430419922	4.761904761904762	4.651162790697675			2.769304864344196	0.028530670470756064	2.840775327630856	0.7075669422041884	2.9639622277895548	3.874467260751647	3.0102622576966933	6.08837588900548	2.968703204552261	7.051016175860639	2.9948867786705624	6.753688989784336	2.9926981043847345	6.169050395924129	2.9690371836561575	6.407738744635974	3.0292503300215383	5.9337251061051255	3.013651877133106	5.745752582600529	3.061087190527449	5.828028333183897	3.0116494572411967	5.897114178168131	3.00727461678358	5.320108205590622	2.954124928220507	5.462296829203304	3.0051130838483013	5.286113049546406	3.073985092096347	4.911358045635763	3.0819214185947654	5.0505868069607445	3.1783595949913126	5.063489575168522	3.2486500840931223	4.690431519699812	3.288420685039141	4.613915215634414	3.3025212488910514	4.573731090060795	3.3211267605633803	4.476810524196255	3.338425218719622	4.294796937848709	3.3504872440600018	4.102976669348351	3.389784582034955	3.9006461556701644	3.3829861203968656	3.6730059608288386	3.419074000791452	3.7514271733811775	3.430822614730361	3.755868544600939	3.472007423445716	4.756410558289576	4.761904761904762	4.3585323811869	5.164354569785911	4.733472532409823	5.203405865657521	4.761904761904762	4.6441956679252465	69.25043478260869	0.38870000000000005	0.03706280576642258	20.999122619628906	0.0	20.402830123901367	0.0	18.581976383202147	3.815010157464544e-06	17.04705899198167	1.9091274428478837e-06	15.934590570434743	1.9133135050277096e-06	15.093120486507031	1.919616076784643e-06	14.425967046327784	1.928357656351239e-06	13.872863148423926	9.695343229693345e-07	13.393605645016509	9.757020908320104e-07	12.969486908360489	1.965418462158324e-06	12.59040924806944	9.904128040567308e-07	12.245357199936072	9.98882250761398e-07	11.925090759516769	2.0163200948476974e-06	11.6302010080446	2.036867298095529e-06	11.35285452827353	2.0587293728183902e-06	11.088249995313994	2.082671651194152e-06	10.838058276168834	-7.378339093708068e-06	10.595083902899395	-8.54083104421268e-06	10.365527717131414	-8.655189164568684e-06	10.145119211139539	1.3165242443425113e-05	9.933807511643069	1.3350882326435748e-05	9.721425111417986	1.3549707100498178e-05	9.515763671613009	-9.17193479671553e-06	9.31830911098789	-9.319284511931596e-06	9.123945086465605	-8.29009653225262e-06	8.934717007043654	-9.63730020672009e-06	8.750732159997646	-9.807094452126668e-06	8.571392379155247	-9.984087859973167e-06	8.395718425132806	1.5250508668007864e-05
10	1	15	0	0	643	2	665	900	689	2941	722	2826	727	1996	767	1338	783	1041	807	784	834	640	831	644	845	642	878	614	915	593	931	556	976	549	1000	569	1036	574	1063	582	1063	597	1080	591	1104	573	1115	601	1135	632	1205	603	1229	621	1252	663	1292	684	1358	726	1357	4053	4095	645.0	1043.9838446713281	1067.2782878875732	42	1	0.6306400299072266	4.761904761904762	5.813953488372093			2.5806710547439398	0.05706134094151213	2.609275680765911	1.5090290236582216	2.655617652726922	4.747836755779414	2.74420372481946	6.589716684155299	2.721623240491165	6.898935434812664	2.801314828341855	6.328036322360954	2.81644545160246	6.390031305628876	2.8523964371553796	5.702232889664703	2.8972417147224343	5.223636957231472	2.8361774744027306	5.4981644326816355	2.8424381054897743	5.756298753698556	2.9057453005030447	5.502778275676644	2.971551052221356	5.347159603246167	2.970075926753015	4.938271604938271	3.061576586467581	4.788904396371249	3.080145382862071	4.826533208923573	3.1456853100139672	4.645892351274788	3.184350847762267	4.561843549145634	3.136525921336048	4.480300187617261	3.1429153449931615	4.342076261847035	3.1594310734624957	4.050615014845186	3.140845070422535	4.033827773676086	3.1523399527843354	4.100168677825353	3.2984780466440378	3.7316665635249704	3.3301720634060423	3.681308909834608	3.348220255127965	3.7638376383763834	3.4085213032581456	3.7188060675256893	3.543009209736753	3.78716744913928	3.4977832766264565	4.771715839789023	4.761904761904762	3.9706968726914553	5.089446691720193	4.5188219443529	3.9735099337748347	4.761904761904762	4.677668520995762	69.25043478260869	0.38870000000000005	0.03706280576642258	20.999122619628906	0.0	20.402830123901367	0.0	18.581976383202147	3.815010157464544e-06	17.04705899198167	1.9091274428478837e-06	15.934590570434743	1.9133135050277096e-06	15.093120486507031	1.919616076784643e-06	14.425967046327784	1.928357656351239e-06	13.872863148423926	9.695343229693345e-07	13.393605645016509	9.757020908320104e-07	12.969486908360489	1.965418462158324e-06	12.59040924806944	9.904128040567308e-07	12.245357199936072	9.98882250761398e-07	11.925090759516769	2.0163200948476974e-06	11.6302010080446	2.036867298095529e-06	11.35285452827353	2.0587293728183902e-06	11.088249995313994	2.082671651194152e-06	10.838058276168834	-7.378339093708068e-06	10.595083902899395	-8.54083104421268e-06	10.365527717131414	-8.655189164568684e-06	10.145119211139539	1.3165242443425113e-05	9.933807511643069	1.3350882326435748e-05	9.721425111417986	1.3549707100498178e-05	9.515763671613009	-9.17193479671553e-06	9.31830911098789	-9.319284511931596e-06	9.123945086465605	-8.29009653225262e-06	8.934717007043654	-9.63730020672009e-06	8.750732159997646	-9.807094452126668e-06	8.571392379155247	-9.984087859973167e-06	8.395718425132806	1.5250508668007864e-05
11	1	14	0	0	693	3	709	1571	712	3783	704	2880	739	1880	771	1400	779	1026	810	755	830	684	824	614	845	559	859	519	881	512	944	498	978	491	1003	500	1022	531	1043	535	1050	571	1068	571	1083	561	1118	618	1170	624	1161	656	1201	713	1259	712	1280	726	1288	746	1315	4057	4095	579.0	1026.6496733427814	1014.1885452270508	38	1	0.6362056732177734	4.761904761904762	5.426356589147287			2.781345320276128	0.08559201141226819	2.7819194852075646	2.6340939957411846	2.744266718057429	6.107129019759783	2.6757886735081717	6.715634837355719	2.766546870320455	6.497995299322549	2.815924032140248	6.621263715474838	2.8020574799467646	6.297955926585232	2.8630001413827233	5.491308458797003	2.8833460710067396	5.582761998041136	2.8122866894197953	5.242038760351746	2.8424381054897743	5.012104366538151	2.842864707439767	4.651371213479118	2.8611327617563003	4.616771866546438	3.011548522937536	4.423128164135359	3.0678503089808338	4.282972784368458	3.089385819010657	4.2412418356094665	3.103176049067833	4.297855119384864	3.124438320052723	4.193447248785076	3.0981676551296804	4.285178236397749	3.107994063382126	4.195136286826831	3.099333199782503	3.9657853810264383	3.1492957746478876	4.147929391234311	3.2495486737953065	4.048267808485792	3.1780356947333845	4.05965715700229	3.2543015851510635	4.226688007587883	3.366940336426604	4.042009650865739	3.3768632106582244	3.947153808514109	3.3603798690286726	3.8914971309337507	3.389524693267347	4.776425157173468	4.761904761904762	3.5643930066486087	5.0049421839425285	4.294041681438296	3.595080416272469	4.761904761904762	4.718950763286448	69.25043478260869	0.38870000000000005	0.03706280576642258	20.999122619628906	0.0	20.402830123901367	0.0	18.581976383202147	3.815010157464544e-06	17.04705899198167	1.9091274428478837e-06	15.934590570434743	1.9133135050277096e-06	15.093120486507031	1.919616076784643e-06	14.425967046327784	1.928357656351239e-06	13.872863148423926	9.695343229693345e-07	13.393605645016509	9.757020908320104e-07	12.969486908360489	1.965418462158324e-06	12.59040924806944	9.904128040567308e-07	12.245357199936072	9.98882250761398e-07	11.925090759516769	2.0163200948476974e-06	11.6302010080446	2.036867298095529e-06	11.35285452827353	2.0587293728183902e-06	11.088249995313994	2.082671651194152e-06	10.838058276168834	-7.378339093708068e-06	10.595083902899395	-8.54083104421268e-06	10.365527717131414	-8.655189164568684e-06	10.145119211139539	1.3165242443425113e-05	9.933807511643069	1.3350882326435748e-05	9.721425111417986	1.3549707100498178e-05	9.515763671613009	-9.17193479671553e-06	9.31830911098789	-9.319284511931596e-06	9.123945086465605	-8.29009653225262e-06	8.934717007043654	-9.63730020672009e-06	8.750732159997646	-9.807094452126668e-06	8.571392379155247	-9.984087859973167e-06	8.395718425132806	1.5250508668007864e-05
12	1	15	0	0	639	2	659	2458	699	4430	717	2984	742	1946	780	1287	786	966	788	778	797	630	822	533	841	487	893	451	903	466	912	446	954	462	959	501	988	542	1019	570	1040	615	1079	605	1111	631	1132	626	1155	624	1169	689	1184	724	1216	747	1220	789	1275	779	1289	4052	4095	496.0	997.7833119568731	944.1825361251831	43	1	0.6455564498901367	4.761904761904762	5.813953488372093			2.5646171135013645	0.05706134094151213	2.585733343796594	4.121325933502121	2.6941607246097514	7.151620818804082	2.725199543899658	6.95814387314912	2.7777777777777777	6.7261164108945115	2.8487947406866323	6.086833144154371	2.8272364303442323	5.929654410410656	2.785239643715538	5.658593352243799	2.7687070103522546	5.14201762977473	2.8054607508532423	4.550499445061043	2.828982777179763	4.366538151170088	2.9553878739740536	4.041943000537731	2.932579890880748	4.201983769161407	2.909462132329484	3.9612754241051604	2.992565638821795	4.030006978367062	2.9538594221647263	4.249724319280685	2.9999392724843625	4.386887899635775	3.0525432868012703	4.467784919266342	3.068661296509398	4.615384615384616	3.1400052381922414	4.444934244361178	3.1794636980224937	4.460624911635798	3.188732394366197	4.20162427008524	3.2078877933620333	4.048267808485792	3.199934304171685	4.263877715205148	3.20823736621054	4.291896377971427	3.251945551306394	4.240703945500993	3.2185727476586203	4.289675419996738	3.3264629914686012	4.063641105894627	3.322507474997422	4.770538510442911	4.761904761904762	3.0534351145038165	4.864217968517757	3.9976384904840243	4.068117313150426	4.761904761904762	4.788308608670304	69.25043478260869	0.38870000000000005	0.03706280576642258	20.999122619628906	0.0	20.402830123901367	0.0	18.581976383202147	3.815010157464544e-06	17.04705899198167	1.9091274428478837e-06	15.934590570434743	1.9133135050277096e-06	15.093120486507031	1.919616076784643e-06	14.425967046327784	1.928357656351239e-06	13.872863148423926	9.695343229693345e-07	13.393605645016509	9.757020908320104e-07	12.969486908360489	1.965418462158324e-06	12.59040924806944	9.904128040567308e-07	12.245357199936072	9.98882250761398e-07	11.925090759516769	2.0163200948476974e-06	11.6302010080446	2.036867298095529e-06	11.35285452827353	2.0587293728183902e-06	11.088249995313994	2.082671651194152e-06	10.838058276168834	-7.378339093708068e-06	10.595083902899395	-8.54083104421268e-06	10.365527717131414	-8.655189164568684e-06	10.145119211139539	1.3165242443425113e-05	9.933807511643069	1.3350882326435748e-05	9.721425111417986	1.3549707100498178e-05	9.515763671613009	-9.17193479671553e-06	9.31830911098789	-9.319284511931596e-06	9.123945086465605	-8.29009653225262e-06	8.934717007043654	-9.63730020672009e-06	8.750732159997646	-9.807094452126668e-06	8.571392379155247	-9.984087859973167e-06	8.395718425132806	1.5250508668007864e-05
13	1	10	0	0	631	11	669	3510	698	4873	693	3082	706	1887	714	1288	741	906	784	676	818	570	840	539	821	505	820	517	846	529	861	548	888	550	889	524	919	608	923	619	937	610	972	607	1012	637	1046	670	1075	684	1103	686	1155	704	1187	743	1213	784	1258	832	1276	4058	4095	420.0	960.9173389657901	871.8588399887085	37	1	0.6571474075317383	4.761904761904762	3.875968992248062			2.5325092310162147	0.31383737517831667	2.624970572078788	5.885213192267065	2.6903064174214686	7.866782900684489	2.633979475484607	7.186662003031364	2.643006888289907	6.52218996267109	2.6077428780131484	6.0915626182368525	2.665371749217654	5.561352894236081	2.7711013714124135	4.916721216088442	2.841659139859654	4.65230166503428	2.8668941979522184	4.601724579527022	2.7617061356297095	4.527929705012104	2.713794016415144	4.63344685427496	2.7474668745128605	4.770063119927863	2.746761947297901	4.8672173372413186	2.7855327958844383	4.797627355198884	2.738249245364381	4.444821443718721	2.790429343535556	4.921084581141239	2.764963153795459	4.851857657940116	2.764745802720486	4.577861163227017	2.8286238104938453	4.459628241863199	2.896145150673955	4.503039728545172	2.9464788732394367	4.496946103765353	2.9856964310512426	4.437524328532503	3.0192707763057047	4.24531220991398	3.129657228017884	4.173335704546802	3.1743909287834624	4.217996026114107	3.2001055269753333	4.262491165117164	3.2821101515823528	4.340114762649974	3.2889988658624603	4.777602486519579	4.761904761904762	2.5855700566362967	4.684495451513115	3.691422287168325	3.5004730368968775	4.761904761904762	4.874282627313381	69.25043478260869	0.38870000000000005	0.03706280576642258	20.999122619628906	0.0	20.402830123901367	0.0	18.581976383202147	3.815010157464544e-06	17.04705899198167	1.9091274428478837e-06	15.934590570434743	1.9133135050277096e-06	15.093120486507031	1.919616076784643e-06	14.425967046327784	1.928357656351239e-06	13.872863148423926	9.695343229693345e-07	13.393605645016509	9.757020908320104e-07	12.969486908360489	1.965418462158324e-06	12.59040924806944	9.904128040567308e-07	12.245357199936072	9.98882250761398e-07	11.925090759516769	2.0163200948476974e-06	11.6302010080446	2.036867298095529e-06	11.35285452827353	2.0587293728183902e-06	11.088249995313994	2.082671651194152e-06	10.838058276168834	-7.378339093708068e-06	10.595083902899395	-8.54083104421268e-06	10.365527717131414	-8.655189164568684e-06	10.145119211139539	1.3165242443425113e-05	9.933807511643069	1.3350882326435748e-05	9.721425111417986	1.3549707100498178e-05	9.515763671613009	-9.17193479671553e-06	9.31830911098789	-9.319284511931596e-06	9.123945086465605	-8.29009653225262e-06	8.934717007043654	-9.63730020672009e-06	8.750732159997646	-9.807094452126668e-06	8.571392379155247	-9.984087859973167e-06	8.395718425132806	1.5250508668007864e-05
14	1	10	0	0	573	65	614	4502	612	5163	653	3225	679	1781	668	1184	661	874	674	719	713	628	749	612	779	565	771	584	818	534	828	520	854	505	902	552	936	531	969	546	988	559	1009	608	1019	605	1064	663	1095	658	1108	664	1138	674	1170	728	1196	774	1202	764	1212	4065	4095	352.0	920.9180894866688	797.4710855484009	30	1	0.6703767776489258	4.761904761904762	3.875968992248062			2.299727082998876	1.8544935805991443	2.4091658165267207	7.548498516121461	2.3588359992291386	8.33494769469198	2.481946028126188	7.520111927247289	2.541928721174004	6.155813631964606	2.439737034331629	5.599697313658721	2.3776123161037375	5.364925418942974	2.382298883076488	5.229471234271584	2.4768984923226567	5.125693764283382	2.5563139931740615	5.2249637155297535	2.6204251883745964	5.065901551152156	2.5516282764098492	5.2339128876142675	2.6565341647181087	4.815148782687106	2.641485356983347	4.61852740030198	2.6788795131591328	4.405094207955338	2.778291135341588	4.682330986512851	2.842047731827291	4.297855119384864	2.9027619675274097	4.279667659507759	2.915228231683928	4.195121951219512	2.93629776212787	4.466975240614209	2.9161777752339524	4.276827371695179	2.9971830985915493	4.44996308477079	3.0412442716289405	4.268846503178928	3.0329574072046426	4.109165171112074	3.0835930090773607	3.9954946944098646	3.128927874201054	4.132841328413284	3.1552565624587783	4.208122655358017	3.136006679015889	3.985393844548774	3.124033405505722	4.785843791942359	4.761904761904762	2.166953952228515	4.489498135250146	3.3764669273799073	2.838221381267739	4.761904761904762	4.972409300558138	69.25043478260869	0.38870000000000005	0.03706280576642258	20.999122619628906	0.0	20.402830123901367	0.0	18.581976383202147	3.815010157464544e-06	17.04705899198167	1.9091274428478837e-06	15.934590570434743	1.9133135050277096e-06	15.093120486507031	1.919616076784643e-06	14.425967046327784	1.928357656351239e-06	13.872863148423926	9.695343229693345e-07	13.393605645016509	9.757020908320104e-07	12.969486908360489	1.965418462158324e-06	12.59040924806944	9.904128040567308e-07	12.245357199936072	9.98882250761398e-07	11.925090759516769	2.0163200948476974e-06	11.6302010080446	2.036867298095529e-06	11.35285452827353	2.0587293728183902e-06	11.088249995313994	2.082671651194152e-06	10.838058276168834	-7.378339093708068e-06	10.595083902899395	-8.54083104421268e-06	10.365527717131414	-8.655189164568684e-06	10.145119211139539	1.3165242443425113e-05	9.933807511643069	1.3350882326435748e-05	9.721425111417986	1.3549707100498178e-05	9.515763671613009	-9.17193479671553e-06	9.31830911098789	-9.319284511931596e-06	9.123945086465605	-8.29009653225262e-06	8.934717007043654	-9.63730020672009e-06	8.750732159997646	-9.807094452126668e-06	8.571392379155247	-9.984087859973167e-06	8.395718425132806	1.5250508668007864e-05
15	1	12	0	0	588	141	600	5438	604	5441	623	3114	656	1839	691	1253	716	937	760	778	760	656	770	616	802	553	827	538	873	516	904	491	898	482	921	492	932	540	924	589	976	602	988	614	993	643	1017	690	1044	725	1087	765	1111	786	1110	806	1161	818	1174	879	1186	4058	4095	306.0	884.7018491903912	738.6910533905029	37	1	0.6815643310546875	4.761904761904762	4.651162790697675			2.3599293626585327	4.022824536376604	2.354233696931649	9.117888700726011	2.3280015417228754	8.783740152395712	2.3679209426073733	7.261280167890871	2.4558250973345315	6.356283699709664	2.5237399561723888	5.926031025349981	2.575446926369555	5.751642010926279	2.686271737593666	5.658593352243799	2.640172305982075	5.3542278811622595	2.627986348122867	5.2591138051737385	2.6977933261571585	4.9583071819241455	2.736960550701615	4.821652625918623	2.8351519875292284	4.652840396753833	2.8839405346774707	4.360955679900524	2.8169014084507045	4.204466154919749	2.8368138976159676	4.173381966239715	2.8299022286998237	4.370700121408336	2.7679587801809356	4.616711083241888	2.879820601339589	4.51782363977486	2.8751855193085585	4.511057233120271	2.841770884011104	4.545454545454546	2.864788732394366	4.631183300892677	2.8995972781558117	4.703516283897756	2.9754735574291034	4.734203849248097	3.0104321907600595	4.659434465587765	2.9684700344984356	4.575645756457565	3.0629204590423424	4.447344098298266	3.062954942732657	4.58528951486698	3.0570161872357975	4.777602486519579	4.761904761904762	1.883772469835016	4.3129430809710625	3.1275941617485516	3.5004730368968775	4.761904761904762	5.055391134744574	69.25043478260869	0.38870000000000005	0.03706280576642258	20.999122619628906	0.0	20.402830123901367	0.0	18.581976383202147	3.815010157464544e-06	17.04705899198167	1.9091274428478837e-06	15.934590570434743	1.9133135050277096e-06	15.093120486507031	1.919616076784643e-06	14.425967046327784	1.928357656351239e-06	13.872863148423926	9.695343229693345e-07	13.393605645016509	9.757020908320104e-07	12.969486908360489	1.965418462158324e-06	12.59040924806944	9.904128040567308e-07	12.245357199936072	9.98882250761398e-07	11.925090759516769	2.0163200948476974e-06	11.6302010080446	2.036867298095529e-06	11.35285452827353	2.0587293728183902e-06	11.088249995313994	2.082671651194152e-06	10.838058276168834	-7.378339093708068e-06	10.595083902899395	-8.54083104421268e-06	10.365527717131414	-8.655189164568684e-06	10.145119211139539	1.3165242443425113e-05	9.933807511643069	1.3350882326435748e-05	9.721425111417986	1.3549707100498178e-05	9.515763671613009	-9.17193479671553e-06	9.31830911098789	-9.319284511931596e-06	9.123945086465605	-8.29009653225262e-06	8.934717007043654	-9.63730020672009e-06	8.750732159997646	-9.807094452126668e-06	8.571392379155247	-9.984087859973167e-06	8.395718425132806	1.5250508668007864e-05
16	1	12	0	0	581	191	584	6381	590	5469	592	3165	608	1869	647	1320	680	996	693	713	697	551	725	563	746	565	767	525	784	545	811	543	836	591	874	573	891	588	883	583	908	592	942	609	981	663	991	681	1002	701	1031	727	1044	748	1053	776	1096	783	1129	821	1141	4070	4095	272.0	852.5725975693941	687.5633792877197	25	1	0.6940536499023438	4.761904761904762	4.651162790697675			2.3318349654840262	5.449358059914408	2.2914541316801382	10.699015777736792	2.2740412410869144	8.828942270437814	2.250095020904599	7.3802028681357115	2.2761305780173706	6.459975114060555	2.3630387143900657	6.242905788876277	2.4459551814682925	6.113805168497944	2.44945567651633	5.18583169685068	2.4213159174598764	4.49722494286647	2.474402730375427	4.806625117390933	2.5094187298170074	5.065901551152156	2.5383902568175802	4.705144291091593	2.546115874253053	4.914337240757439	2.58725196197282	4.822808419930722	2.6224160105398537	5.1552686671318915	2.69204706462145	4.860463143608448	2.7054108216432864	4.759206798866856	2.6451380983763704	4.5696817683022415	2.6791773627216666	4.442776735459662	2.741320606466257	4.474322239365219	2.8074292419082507	4.6868372684857915	2.791549295774648	4.570776562185381	2.782946812942647	4.5478136758790715	2.8221832913609983	4.499040782226623	2.8288849749356455	4.434169186080976	2.8160350867809485	4.405336361055919	2.8914391241261046	4.257054314141249	2.9455503665631766	4.2827334376630155	2.9410248479224665	4.791730438672914	4.761904761904762	1.6744644176311254	4.156312196111528	2.9111212340019716	2.3651844843897827	4.761904761904762	5.1480285996244275	69.25043478260869	0.38870000000000005	0.03706280576642258	20.999122619628906	0.0	20.402830123901367	0.0	18.581976383202147	3.815010157464544e-06	17.04705899198167	1.9091274428478837e-06	15.934590570434743	1.9133135050277096e-06	15.093120486507031	1.919616076784643e-06	14.425967046327784	1.928357656351239e-06	13.872863148423926	9.695343229693345e-07	13.393605645016509	9.757020908320104e-07	12.969486908360489	1.965418462158324e-06	12.59040924806944	9.904128040567308e-07	12.245357199936072	9.98882250761398e-07	11.925090759516769	2.0163200948476974e-06	11.6302010080446	2.036867298095529e-06	11.35285452827353	2.0587293728183902e-06	11.088249995313994	2.082671651194152e-06	10.838058276168834	-7.378339093708068e-06	10.595083902899395	-8.54083104421268e-06	10.365527717131414	-8.655189164568684e-06	10.145119211139539	1.3165242443425113e-05	9.933807511643069	1.3350882326435748e-05	9.721425111417986	1.3549707100498178e-05	9.515763671613009	-9.17193479671553e-06	9.31830911098789	-9.319284511931596e-06	9.123945086465605	-8.29009653225262e-06	8.934717007043654	-9.63730020672009e-06	8.750732159997646	-9.807094452126668e-06	8.571392379155247	-9.984087859973167e-06	8.395718425132806	1.5250508668007864e-05
17	1	15	0	0	564	377	600	7493	594	5674	576	3265	590	1986	646	1284	634	921	659	755	658	658	703	605	733	607	769	558	784	586	782	570	806	570	861	600	865	599	879	559	914	616	918	634	936	653	965	658	976	708	1014	749	1006	777	1019	779	1031	806	1044	866	1084	4061	4095	240.0	808.3678167916587	626.7163896560669	34	1	0.7085075378417969	4.761904761904762	5.813953488372093			2.263605715203082	10.756062767475036	2.354233696931649	12.563504971412284	2.289458469840046	9.15988634896035	2.1892816419612315	7.613384633321674	2.2087451332734354	6.8643716300290345	2.3593864134404674	6.072644721906924	2.2804935074277903	5.653428273279725	2.3292803619397713	5.491308458797003	2.285833391231849	5.370551746653607	2.3993174061433447	5.165201058652779	2.4656889128094726	5.442481843450193	2.5450092666137145	5.000896217960208	2.546115874253053	5.2840396753832275	2.4947361704842725	5.06261657340794	2.528310172841055	4.972086531751571	2.652005174644243	5.089490202731359	2.6264650513147507	4.848239579117767	2.6331555928344614	4.381564508543659	2.696881177893836	4.622889305816135	2.671478043244187	4.657997208140475	2.678648084022551	4.616145906970169	2.7183098591549295	4.416403785488959	2.7107346201916402	4.593226936551187	2.7756487463046096	4.635187821028529	2.7259178973038884	4.6060821625466835	2.7251089776161317	4.422367300596083	2.7199577892098667	4.3821018865872885	2.7237861671319368	4.517475221700574	2.794102484792247	4.781134474557913	4.761904761904762	1.4774686037921694	3.940812812250573	2.653497036905694	3.216650898770104	4.761904761904762	5.255237932070905	69.25043478260869	0.38870000000000005	0.03706280576642258	20.999122619628906	0.0	20.402830123901367	0.0	18.581976383202147	3.815010157464544e-06	17.04705899198167	1.9091274428478837e-06	15.934590570434743	1.9133135050277096e-06	15.093120486507031	1.919616076784643e-06	14.425967046327784	1.928357656351239e-06	13.872863148423926	9.695343229693345e-07	13.393605645016509	9.757020908320104e-07	12.969486908360489	1.965418462158324e-06	12.59040924806944	9.904128040567308e-07	12.245357199936072	9.98882250761398e-07	11.925090759516769	2.0163200948476974e-06	11.6302010080446	2.036867298095529e-06	11.35285452827353	2.0587293728183902e-06	11.088249995313994	2.082671651194152e-06	10.838058276168834	-7.378339093708068e-06	10.595083902899395	-8.54083104421268e-06	10.365527717131414	-8.655189164568684e-06	10.145119211139539	1.3165242443425113e-05	9.933807511643069	1.3350882326435748e-05	9.721425111417986	1.3549707100498178e-05	9.515763671613009	-9.17193479671553e-06	9.31830911098789	-9.319284511931596e-06	9.123945086465605	-8.29009653225262e-06	8.934717007043654	-9.63730020672009e-06	8.750732159997646	-9.807094452126668e-06	8.571392379155247	-9.984087859973167e-06	8.395718425132806	1.5250508668007864e-05
18	1	17	0	0	591	525	599	8359	626	6162	619	3381	604	1952	621	1309	617	951	623	815	609	661	640	617	648	586	666	567	691	569	716	590	750	604	772	615	787	611	833	607	845	617	870	623	890	611	909	643	910	661	942	688	938	710	966	750	989	776	1013	807	1032	4065	4095	216.0	770.0193406602974	577.5170650482178	30	1	0.7218236923217773	4.761904761904762	6.5891472868217065			2.371969818590464	14.978601997146935	2.3503099741034292	14.015526231954528	2.412796299865099	9.947694691979853	2.352717597871532	7.883875480937391	2.26115603474094	6.746854693764689	2.268078889700511	6.190881573968975	2.219344627891083	5.837579031367012	2.20203591121165	5.927703833006037	2.1156117557145837	5.395037544890631	2.1843003412969284	5.267651327584734	2.1797631862217437	5.254191697301175	2.204130262112788	5.081555834378921	2.244089373863341	5.130748422001803	2.284182989855165	5.240252242650325	2.3526459424699646	5.268667131891138	2.3778722355695185	5.216727457799643	2.3896277403291433	4.945366248482396	2.49535677910251	4.757799028060824	2.4932873034138856	4.630393996247655	2.531792916800047	4.577180221879362	2.5470051226282804	4.3192421886045524	2.5605633802816903	4.315725887643466	2.5274267462852382	4.288309329181264	2.5785612613599036	4.2576892134414255	2.5416610215417963	4.208903906574189	2.5833712192121516	4.257734885041158	2.609154465110144	4.218996357309846	2.6429074591040727	4.209702660406886	2.660068048252397	4.785843791942359	4.761904761904762	1.3297217434129525	3.7538630562984467	2.4451886788997177	2.838221381267739	4.761904761904762	5.354008314028556	69.25043478260869	0.38870000000000005	0.03706280576642258	20.999122619628906	0.0	20.402830123901367	0.0	18.581976383202147	3.815010157464544e-06	17.04705899198167	1.9091274428478837e-06	15.934590570434743	1.9133135050277096e-06	15.093120486507031	1.919616076784643e-06	14.425967046327784	1.928357656351239e-06	13.872863148423926	9.695343229693345e-07	13.393605645016509	9.757020908320104e-07	12.969486908360489	1.965418462158324e-06	12.59040924806944	9.904128040567308e-07	12.245357199936072	9.98882250761398e-07	11.925090759516769	2.0163200948476974e-06	11.6302010080446	2.036867298095529e-06	11.35285452827353	2.0587293728183902e-06	11.088249995313994	2.082671651194152e-06	10.838058276168834	-7.378339093708068e-06	10.595083902899395	-8.54083104421268e-06	10.365527717131414	-8.655189164568684e-06	10.145119211139539	1.3165242443425113e-05	9.933807511643069	1.3350882326435748e-05	9.721425111417986	1.3549707100498178e-05	9.515763671613009	-9.17193479671553e-06	9.31830911098789	-9.319284511931596e-06	9.123945086465605	-8.29009653225262e-06	8.934717007043654	-9.63730020672009e-06	8.750732159997646	-9.807094452126668e-06	8.571392379155247	-9.984087859973167e-06	8.395718425132806	1.5250508668007864e-05
19	1	15	0	0	603	925	562	8749	553	6368	559	3581	568	2142	583	1470	580	1016	583	825	599	698	621	617	642	609	646	598	676	597	697	567	721	556	739	568	746	572	768	575	776	593	757	613	776	628	822	639	868	675	874	702	868	720	881	741	901	758	927	767	929	4065	4095	194.0	718.1025330193964	518.0617380142212	30	1	0.7380390167236328	4.761904761904762	5.813953488372093			2.4201316423181893	26.390870185449355	2.205132229459311	14.669438808873092	2.1314318751204473	10.280253131861036	2.1246674268339034	8.350239011309316	2.1263851452530695	7.40356698465367	2.129291453615778	6.952326901248582	2.0862558900758965	6.236572340556135	2.0606531881804044	6.000436395374209	2.080872646425346	5.697029056480575	2.1194539249146755	5.267651327584734	2.1595801937567276	5.460414238321528	2.137940164151443	5.3593834020433775	2.195375422187581	5.383228133453562	2.223569195431634	5.0359712230215825	2.2616769660277924	4.84996510816469	2.2762274379350704	4.818050725252354	2.265136333272606	4.6297045730473485	2.3006410640464923	4.50697601504938	2.2896934289339352	4.450281425891181	2.2029508482961324	4.503710234369261	2.2207595226511745	4.439417503181111	2.315492957746479	4.288878448218001	2.4107762810720734	4.379135850525497	2.392423081134348	4.3443282381335475	2.351984825904349	4.268184243286502	2.35605594630011	4.206642066420664	2.3769951193773906	4.1211330397433805	2.4185342690912885	4.001043296817945	2.394576760490772	4.785843791942359	4.761904761904762	1.1942871213986703	3.5007673534853034	2.1934567364822746	2.838221381267739	4.761904761904762	5.4742828112301565	69.25043478260869	0.38870000000000005	0.03706280576642258	20.999122619628906	0.0	20.402830123901367	0.0	18.581976383202147	3.815010157464544e-06	17.04705899198167	1.9091274428478837e-06	15.934590570434743	1.9133135050277096e-06	15.093120486507031	1.919616076784643e-06	14.425967046327784	1.928357656351239e-06	13.872863148423926	9.695343229693345e-07	13.393605645016509	9.757020908320104e-07	12.969486908360489	1.965418462158324e-06	12.59040924806944	9.904128040567308e-07	12.245357199936072	9.98882250761398e-07	11.925090759516769	2.0163200948476974e-06	11.6302010080446	2.036867298095529e-06	11.35285452827353	2.0587293728183902e-06	11.088249995313994	2.082671651194152e-06	10.838058276168834	-7.378339093708068e-06	10.595083902899395	-8.54083104421268e-06	10.365527717131414	-8.655189164568684e-06	10.145119211139539	1.3165242443425113e-05	9.933807511643069	1.3350882326435748e-05	9.721425111417986	1.3549707100498178e-05	9.515763671613009	-9.17193479671553e-06	9.31830911098789	-9.319284511931596e-06	9.123945086465605	-8.29009653225262e-06	8.934717007043654	-9.63730020672009e-06	8.750732159997646	-9.807094452126668e-06	8.571392379155247	-9.984087859973167e-06	8.395718425132806	1.5250508668007864e-05
20	1	10	0	0	541	1253	561	9675	543	6529	548	3653	576	2169	590	1437	600	1032	618	803	619	706	626	645	623	528	643	546	659	547	637	545	644	589	663	590	671	602	674	614	690	630	706	618	721	645	718	665	733	647	757	644	750	667	766	670	773	686	769	697	793	4066	4095	177.0	669.7669264457754	466.72614765167236	29	1	0.7524957656860352	4.761904761904762	3.875968992248062			2.171295553058276	35.74893009985735	2.2012085066310916	16.22206200432588	2.092888803237618	10.540165310603125	2.082858228810338	8.518129882243208	2.15633423180593	7.496889257569474	2.154857560262966	6.796254256526674	2.1581957483543754	6.334786078202688	2.184363070832744	5.840424758164231	2.150350865003821	5.762324518445968	2.1365187713310583	5.506701955092632	2.095667384284176	4.734152246032457	2.128011649457241	4.893350062735257	2.1401662769550533	4.932371505861136	2.0321572130415366	4.840571986854961	2.020138649267543	5.137822749476623	2.042136388837553	5.004665366019171	2.0374081496325984	4.872521246458923	2.019052183811635	4.812666562157078	2.0359387447995045	4.727954971857411	2.0545354014492334	4.540445228124311	2.0633603296797642	4.55959281775767	2.0225352112676056	4.463386804483522	2.035828357172615	4.197482807837032	2.0721559180992006	3.985395135837614	2.032244953258366	3.953998458711246	2.048511753536758	3.8035764973034345	2.0393087983115685	3.729679769477519	2.0063137572073364	3.6358894105372976	2.044025157232704	4.787021121288469	4.761904761904762	1.089633095296725	3.265130093173242	1.976103497978997	2.7436140018921478	4.761904761904762	5.581513364842993	69.25043478260869	0.38870000000000005	0.03706280576642258	20.999122619628906	0.0	20.402830123901367	0.0	18.581976383202147	3.815010157464544e-06	17.04705899198167	1.9091274428478837e-06	15.934590570434743	1.9133135050277096e-06	15.093120486507031	1.919616076784643e-06	14.425967046327784	1.928357656351239e-06	13.872863148423926	9.695343229693345e-07	13.393605645016509	9.757020908320104e-07	12.969486908360489	1.965418462158324e-06	12.59040924806944	9.904128040567308e-07	12.245357199936072	9.98882250761398e-07	11.925090759516769	2.0163200948476974e-06	11.6302010080446	2.036867298095529e-06	11.35285452827353	2.0587293728183902e-06	11.088249995313994	2.082671651194152e-06	10.838058276168834	-7.378339093708068e-06	10.595083902899395	-8.54083104421268e-06	10.365527717131414	-8.655189164568684e-06	10.145119211139539	1.3165242443425113e-05	9.933807511643069	1.3350882326435748e-05	9.721425111417986	1.3549707100498178e-05	9.515763671613009	-9.17193479671553e-06	9.31830911098789	-9.319284511931596e-06	9.123945086465605	-8.29009653225262e-06	8.934717007043654	-9.63730020672009e-06	8.750732159997646	-9.807094452126668e-06	8.571392379155247	-9.984087859973167e-06	8.395718425132806	1.5250508668007864e-05
