	counts(inten<0.01	MicrocoloniesPlatonic	MicrocoloniesAggregates	MicrocoloniesLarge	counts(Norminten<0.01	counts(inten<0.02	counts(Norminten<0.02	counts(inten<0.03	counts(Norminten<0.03	counts(inten<0.04	counts(Norminten<0.04	counts(inten<0.05	counts(Norminten<0.05	counts(inten<0.060000000000000005	counts(Norminten<0.060000000000000005	counts(inten<0.06999999999999999	counts(Norminten<0.06999999999999999	counts(inten<0.08	counts(Norminten<0.08	counts(inten<0.09	counts(Norminten<0.09	counts(inten<0.09999999999999999	counts(Norminten<0.09999999999999999	counts(inten<0.11	counts(Norminten<0.11	counts(inten<0.12	counts(Norminten<0.12	counts(inten<0.13	counts(Norminten<0.13	counts(inten<0.14	counts(Norminten<0.14	counts(inten<0.15000000000000002	counts(Norminten<0.15000000000000002	counts(inten<0.16	counts(Norminten<0.16	counts(inten<0.17	counts(Norminten<0.17	counts(inten<0.18000000000000002	counts(Norminten<0.18000000000000002	counts(inten<0.19	counts(Norminten<0.19	counts(inten<0.2	counts(Norminten<0.2	counts(inten<0.21000000000000002	counts(Norminten<0.21000000000000002	counts(inten<0.22	counts(Norminten<0.22	counts(inten<0.23	counts(Norminten<0.23	counts(inten<0.24000000000000002	counts(Norminten<0.24000000000000002	counts(inten<0.25	counts(Norminten<0.25	counts(inten<0.26	counts(Norminten<0.26	counts(inten<0.27	counts(Norminten<0.27	counts(inten<0.28	counts(Norminten<0.28	counts(inten<0.29000000000000004	counts(Norminten<0.29000000000000004	diff	max	med	std	mean	min	eigenLocal	minProp	counts(inten<0.01Normalized	MicrocoloniesPlatonicNormalized	MicrocoloniesAggregatesNormalized	MicrocoloniesLargeNormalized	counts(Norminten<0.01Normalized	counts(inten<0.02Normalized	counts(Norminten<0.02Normalized	counts(inten<0.03Normalized	counts(Norminten<0.03Normalized	counts(inten<0.04Normalized	counts(Norminten<0.04Normalized	counts(inten<0.05Normalized	counts(Norminten<0.05Normalized	counts(inten<0.060000000000000005Normalized	counts(Norminten<0.060000000000000005Normalized	counts(inten<0.06999999999999999Normalized	counts(Norminten<0.06999999999999999Normalized	counts(inten<0.08Normalized	counts(Norminten<0.08Normalized	counts(inten<0.09Normalized	counts(Norminten<0.09Normalized	counts(inten<0.09999999999999999Normalized	counts(Norminten<0.09999999999999999Normalized	counts(inten<0.11Normalized	counts(Norminten<0.11Normalized	counts(inten<0.12Normalized	counts(Norminten<0.12Normalized	counts(inten<0.13Normalized	counts(Norminten<0.13Normalized	counts(inten<0.14Normalized	counts(Norminten<0.14Normalized	counts(inten<0.15000000000000002Normalized	counts(Norminten<0.15000000000000002Normalized	counts(inten<0.16Normalized	counts(Norminten<0.16Normalized	counts(inten<0.17Normalized	counts(Norminten<0.17Normalized	counts(inten<0.18000000000000002Normalized	counts(Norminten<0.18000000000000002Normalized	counts(inten<0.19Normalized	counts(Norminten<0.19Normalized	counts(inten<0.2Normalized	counts(Norminten<0.2Normalized	counts(inten<0.21000000000000002Normalized	counts(Norminten<0.21000000000000002Normalized	counts(inten<0.22Normalized	counts(Norminten<0.22Normalized	counts(inten<0.23Normalized	counts(Norminten<0.23Normalized	counts(inten<0.24000000000000002Normalized	counts(Norminten<0.24000000000000002Normalized	counts(inten<0.25Normalized	counts(Norminten<0.25Normalized	counts(inten<0.26Normalized	counts(Norminten<0.26Normalized	counts(inten<0.27Normalized	counts(Norminten<0.27Normalized	counts(inten<0.28Normalized	counts(Norminten<0.28Normalized	counts(inten<0.29000000000000004Normalized	counts(Norminten<0.29000000000000004Normalized	diffNormalized	maxNormalized	medNormalized	stdNormalized	meanNormalized	minNormalized	eigenLocalNormalized	minPropNormalized	BioVolume	SubstratumCoverage	Homogenity	ThicknessThreshold=0.01	RoughnessThreshold=0.01	ThicknessThreshold=0.02	RoughnessThreshold=0.02	ThicknessThreshold=0.03	RoughnessThreshold=0.03	ThicknessThreshold=0.04	RoughnessThreshold=0.04	ThicknessThreshold=0.05	RoughnessThreshold=0.05	ThicknessThreshold=0.060000000000000005	RoughnessThreshold=0.060000000000000005	ThicknessThreshold=0.06999999999999999	RoughnessThreshold=0.06999999999999999	ThicknessThreshold=0.08	RoughnessThreshold=0.08	ThicknessThreshold=0.09	RoughnessThreshold=0.09	ThicknessThreshold=0.09999999999999999	RoughnessThreshold=0.09999999999999999	ThicknessThreshold=0.11	RoughnessThreshold=0.11	ThicknessThreshold=0.12	RoughnessThreshold=0.12	ThicknessThreshold=0.13	RoughnessThreshold=0.13	ThicknessThreshold=0.14	RoughnessThreshold=0.14	ThicknessThreshold=0.15000000000000002	RoughnessThreshold=0.15000000000000002	ThicknessThreshold=0.16	RoughnessThreshold=0.16	ThicknessThreshold=0.17	RoughnessThreshold=0.17	ThicknessThreshold=0.18000000000000002	RoughnessThreshold=0.18000000000000002	ThicknessThreshold=0.19	RoughnessThreshold=0.19	ThicknessThreshold=0.2	RoughnessThreshold=0.2	ThicknessThreshold=0.21000000000000002	RoughnessThreshold=0.21000000000000002	ThicknessThreshold=0.22	RoughnessThreshold=0.22	ThicknessThreshold=0.23	RoughnessThreshold=0.23	ThicknessThreshold=0.24000000000000002	RoughnessThreshold=0.24000000000000002	ThicknessThreshold=0.25	RoughnessThreshold=0.25	ThicknessThreshold=0.26	RoughnessThreshold=0.26	ThicknessThreshold=0.27	RoughnessThreshold=0.27	ThicknessThreshold=0.28	RoughnessThreshold=0.28	ThicknessThreshold=0.29000000000000004	RoughnessThreshold=0.29000000000000004
0	1	50	0	0	3335	1	3578	10	3833	26	4054	53	4285	91	4489	137	4653	112	4789	132	4923	127	5037	158	5139	209	5228	319	5276	419	5334	521	5373	642	5315	844	5285	1055	5211	1327	5156	1591	5068	1874	4991	2187	4819	2503	4790	2855	4679	3168	4522	3579	4357	3891	4201	4176	4028	4490	3879	4045	4095	939.0	513.441739314607	1005.9663591384888	50	1	0.5500097274780273	2.941176470588235	12.40694789081886			11.22593240877878	0.002486387031005246	11.665362545644236	0.015038272403266313	12.237014334514575	0.05401250597253671	12.586934923000499	0.15036740715521887	12.928433502293025	0.3352984524686809	13.142254881869016	0.6128657063612777	13.293146301745566	0.5610660254483518	13.414941595002661	0.7104795737122558	13.517669348417035	0.7004191484667991	13.638948309008692	0.8612701008449168	13.714605961943905	1.1296076099881094	13.59334373374935	1.6542211159510476	13.524043883933148	2.0887337986041876	13.523997870236556	2.4743541033434653	13.435522992673352	2.93700535248639	13.169631795430895	3.663830526133009	12.935043320769493	4.3701586512571975	12.667736289381565	5.204329751353047	12.439083232810615	5.871932090791659	12.146777556743285	6.6074324800789785	11.878808073115003	7.3790404210810445	11.488580555952892	8.112400337071367	11.37334979580207	8.827530764949602	11.139415293781544	9.38360830544119	10.792877941667859	10.202394526795896	10.446186674338872	10.688679504436447	10.13926097555089	11.078392359729406	9.774801009512716	11.539450012850166	9.459591279324977	4.738198430361954	4.761904761904762	10.022414345180916	4.310565564887827	7.381882272244495	8.0	4.761904761904762	4.079228820655167	18.56031496062992	2.1463	0.056225311322181046	20.916231155395508	0.0	18.92410635943997	0.0	16.78341732821789	0.0	15.295111204062309	0.0	14.20009472008182	9.685089320736261e-07	13.34604680668869	-4.910072030756691e-06	12.645789906007112	-6.995012556047538e-06	12.045359331817208	-5.09908022790849e-06	11.521673363419133	-6.263531838576258e-06	11.052334882385276	-6.42909034800666e-06	10.619765632667194	-6.616192469449731e-06	10.2098815996505	-6.826202606244155e-06	9.822905359426029	-7.063967760051143e-06	9.452340646938985	-1.221378521081604e-05	9.099971672935458	-1.1432462095036787e-05	8.76463724428033	-1.3244594549849343e-05	8.439690170644305	1.3846522376672486e-06	8.134035541101658	1.4518444958397395e-06	7.846528359653179	1.5262328909292927e-06	7.572398317421762	1.6085859885726052e-06	7.32846230770145	1.6978159295881777e-06	7.101999056131364	1.8012792685365147e-06	6.886042707407521	1.9154776339254074e-06	6.692475806484556	4.085025725449506e-06	6.512646538738621	-4.366154443981147e-06	6.3414884036444015	-9.356637598712527e-06	6.184292856639875	-1.0059679045940039e-05	6.044892790907021	-1.0845663497021509e-05	5.918718793718062	-1.1706963008923633e-05
1	1	44	0	0	3292	1	3482	14	3658	44	3781	90	3973	119	4118	146	4260	159	4428	142	4637	204	4725	235	4798	289	4943	419	4976	532	5005	660	5126	818	5118	964	5146	1177	5135	1373	5107	1625	5114	1837	5130	2091	5111	2355	5063	2626	5001	2909	4951	3145	4915	3376	4778	3627	4687	3836	4614	4046	4095	953.0	611.6273823146504	1058.1915683746338	49	1	0.5665035247802734	2.941176470588235	10.918114143920596			11.081190251784031	0.002486387031005246	11.352373500260825	0.02105358136457284	11.67831944577467	0.09140577933813906	11.739319423745654	0.25534088007489997	11.987086652184407	0.4384672070744289	12.056093919255204	0.6531269571441353	12.170385395537526	0.7965133754132853	12.40370878736099	0.7643037838419721	12.732364974326588	1.1250827266710788	12.79412959302483	1.2810029980921231	12.804568866590163	1.5619932980218354	12.852314092563702	2.172785729101846	12.75504972828873	2.6520438683948155	12.689840521284957	3.1344984802431615	12.817884023905378	3.7421656983393565	12.6815005698994	4.184754297621115	12.5948406676783	4.875522969222485	12.482983274990277	5.384736057730018	12.32086851628468	5.997416497508765	12.257028497471419	6.476976235808476	12.20963442498096	7.055131925231123	12.184713679492681	7.632721851299669	12.021559502326905	8.119473130913363	11.906008951528426	8.616450934510233	11.81679316435152	8.965222348916761	11.784027428133017	9.27396093728539	11.531870731059783	9.621965777954635	11.37400504756358	9.858648162426112	11.25201190069746	4.739369802038187	4.761904761904762	10.171843313053689	5.13487652224656	7.765116107772274	7.84	4.761904761904762	4.201557517687266	18.56031496062992	2.1463	0.056225311322181046	20.916231155395508	0.0	18.92410635943997	0.0	16.78341732821789	0.0	15.295111204062309	0.0	14.20009472008182	9.685089320736261e-07	13.34604680668869	-4.910072030756691e-06	12.645789906007112	-6.995012556047538e-06	12.045359331817208	-5.09908022790849e-06	11.521673363419133	-6.263531838576258e-06	11.052334882385276	-6.42909034800666e-06	10.619765632667194	-6.616192469449731e-06	10.2098815996505	-6.826202606244155e-06	9.822905359426029	-7.063967760051143e-06	9.452340646938985	-1.221378521081604e-05	9.099971672935458	-1.1432462095036787e-05	8.76463724428033	-1.3244594549849343e-05	8.439690170644305	1.3846522376672486e-06	8.134035541101658	1.4518444958397395e-06	7.846528359653179	1.5262328909292927e-06	7.572398317421762	1.6085859885726052e-06	7.32846230770145	1.6978159295881777e-06	7.101999056131364	1.8012792685365147e-06	6.886042707407521	1.9154776339254074e-06	6.692475806484556	4.085025725449506e-06	6.512646538738621	-4.366154443981147e-06	6.3414884036444015	-9.356637598712527e-06	6.184292856639875	-1.0059679045940039e-05	6.044892790907021	-1.0845663497021509e-05	5.918718793718062	-1.1706963008923633e-05
2	1	47	0	0	2987	1	3120	26	3256	77	3339	154	3462	140	3568	184	3636	233	3675	314	3771	440	3764	504	3809	669	3877	776	3914	938	3998	1104	4011	1280	4014	1471	4018	1637	4035	1881	4002	2058	3974	2262	3969	2443	3947	2568	3879	2744	3872	2912	3826	3087	3805	3267	3749	3383	3671	3521	3633	4047	4095	871.0	647.1944209373063	1010.0315799713135	48	1	0.5868148803710938	2.941176470588235	11.662531017369728			10.054530766123602	0.002486387031005246	10.172143974960877	0.03909950824849241	10.394917472783577	0.15996011384174336	10.36698956780924	0.43691661701705115	10.445329471397539	0.5158437730287398	10.445882249612087	0.8231189048939788	10.387681055909495	1.1672177136559463	10.294406005770469	1.6900801980730935	10.354485296136632	2.4266490183101697	10.191979637702744	2.7473426001635324	10.165194417015826	3.6158253161820344	10.080603224128964	4.024061398050197	10.032810417307495	4.6759720837487535	10.136659820998453	5.243161094224924	10.029756695256433	5.8557116062033945	9.945983448139154	6.385657232158361	9.83405942532674	6.780994987780126	9.808926487747959	7.377049180327869	9.655006031363088	7.595497324229562	9.524722575078494	7.975460122699387	9.44640137090632	8.24279641001417	9.409717255519002	8.323069942308939	9.210276379523222	8.484323789499722	9.218169698123988	8.62533692722372	9.131700797174089	8.799885974914481	9.122731304994126	8.974535065791281	9.048343108150508	8.974665074943626	8.90846437584935	9.049087638139296	8.859679071355412	4.740541173714419	4.761904761904762	9.296616501227453	5.433477201140556	7.411713271388727	7.68	4.761904761904762	4.352199702676548	18.56031496062992	2.1463	0.056225311322181046	20.916231155395508	0.0	18.92410635943997	0.0	16.78341732821789	0.0	15.295111204062309	0.0	14.20009472008182	9.685089320736261e-07	13.34604680668869	-4.910072030756691e-06	12.645789906007112	-6.995012556047538e-06	12.045359331817208	-5.09908022790849e-06	11.521673363419133	-6.263531838576258e-06	11.052334882385276	-6.42909034800666e-06	10.619765632667194	-6.616192469449731e-06	10.2098815996505	-6.826202606244155e-06	9.822905359426029	-7.063967760051143e-06	9.452340646938985	-1.221378521081604e-05	9.099971672935458	-1.1432462095036787e-05	8.76463724428033	-1.3244594549849343e-05	8.439690170644305	1.3846522376672486e-06	8.134035541101658	1.4518444958397395e-06	7.846528359653179	1.5262328909292927e-06	7.572398317421762	1.6085859885726052e-06	7.32846230770145	1.6978159295881777e-06	7.101999056131364	1.8012792685365147e-06	6.886042707407521	1.9154776339254074e-06	6.692475806484556	4.085025725449506e-06	6.512646538738621	-4.366154443981147e-06	6.3414884036444015	-9.356637598712527e-06	6.184292856639875	-1.0059679045940039e-05	6.044892790907021	-1.0845663497021509e-05	5.918718793718062	-1.1706963008923633e-05
3	1	39	0	0	2817	1	2912	25	2916	131	3012	187	3085	222	3164	309	3147	366	3232	516	3209	628	3182	813	3153	962	3185	1115	3232	1284	3217	1521	3247	1725	3244	1922	3237	2035	3233	2153	3203	2301	3192	2499	3180	2646	3153	2711	3094	2876	3075	2915	3075	2998	3071	3125	3047	3178	3005	3208	2969	4050	4095	789.0	634.0088666707398	938.8861808776855	45	1	0.5993213653564453	2.941176470588235	9.67741935483871			9.4822943314932	0.002486387031005246	9.494001043296818	0.037595681008165786	9.309453117517478	0.2721399339385504	9.35171385991058	0.5305416063778478	9.30786869418296	0.8179808400884303	9.263108586819685	1.3823029435447796	8.990657943604834	1.833483618875864	9.053474887251744	2.7773292426933636	8.811334742854005	3.4634899624972424	8.616067802117461	4.431725265739984	8.414507218915961	5.199437898605557	8.28133125325013	5.781995436631404	8.284630370142521	6.400797607178464	8.15648690449025	7.223594224924012	8.119326848540922	7.891486344297544	8.038059368650577	8.343462406667825	7.92256106515248	8.429642516879996	7.859295993776741	8.443799513687349	7.727382388419783	8.492341760472412	7.65045658270019	8.811085254918554	7.568545316070069	8.927727916863486	7.5168073237019035	8.786543073831595	7.346376673948144	8.892461814359038	7.320731358918198	8.634222919937205	7.339252470284978	8.546180159635119	7.362919274017599	8.584457324945745	7.354041464533102	8.430826369545033	7.292273344981556	8.244667180673348	7.240403843339998	4.744055288743118	4.761904761904762	8.421389689401217	5.322778767757845	6.889641180657202	7.199999999999999	4.761904761904762	4.444955905791838	18.56031496062992	2.1463	0.056225311322181046	20.916231155395508	0.0	18.92410635943997	0.0	16.78341732821789	0.0	15.295111204062309	0.0	14.20009472008182	9.685089320736261e-07	13.34604680668869	-4.910072030756691e-06	12.645789906007112	-6.995012556047538e-06	12.045359331817208	-5.09908022790849e-06	11.521673363419133	-6.263531838576258e-06	11.052334882385276	-6.42909034800666e-06	10.619765632667194	-6.616192469449731e-06	10.2098815996505	-6.826202606244155e-06	9.822905359426029	-7.063967760051143e-06	9.452340646938985	-1.221378521081604e-05	9.099971672935458	-1.1432462095036787e-05	8.76463724428033	-1.3244594549849343e-05	8.439690170644305	1.3846522376672486e-06	8.134035541101658	1.4518444958397395e-06	7.846528359653179	1.5262328909292927e-06	7.572398317421762	1.6085859885726052e-06	7.32846230770145	1.6978159295881777e-06	7.101999056131364	1.8012792685365147e-06	6.886042707407521	1.9154776339254074e-06	6.692475806484556	4.085025725449506e-06	6.512646538738621	-4.366154443981147e-06	6.3414884036444015	-9.356637598712527e-06	6.184292856639875	-1.0059679045940039e-05	6.044892790907021	-1.0845663497021509e-05	5.918718793718062	-1.1706963008923633e-05
4	1	34	0	0	2281	2	2305	67	2383	174	2434	451	2478	550	2458	689	2519	837	2544	928	2542	1080	2561	1255	2595	1366	2595	1561	2588	1752	2556	1848	2530	1882	2527	2009	2519	2084	2516	2170	2513	2239	2542	2254	2543	2305	2530	2388	2529	2426	2502	2473	2474	2498	2462	2531	2438	2541	2390	2582	2381	4056	4095	691.0	619.766424854086	855.6003952026367	39	1	0.6118173599243164	2.941176470588235	8.436724565756824			7.6780665140702835	0.004972774062010492	7.514997391757955	0.10075642510188429	7.607828113526802	0.3614683092008227	7.557128663686042	1.279541521264221	7.476466328747285	2.026529108327192	7.1961823345141545	3.0822224210432134	7.196526012056109	4.192966636609558	7.126250035014986	4.994886700037677	6.97987314313957	5.956320317670417	6.934553627034198	6.841101117470701	6.925355608337114	7.382985623175872	6.747269890795632	8.094793611283967	6.633856249359171	8.733798604187438	6.480565908572297	8.77659574468085	6.326423445275187	8.609725970995928	6.261459933594331	8.721132140996701	6.165255274364873	8.632616710161138	6.116297160637884	8.510471409522316	6.0627261761158024	8.263517254105924	6.092562855020013	7.947253367181439	6.052456207159177	7.777177947229907	6.0315643923139275	7.739677189343359	6.004843764839966	7.501082184156823	5.9565755642319775	7.325019993483606	5.904816459019523	7.1208665906499435	5.9028027524035585	6.952723676620058	5.884198585668429	6.740947075208914	5.799844690351389	6.635826265741454	5.806467346242013	4.751083518800516	4.761904761904762	7.375386914291814	5.203207306082875	6.2784817127291515	6.239999999999999	4.761904761904762	4.53763430516805	18.56031496062992	2.1463	0.056225311322181046	20.916231155395508	0.0	18.92410635943997	0.0	16.78341732821789	0.0	15.295111204062309	0.0	14.20009472008182	9.685089320736261e-07	13.34604680668869	-4.910072030756691e-06	12.645789906007112	-6.995012556047538e-06	12.045359331817208	-5.09908022790849e-06	11.521673363419133	-6.263531838576258e-06	11.052334882385276	-6.42909034800666e-06	10.619765632667194	-6.616192469449731e-06	10.2098815996505	-6.826202606244155e-06	9.822905359426029	-7.063967760051143e-06	9.452340646938985	-1.221378521081604e-05	9.099971672935458	-1.1432462095036787e-05	8.76463724428033	-1.3244594549849343e-05	8.439690170644305	1.3846522376672486e-06	8.134035541101658	1.4518444958397395e-06	7.846528359653179	1.5262328909292927e-06	7.572398317421762	1.6085859885726052e-06	7.32846230770145	1.6978159295881777e-06	7.101999056131364	1.8012792685365147e-06	6.886042707407521	1.9154776339254074e-06	6.692475806484556	4.085025725449506e-06	6.512646538738621	-4.366154443981147e-06	6.3414884036444015	-9.356637598712527e-06	6.184292856639875	-1.0059679045940039e-05	6.044892790907021	-1.0845663497021509e-05	5.918718793718062	-1.1706963008923633e-05
5	1	21	0	0	1740	2	1864	166	1809	675	1766	1120	1742	1301	1751	1510	1800	1631	1786	1661	1812	1601	1821	1610	1802	1697	1861	1649	1885	1666	1891	1698	1878	1691	1860	1705	1868	1705	1866	1748	1863	1848	1891	1823	1896	1765	1887	1733	1868	1767	1845	1772	1825	1819	1833	1815	1881	1854	1889	1864	1876	4056	4095	578.0	603.094940549896	761.0025262832642	39	1	0.6234464645385742	2.941176470588235	5.2109181141439205			5.857008213275885	0.004972774062010492	6.077203964527908	0.24963532189422077	5.775308878459918	1.402247751210088	5.483109786388475	3.1775753964876445	5.255853246439778	4.793662490788504	5.126328424627456	6.754943186901673	5.1424163643116305	8.170523995591623	5.002941258858792	8.940201302545885	4.975424915566051	8.829693359805868	4.930816928867348	8.77623330607795	4.809052333804809	9.171981407415416	4.83879355174207	8.551130470856668	4.831846611299087	8.305084745762711	4.794503181968003	8.064209726443769	4.696056612737866	7.735944004757765	4.608751672530849	7.4014585865601665	4.571932057369426	7.0626734600886465	4.536172695449241	6.855439642324888	4.4945717732207475	6.820446576859199	4.5322723677587895	6.427614413652069	4.512566641279513	5.955192658074094	4.4986411099985695	5.61677578271861	4.4353689809098675	5.463484014594027	4.392438815350919	5.2486596960990495	4.3558165067545	5.185290763968073	4.39473494929152	4.9858528143284895	4.539859532256896	4.9184241941902105	4.584061347311201	4.790542277049601	4.574940252645955	4.751083518800516	4.761904761904762	6.1692816736044405	5.06324298169207	5.584313040760778	6.239999999999999	4.761904761904762	4.623883286469548	18.56031496062992	2.1463	0.056225311322181046	20.916231155395508	0.0	18.92410635943997	0.0	16.78341732821789	0.0	15.295111204062309	0.0	14.20009472008182	9.685089320736261e-07	13.34604680668869	-4.910072030756691e-06	12.645789906007112	-6.995012556047538e-06	12.045359331817208	-5.09908022790849e-06	11.521673363419133	-6.263531838576258e-06	11.052334882385276	-6.42909034800666e-06	10.619765632667194	-6.616192469449731e-06	10.2098815996505	-6.826202606244155e-06	9.822905359426029	-7.063967760051143e-06	9.452340646938985	-1.221378521081604e-05	9.099971672935458	-1.1432462095036787e-05	8.76463724428033	-1.3244594549849343e-05	8.439690170644305	1.3846522376672486e-06	8.134035541101658	1.4518444958397395e-06	7.846528359653179	1.5262328909292927e-06	7.572398317421762	1.6085859885726052e-06	7.32846230770145	1.6978159295881777e-06	7.101999056131364	1.8012792685365147e-06	6.886042707407521	1.9154776339254074e-06	6.692475806484556	4.085025725449506e-06	6.512646538738621	-4.366154443981147e-06	6.3414884036444015	-9.356637598712527e-06	6.184292856639875	-1.0059679045940039e-05	6.044892790907021	-1.0845663497021509e-05	5.918718793718062	-1.1706963008923633e-05
6	1	17	0	0	1442	9	1473	473	1515	1220	1507	1641	1548	1912	1531	1937	1511	1837	1514	1698	1538	1568	1534	1514	1507	1467	1554	1528	1603	1500	1598	1460	1622	1477	1637	1520	1646	1524	1640	1459	1643	1512	1646	1506	1694	1531	1700	1502	1706	1535	1701	1538	1692	1524	1707	1516	1675	1608	1686	1588	1662	4057	4095	526.0	597.1037411244732	717.6122312545776	38	1	0.6270713806152344	2.941176470588235	4.218362282878412			4.853911404335533	0.02237748327904722	4.802425665101722	0.7113102846744966	4.83670146537688	2.534432972557492	4.67896174863388	4.655715380032343	4.670528602461984	7.044952100221076	4.482243756770208	8.665115862932808	4.316772848041596	9.202484720969844	4.24101515448612	9.139350880025836	4.223070375353524	8.647694683432604	4.153692020253987	8.25292995366585	4.021776840756852	7.928872554318452	4.040561622464899	7.923667288944203	4.108992104993335	7.477567298105684	4.051621409193479	6.933890577507598	4.055912580330574	6.7569422205956355	4.056197036523118	6.59836777218267	4.028586812864066	6.312911644090965	3.9867755737067285	5.722017413130442	3.963811821471653	5.580365381066618	3.9450662704024158	5.309921726253438	4.031797410510282	5.1656656994399075	4.05282982882754	4.868088416412783	4.050717067147877	4.74615051635644	4.049614322445481	4.555552264447143	4.038378920234856	4.344355758266818	4.092641875854132	4.16449193747768	4.042671300654068	4.265817747711898	4.091438555620268	4.081213055769725	4.053065405062674	4.752254890476748	4.761904761904762	5.614259792934145	5.0129442701574805	5.265910693853247	6.08	4.761904761904762	4.650768014854573	18.56031496062992	2.1463	0.056225311322181046	20.916231155395508	0.0	18.92410635943997	0.0	16.78341732821789	0.0	15.295111204062309	0.0	14.20009472008182	9.685089320736261e-07	13.34604680668869	-4.910072030756691e-06	12.645789906007112	-6.995012556047538e-06	12.045359331817208	-5.09908022790849e-06	11.521673363419133	-6.263531838576258e-06	11.052334882385276	-6.42909034800666e-06	10.619765632667194	-6.616192469449731e-06	10.2098815996505	-6.826202606244155e-06	9.822905359426029	-7.063967760051143e-06	9.452340646938985	-1.221378521081604e-05	9.099971672935458	-1.1432462095036787e-05	8.76463724428033	-1.3244594549849343e-05	8.439690170644305	1.3846522376672486e-06	8.134035541101658	1.4518444958397395e-06	7.846528359653179	1.5262328909292927e-06	7.572398317421762	1.6085859885726052e-06	7.32846230770145	1.6978159295881777e-06	7.101999056131364	1.8012792685365147e-06	6.886042707407521	1.9154776339254074e-06	6.692475806484556	4.085025725449506e-06	6.512646538738621	-4.366154443981147e-06	6.3414884036444015	-9.356637598712527e-06	6.184292856639875	-1.0059679045940039e-05	6.044892790907021	-1.0845663497021509e-05	5.918718793718062	-1.1706963008923633e-05
7	1	15	0	0	1238	21	1256	603	1306	1808	1318	2271	1361	2258	1381	2068	1439	1862	1425	1637	1380	1414	1407	1380	1419	1286	1453	1261	1440	1255	1479	1284	1470	1261	1483	1243	1512	1236	1532	1292	1542	1314	1557	1358	1577	1398	1567	1427	1561	1375	1533	1411	1535	1417	1517	1446	1522	1452	1537	1469	1561	4057	4095	486.0	593.9748595864329	686.5551805496216	38	1	0.6299371719360352	2.941176470588235	3.722084367245657			4.16722768277905	0.05221412765111017	4.094940010432968	0.9068078259169587	4.169460141110366	3.7559465691671687	4.092151018380527	6.443101540556643	4.106323919864832	8.319823139277819	4.0430951195948115	9.251140735438849	4.111076193469131	9.327722673078851	3.9917084512171206	8.811023198234565	3.7892308959608996	7.798367527024046	3.8098074788118383	7.522485690923958	3.7869285580849192	6.950599935142147	3.7779511180447214	6.53909977183157	3.691171947093202	6.256231306081755	3.749904921274815	6.098024316109423	3.6758270610887447	5.768790887048813	3.6746122206254026	5.395902066330961	3.700621665279749	5.119920467254878	3.724231816413847	5.067064083457526	3.7201447527141136	4.849603247831704	3.731754667689284	4.788096749171427	3.7533320639756287	4.7169174708144945	3.7357554951604444	4.625008102677124	3.706429860385602	4.251437758951209	3.649652414055804	4.17937857290957	3.6636593632154284	4.03933865450399	3.6371047016231506	3.9722000933988957	3.6734004296092486	3.8519697572622364	3.7298582799456415	3.775379079928039	3.8067599863434616	4.752254890476748	4.761904761904762	5.187319884726225	4.986675955796255	5.038010933643122	6.08	4.761904761904762	4.67202258175723	18.56031496062992	2.1463	0.056225311322181046	20.916231155395508	0.0	18.92410635943997	0.0	16.78341732821789	0.0	15.295111204062309	0.0	14.20009472008182	9.685089320736261e-07	13.34604680668869	-4.910072030756691e-06	12.645789906007112	-6.995012556047538e-06	12.045359331817208	-5.09908022790849e-06	11.521673363419133	-6.263531838576258e-06	11.052334882385276	-6.42909034800666e-06	10.619765632667194	-6.616192469449731e-06	10.2098815996505	-6.826202606244155e-06	9.822905359426029	-7.063967760051143e-06	9.452340646938985	-1.221378521081604e-05	9.099971672935458	-1.1432462095036787e-05	8.76463724428033	-1.3244594549849343e-05	8.439690170644305	1.3846522376672486e-06	8.134035541101658	1.4518444958397395e-06	7.846528359653179	1.5262328909292927e-06	7.572398317421762	1.6085859885726052e-06	7.32846230770145	1.6978159295881777e-06	7.101999056131364	1.8012792685365147e-06	6.886042707407521	1.9154776339254074e-06	6.692475806484556	4.085025725449506e-06	6.512646538738621	-4.366154443981147e-06	6.3414884036444015	-9.356637598712527e-06	6.184292856639875	-1.0059679045940039e-05	6.044892790907021	-1.0845663497021509e-05	5.918718793718062	-1.1706963008923633e-05
8	1	15	0	0	1130	105	1108	1455	1107	2655	1151	2928	1196	2392	1173	1788	1247	1488	1208	1331	1245	1214	1228	1200	1298	1132	1285	1105	1331	1047	1320	1123	1367	1096	1346	1096	1336	1114	1379	1114	1407	1194	1441	1175	1429	1230	1455	1220	1464	1229	1462	1275	1488	1283	1508	1333	1496	1347	1529	1360	1533	4066	4095	440.0	596.3618047355671	653.7352600097656	29	1	0.6338911056518555	2.941176470588235	3.722084367245657			3.8036892419550288	0.2610706382555508	3.612415232133542	2.1880686346752483	3.5341442390575613	5.515507821426346	3.573646299056135	8.307089965103414	3.608496258749698	8.813559322033898	3.4341423427115965	7.9985684888610535	3.5625517812758902	7.454162909528103	3.3838482870668645	7.164002368265246	3.41854526483429	6.695345245973969	3.3251198180390453	6.541291905151267	3.4640121694110113	6.118257485677224	3.341133645345814	5.730138975316324	3.411770737209064	5.219341974077767	3.3467711264927362	5.333396656534954	3.4182691105498737	5.013953062811657	3.335150403885227	4.75777044625803	3.269861471437662	4.614556149289591	3.352294826915597	4.368970115303162	3.394451145958987	4.40671710647721	3.453730556287899	4.1428672166983995	3.4010853008377757	4.150077603077131	3.4687455299671	3.9541064367667076	3.476113591034286	3.800012367818935	3.4806208932482625	3.7765469032315395	3.551482170986682	3.6573546180159635	3.6155266249490516	3.6617861165288574	3.610648516882678	3.5734182252288105	3.7104445738691516	3.4952454381906963	3.7384772960054624	4.762797235562844	4.761904761904762	4.696338990287117	5.006715393140928	4.797175057364795	4.64	4.761904761904762	4.701347518322427	18.56031496062992	2.1463	0.056225311322181046	20.916231155395508	0.0	18.92410635943997	0.0	16.78341732821789	0.0	15.295111204062309	0.0	14.20009472008182	9.685089320736261e-07	13.34604680668869	-4.910072030756691e-06	12.645789906007112	-6.995012556047538e-06	12.045359331817208	-5.09908022790849e-06	11.521673363419133	-6.263531838576258e-06	11.052334882385276	-6.42909034800666e-06	10.619765632667194	-6.616192469449731e-06	10.2098815996505	-6.826202606244155e-06	9.822905359426029	-7.063967760051143e-06	9.452340646938985	-1.221378521081604e-05	9.099971672935458	-1.1432462095036787e-05	8.76463724428033	-1.3244594549849343e-05	8.439690170644305	1.3846522376672486e-06	8.134035541101658	1.4518444958397395e-06	7.846528359653179	1.5262328909292927e-06	7.572398317421762	1.6085859885726052e-06	7.32846230770145	1.6978159295881777e-06	7.101999056131364	1.8012792685365147e-06	6.886042707407521	1.9154776339254074e-06	6.692475806484556	4.085025725449506e-06	6.512646538738621	-4.366154443981147e-06	6.3414884036444015	-9.356637598712527e-06	6.184292856639875	-1.0059679045940039e-05	6.044892790907021	-1.0845663497021509e-05	5.918718793718062	-1.1706963008923633e-05
9	1	15	0	0	942	118	961	2354	928	3489	962	3151	959	2218	1038	1627	1062	1342	1101	1122	1140	1117	1161	1124	1181	992	1220	980	1214	899	1235	915	1251	912	1318	955	1348	921	1381	949	1422	1022	1406	1036	1422	1101	1427	1144	1461	1179	1490	1216	1487	1197	1489	1224	1530	1246	1517	1320	1516	4066	4095	401.0	597.1108354950171	628.6409683227539	29	1	0.6385078430175781	2.941176470588235	3.722084367245657			3.1708630671872897	0.29339366965861907	3.133150756390193	3.54000932372889	2.9626791814321747	7.248062820699254	2.986835568802782	8.93976792351122	2.8934347091479604	8.17243920412675	3.0389085692537403	7.278339447078823	3.034025654943862	6.722773269211501	3.0841200033614387	6.039076376554174	3.130234218402482	6.1603794396646805	3.1437004142861014	6.127010084491688	3.1517707026767363	5.361582531618204	3.172126885075403	5.081933208877826	3.111863016507741	4.481555333998006	3.1312593494079763	4.3455547112462005	3.1282038458653196	4.172194519419919	3.265771346449279	4.145685014759507	3.2992314846541677	3.815086367590406	3.357156748346947	3.721860538081418	3.430639324487334	3.7719136372024358	3.3698439709512735	3.652774839574078	3.384424980959634	3.714825561778797	3.4019930386687642	3.707785052181241	3.4689904074461015	3.6454146311298	3.5472812113132077	3.601789046532982	3.5490954222158573	3.4122006841505135	3.5699729075259534	3.3623602450347496	3.6927087104481933	3.305478180129991	3.681324014754417	3.3924441017733233	3.6970199483002486	4.762797235562844	4.761904761904762	4.280072579784395	5.01300383046789	4.613030622259106	4.64	4.761904761904762	4.735588236583912	18.56031496062992	2.1463	0.056225311322181046	20.916231155395508	0.0	18.92410635943997	0.0	16.78341732821789	0.0	15.295111204062309	0.0	14.20009472008182	9.685089320736261e-07	13.34604680668869	-4.910072030756691e-06	12.645789906007112	-6.995012556047538e-06	12.045359331817208	-5.09908022790849e-06	11.521673363419133	-6.263531838576258e-06	11.052334882385276	-6.42909034800666e-06	10.619765632667194	-6.616192469449731e-06	10.2098815996505	-6.826202606244155e-06	9.822905359426029	-7.063967760051143e-06	9.452340646938985	-1.221378521081604e-05	9.099971672935458	-1.1432462095036787e-05	8.76463724428033	-1.3244594549849343e-05	8.439690170644305	1.3846522376672486e-06	8.134035541101658	1.4518444958397395e-06	7.846528359653179	1.5262328909292927e-06	7.572398317421762	1.6085859885726052e-06	7.32846230770145	1.6978159295881777e-06	7.101999056131364	1.8012792685365147e-06	6.886042707407521	1.9154776339254074e-06	6.692475806484556	4.085025725449506e-06	6.512646538738621	-4.366154443981147e-06	6.3414884036444015	-9.356637598712527e-06	6.184292856639875	-1.0059679045940039e-05	6.044892790907021	-1.0845663497021509e-05	5.918718793718062	-1.1706963008923633e-05
10	1	12	0	0	950	239	957	2475	962	3790	964	3104	955	2075	985	1557	1048	1291	1091	1092	1098	1116	1123	1027	1166	981	1224	958	1249	903	1247	938	1278	951	1308	959	1375	975	1403	983	1391	989	1373	1033	1386	1089	1417	1118	1475	1093	1491	1187	1478	1260	1493	1256	1495	1286	1517	1325	1538	4069	4095	393.0	595.0467445840565	621.3735265731812	26	1	0.6397113800048828	2.941176470588235	2.977667493796526			3.1977918405816617	0.5942465004102538	3.1201095461658843	3.721972419808412	3.0712256169587846	7.87336144753516	2.99304520615996	8.806423241694329	2.8813661597875933	7.64554163596168	2.883742717451767	6.965196385434375	2.994029083221438	6.467287846909127	3.0561080142300905	5.877603746165025	3.014909799829759	6.154864328259431	3.0408058270829383	5.59825565549196	3.1117397454031117	5.3021294995135655	3.182527301092044	4.96784899398465	3.201579001332923	4.501495513459621	3.161684541467001	4.454787234042553	3.195719036783276	4.350610732421428	3.240993111650726	4.163049140475777	3.3653140143913065	4.038772213247173	3.410637884091793	3.855204329751353	3.3558504221954157	3.6501199483299502	3.2907509047767416	3.6421973062548485	3.298743335872049	3.6743369997975575	3.378152863205073	3.6235172100862125	3.5022319308576315	3.3795065240244884	3.549661936958385	3.5158911169692844	3.5276146832784385	3.5917901938426455	3.5795631638255534	3.450265088042195	3.60823498177781	3.4115930494760573	3.681324014754417	3.405294268825495	3.7506706335658198	4.766311350591542	4.761904761904762	4.194684598142811	4.995674894149892	4.559701404111409	4.16	4.761904761904762	4.744514447376309	18.56031496062992	2.1463	0.056225311322181046	20.916231155395508	0.0	18.92410635943997	0.0	16.78341732821789	0.0	15.295111204062309	0.0	14.20009472008182	9.685089320736261e-07	13.34604680668869	-4.910072030756691e-06	12.645789906007112	-6.995012556047538e-06	12.045359331817208	-5.09908022790849e-06	11.521673363419133	-6.263531838576258e-06	11.052334882385276	-6.42909034800666e-06	10.619765632667194	-6.616192469449731e-06	10.2098815996505	-6.826202606244155e-06	9.822905359426029	-7.063967760051143e-06	9.452340646938985	-1.221378521081604e-05	9.099971672935458	-1.1432462095036787e-05	8.76463724428033	-1.3244594549849343e-05	8.439690170644305	1.3846522376672486e-06	8.134035541101658	1.4518444958397395e-06	7.846528359653179	1.5262328909292927e-06	7.572398317421762	1.6085859885726052e-06	7.32846230770145	1.6978159295881777e-06	7.101999056131364	1.8012792685365147e-06	6.886042707407521	1.9154776339254074e-06	6.692475806484556	4.085025725449506e-06	6.512646538738621	-4.366154443981147e-06	6.3414884036444015	-9.356637598712527e-06	6.184292856639875	-1.0059679045940039e-05	6.044892790907021	-1.0845663497021509e-05	5.918718793718062	-1.1706963008923633e-05
11	1	12	0	0	816	610	866	3787	849	4030	890	2671	950	1889	1026	1370	1015	1056	1023	939	1038	971	1052	940	1072	904	1124	862	1164	781	1217	830	1224	838	1259	867	1314	893	1324	964	1359	1017	1398	1009	1438	1046	1455	1044	1485	1074	1461	1138	1502	1201	1519	1232	1506	1243	1532	1313	1515	4069	4095	357.0	595.9115691968161	596.0588636398315	26	1	0.6440267562866211	2.941176470588235	2.977667493796526			2.7467348862259326	1.5166960889132002	2.8234220135628587	5.694993759116953	2.710468345943875	8.371938425743192	2.7632886239443617	7.577949896445088	2.866280473087135	6.960206337509211	3.0037766782797086	6.128657063612776	2.899751449875725	5.2900510970844605	2.8656264881369227	5.054093331180365	2.850160630440155	5.355173174498125	2.8485554141507134	5.124011992368493	2.860879079821729	4.885958274781105	2.922516900676027	4.470026965359883	2.9836973239003384	3.8933200398803587	3.085621561319439	3.941869300911854	3.0606886549473633	3.833661192186285	3.119579761137816	3.7636742490015624	3.216016447207401	3.699101114286898	3.218591987553481	3.7806886814652128	3.2786489746682754	3.7534600479793316	3.3506698943029023	3.5575770397010085	3.4225057121096727	3.5292529860314463	3.4687455299671	3.383677967200363	3.525975876151581	3.3207593840826175	3.478240167603085	3.3707532359823467	3.584896653778223	3.4236031927023944	3.641899829772951	3.384336455786611	3.6347838679313593	3.2975195649290354	3.7177247136478355	3.3744538679002822	3.6945812807881775	4.766311350591542	4.761904761904762	3.810438680755684	5.002935470978737	4.37393986264637	4.16	4.761904761904762	4.776520076406101	18.56031496062992	2.1463	0.056225311322181046	20.916231155395508	0.0	18.92410635943997	0.0	16.78341732821789	0.0	15.295111204062309	0.0	14.20009472008182	9.685089320736261e-07	13.34604680668869	-4.910072030756691e-06	12.645789906007112	-6.995012556047538e-06	12.045359331817208	-5.09908022790849e-06	11.521673363419133	-6.263531838576258e-06	11.052334882385276	-6.42909034800666e-06	10.619765632667194	-6.616192469449731e-06	10.2098815996505	-6.826202606244155e-06	9.822905359426029	-7.063967760051143e-06	9.452340646938985	-1.221378521081604e-05	9.099971672935458	-1.1432462095036787e-05	8.76463724428033	-1.3244594549849343e-05	8.439690170644305	1.3846522376672486e-06	8.134035541101658	1.4518444958397395e-06	7.846528359653179	1.5262328909292927e-06	7.572398317421762	1.6085859885726052e-06	7.32846230770145	1.6978159295881777e-06	7.101999056131364	1.8012792685365147e-06	6.886042707407521	1.9154776339254074e-06	6.692475806484556	4.085025725449506e-06	6.512646538738621	-4.366154443981147e-06	6.3414884036444015	-9.356637598712527e-06	6.184292856639875	-1.0059679045940039e-05	6.044892790907021	-1.0845663497021509e-05	5.918718793718062	-1.1706963008923633e-05
12	1	12	0	0	823	1325	865	4716	823	3940	869	2418	919	1549	924	1151	968	887	979	827	1012	826	1034	831	1022	803	1078	799	1089	842	1113	836	1150	831	1207	828	1236	905	1268	928	1316	975	1321	1022	1360	1049	1410	1030	1448	1076	1463	1093	1480	1121	1493	1177	1470	1201	1512	1270	1505	4075	4095	315.0	591.3967063673992	565.5539169311523	20	1	0.6510868072509766	2.941176470588235	2.977667493796526			2.770297562946008	3.2944628160819516	2.8201617110067816	7.092049265380393	2.627462248188232	8.18497205891518	2.698087431693989	6.860158311345646	2.7727492155442914	5.707442888725129	2.705155605000439	5.1489666278965736	2.765477244807588	4.443442540827572	2.7423737359589904	4.451262177727542	2.7787693237046596	4.555482020736819	2.7998158728439524	4.529844644317253	2.7274425555763124	4.340071343638526	2.8029121164846593	4.1433312590748805	2.7914487849892344	4.197407776669991	2.821936563474557	3.9703647416413372	2.8756470205796303	3.8016377693398598	2.990732940185341	3.5943740232679287	3.0251113613001124	3.7488090799884013	3.0824581874756904	3.6395011373441055	3.1749095295536796	3.598449898505259	3.1661194065623275	3.603413017417671	3.2368621477532367	3.539375126526756	3.361464740380489	3.33830297530304	3.438123278563966	3.3269432935501824	3.4830016188934385	3.237463345280057	3.532388180820087	3.1955530216647663	3.5795631638255534	3.2332500068675656	3.5478966041561075	3.1860989521156653	3.669190448456611	3.263942431251606	3.6701946056674637	4.7733395806489405	4.761904761904762	3.3621517771373677	4.9650312439701265	4.15009149706344	3.2	4.761904761904762	4.828881992805559	18.56031496062992	2.1463	0.056225311322181046	20.916231155395508	0.0	18.92410635943997	0.0	16.78341732821789	0.0	15.295111204062309	0.0	14.20009472008182	9.685089320736261e-07	13.34604680668869	-4.910072030756691e-06	12.645789906007112	-6.995012556047538e-06	12.045359331817208	-5.09908022790849e-06	11.521673363419133	-6.263531838576258e-06	11.052334882385276	-6.42909034800666e-06	10.619765632667194	-6.616192469449731e-06	10.2098815996505	-6.826202606244155e-06	9.822905359426029	-7.063967760051143e-06	9.452340646938985	-1.221378521081604e-05	9.099971672935458	-1.1432462095036787e-05	8.76463724428033	-1.3244594549849343e-05	8.439690170644305	1.3846522376672486e-06	8.134035541101658	1.4518444958397395e-06	7.846528359653179	1.5262328909292927e-06	7.572398317421762	1.6085859885726052e-06	7.32846230770145	1.6978159295881777e-06	7.101999056131364	1.8012792685365147e-06	6.886042707407521	1.9154776339254074e-06	6.692475806484556	4.085025725449506e-06	6.512646538738621	-4.366154443981147e-06	6.3414884036444015	-9.356637598712527e-06	6.184292856639875	-1.0059679045940039e-05	6.044892790907021	-1.0845663497021509e-05	5.918718793718062	-1.1706963008923633e-05
13	1	10	0	0	845	1927	807	5277	790	3701	825	2111	822	1437	846	1098	858	919	894	873	919	754	947	743	1000	779	1046	837	1084	846	1113	796	1144	799	1200	820	1220	822	1228	859	1305	896	1326	922	1356	948	1377	1009	1431	1066	1448	1110	1462	1122	1482	1200	1502	1232	1496	1264	1508	4073	4095	283.0	576.7504269126852	535.6471633911133	22	1	0.6580743789672852	2.941176470588235	2.481389578163772			2.8443516897805305	4.79126780874711	2.6310641627543037	7.935696347203633	2.5221083548829935	7.6884724847830155	2.5614754098360657	5.9891621982012655	2.4800868935553946	5.294767870302137	2.4767983136692333	4.911872595508634	2.4512184669885437	4.603747119527101	2.5042718283425307	4.698853544324237	2.523408111150773	4.1583939995587915	2.564241423194606	4.05014990460616	2.668730484908329	4.210355637228408	2.719708788351534	4.340385812072184	2.7786322157284937	4.217347956131605	2.821936563474557	3.7803951367781155	2.8606436448200845	3.6552449791847756	2.9733881758263543	3.559645771835388	2.9859513436781047	3.4049956505530012	2.985219758848697	3.3688916777786493	3.1483715319662244	3.3068831887802177	3.17810320446756	3.2508285734433393	3.227341964965727	3.198596396517984	3.282792161350308	3.270240487457056	3.3977585715642507	3.296023746212355	3.447290734215789	3.287817303989811	3.489426702945248	3.1984036488027368	3.5531899590016542	3.2964316127791666	3.6251297275118866	3.268337975858867	3.6303630363036308	3.248522230789	3.6775106082036775	4.770996837296474	4.761904761904762	3.020599850571032	4.842069390585375	3.9306327330878075	3.52	4.761904761904762	4.88070635609866	18.56031496062992	2.1463	0.056225311322181046	20.916231155395508	0.0	18.92410635943997	0.0	16.78341732821789	0.0	15.295111204062309	0.0	14.20009472008182	9.685089320736261e-07	13.34604680668869	-4.910072030756691e-06	12.645789906007112	-6.995012556047538e-06	12.045359331817208	-5.09908022790849e-06	11.521673363419133	-6.263531838576258e-06	11.052334882385276	-6.42909034800666e-06	10.619765632667194	-6.616192469449731e-06	10.2098815996505	-6.826202606244155e-06	9.822905359426029	-7.063967760051143e-06	9.452340646938985	-1.221378521081604e-05	9.099971672935458	-1.1432462095036787e-05	8.76463724428033	-1.3244594549849343e-05	8.439690170644305	1.3846522376672486e-06	8.134035541101658	1.4518444958397395e-06	7.846528359653179	1.5262328909292927e-06	7.572398317421762	1.6085859885726052e-06	7.32846230770145	1.6978159295881777e-06	7.101999056131364	1.8012792685365147e-06	6.886042707407521	1.9154776339254074e-06	6.692475806484556	4.085025725449506e-06	6.512646538738621	-4.366154443981147e-06	6.3414884036444015	-9.356637598712527e-06	6.184292856639875	-1.0059679045940039e-05	6.044892790907021	-1.0845663497021509e-05	5.918718793718062	-1.1706963008923633e-05
14	1	10	0	0	784	2805	776	5866	787	3342	841	2027	832	1361	842	1058	873	898	934	848	944	773	958	767	955	763	1019	768	1065	783	1096	794	1106	857	1118	815	1168	847	1213	926	1247	920	1286	953	1337	954	1322	1026	1354	1076	1387	1097	1426	1099	1427	1144	1454	1210	1495	1247	1500	4073	4095	252.0	559.1536496603428	505.0416603088379	22	1	0.6655588150024414	2.941176470588235	2.481389578163772			2.639019792648445	6.974315621969716	2.5299947835159102	8.821450591756019	2.5125307282188807	6.9426844215468355	2.6111525086934924	5.750844043464692	2.510258266956312	5.014738393515107	2.465087683344556	4.732933703140377	2.4940719366911406	4.498547239755536	2.6163197848679234	4.564293018999946	2.5920535983964417	4.263181116258549	2.594026698437627	4.180975742709185	2.5486376130874544	4.123878499621663	2.6495059802392094	3.9825762289981332	2.729929252537681	3.9032901296111664	2.778834208057605	3.770896656534954	2.765622265009627	3.9205819113408666	2.77020665047822	3.5379406146900503	2.8586812864065787	3.508553912431134	2.9487553481135746	3.6316573848929328	3.0084439083232812	3.3954604170511167	3.082232821225703	3.3601297510753825	3.1821210967250573	3.218840677508604	3.151671196300005	3.325338691903805	3.2149301928008356	3.3269432935501824	3.3020664698600135	3.249311335564705	3.40350374719557	3.1328392246294183	3.42132393488216	3.1425981375161385	3.5092800424782173	3.2099747977185302	3.627936323044069	3.2048316628116162	3.6580012681071064	4.770996837296474	4.761904761904762	2.689721421709894	4.694336831525796	3.7060464747265875	3.52	4.761904761904762	4.936215787397181	18.56031496062992	2.1463	0.056225311322181046	20.916231155395508	0.0	18.92410635943997	0.0	16.78341732821789	0.0	15.295111204062309	0.0	14.20009472008182	9.685089320736261e-07	13.34604680668869	-4.910072030756691e-06	12.645789906007112	-6.995012556047538e-06	12.045359331817208	-5.09908022790849e-06	11.521673363419133	-6.263531838576258e-06	11.052334882385276	-6.42909034800666e-06	10.619765632667194	-6.616192469449731e-06	10.2098815996505	-6.826202606244155e-06	9.822905359426029	-7.063967760051143e-06	9.452340646938985	-1.221378521081604e-05	9.099971672935458	-1.1432462095036787e-05	8.76463724428033	-1.3244594549849343e-05	8.439690170644305	1.3846522376672486e-06	8.134035541101658	1.4518444958397395e-06	7.846528359653179	1.5262328909292927e-06	7.572398317421762	1.6085859885726052e-06	7.32846230770145	1.6978159295881777e-06	7.101999056131364	1.8012792685365147e-06	6.886042707407521	1.9154776339254074e-06	6.692475806484556	4.085025725449506e-06	6.512646538738621	-4.366154443981147e-06	6.3414884036444015	-9.356637598712527e-06	6.184292856639875	-1.0059679045940039e-05	6.044892790907021	-1.0845663497021509e-05	5.918718793718062	-1.1706963008923633e-05
15	1	9	0	0	745	3602	800	6063	786	3316	807	1855	797	1293	849	1000	865	848	888	793	889	755	952	751	991	750	1006	753	1045	799	1073	802	1104	782	1108	821	1139	867	1197	889	1232	905	1268	958	1305	993	1310	1008	1346	1062	1367	1100	1391	1109	1398	1153	1399	1208	1406	1250	1457	4076	4095	235.0	546.8319228492153	486.20525455474854	19	1	0.669276237487793	2.941176470588235	2.2332506203473943			2.507742022350882	8.955966085680897	2.608242044861763	9.117704558100366	2.50933818599751	6.888671915574299	2.5055886736214608	5.262859250432661	2.404658460053102	4.76418570375829	2.485581286412741	4.473472309206406	2.471216752849756	4.248071335537521	2.4874646348637217	4.268259863286506	2.441033526455971	4.163909110964042	2.5777801846687063	4.093758517307168	2.6447119105441543	4.053615825316182	2.6157046281851275	3.9047915370255133	2.6786629754947193	3.9830508474576267	2.7205192566111407	3.808890577507599	2.760621139756445	3.577473809414886	2.7454284156796667	3.5639868032644557	2.7877037544666896	3.59140052193364	2.9098599766627773	3.486547964546239	2.9722557297949335	3.3400996493818043	3.0390911487668673	3.377758973274099	3.105959634424981	3.3504285039476347	3.123062985743575	3.2669994166072467	3.195935036565676	3.2836559272772243	3.2544519569564807	3.258197328278191	3.3199675402167164	3.161345496009122	3.3517945767100628	3.1673213746119826	3.3765356117104726	3.2046690542512266	3.411958842943118	3.21254176304292	3.553138565088036	4.774510952325173	4.761904761904762	2.5082719607215287	4.590890603404758	3.5678230356962826	3.04	4.761904761904762	4.963786603299529	18.56031496062992	2.1463	0.056225311322181046	20.916231155395508	0.0	18.92410635943997	0.0	16.78341732821789	0.0	15.295111204062309	0.0	14.20009472008182	9.685089320736261e-07	13.34604680668869	-4.910072030756691e-06	12.645789906007112	-6.995012556047538e-06	12.045359331817208	-5.09908022790849e-06	11.521673363419133	-6.263531838576258e-06	11.052334882385276	-6.42909034800666e-06	10.619765632667194	-6.616192469449731e-06	10.2098815996505	-6.826202606244155e-06	9.822905359426029	-7.063967760051143e-06	9.452340646938985	-1.221378521081604e-05	9.099971672935458	-1.1432462095036787e-05	8.76463724428033	-1.3244594549849343e-05	8.439690170644305	1.3846522376672486e-06	8.134035541101658	1.4518444958397395e-06	7.846528359653179	1.5262328909292927e-06	7.572398317421762	1.6085859885726052e-06	7.32846230770145	1.6978159295881777e-06	7.101999056131364	1.8012792685365147e-06	6.886042707407521	1.9154776339254074e-06	6.692475806484556	4.085025725449506e-06	6.512646538738621	-4.366154443981147e-06	6.3414884036444015	-9.356637598712527e-06	6.184292856639875	-1.0059679045940039e-05	6.044892790907021	-1.0845663497021509e-05	5.918718793718062	-1.1706963008923633e-05
16	1	8	0	0	700	4210	734	6208	792	3316	806	1857	819	1237	853	945	859	832	861	773	908	718	940	709	977	704	1009	738	1062	807	1054	804	1087	808	1103	873	1112	864	1129	898	1185	940	1247	982	1266	1021	1284	1073	1283	1069	1310	1095	1330	1122	1305	1132	1327	1187	1325	1246	1334	4078	4095	207.0	527.8464055412533	455.7961769104004	17	1	0.677189826965332	2.941176470588235	1.9851116625310175			2.35626767200754	10.467689400532088	2.3930620761606676	9.335759507947728	2.528493439325735	6.888671915574299	2.5024838549428714	5.268533492212104	2.4710354815351194	4.557848194546795	2.4972919167374186	4.227431332200053	2.454075364968717	4.167919046187757	2.4118322642090817	4.160611443027074	2.4932040967626787	3.959849988969777	2.5452871571308657	3.8648133006268734	2.6073496837554373	3.804994054696789	2.6235049401976083	3.827006845052894	2.7222393109812364	4.022931206380857	2.6723460358510183	3.8183890577507595	2.7181115751043987	3.696417951415893	2.733039298280391	3.789720437575968	2.7216212247295513	3.5789735305082644	2.7445546479968885	3.5218448505765156	2.858866103739445	3.4692747739435323	2.9887591975648924	3.4623792398279387	3.0131378522467633	3.4449018152371953	3.061078529537977	3.4776690218448176	3.0463481812137907	3.3052996104137033	3.1187505951814116	3.2433873404223807	3.174375865196429	3.1984036488027368	3.1288211177443714	3.109633821388347	3.202761084159969	3.1489587478445413	3.215395068918656	3.2022616294011828	3.253182461103253	4.776853695677639	4.761904761904762	2.2094140249759846	4.43149897067827	3.3446781669450436	2.7199999999999998	4.761904761904762	5.022478914833056	18.56031496062992	2.1463	0.056225311322181046	20.916231155395508	0.0	18.92410635943997	0.0	16.78341732821789	0.0	15.295111204062309	0.0	14.20009472008182	9.685089320736261e-07	13.34604680668869	-4.910072030756691e-06	12.645789906007112	-6.995012556047538e-06	12.045359331817208	-5.09908022790849e-06	11.521673363419133	-6.263531838576258e-06	11.052334882385276	-6.42909034800666e-06	10.619765632667194	-6.616192469449731e-06	10.2098815996505	-6.826202606244155e-06	9.822905359426029	-7.063967760051143e-06	9.452340646938985	-1.221378521081604e-05	9.099971672935458	-1.1432462095036787e-05	8.76463724428033	-1.3244594549849343e-05	8.439690170644305	1.3846522376672486e-06	8.134035541101658	1.4518444958397395e-06	7.846528359653179	1.5262328909292927e-06	7.572398317421762	1.6085859885726052e-06	7.32846230770145	1.6978159295881777e-06	7.101999056131364	1.8012792685365147e-06	6.886042707407521	1.9154776339254074e-06	6.692475806484556	4.085025725449506e-06	6.512646538738621	-4.366154443981147e-06	6.3414884036444015	-9.356637598712527e-06	6.184292856639875	-1.0059679045940039e-05	6.044892790907021	-1.0845663497021509e-05	5.918718793718062	-1.1706963008923633e-05
17	1	11	0	0	733	5150	716	6588	755	3131	769	1851	776	1307	802	916	861	829	888	718	914	705	928	704	951	711	962	763	966	769	1017	774	1043	803	1080	858	1136	918	1159	941	1229	939	1227	967	1243	974	1260	1013	1301	1047	1290	1095	1288	1148	1273	1191	1299	1233	1305	1237	1319	4076	4095	188.0	505.420489488132	426.49517250061035	19	1	0.6862020492553711	2.941176470588235	2.729528535980149			2.4673488622593243	12.804893209677019	2.334376630151278	9.907213859271845	2.4103693771350123	6.504352161538941	2.387605563835072	5.251510766873777	2.3412985759111753	4.8157700810611646	2.347981380097784	4.0977006352330685	2.459789160929063	4.152890491934675	2.4874646348637217	3.8645782873136336	2.509679013701639	3.888153540701522	2.512794129593025	3.8375579176887435	2.537962691147821	3.8428278023997406	2.50130005200208	3.9566479983405936	2.4761611811750233	3.8334995014955138	2.5785350270023577	3.6759118541033433	2.608086819534395	3.6735440779541606	2.676049358243719	3.724604966139955	2.780361251162563	3.8026593761650305	2.8174834694671334	3.6904855282767275	2.9650180940892645	3.465584056098911	2.9408240059439636	3.409491573231789	2.9583968012185835	3.286321614144004	3.003862108425118	3.2832047708562904	3.089087282742901	3.237276606270484	3.0711360822778784	3.2433873404223807	3.0741324168218056	3.2725199543899657	3.0520990673475747	3.271708375683323	3.1351821012236623	3.270990847592519	3.1668608037274315	3.1791313287072733	3.2166024484221825	4.774510952325173	4.761904761904762	2.006617568577223	4.243223701845057	3.1296644509825895	3.04	4.761904761904762	5.089319399768201	18.56031496062992	2.1463	0.056225311322181046	20.916231155395508	0.0	18.92410635943997	0.0	16.78341732821789	0.0	15.295111204062309	0.0	14.20009472008182	9.685089320736261e-07	13.34604680668869	-4.910072030756691e-06	12.645789906007112	-6.995012556047538e-06	12.045359331817208	-5.09908022790849e-06	11.521673363419133	-6.263531838576258e-06	11.052334882385276	-6.42909034800666e-06	10.619765632667194	-6.616192469449731e-06	10.2098815996505	-6.826202606244155e-06	9.822905359426029	-7.063967760051143e-06	9.452340646938985	-1.221378521081604e-05	9.099971672935458	-1.1432462095036787e-05	8.76463724428033	-1.3244594549849343e-05	8.439690170644305	1.3846522376672486e-06	8.134035541101658	1.4518444958397395e-06	7.846528359653179	1.5262328909292927e-06	7.572398317421762	1.6085859885726052e-06	7.32846230770145	1.6978159295881777e-06	7.101999056131364	1.8012792685365147e-06	6.886042707407521	1.9154776339254074e-06	6.692475806484556	4.085025725449506e-06	6.512646538738621	-4.366154443981147e-06	6.3414884036444015	-9.356637598712527e-06	6.184292856639875	-1.0059679045940039e-05	6.044892790907021	-1.0845663497021509e-05	5.918718793718062	-1.1706963008923633e-05
18	3	8	0	0	657	6055	667	6608	656	3164	700	1746	739	1234	800	940	807	802	834	719	866	689	889	651	915	659	941	692	940	722	951	786	1030	805	1090	836	1130	871	1162	890	1151	934	1195	964	1212	933	1221	998	1219	1083	1221	1138	1264	1159	1269	1158	1268	1211	1277	1218	1301	4078	4095	168.0	485.69085818278376	397.6940727233887	17	1	0.6975908279418945	8.823529411764707	1.9851116625310175			2.211525515012791	15.055073472736765	2.174621804903495	9.937290404078379	2.0943076972192958	6.572906496042545	2.173373075012419	4.95361307345306	2.229664494327782	4.546794399410464	2.342126064935445	4.205063970654022	2.3055166699997143	4.017633503656948	2.3361998935544417	3.869960708326605	2.377879678189956	3.799911758217516	2.407191790095042	3.5486508585445624	2.441888393691121	3.5617771051778186	2.4466978679147164	3.588467123003526	2.4095150210191734	3.5992023928215358	2.411196470677721	3.73290273556231	2.5755795053887125	3.6826936273388537	2.7008275930422716	3.6291022747004686	2.76567624455431	3.607969843834141	2.8247763516141577	3.490469840771825	2.7768395657418576	3.447130466875807	2.8641276993504783	3.3989140399125586	2.8846153846153846	3.147985694041433	2.9108854241167217	3.2345887081091593	2.89438693133251	3.3485869766866614	2.9068660127606893	3.3707532359823467	3.01685044632202	3.30387685290764	3.042508811047975	3.181056506331896	3.0603625129727514	3.2126276694521816	3.0989128324597166	3.130300693909021	3.172706433204897	4.776853695677639	4.761904761904762	1.793147614473263	4.077584910136587	2.918319085468882	2.7199999999999998	4.761904761904762	5.1737859681380955	18.56031496062992	2.1463	0.056225311322181046	20.916231155395508	0.0	18.92410635943997	0.0	16.78341732821789	0.0	15.295111204062309	0.0	14.20009472008182	9.685089320736261e-07	13.34604680668869	-4.910072030756691e-06	12.645789906007112	-6.995012556047538e-06	12.045359331817208	-5.09908022790849e-06	11.521673363419133	-6.263531838576258e-06	11.052334882385276	-6.42909034800666e-06	10.619765632667194	-6.616192469449731e-06	10.2098815996505	-6.826202606244155e-06	9.822905359426029	-7.063967760051143e-06	9.452340646938985	-1.221378521081604e-05	9.099971672935458	-1.1432462095036787e-05	8.76463724428033	-1.3244594549849343e-05	8.439690170644305	1.3846522376672486e-06	8.134035541101658	1.4518444958397395e-06	7.846528359653179	1.5262328909292927e-06	7.572398317421762	1.6085859885726052e-06	7.32846230770145	1.6978159295881777e-06	7.101999056131364	1.8012792685365147e-06	6.886042707407521	1.9154776339254074e-06	6.692475806484556	4.085025725449506e-06	6.512646538738621	-4.366154443981147e-06	6.3414884036444015	-9.356637598712527e-06	6.184292856639875	-1.0059679045940039e-05	6.044892790907021	-1.0845663497021509e-05	5.918718793718062	-1.1706963008923633e-05
19	6	7	0	0	674	6612	674	6781	676	3056	668	1774	700	1331	773	970	772	875	777	729	827	674	840	684	881	638	950	663	966	730	963	763	993	779	1028	813	1072	848	1092	883	1113	951	1147	969	1159	983	1163	1002	1199	1050	1227	1086	1228	1125	1205	1136	1234	1155	1246	1162	1225	4079	4095	153.0	467.37114941071934	372.06560611724854	16	1	0.7097396850585938	17.647058823529413	1.7369727047146404			2.2687491584758317	16.43999104900669	2.1974439227960354	10.197452516654886	2.158158541646713	6.348546855848931	2.074018877297566	5.033052458365251	2.1119961380642045	4.904200442151805	2.263079310243874	4.339268139930214	2.205525240693655	4.383328323815249	2.1765315555057567	3.9237849184563216	2.270792718086713	3.71718508713876	2.2745119276488586	3.728536385936222	2.351151557204238	3.4482758620689653	2.470098803952158	3.438083385189795	2.4761611811750233	3.6390827517447653	2.441621662736746	3.6236702127659575	2.483058688204846	3.563749485337847	2.547202537291243	3.5292585518319153	2.623721180674531	3.5126962429062587	2.6546091015169195	3.463016707192721	2.6851628468033777	3.5098726702343606	2.7490832394602496	3.4165432621112752	2.7584729626808837	3.3166880356299346	2.7726124064273114	3.2475529915083943	2.84689904074461	3.246552470471832	2.9211503666317493	3.2167293622819226	2.9309274905723424	3.2069555302166477	2.8890647102543814	3.1206219267642776	2.9783023194072356	3.064066852367688	3.023684721413318	2.986378822924698	2.98736770228747	4.778025067353871	4.761904761904762	1.633045148895293	3.9237830281605537	2.7302548211065076	2.56	4.761904761904762	5.2638897710575465	18.56031496062992	2.1463	0.056225311322181046	20.916231155395508	0.0	18.92410635943997	0.0	16.78341732821789	0.0	15.295111204062309	0.0	14.20009472008182	9.685089320736261e-07	13.34604680668869	-4.910072030756691e-06	12.645789906007112	-6.995012556047538e-06	12.045359331817208	-5.09908022790849e-06	11.521673363419133	-6.263531838576258e-06	11.052334882385276	-6.42909034800666e-06	10.619765632667194	-6.616192469449731e-06	10.2098815996505	-6.826202606244155e-06	9.822905359426029	-7.063967760051143e-06	9.452340646938985	-1.221378521081604e-05	9.099971672935458	-1.1432462095036787e-05	8.76463724428033	-1.3244594549849343e-05	8.439690170644305	1.3846522376672486e-06	8.134035541101658	1.4518444958397395e-06	7.846528359653179	1.5262328909292927e-06	7.572398317421762	1.6085859885726052e-06	7.32846230770145	1.6978159295881777e-06	7.101999056131364	1.8012792685365147e-06	6.886042707407521	1.9154776339254074e-06	6.692475806484556	4.085025725449506e-06	6.512646538738621	-4.366154443981147e-06	6.3414884036444015	-9.356637598712527e-06	6.184292856639875	-1.0059679045940039e-05	6.044892790907021	-1.0845663497021509e-05	5.918718793718062	-1.1706963008923633e-05
20	7	7	0	0	777	7423	751	6935	736	3052	745	1787	746	1224	786	954	803	858	828	787	807	758	848	745	840	741	900	738	923	786	964	799	957	822	995	817	1041	843	1033	871	1064	925	1104	959	1123	951	1131	982	1160	1034	1179	1033	1174	1067	1181	1100	1162	1117	1158	1140	1180	4078	4095	144.0	446.1334272518743	349.35111141204834	17	1	0.7174015045166016	20.588235294117645	1.7369727047146404			2.6154571159283697	18.456450931151945	2.44848721961398	10.429041911665188	2.349711074928966	6.340237239545464	2.313089915548932	5.069935029931625	2.250784455708424	4.509948415622697	2.301138858799075	4.267692582982911	2.294089078079022	4.298166516381125	2.3193927000756327	4.235965337208676	2.2158763282901783	4.180454445179793	2.296173946007419	4.061052057781412	2.2417336073229963	4.0049724354123875	2.3400936037441498	3.827006845052894	2.3659386855326567	3.9182452642073775	2.4441570954083316	3.7946428571428568	2.393038433647571	3.7604647971087424	2.4654343624560187	3.5466226775481857	2.547848646531891	3.491984590530633	2.511182419292104	3.4159541924856853	2.5669481302774426	3.4139140062742204	2.6460225774752533	3.3812848177138424	2.672791317593298	3.2087185370132936	2.6963238449434987	3.1827315745122187	2.754297654098205	3.197081194731309	2.8068755356632704	3.0597434910103374	2.8020430569478254	3.041619156214367	2.8315231724567838	3.0217289783809025	2.804527791856733	2.963257726488924	2.8101339545719277	2.929838087895143	2.877627664244257	4.776853695677639	4.761904761904762	1.536983669548511	3.74548316119458	2.563573575492185	2.7199999999999998	4.761904761904762	5.320714792853203	18.56031496062992	2.1463	0.056225311322181046	20.916231155395508	0.0	18.92410635943997	0.0	16.78341732821789	0.0	15.295111204062309	0.0	14.20009472008182	9.685089320736261e-07	13.34604680668869	-4.910072030756691e-06	12.645789906007112	-6.995012556047538e-06	12.045359331817208	-5.09908022790849e-06	11.521673363419133	-6.263531838576258e-06	11.052334882385276	-6.42909034800666e-06	10.619765632667194	-6.616192469449731e-06	10.2098815996505	-6.826202606244155e-06	9.822905359426029	-7.063967760051143e-06	9.452340646938985	-1.221378521081604e-05	9.099971672935458	-1.1432462095036787e-05	8.76463724428033	-1.3244594549849343e-05	8.439690170644305	1.3846522376672486e-06	8.134035541101658	1.4518444958397395e-06	7.846528359653179	1.5262328909292927e-06	7.572398317421762	1.6085859885726052e-06	7.32846230770145	1.6978159295881777e-06	7.101999056131364	1.8012792685365147e-06	6.886042707407521	1.9154776339254074e-06	6.692475806484556	4.085025725449506e-06	6.512646538738621	-4.366154443981147e-06	6.3414884036444015	-9.356637598712527e-06	6.184292856639875	-1.0059679045940039e-05	6.044892790907021	-1.0845663497021509e-05	5.918718793718062	-1.1706963008923633e-05
