	counts(inten<0.01	MicrocoloniesPlatonic	MicrocoloniesAggregates	MicrocoloniesLarge	counts(Norminten<0.01	counts(inten<0.02	counts(Norminten<0.02	counts(inten<0.03	counts(Norminten<0.03	counts(inten<0.04	counts(Norminten<0.04	counts(inten<0.05	counts(Norminten<0.05	counts(inten<0.060000000000000005	counts(Norminten<0.060000000000000005	counts(inten<0.06999999999999999	counts(Norminten<0.06999999999999999	counts(inten<0.08	counts(Norminten<0.08	counts(inten<0.09	counts(Norminten<0.09	counts(inten<0.09999999999999999	counts(Norminten<0.09999999999999999	counts(inten<0.11	counts(Norminten<0.11	counts(inten<0.12	counts(Norminten<0.12	counts(inten<0.13	counts(Norminten<0.13	counts(inten<0.14	counts(Norminten<0.14	counts(inten<0.15000000000000002	counts(Norminten<0.15000000000000002	counts(inten<0.16	counts(Norminten<0.16	counts(inten<0.17	counts(Norminten<0.17	counts(inten<0.18000000000000002	counts(Norminten<0.18000000000000002	counts(inten<0.19	counts(Norminten<0.19	counts(inten<0.2	counts(Norminten<0.2	counts(inten<0.21000000000000002	counts(Norminten<0.21000000000000002	counts(inten<0.22	counts(Norminten<0.22	counts(inten<0.23	counts(Norminten<0.23	counts(inten<0.24000000000000002	counts(Norminten<0.24000000000000002	counts(inten<0.25	counts(Norminten<0.25	counts(inten<0.26	counts(Norminten<0.26	counts(inten<0.27	counts(Norminten<0.27	counts(inten<0.28	counts(Norminten<0.28	counts(inten<0.29000000000000004	counts(Norminten<0.29000000000000004	diff	max	med	std	mean	min	eigenLocal	minProp	counts(inten<0.01Normalized	MicrocoloniesPlatonicNormalized	MicrocoloniesAggregatesNormalized	MicrocoloniesLargeNormalized	counts(Norminten<0.01Normalized	counts(inten<0.02Normalized	counts(Norminten<0.02Normalized	counts(inten<0.03Normalized	counts(Norminten<0.03Normalized	counts(inten<0.04Normalized	counts(Norminten<0.04Normalized	counts(inten<0.05Normalized	counts(Norminten<0.05Normalized	counts(inten<0.060000000000000005Normalized	counts(Norminten<0.060000000000000005Normalized	counts(inten<0.06999999999999999Normalized	counts(Norminten<0.06999999999999999Normalized	counts(inten<0.08Normalized	counts(Norminten<0.08Normalized	counts(inten<0.09Normalized	counts(Norminten<0.09Normalized	counts(inten<0.09999999999999999Normalized	counts(Norminten<0.09999999999999999Normalized	counts(inten<0.11Normalized	counts(Norminten<0.11Normalized	counts(inten<0.12Normalized	counts(Norminten<0.12Normalized	counts(inten<0.13Normalized	counts(Norminten<0.13Normalized	counts(inten<0.14Normalized	counts(Norminten<0.14Normalized	counts(inten<0.15000000000000002Normalized	counts(Norminten<0.15000000000000002Normalized	counts(inten<0.16Normalized	counts(Norminten<0.16Normalized	counts(inten<0.17Normalized	counts(Norminten<0.17Normalized	counts(inten<0.18000000000000002Normalized	counts(Norminten<0.18000000000000002Normalized	counts(inten<0.19Normalized	counts(Norminten<0.19Normalized	counts(inten<0.2Normalized	counts(Norminten<0.2Normalized	counts(inten<0.21000000000000002Normalized	counts(Norminten<0.21000000000000002Normalized	counts(inten<0.22Normalized	counts(Norminten<0.22Normalized	counts(inten<0.23Normalized	counts(Norminten<0.23Normalized	counts(inten<0.24000000000000002Normalized	counts(Norminten<0.24000000000000002Normalized	counts(inten<0.25Normalized	counts(Norminten<0.25Normalized	counts(inten<0.26Normalized	counts(Norminten<0.26Normalized	counts(inten<0.27Normalized	counts(Norminten<0.27Normalized	counts(inten<0.28Normalized	counts(Norminten<0.28Normalized	counts(inten<0.29000000000000004Normalized	counts(Norminten<0.29000000000000004Normalized	diffNormalized	maxNormalized	medNormalized	stdNormalized	meanNormalized	minNormalized	eigenLocalNormalized	minPropNormalized	BioVolume	SubstratumCoverage	Homogenity	ThicknessThreshold=0.01	RoughnessThreshold=0.01	ThicknessThreshold=0.02	RoughnessThreshold=0.02	ThicknessThreshold=0.03	RoughnessThreshold=0.03	ThicknessThreshold=0.04	RoughnessThreshold=0.04	ThicknessThreshold=0.05	RoughnessThreshold=0.05	ThicknessThreshold=0.060000000000000005	RoughnessThreshold=0.060000000000000005	ThicknessThreshold=0.06999999999999999	RoughnessThreshold=0.06999999999999999	ThicknessThreshold=0.08	RoughnessThreshold=0.08	ThicknessThreshold=0.09	RoughnessThreshold=0.09	ThicknessThreshold=0.09999999999999999	RoughnessThreshold=0.09999999999999999	ThicknessThreshold=0.11	RoughnessThreshold=0.11	ThicknessThreshold=0.12	RoughnessThreshold=0.12	ThicknessThreshold=0.13	RoughnessThreshold=0.13	ThicknessThreshold=0.14	RoughnessThreshold=0.14	ThicknessThreshold=0.15000000000000002	RoughnessThreshold=0.15000000000000002	ThicknessThreshold=0.16	RoughnessThreshold=0.16	ThicknessThreshold=0.17	RoughnessThreshold=0.17	ThicknessThreshold=0.18000000000000002	RoughnessThreshold=0.18000000000000002	ThicknessThreshold=0.19	RoughnessThreshold=0.19	ThicknessThreshold=0.2	RoughnessThreshold=0.2	ThicknessThreshold=0.21000000000000002	RoughnessThreshold=0.21000000000000002	ThicknessThreshold=0.22	RoughnessThreshold=0.22	ThicknessThreshold=0.23	RoughnessThreshold=0.23	ThicknessThreshold=0.24000000000000002	RoughnessThreshold=0.24000000000000002	ThicknessThreshold=0.25	RoughnessThreshold=0.25	ThicknessThreshold=0.26	RoughnessThreshold=0.26	ThicknessThreshold=0.27	RoughnessThreshold=0.27	ThicknessThreshold=0.28	RoughnessThreshold=0.28	ThicknessThreshold=0.29000000000000004	RoughnessThreshold=0.29000000000000004
0	1	26	0	0	2461	1464	2603	970	2785	543	2964	391	3138	373	3292	481	3444	540	3570	634	3664	697	3812	864	3953	1049	4086	1167	4171	1364	4231	1573	4269	1760	4310	1969	4343	2194	4346	2449	4330	2629	4309	2809	4283	3075	4234	3256	4193	3445	4121	3583	4057	3719	4053	3912	3980	4079	3937	4179	3873	4081	4095	591.0	628.4532566377251	749.702033996582	14	1	0.5866794586181641	0.00680133306128001	8.30670926517572			7.170328069459822	0.5651091424931967	8.980197336645276	0.9350659366083134	10.431102288475223	1.056296930319418	11.62717715361682	1.1951704111263945	12.5	1.5074970698783494	13.141716566866268	2.2914582440093376	13.809141940657579	2.814552277702491	14.1632944537015	3.494653290706647	14.474775806897641	3.9595523490314153	15.010828903327427	4.888536833767115	15.463756210147478	5.904204423932009	15.765105332201559	6.453575181109329	15.931400634047591	7.375763802519872	16.056316648324543	8.236895847515315	16.166168061498844	8.99611531384175	16.2629235529394	9.77559328765763	16.36459550096085	10.663426488456865	16.33896011128238	11.462136104090611	16.369272644790563	11.951629767695595	16.262218364343134	12.509463371186818	16.16653455629789	13.298447433291527	16.10498288322556	13.8071410397761	16.092880445212053	14.3446035976016	15.904442128825597	14.676606725924712	15.87866927592955	15.064608903471463	16.078229133608378	15.562716314596015	16.052918162384543	16.0723432759368	16.128635804997952	16.30701993990713	16.105959163305194	4.759183673469388	4.761904761904762	15.684713375796179	7.159214316139215	11.413599992068029	5.714285714285714	4.761904761904762	3.6038363483443288	3.283199426111908	11.779300000000001	0.1533145081256565	17.461165820024164	0.0	11.495388198188286	0.0	9.522293456148592	1.1002334695422369e-06	8.53009678061111	4.681050755463079e-06	7.897449594548081	6.16845305067014e-06	7.4449081759768365	7.769635487551102e-06	7.098883018294173	8.145234969665787e-06	6.816942914994139	1.1367285520635887e-05	6.577806346139556	1.1889740491551597e-05	6.373067169597753	-1.0883727583408224e-05	6.198567085278282	-1.9530900325677764e-05	6.044799029604226	8.51823583928474e-06	5.907979279417483	1.4270399089548539e-05	5.784281695932118	-1.6821046493372507e-05	5.673436173362641	-1.7647681682882924e-05	5.566895225783609	-2.264324942980181e-05	5.466100247168804	-1.946215260057608e-05	5.367004951507959	-2.0460823207120367e-05	5.268124352381203	-2.6323598388038557e-05	5.1816958684945895	-2.7767259876309478e-05	5.100058021622369	-2.6615493943644353e-05	5.021752837326607	-2.8148160658441773e-05	4.947977516034429	-2.9803860792127013e-05	4.879656513511037	-3.15937798166297e-05	4.814947084624361	-3.3533303600470805e-05	4.752492269061623	-3.5667662983386e-05	4.692099345094285	-3.79877147730424e-05	4.629737762804107	-3.644447683953497e-05	4.569889171880878	-3.891757258127286e-05
1	1	34	0	0	2469	1609	2646	1099	2767	576	2869	495	3030	516	3156	580	3266	652	3385	781	3505	930	3593	1074	3687	1230	3748	1401	3858	1564	3939	1792	4018	1952	4045	2146	4126	2282	4184	2479	4176	2669	4181	2792	4202	2979	4167	3140	4128	3282	4171	3422	4148	3547	4082	3664	4028	3752	3962	3884	3899	4079	4095	547.0	664.3220258206462	743.3223791122437	16	1	0.6023521423339844	0.00680133306128001	10.86261980830671			7.193636734456034	0.6210796518248316	9.12854481473815	1.0594200663222026	10.363684033109855	1.1204917713885538	11.254511219206027	1.5130674002751032	12.0697896749522	2.085438305783454	12.59880239520958	2.763088942880282	13.09542902967121	3.3983112686333783	13.429342220106324	4.304927791864182	13.846640066369059	5.283190365278646	14.14845442016145	6.076722869752178	14.423189766459336	6.922947036640964	14.460992360521645	7.747608250843334	14.735877162828004	8.457254096144487	14.948199309324126	9.38367282819291	15.215662513727422	9.977509711715395	15.262999018941967	10.654354085989475	15.546930931836163	11.091130012150668	15.729914658445807	11.602546101282412	15.787086042643278	12.133472746283584	15.779144808846285	12.433756401692273	15.860793417129054	12.883276391471696	15.850133130467858	13.315240437621915	15.843408175014392	13.66588940706196	16.097410366253715	14.017122025150536	16.234833659491194	14.367885931866976	16.19327197715011	14.576122846799539	16.24652119549873	14.783876433271603	16.231052847193773	15.155890271978773	16.214080758514577	4.756851311953353	4.761904761904762	14.516985138004246	7.567824189863985	11.316474966877536	6.530612244897959	4.761904761904762	3.700110022872174	3.283199426111908	11.779300000000001	0.1533145081256565	17.461165820024164	0.0	11.495388198188286	0.0	9.522293456148592	1.1002334695422369e-06	8.53009678061111	4.681050755463079e-06	7.897449594548081	6.16845305067014e-06	7.4449081759768365	7.769635487551102e-06	7.098883018294173	8.145234969665787e-06	6.816942914994139	1.1367285520635887e-05	6.577806346139556	1.1889740491551597e-05	6.373067169597753	-1.0883727583408224e-05	6.198567085278282	-1.9530900325677764e-05	6.044799029604226	8.51823583928474e-06	5.907979279417483	1.4270399089548539e-05	5.784281695932118	-1.6821046493372507e-05	5.673436173362641	-1.7647681682882924e-05	5.566895225783609	-2.264324942980181e-05	5.466100247168804	-1.946215260057608e-05	5.367004951507959	-2.0460823207120367e-05	5.268124352381203	-2.6323598388038557e-05	5.1816958684945895	-2.7767259876309478e-05	5.100058021622369	-2.6615493943644353e-05	5.021752837326607	-2.8148160658441773e-05	4.947977516034429	-2.9803860792127013e-05	4.879656513511037	-3.15937798166297e-05	4.814947084624361	-3.3533303600470805e-05	4.752492269061623	-3.5667662983386e-05	4.692099345094285	-3.79877147730424e-05	4.629737762804107	-3.644447683953497e-05	4.569889171880878	-3.891757258127286e-05
2	13	35	0	0	2281	1828	2373	1202	2504	769	2649	689	2732	740	2843	854	2943	953	3012	1093	3092	1262	3186	1452	3195	1591	3290	1702	3362	1792	3423	1919	3467	2061	3518	2185	3540	2312	3584	2434	3567	2617	3634	2733	3641	2875	3626	2988	3596	3064	3563	3185	3517	3205	3492	3315	3476	3372	3466	3464	3437	4083	4095	461.0	661.0781787431914	688.1013813018799	12	1	0.6229219436645508	0.08841732979664013	11.182108626198083			6.6458831070450435	0.705614421091232	8.18671082591596	1.158710572992982	9.378628413049178	1.495934326732288	10.391495371096815	2.106067553110194	10.882727852135119	2.9907448571313098	11.349301397205588	4.0684102710685535	11.800320769847634	4.967163556760138	11.949535824803618	6.024694080035277	12.215067356694188	7.169232517184571	12.545776727702304	8.215457734525291	12.498533036028634	8.954803849833961	12.693880700671349	9.412155062766134	12.841373515144571	9.690153030876548	12.99001935410421	10.048698748494528	13.129094558261068	10.534655489674913	13.274469851331974	10.847979346638864	13.338859791250613	11.236938031591738	13.47419075905109	11.391931105494711	13.484802661424467	11.897076874119199	13.71476016152772	12.171008684034735	13.743252934737477	12.433507762833543	13.792316470140738	12.670681027902639	13.801573594319708	12.758161225849435	13.750916599127782	13.046327776184818	13.765166340508806	12.982541418560375	13.852745160266583	13.187731232844015	14.020086314685598	13.286575515189725	14.199098730028679	13.516993795606197	14.292843182101716	4.761516034985423	4.761904761904762	12.234607218683651	7.53087093010919	10.475780462141499	4.8979591836734695	4.761904761904762	3.8264655593143724	3.283199426111908	11.779300000000001	0.1533145081256565	17.461165820024164	0.0	11.495388198188286	0.0	9.522293456148592	1.1002334695422369e-06	8.53009678061111	4.681050755463079e-06	7.897449594548081	6.16845305067014e-06	7.4449081759768365	7.769635487551102e-06	7.098883018294173	8.145234969665787e-06	6.816942914994139	1.1367285520635887e-05	6.577806346139556	1.1889740491551597e-05	6.373067169597753	-1.0883727583408224e-05	6.198567085278282	-1.9530900325677764e-05	6.044799029604226	8.51823583928474e-06	5.907979279417483	1.4270399089548539e-05	5.784281695932118	-1.6821046493372507e-05	5.673436173362641	-1.7647681682882924e-05	5.566895225783609	-2.264324942980181e-05	5.466100247168804	-1.946215260057608e-05	5.367004951507959	-2.0460823207120367e-05	5.268124352381203	-2.6323598388038557e-05	5.1816958684945895	-2.7767259876309478e-05	5.100058021622369	-2.6615493943644353e-05	5.021752837326607	-2.8148160658441773e-05	4.947977516034429	-2.9803860792127013e-05	4.879656513511037	-3.15937798166297e-05	4.814947084624361	-3.3533303600470805e-05	4.752492269061623	-3.5667662983386e-05	4.692099345094285	-3.79877147730424e-05	4.629737762804107	-3.644447683953497e-05	4.569889171880878	-3.891757258127286e-05
3	8	34	0	0	2164	2105	2227	1623	2284	1091	2352	1059	2393	1218	2492	1224	2577	1353	2637	1439	2679	1502	2744	1616	2790	1726	2866	1817	2899	1925	2914	2045	2956	2161	2997	2246	3006	2318	3006	2386	2992	2451	2995	2579	2986	2641	3007	2694	3000	2772	2977	2854	2909	2886	2871	2914	2837	2964	2813	2997	2779	4081	4095	375.0	639.0710128386644	619.3808422088623	14	1	0.6445627212524414	0.05441066449024008	10.86261980830671			6.304993881475439	0.8125373940902862	7.683019388670393	1.5645484691910234	8.554627514139106	2.1223203517099174	9.22642397614938	3.2370472260430994	9.532345442957297	4.922604372953967	9.94810379241517	5.8310704587680435	10.332798716920609	7.0520170957990205	10.461794810759343	7.93187079704553	10.583494647019318	8.53263648241777	10.805276629257728	9.143374448342199	10.914211946954582	9.714639500196995	11.057952002469326	10.048111485926007	11.072915473052976	10.409344076136918	11.058403855641153	10.708488244226842	11.194001590487371	11.045798405234104	11.308580484491737	11.150829113295602	11.32672670409586	11.26609963547995	11.301176735967518	11.167275109987832	11.311053984575835	11.142428512979043	11.303166396195795	11.485192607437096	11.27090174763145	11.4215283483977	11.437809052871813	11.42396743278772	11.514104778353483	11.542305129913391	11.489328856470225	11.690492770245362	11.385518590998043	11.690363349131122	11.389241510631546	11.592473246608586	11.442745936353003	11.678947161038653	11.523965587873821	11.694696999258595	11.55653511872583	4.759183673469388	4.761904761904762	9.952229299363058	7.280169679797803	9.42956648795005	5.714285714285714	4.761904761904762	3.9593998554313172	3.283199426111908	11.779300000000001	0.1533145081256565	17.461165820024164	0.0	11.495388198188286	0.0	9.522293456148592	1.1002334695422369e-06	8.53009678061111	4.681050755463079e-06	7.897449594548081	6.16845305067014e-06	7.4449081759768365	7.769635487551102e-06	7.098883018294173	8.145234969665787e-06	6.816942914994139	1.1367285520635887e-05	6.577806346139556	1.1889740491551597e-05	6.373067169597753	-1.0883727583408224e-05	6.198567085278282	-1.9530900325677764e-05	6.044799029604226	8.51823583928474e-06	5.907979279417483	1.4270399089548539e-05	5.784281695932118	-1.6821046493372507e-05	5.673436173362641	-1.7647681682882924e-05	5.566895225783609	-2.264324942980181e-05	5.466100247168804	-1.946215260057608e-05	5.367004951507959	-2.0460823207120367e-05	5.268124352381203	-2.6323598388038557e-05	5.1816958684945895	-2.7767259876309478e-05	5.100058021622369	-2.6615493943644353e-05	5.021752837326607	-2.8148160658441773e-05	4.947977516034429	-2.9803860792127013e-05	4.879656513511037	-3.15937798166297e-05	4.814947084624361	-3.3533303600470805e-05	4.752492269061623	-3.5667662983386e-05	4.692099345094285	-3.79877147730424e-05	4.629737762804107	-3.644447683953497e-05	4.569889171880878	-3.891757258127286e-05
4	7	33	0	0	1901	2995	1947	2360	1998	1884	2017	1755	2091	1579	2137	1639	2198	1613	2263	1644	2298	1663	2283	1757	2288	1784	2315	1856	2332	1914	2350	1972	2368	2011	2393	2087	2377	2130	2371	2209	2378	2277	2378	2282	2395	2286	2395	2298	2363	2315	2356	2360	2346	2356	2303	2400	2268	2379	2242	2378	2237	4083	4095	283.0	591.0689499529141	525.2375411987305	12	1	0.6713714599609375	0.04760933142896008	10.543130990415335			5.538721519724957	1.1560805203327351	6.7170358103912235	2.27500578391301	7.483426345556013	3.6649418355833947	7.912286207437627	5.364511691884457	8.329349904397706	6.381602877581538	8.530938123752495	7.808108236863418	8.813151563753008	8.407171896174294	8.978021106085853	9.061845441516923	9.078339193299884	9.447253309095041	8.989958653278205	9.941156501075026	8.950436177287486	10.041087409241852	8.932016359286981	10.263783664215008	8.907222795156793	10.349862109987564	8.918067625517057	10.326229250667645	8.967319271405309	10.279084031895318	9.029507207003245	10.36143381987886	8.95662986548099	10.352369380315917	8.913868942441445	10.33885612655621	8.989868440949644	10.35141155612129	8.974600898214891	10.162547316855933	9.040123806288454	9.886260433334774	9.109927729174592	9.744720549571708	9.069276530416428	9.639407061958693	9.092663347612982	9.666980707000368	9.181996086105675	9.543484425001013	9.135988575055539	9.547678720611051	9.147743314645263	9.37389180030734	9.184760344121262	9.279275763842822	9.302615710899488	4.761516034985423	4.761904761904762	7.510615711252654	6.733339741077347	7.996311766825208	4.8979591836734695	4.761904761904762	4.124079742534411	3.283199426111908	11.779300000000001	0.1533145081256565	17.461165820024164	0.0	11.495388198188286	0.0	9.522293456148592	1.1002334695422369e-06	8.53009678061111	4.681050755463079e-06	7.897449594548081	6.16845305067014e-06	7.4449081759768365	7.769635487551102e-06	7.098883018294173	8.145234969665787e-06	6.816942914994139	1.1367285520635887e-05	6.577806346139556	1.1889740491551597e-05	6.373067169597753	-1.0883727583408224e-05	6.198567085278282	-1.9530900325677764e-05	6.044799029604226	8.51823583928474e-06	5.907979279417483	1.4270399089548539e-05	5.784281695932118	-1.6821046493372507e-05	5.673436173362641	-1.7647681682882924e-05	5.566895225783609	-2.264324942980181e-05	5.466100247168804	-1.946215260057608e-05	5.367004951507959	-2.0460823207120367e-05	5.268124352381203	-2.6323598388038557e-05	5.1816958684945895	-2.7767259876309478e-05	5.100058021622369	-2.6615493943644353e-05	5.021752837326607	-2.8148160658441773e-05	4.947977516034429	-2.9803860792127013e-05	4.879656513511037	-3.15937798166297e-05	4.814947084624361	-3.3533303600470805e-05	4.752492269061623	-3.5667662983386e-05	4.692099345094285	-3.79877147730424e-05	4.629737762804107	-3.644447683953497e-05	4.569889171880878	-3.891757258127286e-05
5	12	22	0	0	1768	4393	1735	4226	1653	2971	1660	2391	1674	1987	1692	1835	1674	1846	1688	1829	1669	1894	1705	1750	1720	1724	1748	1656	1779	1661	1819	1696	1799	1685	1777	1673	1778	1670	1765	1707	1776	1720	1785	1760	1791	1794	1768	1809	1766	1781	1736	1775	1705	1762	1697	1784	1674	1785	1612	1787	1592	4082	4095	201.0	509.7989278263803	410.75494956970215	13	1	0.7047109603881836	0.08161599673536013	7.0287539936102235			5.151214964162928	1.6957134309922222	5.985648243979853	4.073802730006941	6.191243117719765	5.779480994436447	6.511846853914954	7.3085740486015585	6.668260038240918	8.030554096107991	6.754491017964072	8.741841741698824	6.712109061748197	9.621599082664444	6.69681821788463	10.081578657259398	6.593450005925809	10.759529625631995	6.713920063004529	9.901550299875524	6.728474748660172	9.703382675747172	6.74434755768192	9.157772493502184	6.795004010541997	8.981776888552426	6.9029638343895865	8.880976069539718	6.812587571477261	8.612758127172357	6.705154327975247	8.306027206831496	6.699574211537737	8.116646415552855	6.635587804052784	7.989328840213424	6.714048087101164	7.819248079283539	6.736611691889648	7.837898018258739	6.760276299399841	7.75850884400813	6.724990490680867	7.671105080145874	6.777969679524083	7.415889407061958	6.699857203504303	7.270716421578667	6.673189823874755	7.137359743994814	6.731989844493811	7.097107848987548	6.751905779857218	7.03337404941093	6.603850880786563	6.973114293518555	6.62036844512829	4.760349854227405	4.761904761904762	5.334394904458599	5.807527837429865	6.253407989516045	5.3061224489795915	4.761904761904762	4.328876589791253	3.283199426111908	11.779300000000001	0.1533145081256565	17.461165820024164	0.0	11.495388198188286	0.0	9.522293456148592	1.1002334695422369e-06	8.53009678061111	4.681050755463079e-06	7.897449594548081	6.16845305067014e-06	7.4449081759768365	7.769635487551102e-06	7.098883018294173	8.145234969665787e-06	6.816942914994139	1.1367285520635887e-05	6.577806346139556	1.1889740491551597e-05	6.373067169597753	-1.0883727583408224e-05	6.198567085278282	-1.9530900325677764e-05	6.044799029604226	8.51823583928474e-06	5.907979279417483	1.4270399089548539e-05	5.784281695932118	-1.6821046493372507e-05	5.673436173362641	-1.7647681682882924e-05	5.566895225783609	-2.264324942980181e-05	5.466100247168804	-1.946215260057608e-05	5.367004951507959	-2.0460823207120367e-05	5.268124352381203	-2.6323598388038557e-05	5.1816958684945895	-2.7767259876309478e-05	5.100058021622369	-2.6615493943644353e-05	5.021752837326607	-2.8148160658441773e-05	4.947977516034429	-2.9803860792127013e-05	4.879656513511037	-3.15937798166297e-05	4.814947084624361	-3.3533303600470805e-05	4.752492269061623	-3.5667662983386e-05	4.692099345094285	-3.79877147730424e-05	4.629737762804107	-3.644447683953497e-05	4.569889171880878	-3.891757258127286e-05
6	21	18	0	0	1610	6302	1496	5848	1447	3849	1434	2874	1470	2350	1470	2071	1455	1850	1437	1635	1425	1501	1414	1446	1440	1430	1443	1477	1428	1461	1418	1446	1387	1446	1371	1417	1354	1412	1338	1451	1310	1436	1318	1414	1296	1388	1299	1364	1270	1352	1240	1314	1223	1321	1208	1308	1180	1295	1142	1273	1121	4082	4095	157.0	446.90714053300763	334.8151054382324	13	1	0.728856086730957	0.14282799428688023	5.7507987220447285			4.690868830487734	2.4325941366066433	5.161112261091561	5.6373872136963055	5.419678639649425	7.487452826518306	5.625294209948219	8.784961027051812	5.855640535372849	9.497635694944025	5.868263473053893	9.866133104663904	5.834001603849239	9.642447618054833	5.701023565817662	9.01223679858891	5.629518429265595	8.52695563256263	5.5680252018113805	8.181509562068575	5.633141650041075	8.048629481623234	5.5675592252488615	8.167892495714208	5.454337114701501	7.9002865949278105	5.381199954460931	7.571869927213698	5.2523951982428905	7.391126558985893	5.173194475888613	7.035051136927812	5.101925468178906	6.86269744835966	5.030264295650213	6.791163530843396	4.952366550733403	6.528162931308815	4.974148016756614	6.297038521487419	4.891858226701393	6.002681312978419	4.941042221376949	5.784072597744042	4.874304356169641	5.6295802798134575	4.785612288217359	5.382378241101052	4.786692759295499	5.350994450520517	4.792129482703904	5.203484902733023	4.759407897390393	5.102643918200086	4.67841048750512	4.967417177195927	4.661704162681415	4.760349854227405	4.761904761904762	4.166666666666666	5.09107712418637	5.097286003617123	5.3061224489795915	4.761904761904762	4.47719452162136	3.283199426111908	11.779300000000001	0.1533145081256565	17.461165820024164	0.0	11.495388198188286	0.0	9.522293456148592	1.1002334695422369e-06	8.53009678061111	4.681050755463079e-06	7.897449594548081	6.16845305067014e-06	7.4449081759768365	7.769635487551102e-06	7.098883018294173	8.145234969665787e-06	6.816942914994139	1.1367285520635887e-05	6.577806346139556	1.1889740491551597e-05	6.373067169597753	-1.0883727583408224e-05	6.198567085278282	-1.9530900325677764e-05	6.044799029604226	8.51823583928474e-06	5.907979279417483	1.4270399089548539e-05	5.784281695932118	-1.6821046493372507e-05	5.673436173362641	-1.7647681682882924e-05	5.566895225783609	-2.264324942980181e-05	5.466100247168804	-1.946215260057608e-05	5.367004951507959	-2.0460823207120367e-05	5.268124352381203	-2.6323598388038557e-05	5.1816958684945895	-2.7767259876309478e-05	5.100058021622369	-2.6615493943644353e-05	5.021752837326607	-2.8148160658441773e-05	4.947977516034429	-2.9803860792127013e-05	4.879656513511037	-3.15937798166297e-05	4.814947084624361	-3.3533303600470805e-05	4.752492269061623	-3.5667662983386e-05	4.692099345094285	-3.79877147730424e-05	4.629737762804107	-3.644447683953497e-05	4.569889171880878	-3.891757258127286e-05
7	25	12	0	0	1643	6834	1499	6336	1447	4286	1437	3018	1381	2412	1403	1932	1415	1698	1412	1562	1395	1491	1348	1434	1313	1378	1288	1380	1305	1415	1263	1396	1254	1370	1234	1334	1202	1301	1167	1298	1132	1266	1128	1249	1115	1236	1080	1219	1097	1174	1089	1141	1073	1125	1052	1114	1005	1083	1016	1092	953	4082	4095	146.0	417.90392036261034	308.0884618759155	13	1	0.7373924255371094	0.1700333265320003	3.8338658146964857			4.78701707359711	2.6379480053268485	5.171462085144553	6.107812138505437	5.419678639649425	8.337548146130802	5.637062607876981	9.225126088950022	5.501115360101975	9.748211615406376	5.600798403193613	9.203944547663284	5.673616680032077	8.850203273220055	5.601840831548044	8.609855583728365	5.511002251807372	8.470147134011247	5.308131521953141	8.113613217155143	5.136329851738841	7.755952045927844	4.969519253028784	7.631477077918487	4.984530766586456	7.651543827394149	4.792986983416189	7.310048698748495	4.748740864164805	7.002657943160908	4.65625235831258	6.622976864263727	4.5291834658427215	6.323207776427704	4.387382984322718	6.075072545165216	4.279449569030698	5.75533027230986	4.257085707815979	5.562235582275663	4.208658891027818	5.345327163430351	4.108025865348041	5.16919684505131	4.210324313951257	4.888407728181213	4.202848211184439	4.673739401138738	4.199608610567514	4.557054320087495	4.173278324341479	4.431714206150296	4.053563505828258	4.267307616533354	4.162228594838181	4.261130838568697	3.9630723167131037	4.760349854227405	4.761904761904762	3.8747346072186835	4.760678217243094	4.690394725592051	5.3061224489795915	4.761904761904762	4.529631278387743	3.283199426111908	11.779300000000001	0.1533145081256565	17.461165820024164	0.0	11.495388198188286	0.0	9.522293456148592	1.1002334695422369e-06	8.53009678061111	4.681050755463079e-06	7.897449594548081	6.16845305067014e-06	7.4449081759768365	7.769635487551102e-06	7.098883018294173	8.145234969665787e-06	6.816942914994139	1.1367285520635887e-05	6.577806346139556	1.1889740491551597e-05	6.373067169597753	-1.0883727583408224e-05	6.198567085278282	-1.9530900325677764e-05	6.044799029604226	8.51823583928474e-06	5.907979279417483	1.4270399089548539e-05	5.784281695932118	-1.6821046493372507e-05	5.673436173362641	-1.7647681682882924e-05	5.566895225783609	-2.264324942980181e-05	5.466100247168804	-1.946215260057608e-05	5.367004951507959	-2.0460823207120367e-05	5.268124352381203	-2.6323598388038557e-05	5.1816958684945895	-2.7767259876309478e-05	5.100058021622369	-2.6615493943644353e-05	5.021752837326607	-2.8148160658441773e-05	4.947977516034429	-2.9803860792127013e-05	4.879656513511037	-3.15937798166297e-05	4.814947084624361	-3.3533303600470805e-05	4.752492269061623	-3.5667662983386e-05	4.692099345094285	-3.79877147730424e-05	4.629737762804107	-3.644447683953497e-05	4.569889171880878	-3.891757258127286e-05
8	37	12	0	0	1624	9308	1481	7299	1408	4539	1292	2965	1243	2137	1257	1737	1154	1551	1120	1449	1086	1310	1076	1247	1065	1243	1049	1165	1017	1119	1006	1090	965	1062	920	1065	884	1046	891	1010	901	987	924	938	909	881	882	888	874	901	867	916	836	907	812	883	784	874	768	864	757	4084	4095	124.0	384.15250447590324	266.0396203994751	11	1	0.7563934326171875	0.25164932326736045	3.8338658146964857			4.731658994231106	3.59292069557833	5.109363140826606	7.0361301766021445	5.273605753024458	8.82970859432751	5.068256707986819	9.063120892556931	4.951402166985341	8.636786161742716	5.017964071856287	8.274974989281121	4.6271050521251	8.084019597623266	4.443386495278902	7.986991511409988	4.290285623987675	7.44191331023121	4.23705453829494	7.055561842254159	4.1661776786762115	6.996116395564811	4.047380199089436	6.442515069402201	3.8844963905122034	6.050938192829719	3.8176919282000683	5.707702780541446	3.6543340780853564	5.428337763238601	3.4714361180288282	5.287459040810248	3.3309469083235994	5.0838396111786155	3.34974999060115	4.727136572123936	3.4061696658097684	4.486975496658635	3.4871872287428767	4.177243375640169	3.4310950062280603	3.8100592483674265	3.3548877900342333	3.765583919938936	3.3544425254269816	3.7516655562958032	3.346069237003589	3.75209929136116	3.2720156555772997	3.6739984607283187	3.221199619168518	3.512750129291483	3.1621828741983626	3.443792111588321	3.1462515362556327	3.3714441799664416	3.148001829750073	4.762682215743441	4.761904761904762	3.290870488322718	4.3761888105068785	4.05023552236364	4.489795918367347	4.761904761904762	4.6463500742556265	3.283199426111908	11.779300000000001	0.1533145081256565	17.461165820024164	0.0	11.495388198188286	0.0	9.522293456148592	1.1002334695422369e-06	8.53009678061111	4.681050755463079e-06	7.897449594548081	6.16845305067014e-06	7.4449081759768365	7.769635487551102e-06	7.098883018294173	8.145234969665787e-06	6.816942914994139	1.1367285520635887e-05	6.577806346139556	1.1889740491551597e-05	6.373067169597753	-1.0883727583408224e-05	6.198567085278282	-1.9530900325677764e-05	6.044799029604226	8.51823583928474e-06	5.907979279417483	1.4270399089548539e-05	5.784281695932118	-1.6821046493372507e-05	5.673436173362641	-1.7647681682882924e-05	5.566895225783609	-2.264324942980181e-05	5.466100247168804	-1.946215260057608e-05	5.367004951507959	-2.0460823207120367e-05	5.268124352381203	-2.6323598388038557e-05	5.1816958684945895	-2.7767259876309478e-05	5.100058021622369	-2.6615493943644353e-05	5.021752837326607	-2.8148160658441773e-05	4.947977516034429	-2.9803860792127013e-05	4.879656513511037	-3.15937798166297e-05	4.814947084624361	-3.3533303600470805e-05	4.752492269061623	-3.5667662983386e-05	4.692099345094285	-3.79877147730424e-05	4.629737762804107	-3.644447683953497e-05	4.569889171880878	-3.891757258127286e-05
9	50	11	0	0	1716	11868	1525	8057	1371	4682	1161	2899	1044	1968	946	1669	898	1429	866	1236	863	1073	795	969	776	902	741	877	738	867	759	788	744	776	741	740	770	744	766	753	739	754	736	754	728	770	711	762	714	741	684	725	641	712	601	718	596	696	587	644	585	4084	4095	108.0	351.8483507023938	230.2783260345459	11	1	0.7753620147705078	0.3400666530640006	3.5143769968051117			4.999708641687548	4.58108968791616	5.261160560270476	7.7668311868589495	5.13502378366231	9.107886238960432	4.5543699984308805	8.861378572520252	4.158699808795411	7.953764701127591	3.7764471057884235	7.951026630460674	3.6006415396952685	7.4481392682164085	3.4356899150995797	6.81292029544703	3.409315371548216	6.095551894563426	3.130537507383343	5.482629851759647	3.035637444744357	5.076827826870041	2.859016899452118	4.849858983575734	2.8188380886902715	4.6882604228627045	2.880346096922318	4.126302560611615	2.8174347710834247	3.9664690247393173	2.7960153950645235	3.6739152020653356	2.9013904065714606	3.616038882138518	2.879807511560585	3.5242909295141818	2.793739603810676	3.4277401463835977	2.77767294410688	3.3578267646403916	2.747895670554486	3.330017731263244	2.704450361354127	3.2312780934611145	2.7403569372481287	3.0854430379746836	2.6398054880166724	2.969729242616639	2.50880626223092	2.884109045246486	2.38416375753729	2.856347217249473	2.4039043278344696	2.742424839434178	2.404752150757886	2.5129745971046162	2.432735892211087	4.762682215743441	4.761904761904762	2.8662420382165608	4.008186325479755	3.5057990788555267	4.489795918367347	4.761904761904762	4.76286969129097	3.283199426111908	11.779300000000001	0.1533145081256565	17.461165820024164	0.0	11.495388198188286	0.0	9.522293456148592	1.1002334695422369e-06	8.53009678061111	4.681050755463079e-06	7.897449594548081	6.16845305067014e-06	7.4449081759768365	7.769635487551102e-06	7.098883018294173	8.145234969665787e-06	6.816942914994139	1.1367285520635887e-05	6.577806346139556	1.1889740491551597e-05	6.373067169597753	-1.0883727583408224e-05	6.198567085278282	-1.9530900325677764e-05	6.044799029604226	8.51823583928474e-06	5.907979279417483	1.4270399089548539e-05	5.784281695932118	-1.6821046493372507e-05	5.673436173362641	-1.7647681682882924e-05	5.566895225783609	-2.264324942980181e-05	5.466100247168804	-1.946215260057608e-05	5.367004951507959	-2.0460823207120367e-05	5.268124352381203	-2.6323598388038557e-05	5.1816958684945895	-2.7767259876309478e-05	5.100058021622369	-2.6615493943644353e-05	5.021752837326607	-2.8148160658441773e-05	4.947977516034429	-2.9803860792127013e-05	4.879656513511037	-3.15937798166297e-05	4.814947084624361	-3.3533303600470805e-05	4.752492269061623	-3.5667662983386e-05	4.692099345094285	-3.79877147730424e-05	4.629737762804107	-3.644447683953497e-05	4.569889171880878	-3.891757258127286e-05
10	72	7	0	0	1880	12996	1468	8378	1205	4576	1077	2757	958	1977	898	1533	783	1254	768	1072	732	974	705	898	671	782	678	779	684	733	687	710	697	671	704	674	706	673	720	694	720	688	674	708	646	728	633	719	614	688	601	655	590	644	587	616	569	600	527	590	521	4084	4095	102.0	343.50843766797817	218.05049896240234	11	1	0.7846622467041016	0.4896959804121608	2.2364217252396164			5.4775362741099	5.016501650165017	5.064513903263645	8.076270532891185	4.513277650848346	8.901684628253511	4.224854856425545	8.427326914259513	3.8161249203314216	7.990138625065675	3.584830339321357	7.303129912819779	3.1395348837209305	6.536015844886897	3.0468935967626756	5.908940579869915	2.891794729980642	5.533147758904732	2.7761370348493797	5.08090981102184	2.6248875327621954	4.401418359880678	2.6159425881626666	4.3079135099264505	2.612581643176349	3.9636619261342125	2.6071116845660507	3.7178614442058966	2.6394516605445526	3.4297689634021675	2.6564032903177117	3.3462416840432927	2.6602358792720144	3.270959902794654	2.706868679273657	3.2481512683703078	2.7219113866626343	3.1276992317134154	2.543684190663094	3.1529726118904478	2.4383799494206015	3.148380400467068	2.407759604412324	3.0489356288694767	2.3565534446363463	2.8647568287808127	2.3194782138859944	2.6829967640191703	2.309197651663405	2.6086604285656416	2.328625833068867	2.450570871623503	2.29500262170774	2.3641593443398086	2.158951249487915	2.3022593358567134	2.166590427080301	4.762682215743441	4.761904761904762	2.7070063694267517	3.9131796974438324	3.3196404176209713	4.489795918367347	4.761904761904762	4.819998867023935	3.283199426111908	11.779300000000001	0.1533145081256565	17.461165820024164	0.0	11.495388198188286	0.0	9.522293456148592	1.1002334695422369e-06	8.53009678061111	4.681050755463079e-06	7.897449594548081	6.16845305067014e-06	7.4449081759768365	7.769635487551102e-06	7.098883018294173	8.145234969665787e-06	6.816942914994139	1.1367285520635887e-05	6.577806346139556	1.1889740491551597e-05	6.373067169597753	-1.0883727583408224e-05	6.198567085278282	-1.9530900325677764e-05	6.044799029604226	8.51823583928474e-06	5.907979279417483	1.4270399089548539e-05	5.784281695932118	-1.6821046493372507e-05	5.673436173362641	-1.7647681682882924e-05	5.566895225783609	-2.264324942980181e-05	5.466100247168804	-1.946215260057608e-05	5.367004951507959	-2.0460823207120367e-05	5.268124352381203	-2.6323598388038557e-05	5.1816958684945895	-2.7767259876309478e-05	5.100058021622369	-2.6615493943644353e-05	5.021752837326607	-2.8148160658441773e-05	4.947977516034429	-2.9803860792127013e-05	4.879656513511037	-3.15937798166297e-05	4.814947084624361	-3.3533303600470805e-05	4.752492269061623	-3.5667662983386e-05	4.692099345094285	-3.79877147730424e-05	4.629737762804107	-3.644447683953497e-05	4.569889171880878	-3.891757258127286e-05
11	134	10	0	0	1892	14846	1363	8534	1133	4469	943	2684	804	1762	729	1300	663	1093	632	879	620	758	621	699	579	647	591	623	572	624	548	579	542	573	559	567	565	547	589	540	560	557	569	565	558	589	551	564	541	567	519	568	521	556	499	523	474	522	473	518	455	4083	4095	93.0	329.69277567845324	199.34356880187988	12	1	0.8001127243041992	0.9113786302115215	3.1948881789137378			5.512499271604219	5.730608148534152	4.702270061408956	8.226652271149842	4.243604629386868	8.693537719332374	3.699199748940844	8.204187681491671	3.202676864244742	7.121205997655903	2.910179640718563	6.193130389214425	2.658380112269447	5.696862295423746	2.507339522335952	4.8451107926358725	2.4493343341366094	4.306084190194853	2.4453632604843474	3.9549620912074235	2.264992371787349	3.6415827095176447	2.280268539239139	3.445224796770447	2.184790496925251	3.374249716108798	2.079617471822701	3.031889825627062	2.052486083235506	2.9288489061541605	2.1092747717153424	2.8150134048257374	2.1289423113154227	2.658566221142163	2.2143689612391446	2.527379949452401	2.1170421896264933	2.532163476837751	2.147412914669585	2.5161433979069248	2.106216736496433	2.5472473294987674	2.095853936858121	2.3916546518531083	2.0763768950297448	2.3609260493004665	2.0030103045038787	2.3266292549051735	2.039138943248532	2.2521975128610197	1.9795303078387814	2.0805983211998247	1.9118299520025812	2.0568186295756337	1.9377304383449405	2.021305654192844	1.8921279161641786	4.761516034985423	4.761904761904762	2.4681528662420384	3.755794428042064	3.034842713667123	4.8979591836734695	4.761904761904762	4.914907580728792	3.283199426111908	11.779300000000001	0.1533145081256565	17.461165820024164	0.0	11.495388198188286	0.0	9.522293456148592	1.1002334695422369e-06	8.53009678061111	4.681050755463079e-06	7.897449594548081	6.16845305067014e-06	7.4449081759768365	7.769635487551102e-06	7.098883018294173	8.145234969665787e-06	6.816942914994139	1.1367285520635887e-05	6.577806346139556	1.1889740491551597e-05	6.373067169597753	-1.0883727583408224e-05	6.198567085278282	-1.9530900325677764e-05	6.044799029604226	8.51823583928474e-06	5.907979279417483	1.4270399089548539e-05	5.784281695932118	-1.6821046493372507e-05	5.673436173362641	-1.7647681682882924e-05	5.566895225783609	-2.264324942980181e-05	5.466100247168804	-1.946215260057608e-05	5.367004951507959	-2.0460823207120367e-05	5.268124352381203	-2.6323598388038557e-05	5.1816958684945895	-2.7767259876309478e-05	5.100058021622369	-2.6615493943644353e-05	5.021752837326607	-2.8148160658441773e-05	4.947977516034429	-2.9803860792127013e-05	4.879656513511037	-3.15937798166297e-05	4.814947084624361	-3.3533303600470805e-05	4.752492269061623	-3.5667662983386e-05	4.692099345094285	-3.79877147730424e-05	4.629737762804107	-3.644447683953497e-05	4.569889171880878	-3.891757258127286e-05
12	224	10	0	0	1779	17261	1225	8796	924	4158	697	2068	646	1379	598	948	553	694	521	674	500	598	462	553	463	513	475	499	480	459	472	480	467	473	459	491	425	463	408	457	414	463	415	410	431	418	418	413	436	421	428	423	422	430	407	434	375	425	362	407	351	4084	4095	83.0	314.63991450026276	176.64896392822266	11	1	0.8203496932983398	1.5234986057267226	3.1948881789137378			5.183264378532719	6.662806631540347	4.2261781549713655	8.479216472584254	3.4608037754223004	8.088549974711123	2.734191118782363	6.32125936114932	2.5732950924155515	5.573293456735239	2.3872255489021956	4.516221237673289	2.217321571772253	3.6172208902324616	2.0669681821788464	3.71513614816448	1.9752696243037173	3.397148213372721	1.8192557590076788	3.1288898947606656	1.811211516645151	2.887375471379524	1.8327031406744347	2.7594978709284965	1.8333906267904205	2.4820202238684907	1.7912033698910856	2.513483793265958	1.7684704813117735	2.4177059905949703	1.7319447588861219	2.437692384073081	1.6014167828478845	2.250303766707169	1.5338922515884055	2.1389122905550875	1.565099047331015	2.1048324771559757	1.566215043212439	1.8258739701625473	1.6268448269354168	1.80772391125719	1.5899581589958158	1.7513357645661944	1.6733832277873728	1.7529980013324449	1.6518081123847017	1.7326834063818457	1.6516634050880625	1.7418074290112204	1.6145668041891463	1.7265385686438317	1.5125236962045738	1.6746128689073645	1.4829987709954937	1.588168728294377	1.459641535326652	4.762682215743441	4.761904761904762	2.20276008492569	3.5843152319244123	2.689335925289993	4.489795918367347	4.761904761904762	5.039218605036987	3.283199426111908	11.779300000000001	0.1533145081256565	17.461165820024164	0.0	11.495388198188286	0.0	9.522293456148592	1.1002334695422369e-06	8.53009678061111	4.681050755463079e-06	7.897449594548081	6.16845305067014e-06	7.4449081759768365	7.769635487551102e-06	7.098883018294173	8.145234969665787e-06	6.816942914994139	1.1367285520635887e-05	6.577806346139556	1.1889740491551597e-05	6.373067169597753	-1.0883727583408224e-05	6.198567085278282	-1.9530900325677764e-05	6.044799029604226	8.51823583928474e-06	5.907979279417483	1.4270399089548539e-05	5.784281695932118	-1.6821046493372507e-05	5.673436173362641	-1.7647681682882924e-05	5.566895225783609	-2.264324942980181e-05	5.466100247168804	-1.946215260057608e-05	5.367004951507959	-2.0460823207120367e-05	5.268124352381203	-2.6323598388038557e-05	5.1816958684945895	-2.7767259876309478e-05	5.100058021622369	-2.6615493943644353e-05	5.021752837326607	-2.8148160658441773e-05	4.947977516034429	-2.9803860792127013e-05	4.879656513511037	-3.15937798166297e-05	4.814947084624361	-3.3533303600470805e-05	4.752492269061623	-3.5667662983386e-05	4.692099345094285	-3.79877147730424e-05	4.629737762804107	-3.644447683953497e-05	4.569889171880878	-3.891757258127286e-05
13	348	8	0	0	1673	18809	1020	8392	731	3289	640	1624	517	1001	471	728	448	606	406	515	390	464	360	428	392	396	393	377	371	374	367	386	334	379	310	379	306	357	303	322	296	308	302	303	302	303	308	304	289	308	328	312	336	293	341	326	341	336	325	340	299	4084	4095	76.0	312.010442735751	163.41072940826416	11	1	0.8385543823242188	2.366863905325444	2.5559105431309903			4.874424567332905	7.260340069094628	3.518940178016974	8.089766329914399	2.737930259560283	6.398085826557211	2.5105915581358857	4.964083753629833	2.0594327597195665	4.0455886513357315	1.8802395209580838	3.468153017960078	1.7963111467522053	3.1585531116439065	1.6107276045386019	2.8387167897695953	1.5407103069568997	2.6359143327841847	1.4176018901358536	2.4216363019124136	1.533466338066737	2.2288512410648957	1.516320703758006	2.0848310567936736	1.4170581719567625	2.0223868490780292	1.392736518538196	2.0212598837513744	1.264816147233688	1.9372316499693314	1.1697230397705833	1.8816403534902195	1.1530200836504767	1.735115431348724	1.1391405691943306	1.5070673031919872	1.1190080145168608	1.4001909351275175	1.1397516700003774	1.3493653974615898	1.139923753444306	1.310383600743848	1.1715481171548117	1.289118819438555	1.1091920936480522	1.2824783477681547	1.2658716375284629	1.278007618891574	1.315068493150685	1.1868594806983432	1.352745160266582	1.2968930262163345	1.3753882144153593	1.3239292328302927	1.331421548545678	1.3267257189682757	1.2433983449078887	4.762682215743441	4.761904761904762	2.0169851380042463	3.5543608133554137	2.487794637471262	4.489795918367347	4.761904761904762	5.151045803105749	3.283199426111908	11.779300000000001	0.1533145081256565	17.461165820024164	0.0	11.495388198188286	0.0	9.522293456148592	1.1002334695422369e-06	8.53009678061111	4.681050755463079e-06	7.897449594548081	6.16845305067014e-06	7.4449081759768365	7.769635487551102e-06	7.098883018294173	8.145234969665787e-06	6.816942914994139	1.1367285520635887e-05	6.577806346139556	1.1889740491551597e-05	6.373067169597753	-1.0883727583408224e-05	6.198567085278282	-1.9530900325677764e-05	6.044799029604226	8.51823583928474e-06	5.907979279417483	1.4270399089548539e-05	5.784281695932118	-1.6821046493372507e-05	5.673436173362641	-1.7647681682882924e-05	5.566895225783609	-2.264324942980181e-05	5.466100247168804	-1.946215260057608e-05	5.367004951507959	-2.0460823207120367e-05	5.268124352381203	-2.6323598388038557e-05	5.1816958684945895	-2.7767259876309478e-05	5.100058021622369	-2.6615493943644353e-05	5.021752837326607	-2.8148160658441773e-05	4.947977516034429	-2.9803860792127013e-05	4.879656513511037	-3.15937798166297e-05	4.814947084624361	-3.3533303600470805e-05	4.752492269061623	-3.5667662983386e-05	4.692099345094285	-3.79877147730424e-05	4.629737762804107	-3.644447683953497e-05	4.569889171880878	-3.891757258127286e-05
14	591	5	0	0	1510	19967	986	7713	658	2560	515	1282	462	805	412	583	348	505	344	442	333	373	294	346	293	328	286	310	304	301	296	290	288	310	274	287	252	280	245	277	235	258	214	240	229	238	238	215	251	232	244	234	234	246	243	239	254	241	243	242	242	4085	4095	71.0	307.81197399383035	152.13270568847656	10	1	0.8538799285888672	4.019587839216487	1.5974440894568689			4.39951051803508	7.707332136722444	3.4016421720830747	7.435220174288578	2.4645117794673954	4.979963428393573	2.0202416444374705	3.9186917316215806	1.840344168260038	3.2534454189063573	1.6447105788423153	2.777380782240008	1.3953488372093024	2.632127593036589	1.3647544235499485	2.4363355749090507	1.3155295697862759	2.1189569959665966	1.1577082102776137	1.9576779450039605	1.1461878496264133	1.8461192097709238	1.1034802068060807	1.7143173146048776	1.1611473969672663	1.6276428919050452	1.1232970285757655	1.5185631250981828	1.0906199113871322	1.58454303823349	1.033884235152064	1.4248833283685831	0.9495459512415692	1.3608748481166464	0.9210872589195082	1.296452307404287	0.888401633146832	1.1728872118925309	0.807638600596294	1.068804275217101	0.8643792699958479	1.029278207845003	0.905287181437809	0.9117123229581884	0.9633467664555747	0.9660226515656228	0.9416849986492223	0.9585057141686806	0.9158512720156556	0.9964758779924656	0.9639796889876229	0.9507896725941838	1.024482716895898	0.9496040033098232	0.9954936501433839	0.9443165411480079	1.0063625400257827	4.763848396501458	4.761904761904762	1.884288747346072	3.506532693752959	2.3160959550593936	4.081632653061225	4.761904761904762	5.245187092485234	3.283199426111908	11.779300000000001	0.1533145081256565	17.461165820024164	0.0	11.495388198188286	0.0	9.522293456148592	1.1002334695422369e-06	8.53009678061111	4.681050755463079e-06	7.897449594548081	6.16845305067014e-06	7.4449081759768365	7.769635487551102e-06	7.098883018294173	8.145234969665787e-06	6.816942914994139	1.1367285520635887e-05	6.577806346139556	1.1889740491551597e-05	6.373067169597753	-1.0883727583408224e-05	6.198567085278282	-1.9530900325677764e-05	6.044799029604226	8.51823583928474e-06	5.907979279417483	1.4270399089548539e-05	5.784281695932118	-1.6821046493372507e-05	5.673436173362641	-1.7647681682882924e-05	5.566895225783609	-2.264324942980181e-05	5.466100247168804	-1.946215260057608e-05	5.367004951507959	-2.0460823207120367e-05	5.268124352381203	-2.6323598388038557e-05	5.1816958684945895	-2.7767259876309478e-05	5.100058021622369	-2.6615493943644353e-05	5.021752837326607	-2.8148160658441773e-05	4.947977516034429	-2.9803860792127013e-05	4.879656513511037	-3.15937798166297e-05	4.814947084624361	-3.3533303600470805e-05	4.752492269061623	-3.5667662983386e-05	4.692099345094285	-3.79877147730424e-05	4.629737762804107	-3.644447683953497e-05	4.569889171880878	-3.891757258127286e-05
15	817	6	0	0	1360	21714	804	6181	593	1998	432	985	349	684	313	490	284	370	285	308	263	283	245	282	221	263	225	247	209	224	193	223	195	211	197	193	204	196	198	201	204	206	194	197	202	203	202	197	185	203	202	192	194	199	186	199	177	198	175	181	170	4085	4095	66.0	309.14893740379136	143.30103397369385	10	1	0.8691940307617188	5.5566891110657695	1.9169329073482428			3.962473049356098	8.381680273290486	2.7737528462016146	5.958394385748438	2.221056968425784	3.886705832004046	1.6946493017417228	3.0108512914565186	1.390216698534098	2.764418219294346	1.249500998003992	2.334333762088514	1.1387329591018445	1.9284895236109663	1.1306831706736493	1.6977180024253116	1.0389918223837553	1.607680509004147	0.9647568418980115	1.5955641054656557	0.8645307671243595	1.4802724151516857	0.868122540319469	1.3659237958303379	0.7982888354149956	1.2112691288595685	0.7324200220105499	1.1677226789548096	0.7384405650017041	1.0785115518298916	0.7433401252735642	0.9581968027008241	0.7686800557669844	0.9526123936816524	0.7443888868002556	0.9407469811850604	0.7712082262210797	0.9364913397281448	0.7321583575499113	0.8773101759073704	0.762465556939569	0.8779137655148552	0.7683529859262077	0.8353829191756426	0.7100364613317981	0.8452698201199201	0.779591679209602	0.7864662270101994	0.7592954990215264	0.8060922752865881	0.7378609965090447	0.7916616939173331	0.7139111846085588	0.7801725836321368	0.7169192953707497	0.7062863386272291	0.7069488917536491	4.763848396501458	4.761904761904762	1.7515923566878981	3.5217631146055077	2.181640980092298	4.081632653061225	4.761904761904762	5.339258083453236	3.283199426111908	11.779300000000001	0.1533145081256565	17.461165820024164	0.0	11.495388198188286	0.0	9.522293456148592	1.1002334695422369e-06	8.53009678061111	4.681050755463079e-06	7.897449594548081	6.16845305067014e-06	7.4449081759768365	7.769635487551102e-06	7.098883018294173	8.145234969665787e-06	6.816942914994139	1.1367285520635887e-05	6.577806346139556	1.1889740491551597e-05	6.373067169597753	-1.0883727583408224e-05	6.198567085278282	-1.9530900325677764e-05	6.044799029604226	8.51823583928474e-06	5.907979279417483	1.4270399089548539e-05	5.784281695932118	-1.6821046493372507e-05	5.673436173362641	-1.7647681682882924e-05	5.566895225783609	-2.264324942980181e-05	5.466100247168804	-1.946215260057608e-05	5.367004951507959	-2.0460823207120367e-05	5.268124352381203	-2.6323598388038557e-05	5.1816958684945895	-2.7767259876309478e-05	5.100058021622369	-2.6615493943644353e-05	5.021752837326607	-2.8148160658441773e-05	4.947977516034429	-2.9803860792127013e-05	4.879656513511037	-3.15937798166297e-05	4.814947084624361	-3.3533303600470805e-05	4.752492269061623	-3.5667662983386e-05	4.692099345094285	-3.79877147730424e-05	4.629737762804107	-3.644447683953497e-05	4.569889171880878	-3.891757258127286e-05
16	1091	6	0	0	1188	22220	738	5029	501	1542	379	842	319	553	272	406	217	343	221	275	203	228	199	229	190	202	193	200	181	190	188	197	179	187	203	186	190	178	203	194	189	187	186	205	197	180	186	190	170	190	174	183	185	180	182	181	170	188	179	176	170	4084	4095	62.0	310.86450785843226	137.83604335784912	11	1	0.8783321380615234	7.420254369856492	1.9169329073482428			3.461336751937533	8.57699805068226	2.5460567170358104	4.847883087838359	1.8764747743361172	2.999649846321441	1.4867409383335948	2.573742931377044	1.2707138304652645	2.234975548640019	1.085828343313373	1.9341622600161974	0.8700882117080995	1.7877619097258417	0.8767753709434261	1.5158196450225994	0.8019594674673093	1.2952337669715388	0.7836188226028745	1.295688582097997	0.7432617454915308	1.1369392694320932	0.7446562234740335	1.1060111707128242	0.691341048852221	1.027415778943384	0.7134454100413646	1.0315756401529037	0.6778505699246412	0.955837252095686	0.7659799260433175	0.9234435507893953	0.7159275029202306	0.8651275820170109	0.7631865859618783	0.9079846485069737	0.7145017389989415	0.8501159248988498	0.7019662603313582	0.9129369850812736	0.7435926471143322	0.778445703412187	0.7074933434766071	0.8056992621490967	0.6524659374400307	0.7911392405063291	0.6715294662498552	0.7496006226190964	0.7240704500978473	0.7291286912139993	0.7219930180894953	0.7200541035127501	0.6856774089460735	0.74076992789314	0.7333060221220812	0.6867756662894603	0.7069488917536491	4.762682215743441	4.761904761904762	1.645435244161359	3.5413065514951834	2.098440969926737	4.489795918367347	4.761904761904762	5.395391365023506	3.283199426111908	11.779300000000001	0.1533145081256565	17.461165820024164	0.0	11.495388198188286	0.0	9.522293456148592	1.1002334695422369e-06	8.53009678061111	4.681050755463079e-06	7.897449594548081	6.16845305067014e-06	7.4449081759768365	7.769635487551102e-06	7.098883018294173	8.145234969665787e-06	6.816942914994139	1.1367285520635887e-05	6.577806346139556	1.1889740491551597e-05	6.373067169597753	-1.0883727583408224e-05	6.198567085278282	-1.9530900325677764e-05	6.044799029604226	8.51823583928474e-06	5.907979279417483	1.4270399089548539e-05	5.784281695932118	-1.6821046493372507e-05	5.673436173362641	-1.7647681682882924e-05	5.566895225783609	-2.264324942980181e-05	5.466100247168804	-1.946215260057608e-05	5.367004951507959	-2.0460823207120367e-05	5.268124352381203	-2.6323598388038557e-05	5.1816958684945895	-2.7767259876309478e-05	5.100058021622369	-2.6615493943644353e-05	5.021752837326607	-2.8148160658441773e-05	4.947977516034429	-2.9803860792127013e-05	4.879656513511037	-3.15937798166297e-05	4.814947084624361	-3.3533303600470805e-05	4.752492269061623	-3.5667662983386e-05	4.692099345094285	-3.79877147730424e-05	4.629737762804107	-3.644447683953497e-05	4.569889171880878	-3.891757258127286e-05
17	1557	5	0	0	1085	22735	595	4094	399	1278	280	667	242	426	187	291	162	244	180	192	174	162	147	181	156	175	151	150	146	146	152	147	145	140	145	163	145	140	146	142	155	152	167	136	160	153	160	156	167	160	173	164	176	171	169	180	165	168	155	171	164	4085	4095	59.0	312.8274501483525	132.5265417098999	10	1	0.8900794982910156	10.589675576412978	1.5974440894568689			3.1612376901112986	8.775789859687723	2.052715103843235	3.9465566437880772	1.494437993932357	2.486091117768354	1.09838380668445	2.0388201130979673	0.9639898024219248	1.721699066402619	0.7465069860279441	1.3863084178933829	0.6495589414595028	1.2717606588137185	0.7141156867412521	1.0583177157975967	0.6873938292576937	0.9202976765324092	0.5788541051388069	1.0241032024442684	0.6102570120877832	0.9849721393594867	0.5826066826143992	0.8295083780346182	0.557656315648753	0.7894879143459688	0.576828203863231	0.7697544116876996	0.5490968303858825	0.7156000817828665	0.5471285186023697	0.8092542945089862	0.5463657259128076	0.6804374240583232	0.5488928155193804	0.6646073200411869	0.5859670346287615	0.6910033186343592	0.6302600294372949	0.6056557559563571	0.6039331144075794	0.6616788479003589	0.6085964244960061	0.6615214994487321	0.6409518326616772	0.6662225183211192	0.6676701015012929	0.671773235571212	0.6888454011741683	0.6926722566532993	0.67042208822596	0.7160759040458289	0.6655104263300125	0.6619646164151464	0.6349856616140925	0.6672649939516916	0.6819977543976379	4.763848396501458	4.761904761904762	1.5658174097664543	3.563667999057628	2.0176081520619333	4.081632653061225	4.761904761904762	5.467552684412212	3.283199426111908	11.779300000000001	0.1533145081256565	17.461165820024164	0.0	11.495388198188286	0.0	9.522293456148592	1.1002334695422369e-06	8.53009678061111	4.681050755463079e-06	7.897449594548081	6.16845305067014e-06	7.4449081759768365	7.769635487551102e-06	7.098883018294173	8.145234969665787e-06	6.816942914994139	1.1367285520635887e-05	6.577806346139556	1.1889740491551597e-05	6.373067169597753	-1.0883727583408224e-05	6.198567085278282	-1.9530900325677764e-05	6.044799029604226	8.51823583928474e-06	5.907979279417483	1.4270399089548539e-05	5.784281695932118	-1.6821046493372507e-05	5.673436173362641	-1.7647681682882924e-05	5.566895225783609	-2.264324942980181e-05	5.466100247168804	-1.946215260057608e-05	5.367004951507959	-2.0460823207120367e-05	5.268124352381203	-2.6323598388038557e-05	5.1816958684945895	-2.7767259876309478e-05	5.100058021622369	-2.6615493943644353e-05	5.021752837326607	-2.8148160658441773e-05	4.947977516034429	-2.9803860792127013e-05	4.879656513511037	-3.15937798166297e-05	4.814947084624361	-3.3533303600470805e-05	4.752492269061623	-3.5667662983386e-05	4.692099345094285	-3.79877147730424e-05	4.629737762804107	-3.644447683953497e-05	4.569889171880878	-3.891757258127286e-05
18	2167	10	0	0	909	21615	449	3299	336	1005	261	473	234	342	157	261	146	230	154	157	142	144	148	151	127	142	126	145	120	123	118	138	122	124	129	124	132	114	137	129	143	133	147	146	161	147	144	154	136	149	148	137	142	138	146	139	154	141	150	159	156	4085	4095	57.0	315.47143437535175	128.05757999420166	10	1	0.898066520690918	14.738488743793784	3.1948881789137378			2.6484470601946275	8.343465925539922	1.5490236665976678	3.1801881699699233	1.2584741001535638	1.9550247052873206	1.0238506198022908	1.4458199602628765	0.9321223709369025	1.382209109647173	0.626746506986028	1.2433900242961269	0.5854049719326383	1.1987907849473574	0.610965643100849	0.8653952155219932	0.5609765733022558	0.8180423791399194	0.5827918881669619	0.854362340160688	0.4968117983022337	0.799234535937412	0.48614862257890273	0.8018580987667976	0.45834765669760513	0.6651165305791381	0.4478008424727714	0.722626590563963	0.46199871246260465	0.6338172152933961	0.4867557165496944	0.6156290338595969	0.4973812125551076	0.5540704738760632	0.5150569570284597	0.6037629879247403	0.5406018448510509	0.6046279038050644	0.5547797863909122	0.6501892674237364	0.6077076963726267	0.6357306577866194	0.5477367820464054	0.6530404545840047	0.5219727499520246	0.6204197201865422	0.5711859827872332	0.5611764223979027	0.5557729941291586	0.5589986632640661	0.5791812123135512	0.5529697259020567	0.6211430645746784	0.555577445919855	0.6145022531749283	0.6204393803410466	0.6487295712562897	4.763848396501458	4.761904761904762	1.5127388535031847	3.5937877407085024	1.9495718668581532	4.081632653061225	4.761904761904762	5.516615117427345	3.283199426111908	11.779300000000001	0.1533145081256565	17.461165820024164	0.0	11.495388198188286	0.0	9.522293456148592	1.1002334695422369e-06	8.53009678061111	4.681050755463079e-06	7.897449594548081	6.16845305067014e-06	7.4449081759768365	7.769635487551102e-06	7.098883018294173	8.145234969665787e-06	6.816942914994139	1.1367285520635887e-05	6.577806346139556	1.1889740491551597e-05	6.373067169597753	-1.0883727583408224e-05	6.198567085278282	-1.9530900325677764e-05	6.044799029604226	8.51823583928474e-06	5.907979279417483	1.4270399089548539e-05	5.784281695932118	-1.6821046493372507e-05	5.673436173362641	-1.7647681682882924e-05	5.566895225783609	-2.264324942980181e-05	5.466100247168804	-1.946215260057608e-05	5.367004951507959	-2.0460823207120367e-05	5.268124352381203	-2.6323598388038557e-05	5.1816958684945895	-2.7767259876309478e-05	5.100058021622369	-2.6615493943644353e-05	5.021752837326607	-2.8148160658441773e-05	4.947977516034429	-2.9803860792127013e-05	4.879656513511037	-3.15937798166297e-05	4.814947084624361	-3.3533303600470805e-05	4.752492269061623	-3.5667662983386e-05	4.692099345094285	-3.79877147730424e-05	4.629737762804107	-3.644447683953497e-05	4.569889171880878	-3.891757258127286e-05
19	3398	5	0	0	736	19901	428	2453	286	726	206	430	185	270	180	208	172	182	150	177	132	166	128	144	128	131	123	127	125	124	101	124	110	107	114	112	130	113	128	125	128	135	131	128	135	132	147	131	135	140	148	138	148	148	140	145	149	145	144	143	147	4085	4095	54.0	314.8941349977521	122.74769592285156	10	1	0.9052276611328125	23.110929742229477	1.5974440894568689			2.1443971796515355	7.681855904888735	1.4765748982267302	2.364656435567209	1.071201168583093	1.4122865035209897	0.8080966577749883	1.3143817820571604	0.7369343530911409	1.091217718142505	0.718562874251497	0.990900862274308	0.6896551724137931	0.9486083602626915	0.59509640561771	0.9756366442509095	0.5214711808161814	0.9430210759529626	0.504036227603859	0.8147561389611859	0.5007237022258734	0.7373220014633872	0.47457365537464313	0.7023170934026434	0.477445475726672	0.670523982047261	0.3832871617775417	0.6493166465937058	0.4165562161548075	0.5469229196483336	0.4301562146253113	0.5560520305828617	0.4898451335769998	0.5492102065613609	0.48122109853753897	0.5850416549658336	0.4838953576289128	0.6137200527344638	0.4943955919538061	0.5700289467824537	0.509568565281395	0.5708601825022704	0.5591479650057056	0.5555084386396404	0.5181347150259068	0.5829447035309793	0.5711859827872332	0.5652726006635809	0.579256360078278	0.5995058127759549	0.5553792446842273	0.5768389227035844	0.6009760819586174	0.5713385082154537	0.5899221630479312	0.5580052288601864	0.6113028652222731	4.763848396501458	4.761904761904762	1.4331210191082804	3.5872112611928713	1.8687332269100057	4.081632653061225	4.761904761904762	5.56060434841369	3.283199426111908	11.779300000000001	0.1533145081256565	17.461165820024164	0.0	11.495388198188286	0.0	9.522293456148592	1.1002334695422369e-06	8.53009678061111	4.681050755463079e-06	7.897449594548081	6.16845305067014e-06	7.4449081759768365	7.769635487551102e-06	7.098883018294173	8.145234969665787e-06	6.816942914994139	1.1367285520635887e-05	6.577806346139556	1.1889740491551597e-05	6.373067169597753	-1.0883727583408224e-05	6.198567085278282	-1.9530900325677764e-05	6.044799029604226	8.51823583928474e-06	5.907979279417483	1.4270399089548539e-05	5.784281695932118	-1.6821046493372507e-05	5.673436173362641	-1.7647681682882924e-05	5.566895225783609	-2.264324942980181e-05	5.466100247168804	-1.946215260057608e-05	5.367004951507959	-2.0460823207120367e-05	5.268124352381203	-2.6323598388038557e-05	5.1816958684945895	-2.7767259876309478e-05	5.100058021622369	-2.6615493943644353e-05	5.021752837326607	-2.8148160658441773e-05	4.947977516034429	-2.9803860792127013e-05	4.879656513511037	-3.15937798166297e-05	4.814947084624361	-3.3533303600470805e-05	4.752492269061623	-3.5667662983386e-05	4.692099345094285	-3.79877147730424e-05	4.629737762804107	-3.644447683953497e-05	4.569889171880878	-3.891757258127286e-05
20	4129	4	0	0	673	18295	378	1847	269	615	227	367	192	264	145	221	140	180	155	149	148	130	130	154	116	131	103	128	100	113	107	106	101	105	102	104	104	105	104	109	107	104	110	107	126	107	134	121	130	131	142	132	147	142	137	143	137	136	132	138	139	4085	4095	52.0	312.7691009478362	118.72153091430664	10	1	0.9102420806884766	28.082704210025167	1.2779552715654952			1.9608414428063634	7.061934263601799	1.3040778306768785	1.780481221562428	1.007528371849133	1.1963584017429874	0.890475443276322	1.1218095674766928	0.7648183556405354	1.066968435517116	0.5788423153692615	1.0528321661664524	0.5613472333600642	0.9381840925674971	0.6149329524716337	0.8212986440304265	0.5846798087939004	0.7385104811679828	0.5119117936601694	0.8713364263890461	0.45378085514219774	0.7373220014633872	0.39740720734624585	0.7078471492562075	0.38195638058133763	0.6110420158979073	0.4060566961405639	0.5550610043462324	0.38247434392395957	0.5367000613371499	0.38487661308580484	0.5163340283983716	0.3918761068615999	0.5103280680437424	0.3909921425617504	0.5101563231302069	0.4045062755179193	0.4727917443287721	0.4151413367551044	0.4765085727009575	0.47559732759596873	0.46274272369502223	0.5096995055154051	0.5131032143160037	0.4989445403953176	0.5454696868754164	0.548029794295859	0.5406955310695122	0.5753424657534246	0.5752015230688217	0.5434782608695652	0.5688825237697418	0.552575323680071	0.5358761180503566	0.5407619827939368	0.5384945565224177	0.5780346820809248	4.763848396501458	4.761904761904762	1.3800424628450108	3.5630032965880973	1.8074381592354225	4.081632653061225	4.761904761904762	5.591406769045759	3.283199426111908	11.779300000000001	0.1533145081256565	17.461165820024164	0.0	11.495388198188286	0.0	9.522293456148592	1.1002334695422369e-06	8.53009678061111	4.681050755463079e-06	7.897449594548081	6.16845305067014e-06	7.4449081759768365	7.769635487551102e-06	7.098883018294173	8.145234969665787e-06	6.816942914994139	1.1367285520635887e-05	6.577806346139556	1.1889740491551597e-05	6.373067169597753	-1.0883727583408224e-05	6.198567085278282	-1.9530900325677764e-05	6.044799029604226	8.51823583928474e-06	5.907979279417483	1.4270399089548539e-05	5.784281695932118	-1.6821046493372507e-05	5.673436173362641	-1.7647681682882924e-05	5.566895225783609	-2.264324942980181e-05	5.466100247168804	-1.946215260057608e-05	5.367004951507959	-2.0460823207120367e-05	5.268124352381203	-2.6323598388038557e-05	5.1816958684945895	-2.7767259876309478e-05	5.100058021622369	-2.6615493943644353e-05	5.021752837326607	-2.8148160658441773e-05	4.947977516034429	-2.9803860792127013e-05	4.879656513511037	-3.15937798166297e-05	4.814947084624361	-3.3533303600470805e-05	4.752492269061623	-3.5667662983386e-05	4.692099345094285	-3.79877147730424e-05	4.629737762804107	-3.644447683953497e-05	4.569889171880878	-3.891757258127286e-05
