	counts(inten<0.01	MicrocoloniesPlatonic	MicrocoloniesAggregates	MicrocoloniesLarge	counts(Norminten<0.01	counts(inten<0.02	counts(Norminten<0.02	counts(inten<0.03	counts(Norminten<0.03	counts(inten<0.04	counts(Norminten<0.04	counts(inten<0.05	counts(Norminten<0.05	counts(inten<0.060000000000000005	counts(Norminten<0.060000000000000005	counts(inten<0.06999999999999999	counts(Norminten<0.06999999999999999	counts(inten<0.08	counts(Norminten<0.08	counts(inten<0.09	counts(Norminten<0.09	counts(inten<0.09999999999999999	counts(Norminten<0.09999999999999999	counts(inten<0.11	counts(Norminten<0.11	counts(inten<0.12	counts(Norminten<0.12	counts(inten<0.13	counts(Norminten<0.13	counts(inten<0.14	counts(Norminten<0.14	counts(inten<0.15000000000000002	counts(Norminten<0.15000000000000002	counts(inten<0.16	counts(Norminten<0.16	counts(inten<0.17	counts(Norminten<0.17	counts(inten<0.18000000000000002	counts(Norminten<0.18000000000000002	counts(inten<0.19	counts(Norminten<0.19	counts(inten<0.2	counts(Norminten<0.2	counts(inten<0.21000000000000002	counts(Norminten<0.21000000000000002	counts(inten<0.22	counts(Norminten<0.22	counts(inten<0.23	counts(Norminten<0.23	counts(inten<0.24000000000000002	counts(Norminten<0.24000000000000002	counts(inten<0.25	counts(Norminten<0.25	counts(inten<0.26	counts(Norminten<0.26	counts(inten<0.27	counts(Norminten<0.27	counts(inten<0.28	counts(Norminten<0.28	counts(inten<0.29000000000000004	counts(Norminten<0.29000000000000004	diff	max	med	std	mean	min	eigenLocal	minProp	counts(inten<0.01Normalized	MicrocoloniesPlatonicNormalized	MicrocoloniesAggregatesNormalized	MicrocoloniesLargeNormalized	counts(Norminten<0.01Normalized	counts(inten<0.02Normalized	counts(Norminten<0.02Normalized	counts(inten<0.03Normalized	counts(Norminten<0.03Normalized	counts(inten<0.04Normalized	counts(Norminten<0.04Normalized	counts(inten<0.05Normalized	counts(Norminten<0.05Normalized	counts(inten<0.060000000000000005Normalized	counts(Norminten<0.060000000000000005Normalized	counts(inten<0.06999999999999999Normalized	counts(Norminten<0.06999999999999999Normalized	counts(inten<0.08Normalized	counts(Norminten<0.08Normalized	counts(inten<0.09Normalized	counts(Norminten<0.09Normalized	counts(inten<0.09999999999999999Normalized	counts(Norminten<0.09999999999999999Normalized	counts(inten<0.11Normalized	counts(Norminten<0.11Normalized	counts(inten<0.12Normalized	counts(Norminten<0.12Normalized	counts(inten<0.13Normalized	counts(Norminten<0.13Normalized	counts(inten<0.14Normalized	counts(Norminten<0.14Normalized	counts(inten<0.15000000000000002Normalized	counts(Norminten<0.15000000000000002Normalized	counts(inten<0.16Normalized	counts(Norminten<0.16Normalized	counts(inten<0.17Normalized	counts(Norminten<0.17Normalized	counts(inten<0.18000000000000002Normalized	counts(Norminten<0.18000000000000002Normalized	counts(inten<0.19Normalized	counts(Norminten<0.19Normalized	counts(inten<0.2Normalized	counts(Norminten<0.2Normalized	counts(inten<0.21000000000000002Normalized	counts(Norminten<0.21000000000000002Normalized	counts(inten<0.22Normalized	counts(Norminten<0.22Normalized	counts(inten<0.23Normalized	counts(Norminten<0.23Normalized	counts(inten<0.24000000000000002Normalized	counts(Norminten<0.24000000000000002Normalized	counts(inten<0.25Normalized	counts(Norminten<0.25Normalized	counts(inten<0.26Normalized	counts(Norminten<0.26Normalized	counts(inten<0.27Normalized	counts(Norminten<0.27Normalized	counts(inten<0.28Normalized	counts(Norminten<0.28Normalized	counts(inten<0.29000000000000004Normalized	counts(Norminten<0.29000000000000004Normalized	diffNormalized	maxNormalized	medNormalized	stdNormalized	meanNormalized	minNormalized	eigenLocalNormalized	minPropNormalized	BioVolume	SubstratumCoverage	Homogenity	ThicknessThreshold=0.01	RoughnessThreshold=0.01	ThicknessThreshold=0.02	RoughnessThreshold=0.02	ThicknessThreshold=0.03	RoughnessThreshold=0.03	ThicknessThreshold=0.04	RoughnessThreshold=0.04	ThicknessThreshold=0.05	RoughnessThreshold=0.05	ThicknessThreshold=0.060000000000000005	RoughnessThreshold=0.060000000000000005	ThicknessThreshold=0.06999999999999999	RoughnessThreshold=0.06999999999999999	ThicknessThreshold=0.08	RoughnessThreshold=0.08	ThicknessThreshold=0.09	RoughnessThreshold=0.09	ThicknessThreshold=0.09999999999999999	RoughnessThreshold=0.09999999999999999	ThicknessThreshold=0.11	RoughnessThreshold=0.11	ThicknessThreshold=0.12	RoughnessThreshold=0.12	ThicknessThreshold=0.13	RoughnessThreshold=0.13	ThicknessThreshold=0.14	RoughnessThreshold=0.14	ThicknessThreshold=0.15000000000000002	RoughnessThreshold=0.15000000000000002	ThicknessThreshold=0.16	RoughnessThreshold=0.16	ThicknessThreshold=0.17	RoughnessThreshold=0.17	ThicknessThreshold=0.18000000000000002	RoughnessThreshold=0.18000000000000002	ThicknessThreshold=0.19	RoughnessThreshold=0.19	ThicknessThreshold=0.2	RoughnessThreshold=0.2	ThicknessThreshold=0.21000000000000002	RoughnessThreshold=0.21000000000000002	ThicknessThreshold=0.22	RoughnessThreshold=0.22	ThicknessThreshold=0.23	RoughnessThreshold=0.23	ThicknessThreshold=0.24000000000000002	RoughnessThreshold=0.24000000000000002	ThicknessThreshold=0.25	RoughnessThreshold=0.25	ThicknessThreshold=0.26	RoughnessThreshold=0.26	ThicknessThreshold=0.27	RoughnessThreshold=0.27	ThicknessThreshold=0.28	RoughnessThreshold=0.28	ThicknessThreshold=0.29000000000000004	RoughnessThreshold=0.29000000000000004
0	1	29	0	0	2206	1627	2449	1293	2689	678	2956	520	3166	519	3400	487	3587	559	3761	565	3931	665	4112	810	4290	1000	4429	1139	4563	1381	4676	1578	4742	1839	4763	2095	4810	2368	4786	2655	4804	2972	4782	3220	4748	3507	4695	3692	4622	3915	4545	4115	4467	4329	4342	4470	4243	4633	4127	4745	4026	4077	4095	542.0	562.4457727251636	680.428165435791	18	1	0.583958625793457	0.0048428495326650195	8.47953216374269			4.126681257833399	0.6393253879373013	6.991549617448898	1.408343317721381	8.844812841260444	1.501561358049299	10.186780618926184	1.7664243494802636	11.141218284829502	2.2066326530612246	12.000564732457999	2.316069814999762	12.66640771213673	2.79821795064324	13.183076869150689	2.8873671300081765	13.700683117245225	3.4067622950819674	14.183222958057396	4.143434446774771	14.660151043980454	5.024620641141594	15.042113843227822	5.59347836762756	15.400972053462942	6.5925147985487875	15.6319994651155	7.338852199795368	15.733244857332448	8.341270921213772	15.68788906821251	9.214056383867705	15.804172827336949	10.075738235043826	15.777675215929321	10.976063499937988	15.768915148531102	11.900376391447105	15.714755175813341	12.547735951991271	15.671001386230113	13.305258365581608	15.53709709444702	13.731543124930266	15.413345783172709	14.275296262534184	15.265509018238003	14.79949649343643	15.110103846023746	15.267148651031565	14.832781061046015	15.567861247518547	14.709655052868781	15.999585592430154	14.543468301793705	16.26280974740378	14.431659318206258	4.754297175641953	4.761904761904762	15.11011987733482	7.325535051478292	11.18241548752853	7.468879668049793	4.761904761904762	3.733633247552094	3.8159398496240597	11.238500000000002	0.16086851341574984	16.856562466243442	-1.1471266389571854e-05	10.665642441605936	-5.0905869955864614e-06	8.837107034264479	-6.667978035680351e-06	7.915399752152594	0.0	7.334303727474947	2.5248795316853447e-06	6.92607489468476	2.663683341324383e-06	6.611536111142258	2.8032287588844833e-06	6.357657562190373	1.4717894752334627e-06	6.143572752548656	1.5446424847736866e-06	5.95728914607485	1.6218311446722036e-06	5.793462550621088	1.704416654877785e-06	5.645528834091968	1.7920536755916914e-06	5.506943082562718	1.885685946548346e-06	5.380178881069711	1.9862472242195043e-06	5.266895411205688	4.192028438720928e-06	5.160672121488662	4.430022260861861e-06	5.061147174729991	4.688672168042011e-06	4.969252450036163	-4.970920117313715e-06	4.883561083164997	-7.921754193248553e-06	4.801087139726951	-8.427463417785881e-06	4.727295021907198	-8.972257778947495e-06	4.653548634158795	-1.9147367715623296e-05	4.582384328281829	-2.046992115668701e-05	4.513975274374098	-2.921798074535069e-05	4.453249650122114	-1.1760647306027724e-05	4.391766576280621	-1.2651288322860878e-05	4.332174134119047	-4.539965314664996e-05	4.2774325905688	-4.896296441371746e-05	4.2241067977102675	-3.1772592961311576e-05
1	3	39	0	0	2456	1932	2610	1512	2777	793	2989	544	3185	468	3359	519	3518	629	3656	700	3791	827	3925	948	4080	1083	4187	1272	4315	1482	4394	1692	4504	1913	4573	2157	4675	2380	4705	2593	4784	2789	4770	3046	4789	3250	4837	3479	4814	3646	4792	3805	4728	3968	4709	4129	4630	4265	4590	4382	4521	4083	4095	520.0	655.0671737460954	716.3747129440308	12	1	0.6020832061767578	0.01452854859799506	11.403508771929824			4.594346858222496	0.7591743389642693	7.451181911613566	1.6468794248992484	9.134267482402473	1.7562509689278676	10.300503135984561	1.8479516271485834	11.2080796706197	1.9897959183673468	11.855852040096003	2.4682551005849622	12.422755040785338	3.148620914051159	12.815030320025237	3.5772690106295997	13.21274222779869	4.236680327868853	13.538217439293598	4.849352908077139	13.942521272596794	5.441664154356346	14.220214644749355	6.246623778421647	14.563926015930875	7.074661065495514	14.689265536723164	7.869035438563854	14.943596549435966	8.676917494443687	15.062086229043839	9.48673967541892	15.360604567110233	10.126797719343035	15.510648117623788	10.719748646078795	15.703266043000163	11.167614318891648	15.675320407492608	11.869690593094848	15.80632384975906	12.330222323393278	16.00701568601496	12.939338713876595	16.05362323673592	13.29443938012762	16.095119739361166	13.684589102679373	15.992964178195718	13.994004584729325	16.08649608854576	14.380245881656393	16.051308719015427	14.728735711572332	16.175071360608946	15.01867909654865	16.206043660608668	4.761293933810667	4.761904761904762	14.49679397825481	8.531875915964457	11.773174732954345	4.979253112033195	4.761904761904762	3.849515662723331	3.8159398496240597	11.238500000000002	0.16086851341574984	16.856562466243442	-1.1471266389571854e-05	10.665642441605936	-5.0905869955864614e-06	8.837107034264479	-6.667978035680351e-06	7.915399752152594	0.0	7.334303727474947	2.5248795316853447e-06	6.92607489468476	2.663683341324383e-06	6.611536111142258	2.8032287588844833e-06	6.357657562190373	1.4717894752334627e-06	6.143572752548656	1.5446424847736866e-06	5.95728914607485	1.6218311446722036e-06	5.793462550621088	1.704416654877785e-06	5.645528834091968	1.7920536755916914e-06	5.506943082562718	1.885685946548346e-06	5.380178881069711	1.9862472242195043e-06	5.266895411205688	4.192028438720928e-06	5.160672121488662	4.430022260861861e-06	5.061147174729991	4.688672168042011e-06	4.969252450036163	-4.970920117313715e-06	4.883561083164997	-7.921754193248553e-06	4.801087139726951	-8.427463417785881e-06	4.727295021907198	-8.972257778947495e-06	4.653548634158795	-1.9147367715623296e-05	4.582384328281829	-2.046992115668701e-05	4.513975274374098	-2.921798074535069e-05	4.453249650122114	-1.1760647306027724e-05	4.391766576280621	-1.2651288322860878e-05	4.332174134119047	-4.539965314664996e-05	4.2774325905688	-4.896296441371746e-05	4.2241067977102675	-3.1772592961311576e-05
2	15	37	0	0	2411	2583	2534	1583	2706	722	2839	615	2979	594	3070	744	3170	881	3266	1025	3395	1183	3437	1334	3556	1531	3641	1698	3681	1837	3732	1991	3784	2192	3875	2352	3949	2522	3982	2675	4005	2839	4011	2992	4029	3117	4034	3215	4058	3381	3983	3437	4002	3574	3994	3656	3976	3715	3910	3784	3887	4082	4095	439.0	689.0539422830841	682.6173620223999	13	1	0.626347541809082	0.0726427429899753	10.818713450292398			4.510167050152459	1.0149830836152731	7.234212629896083	1.724213048687507	8.900730215117427	1.599007817863708	9.783582603901026	2.0891364902506964	10.483161487841784	2.5255102040816326	10.835804037837073	3.5383078898558997	11.19389808962181	4.4100715823196674	11.448000280416418	5.238143908421914	11.83256656907849	6.060450819672131	11.854994481236202	6.823878459256227	12.151864128763284	7.69269420158778	12.365847031653308	8.33865344006286	12.424058323207776	8.769333587932023	12.476180924681577	9.259603757789973	12.554744525547445	9.942395790810542	12.763084219887356	10.344372608523551	12.975193034335469	10.731001616883669	13.127184017933672	11.05874571086031	13.146233382570163	11.367822535436854	13.181071311206047	11.65926272309251	13.297907452637137	11.825631686774415	13.349659143556822	11.9574515565143	13.532530763330778	12.328167730173199	13.37789272159339	12.361086135587126	13.537191759970232	12.60447892787868	13.643972261128	12.73290843868631	13.784018027387763	12.829367683116343	13.778764492370582	12.96911951194434	13.933397856400328	4.760127807449215	4.761904761904762	12.238639531642042	8.974534170817854	11.218393577588428	5.394190871369295	4.761904761904762	4.004653589016505	3.8159398496240597	11.238500000000002	0.16086851341574984	16.856562466243442	-1.1471266389571854e-05	10.665642441605936	-5.0905869955864614e-06	8.837107034264479	-6.667978035680351e-06	7.915399752152594	0.0	7.334303727474947	2.5248795316853447e-06	6.92607489468476	2.663683341324383e-06	6.611536111142258	2.8032287588844833e-06	6.357657562190373	1.4717894752334627e-06	6.143572752548656	1.5446424847736866e-06	5.95728914607485	1.6218311446722036e-06	5.793462550621088	1.704416654877785e-06	5.645528834091968	1.7920536755916914e-06	5.506943082562718	1.885685946548346e-06	5.380178881069711	1.9862472242195043e-06	5.266895411205688	4.192028438720928e-06	5.160672121488662	4.430022260861861e-06	5.061147174729991	4.688672168042011e-06	4.969252450036163	-4.970920117313715e-06	4.883561083164997	-7.921754193248553e-06	4.801087139726951	-8.427463417785881e-06	4.727295021907198	-8.972257778947495e-06	4.653548634158795	-1.9147367715623296e-05	4.582384328281829	-2.046992115668701e-05	4.513975274374098	-2.921798074535069e-05	4.453249650122114	-1.1760647306027724e-05	4.391766576280621	-1.2651288322860878e-05	4.332174134119047	-4.539965314664996e-05	4.2774325905688	-4.896296441371746e-05	4.2241067977102675	-3.1772592961311576e-05
3	13	36	0	0	2221	3282	2314	1407	2373	969	2482	967	2585	1115	2654	1258	2727	1391	2771	1565	2829	1686	2902	1757	2935	1894	2962	2021	2992	2132	3025	2214	3072	2317	3077	2403	3070	2515	3063	2622	3125	2713	3137	2769	3110	2835	3133	2900	3133	2918	3157	2983	3176	3016	3180	3078	3156	3076	3123	3076	3073	4084	4095	326.0	644.52722976066	582.500394821167	11	1	0.6565561294555664	0.06295704392464527	10.526315789473683			4.1547411938567445	1.2896533025262586	6.606143656503368	1.5325127981701339	7.805407538977699	2.1460368081855026	8.553311737542217	3.284869896052721	9.096667487771404	4.740646258503401	9.367499647042214	5.982784039568174	9.629577315583179	6.963007458577364	9.712923691682148	7.997751430907604	9.859891258887494	8.637295081967213	10.009657836644593	8.987672003683054	10.029730376243037	9.516631494322178	10.059774487162072	9.924863723419929	10.09855542054813	10.177582585449684	10.112660047471	10.296716584503766	10.192435301924354	10.509366353698917	10.134712295378941	10.568676606412456	10.087070806637096	10.701216917709132	10.097580272961034	10.83963785191616	10.257672739208928	10.863297829742931	10.3089056851791	10.790273556231003	10.264703940854183	10.755747780559982	10.367992587199684	10.785881652843383	10.44786073965385	10.63992707383774	10.603566990226042	10.728286279446143	10.743158678077327	10.636572033151118	10.863252826837016	10.719882979834917	10.94123764950598	10.622647373692025	11.005391690453536	10.542550639202112	11.01552138222748	4.7624600601721205	4.761904761904762	9.088374686367438	8.394599163519821	9.573033227347166	4.564315352697095	4.761904761904762	4.197797045105118	3.8159398496240597	11.238500000000002	0.16086851341574984	16.856562466243442	-1.1471266389571854e-05	10.665642441605936	-5.0905869955864614e-06	8.837107034264479	-6.667978035680351e-06	7.915399752152594	0.0	7.334303727474947	2.5248795316853447e-06	6.92607489468476	2.663683341324383e-06	6.611536111142258	2.8032287588844833e-06	6.357657562190373	1.4717894752334627e-06	6.143572752548656	1.5446424847736866e-06	5.95728914607485	1.6218311446722036e-06	5.793462550621088	1.704416654877785e-06	5.645528834091968	1.7920536755916914e-06	5.506943082562718	1.885685946548346e-06	5.380178881069711	1.9862472242195043e-06	5.266895411205688	4.192028438720928e-06	5.160672121488662	4.430022260861861e-06	5.061147174729991	4.688672168042011e-06	4.969252450036163	-4.970920117313715e-06	4.883561083164997	-7.921754193248553e-06	4.801087139726951	-8.427463417785881e-06	4.727295021907198	-8.972257778947495e-06	4.653548634158795	-1.9147367715623296e-05	4.582384328281829	-2.046992115668701e-05	4.513975274374098	-2.921798074535069e-05	4.453249650122114	-1.1760647306027724e-05	4.391766576280621	-1.2651288322860878e-05	4.332174134119047	-4.539965314664996e-05	4.2774325905688	-4.896296441371746e-05	4.2241067977102675	-3.1772592961311576e-05
4	29	33	0	0	2137	3707	2202	1892	2205	1521	2212	1388	2241	1450	2313	1593	2332	1740	2411	1749	2444	1877	2439	1931	2470	2001	2501	2128	2517	2195	2543	2202	2589	2216	2610	2271	2608	2313	2600	2377	2604	2431	2601	2437	2638	2474	2656	2510	2625	2520	2647	2548	2624	2606	2612	2620	2590	2595	2562	2599	2517	4083	4095	260.0	593.3776182791016	503.92137813568115	12	1	0.6781387329101562	0.14044263644728558	9.649122807017543			3.997605552126008	1.4566559392031813	6.286399451867078	2.060777693061758	7.252812314979278	3.3685469404026307	7.622854779791853	4.714994225151165	7.886124502938382	6.164965986394558	8.163913595933927	7.575973748038237	8.23475405204986	8.710016518996847	8.451049808966316	8.938062142273099	8.518053812909523	9.615778688524589	8.412665562913906	9.877743107064301	8.44069302532208	10.05426590292433	8.494090476837385	10.450326572705396	8.49534224382341	10.478327286614473	8.501320496105372	10.240907822528136	8.589913735899138	10.051254138885108	8.596554790685419	9.988125082464705	8.569081649416791	9.841715598672453	8.571240192523241	9.82678076811774	8.547513540128016	9.734123488427965	8.547486033519553	9.496531836957368	8.70684533632583	9.386144624023068	8.789463233834137	9.335366534012719	8.75379331043452	9.18869644484959	8.890605582238942	9.163819456932206	8.875959814633157	9.190618938458824	8.922898233867386	9.124786681990736	8.979025827699774	8.961563697896882	9.028438524156886	8.907701271549508	9.022475535003764	4.761293933810667	4.761904761904762	7.248396989127405	7.728404678739246	8.281635754675293	4.979253112033195	4.761904761904762	4.335788886080665	3.8159398496240597	11.238500000000002	0.16086851341574984	16.856562466243442	-1.1471266389571854e-05	10.665642441605936	-5.0905869955864614e-06	8.837107034264479	-6.667978035680351e-06	7.915399752152594	0.0	7.334303727474947	2.5248795316853447e-06	6.92607489468476	2.663683341324383e-06	6.611536111142258	2.8032287588844833e-06	6.357657562190373	1.4717894752334627e-06	6.143572752548656	1.5446424847736866e-06	5.95728914607485	1.6218311446722036e-06	5.793462550621088	1.704416654877785e-06	5.645528834091968	1.7920536755916914e-06	5.506943082562718	1.885685946548346e-06	5.380178881069711	1.9862472242195043e-06	5.266895411205688	4.192028438720928e-06	5.160672121488662	4.430022260861861e-06	5.061147174729991	4.688672168042011e-06	4.969252450036163	-4.970920117313715e-06	4.883561083164997	-7.921754193248553e-06	4.801087139726951	-8.427463417785881e-06	4.727295021907198	-8.972257778947495e-06	4.653548634158795	-1.9147367715623296e-05	4.582384328281829	-2.046992115668701e-05	4.513975274374098	-2.921798074535069e-05	4.453249650122114	-1.1760647306027724e-05	4.391766576280621	-1.2651288322860878e-05	4.332174134119047	-4.539965314664996e-05	4.2774325905688	-4.896296441371746e-05	4.2241067977102675	-3.1772592961311576e-05
5	39	37	0	0	1881	4282	1881	2817	1933	2111	2024	1853	1994	1832	1988	1769	2020	1790	2047	1835	2056	1896	2109	1870	2112	1881	2136	1932	2151	2032	2168	1997	2204	1992	2213	2029	2210	2042	2193	2061	2189	2098	2198	2133	2184	2150	2171	2165	2146	2202	2128	2209	2140	2210	2125	2193	2110	2190	2102	2187	2087	4082	4095	207.0	542.9879128326966	431.8434076309204	13	1	0.7002115249633789	0.18887113177393577	10.818713450292398			3.5187159773275716	1.682600682942547	5.369989722507708	3.0682932142468142	6.358134333267548	4.675215378823112	6.974981046247157	6.294585229974863	7.016926487665834	7.7891156462585025	7.016800790625441	8.412992818756837	7.133020233765317	8.960304350002502	7.175155105331417	9.37755519215045	7.165760490729123	9.71311475409836	7.274420529801325	9.565706685763978	7.217305129344223	9.451311425987338	7.254449123760359	9.487796493640428	7.260024301336573	9.700210043918274	7.247684953030455	9.287508138777788	7.312541473125416	9.03524289018914	7.288956226738249	8.92378062189383	7.26137670445211	8.688622244915328	7.229511439309026	8.520401835545083	7.18529460036107	8.400736766236887	7.223135064081498	8.311900865092355	7.208396593834577	8.156916306244783	7.184459593619696	8.052218544277903	7.15643445493047	8.029170464904285	7.147415443522655	7.944614278007553	7.238778202482833	7.794039851877976	7.259249137430397	7.63765541740675	7.314959265037269	7.562938149670201	7.4074074074074066	7.495630119614765	7.481091156755207	4.760127807449215	4.761904761904762	5.770839141343742	7.072107536184881	7.097078949673192	5.394190871369295	4.761904761904762	4.476914826577286	3.8159398496240597	11.238500000000002	0.16086851341574984	16.856562466243442	-1.1471266389571854e-05	10.665642441605936	-5.0905869955864614e-06	8.837107034264479	-6.667978035680351e-06	7.915399752152594	0.0	7.334303727474947	2.5248795316853447e-06	6.92607489468476	2.663683341324383e-06	6.611536111142258	2.8032287588844833e-06	6.357657562190373	1.4717894752334627e-06	6.143572752548656	1.5446424847736866e-06	5.95728914607485	1.6218311446722036e-06	5.793462550621088	1.704416654877785e-06	5.645528834091968	1.7920536755916914e-06	5.506943082562718	1.885685946548346e-06	5.380178881069711	1.9862472242195043e-06	5.266895411205688	4.192028438720928e-06	5.160672121488662	4.430022260861861e-06	5.061147174729991	4.688672168042011e-06	4.969252450036163	-4.970920117313715e-06	4.883561083164997	-7.921754193248553e-06	4.801087139726951	-8.427463417785881e-06	4.727295021907198	-8.972257778947495e-06	4.653548634158795	-1.9147367715623296e-05	4.582384328281829	-2.046992115668701e-05	4.513975274374098	-2.921798074535069e-05	4.453249650122114	-1.1760647306027724e-05	4.391766576280621	-1.2651288322860878e-05	4.332174134119047	-4.539965314664996e-05	4.2774325905688	-4.896296441371746e-05	4.2241067977102675	-3.1772592961311576e-05
6	73	27	0	0	1805	5281	1808	3845	1792	2762	1776	2347	1781	2006	1796	1876	1787	1792	1800	1796	1775	1822	1803	1824	1774	1781	1775	1768	1763	1780	1767	1807	1755	1786	1789	1778	1773	1805	1793	1774	1808	1779	1824	1765	1792	1766	1795	1765	1761	1777	1763	1782	1760	1796	1732	1827	1699	1797	1695	1795	1680	4083	4095	171.0	488.54175025759895	368.56708812713623	12	1	0.7205610275268555	0.35352801588454646	7.894736842105263			3.376545634809286	2.0751551159784194	5.1615850177001255	4.187996950223287	5.8943490559831595	6.116980045622661	6.120339099869047	7.972688361981113	6.267375162754689	8.52891156462585	6.339121841027813	8.921862367432349	6.310251068187436	8.97031586324273	6.309369413579165	9.178250204415372	6.186393419768576	9.334016393442624	6.218956953642384	9.330400531996522	6.0622629258790965	8.94884936187318	6.028392881401983	8.682414182586061	5.9504522748751185	8.497231239259118	5.90713067896901	8.403869407496977	5.822826808228268	8.1008754025491	5.89242778564606	7.819853102871971	5.82552981764416	7.680197430005957	5.910859101997758	7.333912108809789	5.934679139996717	7.123408344678466	5.994084784751889	6.8778738991504955	5.9145818205822165	6.700053114803854	5.940168111721491	6.56451073009261	5.872544769400073	6.479489516864175	5.9214724750612975	6.4089192591260575	5.953387680546629	6.333979897725269	5.916715061660916	6.362971476334761	5.890102270757497	6.205753358428014	5.973147267152976	6.152106110977825	6.022152919668781	4.761293933810667	4.761904761904762	4.7672149428491775	6.362977355634554	6.057171827721917	4.979253112033195	4.761904761904762	4.607022638991063	3.8159398496240597	11.238500000000002	0.16086851341574984	16.856562466243442	-1.1471266389571854e-05	10.665642441605936	-5.0905869955864614e-06	8.837107034264479	-6.667978035680351e-06	7.915399752152594	0.0	7.334303727474947	2.5248795316853447e-06	6.92607489468476	2.663683341324383e-06	6.611536111142258	2.8032287588844833e-06	6.357657562190373	1.4717894752334627e-06	6.143572752548656	1.5446424847736866e-06	5.95728914607485	1.6218311446722036e-06	5.793462550621088	1.704416654877785e-06	5.645528834091968	1.7920536755916914e-06	5.506943082562718	1.885685946548346e-06	5.380178881069711	1.9862472242195043e-06	5.266895411205688	4.192028438720928e-06	5.160672121488662	4.430022260861861e-06	5.061147174729991	4.688672168042011e-06	4.969252450036163	-4.970920117313715e-06	4.883561083164997	-7.921754193248553e-06	4.801087139726951	-8.427463417785881e-06	4.727295021907198	-8.972257778947495e-06	4.653548634158795	-1.9147367715623296e-05	4.582384328281829	-2.046992115668701e-05	4.513975274374098	-2.921798074535069e-05	4.453249650122114	-1.1760647306027724e-05	4.391766576280621	-1.2651288322860878e-05	4.332174134119047	-4.539965314664996e-05	4.2774325905688	-4.896296441371746e-05	4.2241067977102675	-3.1772592961311576e-05
7	93	21	0	0	1740	6430	1703	4848	1677	3527	1689	2575	1631	2128	1578	1887	1546	1748	1600	1713	1551	1697	1530	1685	1534	1662	1526	1580	1536	1558	1554	1578	1557	1549	1548	1539	1535	1535	1508	1526	1497	1542	1501	1546	1473	1561	1472	1549	1470	1529	1483	1504	1462	1502	1431	1475	1402	1474	1360	1479	1315	4083	4095	148.0	452.80305146152824	324.6047143936157	12	1	0.7380638122558594	0.45038500653784685	6.140350877192982			3.254952578708121	2.526651656076735	4.861824825853603	5.280470536978543	5.516084468127097	7.811219631032268	5.820525191260597	8.747197499830152	5.739522117042616	9.047619047619047	5.569673867005506	8.974176059352262	5.459232317525337	8.75006257195775	5.608328367625925	8.75408830744072	5.40568799665412	8.693647540983607	5.277317880794702	8.619366719525296	5.242114615726344	8.350919505577329	5.182719739165874	7.759171045523744	5.184285135682463	7.437464197059384	5.1950656905024575	7.338852199795368	5.165892501658925	7.025899215312741	5.0986462896479035	6.7687029951180895	5.043535403318548	6.531359033273763	4.97131931166348	6.308652693373021	4.913835548990645	6.174421398254185	4.932632270785409	6.024471981918791	4.861707043369199	5.9223006297898175	4.871268780197234	5.761148510432551	4.902124253843332	5.575205104831358	4.98102307459779	5.409099082898759	4.945370902817711	5.297125727384941	4.888463772076658	5.137045937380281	4.860461085110071	5.090306316262043	4.792613736476723	5.069061246872537	4.713768505574076	4.761293933810667	4.761904761904762	4.1260105938109835	5.897501209451888	5.334677442746861	4.979253112033195	4.761904761904762	4.718929503797047	3.8159398496240597	11.238500000000002	0.16086851341574984	16.856562466243442	-1.1471266389571854e-05	10.665642441605936	-5.0905869955864614e-06	8.837107034264479	-6.667978035680351e-06	7.915399752152594	0.0	7.334303727474947	2.5248795316853447e-06	6.92607489468476	2.663683341324383e-06	6.611536111142258	2.8032287588844833e-06	6.357657562190373	1.4717894752334627e-06	6.143572752548656	1.5446424847736866e-06	5.95728914607485	1.6218311446722036e-06	5.793462550621088	1.704416654877785e-06	5.645528834091968	1.7920536755916914e-06	5.506943082562718	1.885685946548346e-06	5.380178881069711	1.9862472242195043e-06	5.266895411205688	4.192028438720928e-06	5.160672121488662	4.430022260861861e-06	5.061147174729991	4.688672168042011e-06	4.969252450036163	-4.970920117313715e-06	4.883561083164997	-7.921754193248553e-06	4.801087139726951	-8.427463417785881e-06	4.727295021907198	-8.972257778947495e-06	4.653548634158795	-1.9147367715623296e-05	4.582384328281829	-2.046992115668701e-05	4.513975274374098	-2.921798074535069e-05	4.453249650122114	-1.1760647306027724e-05	4.391766576280621	-1.2651288322860878e-05	4.332174134119047	-4.539965314664996e-05	4.2774325905688	-4.896296441371746e-05	4.2241067977102675	-3.1772592961311576e-05
8	134	19	0	0	1674	8077	1613	6049	1541	3763	1454	2542	1413	2105	1433	1828	1375	1685	1364	1601	1347	1482	1364	1437	1335	1429	1332	1411	1301	1345	1303	1361	1266	1364	1273	1338	1246	1335	1226	1304	1217	1296	1201	1268	1193	1268	1174	1224	1149	1223	1141	1211	1117	1213	1114	1186	1105	1157	1077	1144	1058	4083	4095	127.0	414.9880927413941	281.67666816711426	12	1	0.7538900375366211	0.6489418373771128	5.555555555555555			3.131488860205399	3.173835991622362	4.604887518556583	6.588606905565843	5.068745477271232	8.33388700640046	5.010683024329726	8.635097493036211	4.972375690607735	8.949829931972788	5.057885076944797	8.693584439054549	4.855397436350153	8.434699904890625	4.781099933401101	8.181725265739983	4.694688414889168	7.592213114754099	4.704746136865342	7.350759629648575	4.562074975224687	7.180182896191338	4.5238418693112346	6.929234395717724	4.391116511408128	6.420660683597479	4.355965633670979	6.329643754069389	4.200398142003981	6.186782782237946	4.192879022430091	5.8846813563794695	4.093970757351733	5.680367628286954	4.041669413859036	5.390880152135268	3.994748071557525	5.189396972851766	3.9467630627670065	4.9411581326474945	3.9375536339032275	4.8106836634039	3.885101595075783	4.552385911407	3.831660386167339	4.459434822242479	3.832331306888792	4.355331774860637	3.7783716131651053	4.277905131370129	3.8055546066340997	4.130533207954585	3.8308198994626452	3.9955796525883205	3.795327201606935	3.920896596634335	3.792522493458078	4.761293933810667	4.761904761904762	3.540563144689155	5.4049829632352715	4.629181589756822	4.979253112033195	4.761904761904762	4.82011701654457	3.8159398496240597	11.238500000000002	0.16086851341574984	16.856562466243442	-1.1471266389571854e-05	10.665642441605936	-5.0905869955864614e-06	8.837107034264479	-6.667978035680351e-06	7.915399752152594	0.0	7.334303727474947	2.5248795316853447e-06	6.92607489468476	2.663683341324383e-06	6.611536111142258	2.8032287588844833e-06	6.357657562190373	1.4717894752334627e-06	6.143572752548656	1.5446424847736866e-06	5.95728914607485	1.6218311446722036e-06	5.793462550621088	1.704416654877785e-06	5.645528834091968	1.7920536755916914e-06	5.506943082562718	1.885685946548346e-06	5.380178881069711	1.9862472242195043e-06	5.266895411205688	4.192028438720928e-06	5.160672121488662	4.430022260861861e-06	5.061147174729991	4.688672168042011e-06	4.969252450036163	-4.970920117313715e-06	4.883561083164997	-7.921754193248553e-06	4.801087139726951	-8.427463417785881e-06	4.727295021907198	-8.972257778947495e-06	4.653548634158795	-1.9147367715623296e-05	4.582384328281829	-2.046992115668701e-05	4.513975274374098	-2.921798074535069e-05	4.453249650122114	-1.1760647306027724e-05	4.391766576280621	-1.2651288322860878e-05	4.332174134119047	-4.539965314664996e-05	4.2774325905688	-4.896296441371746e-05	4.2241067977102675	-3.1772592961311576e-05
9	204	9	0	0	1828	10504	1563	6920	1369	3964	1295	2694	1238	2093	1210	1736	1106	1481	1092	1347	1060	1273	1067	1182	1014	1149	993	1104	963	1071	948	1083	924	1014	941	995	918	964	939	948	933	927	913	948	905	924	891	938	897	928	882	906	906	890	893	898	857	891	852	901	817	4084	4095	108.0	376.38959305179327	237.1577548980713	11	1	0.7755651473999023	0.987941304663664	2.631578947368421			3.419570870045083	4.127519283892694	4.462144570058239	7.537305304433069	4.502993224129991	8.779040152370827	4.46274726032118	9.151436918268905	4.356547137276983	8.898809523809524	4.270789213610052	8.2560517429971	3.9055051378932872	7.413525554387546	3.8276841109046935	6.883687653311529	3.6944095915237694	6.521516393442623	3.6803256070640176	6.046345081589851	3.4651266103953797	5.773289116671691	3.3725037359054473	5.421597996365958	3.2503037667071686	5.112659919801413	3.169190652893391	5.036740768300623	3.065693430656934	4.599265206150497	3.099370903461678	4.376127017636452	3.016264169541646	4.101778572036423	3.0955363618382012	3.919136797717971	3.0625307730182176	3.7118603347481383	3.0003286230693393	3.694178162263269	2.9869958413096573	3.5055770544047347	2.9485736977960157	3.488674824264514	2.9912962283656253	3.3837739288969915	2.9624156114600475	3.258406761373853	3.0646416128268443	3.1387762299418096	3.0505926963413383	3.1275032215372827	2.97105217542035	3.0769762060986983	3.002431546675124	3.088048805566028	2.9286303186722584	4.7624600601721205	4.761904761904762	3.0108725954836912	4.902259543267793	3.897540822198585	4.564315352697095	4.761904761904762	4.958700312098996	3.8159398496240597	11.238500000000002	0.16086851341574984	16.856562466243442	-1.1471266389571854e-05	10.665642441605936	-5.0905869955864614e-06	8.837107034264479	-6.667978035680351e-06	7.915399752152594	0.0	7.334303727474947	2.5248795316853447e-06	6.92607489468476	2.663683341324383e-06	6.611536111142258	2.8032287588844833e-06	6.357657562190373	1.4717894752334627e-06	6.143572752548656	1.5446424847736866e-06	5.95728914607485	1.6218311446722036e-06	5.793462550621088	1.704416654877785e-06	5.645528834091968	1.7920536755916914e-06	5.506943082562718	1.885685946548346e-06	5.380178881069711	1.9862472242195043e-06	5.266895411205688	4.192028438720928e-06	5.160672121488662	4.430022260861861e-06	5.061147174729991	4.688672168042011e-06	4.969252450036163	-4.970920117313715e-06	4.883561083164997	-7.921754193248553e-06	4.801087139726951	-8.427463417785881e-06	4.727295021907198	-8.972257778947495e-06	4.653548634158795	-1.9147367715623296e-05	4.582384328281829	-2.046992115668701e-05	4.513975274374098	-2.921798074535069e-05	4.453249650122114	-1.1760647306027724e-05	4.391766576280621	-1.2651288322860878e-05	4.332174134119047	-4.539965314664996e-05	4.2774325905688	-4.896296441371746e-05	4.2241067977102675	-3.1772592961311576e-05
10	252	10	0	0	1863	12753	1512	7947	1325	4257	1207	2542	1107	1797	1012	1464	979	1280	934	1180	897	1071	866	995	840	951	805	906	786	873	759	857	761	803	757	785	752	765	730	759	723	753	710	751	704	734	701	721	710	708	711	704	682	707	667	697	648	701	643	677	640	4085	4095	97.0	335.05824888196156	203.2310037612915	10	1	0.7897357940673828	1.220398082231585	2.923976608187134			3.485044054099556	5.0112579424489265	4.316546762589928	8.655919834440692	4.358265903558976	9.42794498704405	4.159487214832173	8.635097493036211	3.8955554773551047	7.64030612244898	3.571932796837498	6.962476815522899	3.457042974681309	6.407368473744807	3.2738616846016333	6.030253475061325	3.126306984525303	5.486680327868852	2.9870309050772628	5.089774413013454	2.8705190855346343	4.778414229725655	2.7340035321287868	4.449246181800324	2.65289590927501	4.167462287569219	2.5373583391836325	3.9856757510929217	2.5248838752488387	3.6422188959949198	2.4933302592141233	3.4525223204468483	2.4708394940036142	3.2550421240745466	2.406540515593064	3.1377899045020468	2.3732151649433777	3.015135741170818	2.33322379231022	2.9265061179954794	2.323585715228728	2.7847332878063584	2.319809385134688	2.6815933350689924	2.3676926668222897	2.5815861440291705	2.3880697276055485	2.531918719654738	2.3069377262118187	2.493387409627932	2.278550199842859	2.4274718768502073	2.2464898595943836	2.4208308871775395	2.2659195827606866	2.3203208006306335	2.294153493207155	4.763626186533573	4.761904761904762	2.7042096459436853	4.363942384310739	3.3399756792117854	4.149377593360995	4.761904761904762	5.049302617125536	3.8159398496240597	11.238500000000002	0.16086851341574984	16.856562466243442	-1.1471266389571854e-05	10.665642441605936	-5.0905869955864614e-06	8.837107034264479	-6.667978035680351e-06	7.915399752152594	0.0	7.334303727474947	2.5248795316853447e-06	6.92607489468476	2.663683341324383e-06	6.611536111142258	2.8032287588844833e-06	6.357657562190373	1.4717894752334627e-06	6.143572752548656	1.5446424847736866e-06	5.95728914607485	1.6218311446722036e-06	5.793462550621088	1.704416654877785e-06	5.645528834091968	1.7920536755916914e-06	5.506943082562718	1.885685946548346e-06	5.380178881069711	1.9862472242195043e-06	5.266895411205688	4.192028438720928e-06	5.160672121488662	4.430022260861861e-06	5.061147174729991	4.688672168042011e-06	4.969252450036163	-4.970920117313715e-06	4.883561083164997	-7.921754193248553e-06	4.801087139726951	-8.427463417785881e-06	4.727295021907198	-8.972257778947495e-06	4.653548634158795	-1.9147367715623296e-05	4.582384328281829	-2.046992115668701e-05	4.513975274374098	-2.921798074535069e-05	4.453249650122114	-1.1760647306027724e-05	4.391766576280621	-1.2651288322860878e-05	4.332174134119047	-4.539965314664996e-05	4.2774325905688	-4.896296441371746e-05	4.2241067977102675	-3.1772592961311576e-05
11	238	4	0	0	2027	15550	1509	8070	1204	4009	1024	2269	905	1592	827	1256	789	1045	729	922	689	827	654	786	637	729	611	679	583	648	583	630	570	614	558	590	549	578	538	562	531	560	541	546	545	541	524	540	513	541	515	530	501	517	504	512	504	509	506	505	504	4085	4095	87.0	304.4575442235518	175.15445709228516	10	1	0.8047256469726562	1.152598188774275	1.1695906432748537			3.7918326879548045	6.110331765473285	4.307982185680028	8.789892168609084	3.960265771988685	8.878701304453745	3.5288441656902614	7.7077247095590735	3.1847133757961785	6.768707482993197	2.9189608922772834	5.973272459219099	2.7861153289311065	5.231015668018221	2.5552946124995617	4.711774325429272	2.40136623449045	4.236680327868853	2.2557947019867552	4.020666018722185	2.176810306530431	3.6629484473922216	2.0751256622741474	3.3344792024750776	1.967733225327393	3.093374069123544	1.9489853909671382	2.929960003720584	1.891174518911745	2.7849594049076973	1.8378841276637792	2.5948893873422176	1.8038442582552983	2.45936516041188	1.7735873936836553	2.323370126917194	1.742983751846381	2.2423320253063186	1.7778508051265198	2.127659574468085	1.7987986005676944	2.05250777752485	1.7340657886028195	2.008405549150147	1.7107413212392037	1.9726526891522334	1.7297551472810937	1.9061319906491638	1.6946859249737847	1.8233115852583317	1.7217230895364328	1.7831644202974264	1.7472698907956319	1.757778775425631	1.783134228424428	1.7308153682695275	1.8066458759006345	4.763626186533573	4.761904761904762	2.4254251463618623	3.9653856781433454	2.8785550234299495	4.149377593360995	4.761904761904762	5.1451426487836	3.8159398496240597	11.238500000000002	0.16086851341574984	16.856562466243442	-1.1471266389571854e-05	10.665642441605936	-5.0905869955864614e-06	8.837107034264479	-6.667978035680351e-06	7.915399752152594	0.0	7.334303727474947	2.5248795316853447e-06	6.92607489468476	2.663683341324383e-06	6.611536111142258	2.8032287588844833e-06	6.357657562190373	1.4717894752334627e-06	6.143572752548656	1.5446424847736866e-06	5.95728914607485	1.6218311446722036e-06	5.793462550621088	1.704416654877785e-06	5.645528834091968	1.7920536755916914e-06	5.506943082562718	1.885685946548346e-06	5.380178881069711	1.9862472242195043e-06	5.266895411205688	4.192028438720928e-06	5.160672121488662	4.430022260861861e-06	5.061147174729991	4.688672168042011e-06	4.969252450036163	-4.970920117313715e-06	4.883561083164997	-7.921754193248553e-06	4.801087139726951	-8.427463417785881e-06	4.727295021907198	-8.972257778947495e-06	4.653548634158795	-1.9147367715623296e-05	4.582384328281829	-2.046992115668701e-05	4.513975274374098	-2.921798074535069e-05	4.453249650122114	-1.1760647306027724e-05	4.391766576280621	-1.2651288322860878e-05	4.332174134119047	-4.539965314664996e-05	4.2774325905688	-4.896296441371746e-05	4.2241067977102675	-3.1772592961311576e-05
12	350	3	0	0	2344	17484	1442	7879	1082	3459	889	1947	759	1308	708	992	616	842	578	751	559	656	541	604	514	575	489	556	480	539	475	499	456	476	459	476	458	469	464	456	462	457	463	464	451	463	440	463	441	447	441	436	447	441	447	438	432	449	431	445	432	4084	4095	79.0	278.49796532677317	153.18001747131348	11	1	0.8143119812011719	1.694997336432757	0.8771929824561403			4.384832669248181	6.870291999198387	4.116706634692246	8.58185382855898	3.5589763831326886	7.660620556773637	3.0636156868150803	6.613900400842448	2.670936411303093	5.561224489795919	2.498941126641254	4.717743853141199	2.175218051484869	4.214847074135256	2.0260086228048655	3.83789860997547	1.9482782657186675	3.360655737704918	1.8660320088300222	3.0896721059900765	1.756484297577145	2.8891568686564164	1.6607797853552506	2.7304424691843048	1.6200891049007695	2.5730379988543057	1.587938354561562	2.320714352153288	1.5129396151293961	2.1590239034789316	1.5118079114653669	2.0935039802964335	1.5048463939543288	1.9955748446940684	1.5296367112810707	1.8851544090288976	1.516494337764648	1.8299030992231922	1.5215248110417352	1.808120957057127	1.488547098818404	1.7565824417634115	1.4560857766893904	1.7220217949194778	1.4706372761529996	1.6298997265268913	1.4812078057300238	1.5680632979679914	1.512025166593377	1.555281255510492	1.527004406791241	1.525441437676314	1.497659906396256	1.5505749905031598	1.5188356767804911	1.525173938376118	1.5485536079148294	4.7624600601721205	4.761904761904762	2.2023975466964036	3.6272769850891393	2.517418717748167	4.564315352697095	4.761904761904762	5.2064344160712235	3.8159398496240597	11.238500000000002	0.16086851341574984	16.856562466243442	-1.1471266389571854e-05	10.665642441605936	-5.0905869955864614e-06	8.837107034264479	-6.667978035680351e-06	7.915399752152594	0.0	7.334303727474947	2.5248795316853447e-06	6.92607489468476	2.663683341324383e-06	6.611536111142258	2.8032287588844833e-06	6.357657562190373	1.4717894752334627e-06	6.143572752548656	1.5446424847736866e-06	5.95728914607485	1.6218311446722036e-06	5.793462550621088	1.704416654877785e-06	5.645528834091968	1.7920536755916914e-06	5.506943082562718	1.885685946548346e-06	5.380178881069711	1.9862472242195043e-06	5.266895411205688	4.192028438720928e-06	5.160672121488662	4.430022260861861e-06	5.061147174729991	4.688672168042011e-06	4.969252450036163	-4.970920117313715e-06	4.883561083164997	-7.921754193248553e-06	4.801087139726951	-8.427463417785881e-06	4.727295021907198	-8.972257778947495e-06	4.653548634158795	-1.9147367715623296e-05	4.582384328281829	-2.046992115668701e-05	4.513975274374098	-2.921798074535069e-05	4.453249650122114	-1.1760647306027724e-05	4.391766576280621	-1.2651288322860878e-05	4.332174134119047	-4.539965314664996e-05	4.2774325905688	-4.896296441371746e-05	4.2241067977102675	-3.1772592961311576e-05
13	562	6	0	0	2476	19679	1425	7443	956	2900	688	1523	589	992	547	720	493	592	463	549	453	493	440	462	434	452	416	442	388	429	397	413	398	394	413	391	403	400	383	416	383	390	395	379	398	393	392	396	383	403	372	385	360	371	361	361	349	358	332	349	321	4084	4095	72.0	245.02865072845833	131.81707286834717	11	1	0.8203935623168945	2.7216814373577414	1.7543859649122806			4.631760106253624	7.73281149921214	4.068174032202809	8.106960026140943	3.1445299651338727	6.422607578676944	2.370942173823144	5.173585162035464	2.0727029594960764	4.217687074829931	1.9306790907807427	3.424168925667	1.7408806808150004	2.963407919106973	1.622910021381752	2.805600981193786	1.5788373065662904	2.5256147540983607	1.5176600441501102	2.363292240012277	1.4831015275262276	2.2711285297960004	1.412851514739845	2.1706035456465154	1.3095720264614554	2.0479282031697537	1.327182161601979	1.920751557994605	1.3205043132050431	1.7870912142241575	1.3602977504034781	1.7196639838149272	1.3241333990471498	1.7019828099736192	1.262609612975539	1.7197899871842572	1.257180370917446	1.5616240890526147	1.2980611238908972	1.4768919024238172	1.3136180605980592	1.4910084224903255	1.2972400555960024	1.4728307360434412	1.2772201287224463	1.4694621695533272	1.2494542034729452	1.384643049811185	1.2177383892027196	1.3084112149532712	1.2332183240528816	1.2572702260300213	1.2099150632691975	1.2363159167040785	1.1699615886104944	1.1961476505466635	1.1506613614367136	4.7624600601721205	4.761904761904762	2.0072483969891275	3.1913582723375806	2.166331953968446	4.564315352697095	4.761904761904762	5.245317981530154	3.8159398496240597	11.238500000000002	0.16086851341574984	16.856562466243442	-1.1471266389571854e-05	10.665642441605936	-5.0905869955864614e-06	8.837107034264479	-6.667978035680351e-06	7.915399752152594	0.0	7.334303727474947	2.5248795316853447e-06	6.92607489468476	2.663683341324383e-06	6.611536111142258	2.8032287588844833e-06	6.357657562190373	1.4717894752334627e-06	6.143572752548656	1.5446424847736866e-06	5.95728914607485	1.6218311446722036e-06	5.793462550621088	1.704416654877785e-06	5.645528834091968	1.7920536755916914e-06	5.506943082562718	1.885685946548346e-06	5.380178881069711	1.9862472242195043e-06	5.266895411205688	4.192028438720928e-06	5.160672121488662	4.430022260861861e-06	5.061147174729991	4.688672168042011e-06	4.969252450036163	-4.970920117313715e-06	4.883561083164997	-7.921754193248553e-06	4.801087139726951	-8.427463417785881e-06	4.727295021907198	-8.972257778947495e-06	4.653548634158795	-1.9147367715623296e-05	4.582384328281829	-2.046992115668701e-05	4.513975274374098	-2.921798074535069e-05	4.453249650122114	-1.1760647306027724e-05	4.391766576280621	-1.2651288322860878e-05	4.332174134119047	-4.539965314664996e-05	4.2774325905688	-4.896296441371746e-05	4.2241067977102675	-3.1772592961311576e-05
14	888	5	0	0	2637	21228	1277	6483	750	2293	635	1124	582	700	499	615	474	571	434	491	406	456	412	415	401	398	392	403	386	399	382	383	373	383	359	369	359	356	354	354	341	361	338	344	332	339	325	333	310	323	305	319	298	308	294	296	296	293	278	295	276	4084	4095	67.0	221.11592567681006	117.2466344833374	11	1	0.8255100250244141	4.300450385006538	1.461988304093567			4.932936752904203	8.341486991476971	3.6456549046477105	7.061322296046183	2.466942964278666	5.078289371691803	2.188296919153629	3.8181941707996465	2.048069817362846	2.976190476190476	1.7612593533813357	2.9248109573405623	1.6737879162399802	2.8582870300845973	1.521259069718532	2.5091986917416187	1.4150285793949533	2.336065573770492	1.4210816777041941	2.122870735075963	1.370331134880224	1.9997990151743545	1.331340850427931	1.9790797033835879	1.3028216551910354	1.9047164407103305	1.2770367398789824	1.7812296530555296	1.2375580623755806	1.7371978046899808	1.182437996113435	1.6229053964903022	1.1795630031214062	1.514764700876521	1.1670073185204721	1.463475133325065	1.1193172493024781	1.4455033234563948	1.1107459743674006	1.3405034681630428	1.095781899795366	1.286137036193945	1.0755179032364817	1.2385167553092573	1.0337813052322673	1.177757520510483	1.0244180969334633	1.1472756698435533	1.0080167777289177	1.0862281784517722	1.0043384688962524	1.0308919304844495	1.0261743803085457	1.0118451497047347	0.9796666314268598	1.0110703636425953	0.9893536939455855	4.7624600601721205	4.761904761904762	1.8678561471982158	2.879908681929137	1.9268758230596668	4.564315352697095	4.761904761904762	5.2780309074651015	3.8159398496240597	11.238500000000002	0.16086851341574984	16.856562466243442	-1.1471266389571854e-05	10.665642441605936	-5.0905869955864614e-06	8.837107034264479	-6.667978035680351e-06	7.915399752152594	0.0	7.334303727474947	2.5248795316853447e-06	6.92607489468476	2.663683341324383e-06	6.611536111142258	2.8032287588844833e-06	6.357657562190373	1.4717894752334627e-06	6.143572752548656	1.5446424847736866e-06	5.95728914607485	1.6218311446722036e-06	5.793462550621088	1.704416654877785e-06	5.645528834091968	1.7920536755916914e-06	5.506943082562718	1.885685946548346e-06	5.380178881069711	1.9862472242195043e-06	5.266895411205688	4.192028438720928e-06	5.160672121488662	4.430022260861861e-06	5.061147174729991	4.688672168042011e-06	4.969252450036163	-4.970920117313715e-06	4.883561083164997	-7.921754193248553e-06	4.801087139726951	-8.427463417785881e-06	4.727295021907198	-8.972257778947495e-06	4.653548634158795	-1.9147367715623296e-05	4.582384328281829	-2.046992115668701e-05	4.513975274374098	-2.921798074535069e-05	4.453249650122114	-1.1760647306027724e-05	4.391766576280621	-1.2651288322860878e-05	4.332174134119047	-4.539965314664996e-05	4.2774325905688	-4.896296441371746e-05	4.2241067977102675	-3.1772592961311576e-05
15	1278	4	0	0	3029	21781	1213	5927	750	1884	601	884	495	647	456	557	415	482	383	434	349	389	338	374	336	348	308	335	305	318	301	306	290	300	289	290	276	285	271	277	268	273	261	269	250	262	244	251	245	244	234	244	238	234	236	236	234	235	217	228	205	4085	4095	64.0	199.442208107095	104.94665050506592	10	1	0.8202400207519531	6.189161702745896	1.1695906432748537			5.666236414314309	8.558786892847179	3.4629439305698297	6.4557237773663	2.466942964278666	4.172480233871504	2.071128265214694	3.002921394116448	1.7419150508498435	2.7508503401360547	1.609487505294367	2.6489751272173874	1.4654472262438645	2.4127746908945285	1.3424936030004557	2.2179067865903517	1.2163669315488637	1.9928278688524588	1.1658388520971303	1.9131413371527954	1.1482076342138536	1.7485679831172747	1.0460535253362315	1.645140696361047	1.0294316187390307	1.5180446820698874	1.0062514625748002	1.4231234303785696	0.9621765096217652	1.3607293509320997	0.9518790553670827	1.275454105642785	0.9068506653523903	1.2126627521062037	0.8933869585283839	1.1451486212741329	0.8796980141145577	1.0931368623368303	0.8577062109760105	1.0482425376042397	0.8251369727374743	0.9940056149935504	0.8074657488913892	0.9335366534012721	0.8170207089738887	0.8896991795806745	0.7859469989587882	0.8775400107894263	0.8050603795284648	0.8252512784341385	0.806203668909917	0.8219273499808449	0.8112324492979719	0.8115481576130124	0.7647038094231243	0.781437433594955	0.7348460407929168	4.763626186533573	4.761904761904762	1.7842207973236688	2.5976208855723293	1.7247332041589867	4.149377593360995	4.761904761904762	5.244336288878611	3.8159398496240597	11.238500000000002	0.16086851341574984	16.856562466243442	-1.1471266389571854e-05	10.665642441605936	-5.0905869955864614e-06	8.837107034264479	-6.667978035680351e-06	7.915399752152594	0.0	7.334303727474947	2.5248795316853447e-06	6.92607489468476	2.663683341324383e-06	6.611536111142258	2.8032287588844833e-06	6.357657562190373	1.4717894752334627e-06	6.143572752548656	1.5446424847736866e-06	5.95728914607485	1.6218311446722036e-06	5.793462550621088	1.704416654877785e-06	5.645528834091968	1.7920536755916914e-06	5.506943082562718	1.885685946548346e-06	5.380178881069711	1.9862472242195043e-06	5.266895411205688	4.192028438720928e-06	5.160672121488662	4.430022260861861e-06	5.061147174729991	4.688672168042011e-06	4.969252450036163	-4.970920117313715e-06	4.883561083164997	-7.921754193248553e-06	4.801087139726951	-8.427463417785881e-06	4.727295021907198	-8.972257778947495e-06	4.653548634158795	-1.9147367715623296e-05	4.582384328281829	-2.046992115668701e-05	4.513975274374098	-2.921798074535069e-05	4.453249650122114	-1.1760647306027724e-05	4.391766576280621	-1.2651288322860878e-05	4.332174134119047	-4.539965314664996e-05	4.2774325905688	-4.896296441371746e-05	4.2241067977102675	-3.1772592961311576e-05
16	1512	5	0	0	3165	22018	1178	4667	727	1481	584	851	463	625	402	504	388	418	358	393	339	373	297	340	279	294	270	280	255	271	266	256	262	266	255	261	238	257	224	239	223	223	229	224	222	225	217	221	210	216	203	207	189	202	181	188	172	174	162	171	152	4084	4095	60.0	182.15349294284943	95.89010906219482	11	1	0.8193931579589844	7.322388493389511	1.461988304093567			5.920646500925978	8.651915422005839	3.3630238666209893	5.083324256616926	2.3912900467074536	3.279959249662259	2.012543938245227	2.8908213873225086	1.6293064010979341	2.657312925170068	1.4188903007200337	2.3969182479669	1.370104876584625	2.0924062672072883	1.2548634722563006	2.0083810302534753	1.1815140108741113	1.9108606557377048	1.0244205298013245	1.7392193974116323	0.9534224105525748	1.4772384684956286	0.9169949735090341	1.3750429700928153	0.8606723369785338	1.2936795875501241	0.8892454785544747	1.190586922146777	0.8692767086927671	1.2065133578264617	0.8398932841474259	1.1479086950785065	0.7819944143256119	1.0935239554080503	0.73844530889431	0.9880524205217247	0.7319875266699492	0.8929286457916232	0.7525468287873809	0.872885979268958	0.7327216317908773	0.8536307762349192	0.7181150307763584	0.8219585673373749	0.7003034648347617	0.7876025524156791	0.6818258153360427	0.7444704189893905	0.6393126543314278	0.7123964027508376	0.6183172206470127	0.6547556855779612	0.5962905182873982	0.6008909762751666	0.570884871550904	0.5860780751962162	0.5448614546366992	4.7624600601721205	4.761904761904762	1.6727069974909394	2.3724452418528204	1.5758945545576095	4.564315352697095	4.761904761904762	5.238921735620413	3.8159398496240597	11.238500000000002	0.16086851341574984	16.856562466243442	-1.1471266389571854e-05	10.665642441605936	-5.0905869955864614e-06	8.837107034264479	-6.667978035680351e-06	7.915399752152594	0.0	7.334303727474947	2.5248795316853447e-06	6.92607489468476	2.663683341324383e-06	6.611536111142258	2.8032287588844833e-06	6.357657562190373	1.4717894752334627e-06	6.143572752548656	1.5446424847736866e-06	5.95728914607485	1.6218311446722036e-06	5.793462550621088	1.704416654877785e-06	5.645528834091968	1.7920536755916914e-06	5.506943082562718	1.885685946548346e-06	5.380178881069711	1.9862472242195043e-06	5.266895411205688	4.192028438720928e-06	5.160672121488662	4.430022260861861e-06	5.061147174729991	4.688672168042011e-06	4.969252450036163	-4.970920117313715e-06	4.883561083164997	-7.921754193248553e-06	4.801087139726951	-8.427463417785881e-06	4.727295021907198	-8.972257778947495e-06	4.653548634158795	-1.9147367715623296e-05	4.582384328281829	-2.046992115668701e-05	4.513975274374098	-2.921798074535069e-05	4.453249650122114	-1.1760647306027724e-05	4.391766576280621	-1.2651288322860878e-05	4.332174134119047	-4.539965314664996e-05	4.2774325905688	-4.896296441371746e-05	4.2241067977102675	-3.1772592961311576e-05
17	2121	3	0	0	3457	21649	1210	3588	735	1210	541	729	409	533	333	393	318	324	276	307	266	275	234	269	230	230	218	236	210	210	203	211	190	197	197	195	199	198	199	204	188	189	175	185	165	169	161	163	158	158	147	156	143	146	137	140	141	138	135	137	132	4084	4095	57.0	151.33816535154105	83.16583919525146	11	1	0.8064746856689453	10.271683858782508	0.8771929824561403			6.466879922180444	8.506917838632228	3.4543793536599288	3.908071016229169	2.4176041049930928	2.679777644896242	1.8643600523812804	2.476391059175216	1.4392793046415877	2.266156462585034	1.1753494282083863	1.8690255385932373	1.1229210070977083	1.6218651449166541	0.967436643415472	1.5688879803761244	0.9270876899484177	1.408811475409836	0.8071192052980132	1.3760294644227327	0.7859754638963881	1.1556627474625665	0.7403885341665534	1.1589647890782302	0.7087889833940867	1.0024823372159632	0.6786347073178886	0.9813040647381638	0.630391506303915	0.8935456071120788	0.6488587332433056	0.8576329331046313	0.6538524724823395	0.8424814909369416	0.6560295378123557	0.8433585514076646	0.617101591990809	0.7567870585408826	0.5750903713440683	0.7209102953783805	0.5445904020067331	0.6411715608164504	0.5327950228340724	0.6062409342805073	0.5268949878280588	0.5761166818596172	0.4937359352433413	0.5610501708325841	0.4837127490444136	0.5149003703050609	0.4680080620366891	0.4875840211750775	0.4888195527821113	0.47656870532168394	0.47573739295908657	0.46954793158995095	0.4731691579739757	4.7624600601721205	4.761904761904762	1.5890716476163926	1.9710931945271455	1.36677905985073	4.564315352697095	4.761904761904762	5.156325408553348	3.8159398496240597	11.238500000000002	0.16086851341574984	16.856562466243442	-1.1471266389571854e-05	10.665642441605936	-5.0905869955864614e-06	8.837107034264479	-6.667978035680351e-06	7.915399752152594	0.0	7.334303727474947	2.5248795316853447e-06	6.92607489468476	2.663683341324383e-06	6.611536111142258	2.8032287588844833e-06	6.357657562190373	1.4717894752334627e-06	6.143572752548656	1.5446424847736866e-06	5.95728914607485	1.6218311446722036e-06	5.793462550621088	1.704416654877785e-06	5.645528834091968	1.7920536755916914e-06	5.506943082562718	1.885685946548346e-06	5.380178881069711	1.9862472242195043e-06	5.266895411205688	4.192028438720928e-06	5.160672121488662	4.430022260861861e-06	5.061147174729991	4.688672168042011e-06	4.969252450036163	-4.970920117313715e-06	4.883561083164997	-7.921754193248553e-06	4.801087139726951	-8.427463417785881e-06	4.727295021907198	-8.972257778947495e-06	4.653548634158795	-1.9147367715623296e-05	4.582384328281829	-2.046992115668701e-05	4.513975274374098	-2.921798074535069e-05	4.453249650122114	-1.1760647306027724e-05	4.391766576280621	-1.2651288322860878e-05	4.332174134119047	-4.539965314664996e-05	4.2774325905688	-4.896296441371746e-05	4.2241067977102675	-3.1772592961311576e-05
18	2987	6	0	0	4097	19785	1316	2994	682	1142	415	605	341	395	284	332	264	279	235	254	210	221	199	206	187	196	175	182	168	170	162	161	172	162	156	168	156	158	143	149	148	151	150	145	141	147	135	135	130	135	130	127	127	129	122	121	121	124	114	116	103	4085	4095	54.0	122.2840813735343	74.70624542236328	10	1	0.7786188125610352	14.465591554070414	1.7543859649122806			7.664103859176534	7.774463921536268	3.7569944044764187	3.261082670733036	2.243273468850733	2.52917857063761	1.4301468054311117	2.05516679122223	1.199985923918781	1.679421768707483	1.0024001129464915	1.5789223379464499	0.9322363077792295	1.3966060970115632	0.8237232289950577	1.2980376124284547	0.7319113341698034	1.132172131147541	0.6863962472406181	1.0537623407846948	0.6390322249940197	0.9848256456637524	0.5943485939410407	0.89377793056033	0.5670311867152693	0.8115333206033989	0.5415705546083642	0.7487675565063715	0.570670205706702	0.7347938495033338	0.5138170679490135	0.7388837577516824	0.5125677673730902	0.6722832099395796	0.4714182105887783	0.6159824713712845	0.4858033809289348	0.6046288139665252	0.4929346040092014	0.5650377990803522	0.46537725262393553	0.5577054404734805	0.4467535905751539	0.5021013872875367	0.4335211925167573	0.4922515952597994	0.43663722164377117	0.45675238266498835	0.4295910428576261	0.45494621759830717	0.41676630341953336	0.4214119040156027	0.4194834460045069	0.42822115550644063	0.4017337984987842	0.3975734311272578	0.3692153278130265	4.763626186533573	4.761904761904762	1.5054362977418456	1.5926803396518296	1.227750875496313	4.149377593360995	4.761904761904762	4.978224410671913	3.8159398496240597	11.238500000000002	0.16086851341574984	16.856562466243442	-1.1471266389571854e-05	10.665642441605936	-5.0905869955864614e-06	8.837107034264479	-6.667978035680351e-06	7.915399752152594	0.0	7.334303727474947	2.5248795316853447e-06	6.92607489468476	2.663683341324383e-06	6.611536111142258	2.8032287588844833e-06	6.357657562190373	1.4717894752334627e-06	6.143572752548656	1.5446424847736866e-06	5.95728914607485	1.6218311446722036e-06	5.793462550621088	1.704416654877785e-06	5.645528834091968	1.7920536755916914e-06	5.506943082562718	1.885685946548346e-06	5.380178881069711	1.9862472242195043e-06	5.266895411205688	4.192028438720928e-06	5.160672121488662	4.430022260861861e-06	5.061147174729991	4.688672168042011e-06	4.969252450036163	-4.970920117313715e-06	4.883561083164997	-7.921754193248553e-06	4.801087139726951	-8.427463417785881e-06	4.727295021907198	-8.972257778947495e-06	4.653548634158795	-1.9147367715623296e-05	4.582384328281829	-2.046992115668701e-05	4.513975274374098	-2.921798074535069e-05	4.453249650122114	-1.1760647306027724e-05	4.391766576280621	-1.2651288322860878e-05	4.332174134119047	-4.539965314664996e-05	4.2774325905688	-4.896296441371746e-05	4.2241067977102675	-3.1772592961311576e-05
19	4212	5	0	0	3742	18359	1237	2542	611	1011	374	502	303	344	261	274	226	247	192	208	174	174	162	163	157	163	146	149	147	144	152	156	150	152	145	144	142	145	127	130	121	119	123	121	123	123	115	121	112	111	102	104	105	105	109	107	99	103	93	93	88	4085	4095	52.0	117.1247241062605	70.78414344787598	10	1	0.7748203277587891	20.398082231585065	1.461988304093567			7.000018706624016	7.214120957062639	3.531460545849035	2.768761572813419	2.0097362015656866	2.239053883462893	1.288855193328279	1.7052788912290235	1.066263152338389	1.4625850340136055	0.9212198221092757	1.3030865078232747	0.7980507786291888	1.2364218851679432	0.6729994041151109	1.062959934587081	0.6064408197406943	0.8913934426229508	0.5587748344370861	0.8338022405238119	0.5365136862249257	0.8190131645060797	0.495856541230811	0.7317192947993911	0.4961522883758607	0.687416459805232	0.5081402734596998	0.7255139056831923	0.4976775049767751	0.6894362044722638	0.477586377260301	0.6333289352157278	0.46656809594217186	0.6169687686154369	0.41867211709632757	0.5374343709950804	0.39717708846216976	0.47649555537759264	0.40420637528754516	0.4715143013015353	0.4059673905868374	0.4666514910084225	0.3805678734529088	0.45003161379105144	0.37349518124520625	0.4047402005469462	0.3425922815974205	0.3740334472217227	0.3551736968507932	0.3703050608358314	0.37235677928466504	0.37265350189809493	0.34321372854914195	0.35569983078357564	0.32773020403848185	0.3187442163347843	0.31544610531598377	4.763626186533573	4.761904761904762	1.449679397825481	1.5254826570710025	1.1632935586315956	4.149377593360995	4.761904761904762	4.953938188118531	3.8159398496240597	11.238500000000002	0.16086851341574984	16.856562466243442	-1.1471266389571854e-05	10.665642441605936	-5.0905869955864614e-06	8.837107034264479	-6.667978035680351e-06	7.915399752152594	0.0	7.334303727474947	2.5248795316853447e-06	6.92607489468476	2.663683341324383e-06	6.611536111142258	2.8032287588844833e-06	6.357657562190373	1.4717894752334627e-06	6.143572752548656	1.5446424847736866e-06	5.95728914607485	1.6218311446722036e-06	5.793462550621088	1.704416654877785e-06	5.645528834091968	1.7920536755916914e-06	5.506943082562718	1.885685946548346e-06	5.380178881069711	1.9862472242195043e-06	5.266895411205688	4.192028438720928e-06	5.160672121488662	4.430022260861861e-06	5.061147174729991	4.688672168042011e-06	4.969252450036163	-4.970920117313715e-06	4.883561083164997	-7.921754193248553e-06	4.801087139726951	-8.427463417785881e-06	4.727295021907198	-8.972257778947495e-06	4.653548634158795	-1.9147367715623296e-05	4.582384328281829	-2.046992115668701e-05	4.513975274374098	-2.921798074535069e-05	4.453249650122114	-1.1760647306027724e-05	4.391766576280621	-1.2651288322860878e-05	4.332174134119047	-4.539965314664996e-05	4.2774325905688	-4.896296441371746e-05	4.2241067977102675	-3.1772592961311576e-05
20	5645	4	0	0	4261	16496	1032	2104	518	697	344	417	251	277	202	223	189	201	179	183	171	177	161	157	148	155	132	142	138	134	123	127	121	118	111	111	109	112	106	108	111	112	107	110	106	110	106	106	100	100	92	93	91	91	83	85	81	80	68	69	63	4085	4095	50.0	101.19661199226609	64.99107933044434	10	1	0.7508926391601562	27.337885611894038	1.1695906432748537			7.970892493031783	6.482059987347094	2.9462144570058237	2.2916893584576843	1.703835273995132	1.5436405111509757	1.185471086911572	1.4165364494870576	0.8832740964915367	1.1777210884353742	0.7129747282225046	1.0605412089218624	0.6673964476146756	1.0061570806427391	0.6274317361281503	0.9352003270645953	0.5959849435382686	0.9067622950819673	0.5553256070640177	0.8031101335106655	0.5057581245941974	0.778816199376947	0.44830865371552775	0.6973432205470707	0.46577561765897124	0.6396792056520909	0.4111924581285728	0.5906427309087527	0.40145985401459855	0.5352202113666258	0.3656006060406442	0.4881910542287901	0.3581402989978643	0.47655518679261333	0.349442869387486	0.44648393898052835	0.3643525356967011	0.44846640506126373	0.35162668419323034	0.42864936481957755	0.3498580764406891	0.41733060171484937	0.35078430074789857	0.39424257075910296	0.33347784039750555	0.3646308113035551	0.30900480300943806	0.33447221722711745	0.3078172039373541	0.3209310527243872	0.2835377310149284	0.2960331557134399	0.28081123244929795	0.27627171322996164	0.23963068682383623	0.2364876443774206	0.22583073448757932	4.763626186533573	4.761904761904762	1.3939224979091163	1.3180280912208682	1.0680881376956124	4.149377593360995	4.761904761904762	4.8009526686948885	3.8159398496240597	11.238500000000002	0.16086851341574984	16.856562466243442	-1.1471266389571854e-05	10.665642441605936	-5.0905869955864614e-06	8.837107034264479	-6.667978035680351e-06	7.915399752152594	0.0	7.334303727474947	2.5248795316853447e-06	6.92607489468476	2.663683341324383e-06	6.611536111142258	2.8032287588844833e-06	6.357657562190373	1.4717894752334627e-06	6.143572752548656	1.5446424847736866e-06	5.95728914607485	1.6218311446722036e-06	5.793462550621088	1.704416654877785e-06	5.645528834091968	1.7920536755916914e-06	5.506943082562718	1.885685946548346e-06	5.380178881069711	1.9862472242195043e-06	5.266895411205688	4.192028438720928e-06	5.160672121488662	4.430022260861861e-06	5.061147174729991	4.688672168042011e-06	4.969252450036163	-4.970920117313715e-06	4.883561083164997	-7.921754193248553e-06	4.801087139726951	-8.427463417785881e-06	4.727295021907198	-8.972257778947495e-06	4.653548634158795	-1.9147367715623296e-05	4.582384328281829	-2.046992115668701e-05	4.513975274374098	-2.921798074535069e-05	4.453249650122114	-1.1760647306027724e-05	4.391766576280621	-1.2651288322860878e-05	4.332174134119047	-4.539965314664996e-05	4.2774325905688	-4.896296441371746e-05	4.2241067977102675	-3.1772592961311576e-05
