	counts(inten<0.01	MicrocoloniesPlatonic	MicrocoloniesAggregates	MicrocoloniesLarge	counts(Norminten<0.01	counts(inten<0.02	counts(Norminten<0.02	counts(inten<0.03	counts(Norminten<0.03	counts(inten<0.04	counts(Norminten<0.04	counts(inten<0.05	counts(Norminten<0.05	counts(inten<0.060000000000000005	counts(Norminten<0.060000000000000005	counts(inten<0.06999999999999999	counts(Norminten<0.06999999999999999	counts(inten<0.08	counts(Norminten<0.08	counts(inten<0.09	counts(Norminten<0.09	counts(inten<0.09999999999999999	counts(Norminten<0.09999999999999999	counts(inten<0.11	counts(Norminten<0.11	counts(inten<0.12	counts(Norminten<0.12	counts(inten<0.13	counts(Norminten<0.13	counts(inten<0.14	counts(Norminten<0.14	counts(inten<0.15000000000000002	counts(Norminten<0.15000000000000002	counts(inten<0.16	counts(Norminten<0.16	counts(inten<0.17	counts(Norminten<0.17	counts(inten<0.18000000000000002	counts(Norminten<0.18000000000000002	counts(inten<0.19	counts(Norminten<0.19	counts(inten<0.2	counts(Norminten<0.2	counts(inten<0.21000000000000002	counts(Norminten<0.21000000000000002	counts(inten<0.22	counts(Norminten<0.22	counts(inten<0.23	counts(Norminten<0.23	counts(inten<0.24000000000000002	counts(Norminten<0.24000000000000002	counts(inten<0.25	counts(Norminten<0.25	counts(inten<0.26	counts(Norminten<0.26	counts(inten<0.27	counts(Norminten<0.27	counts(inten<0.28	counts(Norminten<0.28	counts(inten<0.29000000000000004	counts(Norminten<0.29000000000000004	diff	max	med	std	mean	min	eigenLocal	minProp	counts(inten<0.01Normalized	MicrocoloniesPlatonicNormalized	MicrocoloniesAggregatesNormalized	MicrocoloniesLargeNormalized	counts(Norminten<0.01Normalized	counts(inten<0.02Normalized	counts(Norminten<0.02Normalized	counts(inten<0.03Normalized	counts(Norminten<0.03Normalized	counts(inten<0.04Normalized	counts(Norminten<0.04Normalized	counts(inten<0.05Normalized	counts(Norminten<0.05Normalized	counts(inten<0.060000000000000005Normalized	counts(Norminten<0.060000000000000005Normalized	counts(inten<0.06999999999999999Normalized	counts(Norminten<0.06999999999999999Normalized	counts(inten<0.08Normalized	counts(Norminten<0.08Normalized	counts(inten<0.09Normalized	counts(Norminten<0.09Normalized	counts(inten<0.09999999999999999Normalized	counts(Norminten<0.09999999999999999Normalized	counts(inten<0.11Normalized	counts(Norminten<0.11Normalized	counts(inten<0.12Normalized	counts(Norminten<0.12Normalized	counts(inten<0.13Normalized	counts(Norminten<0.13Normalized	counts(inten<0.14Normalized	counts(Norminten<0.14Normalized	counts(inten<0.15000000000000002Normalized	counts(Norminten<0.15000000000000002Normalized	counts(inten<0.16Normalized	counts(Norminten<0.16Normalized	counts(inten<0.17Normalized	counts(Norminten<0.17Normalized	counts(inten<0.18000000000000002Normalized	counts(Norminten<0.18000000000000002Normalized	counts(inten<0.19Normalized	counts(Norminten<0.19Normalized	counts(inten<0.2Normalized	counts(Norminten<0.2Normalized	counts(inten<0.21000000000000002Normalized	counts(Norminten<0.21000000000000002Normalized	counts(inten<0.22Normalized	counts(Norminten<0.22Normalized	counts(inten<0.23Normalized	counts(Norminten<0.23Normalized	counts(inten<0.24000000000000002Normalized	counts(Norminten<0.24000000000000002Normalized	counts(inten<0.25Normalized	counts(Norminten<0.25Normalized	counts(inten<0.26Normalized	counts(Norminten<0.26Normalized	counts(inten<0.27Normalized	counts(Norminten<0.27Normalized	counts(inten<0.28Normalized	counts(Norminten<0.28Normalized	counts(inten<0.29000000000000004Normalized	counts(Norminten<0.29000000000000004Normalized	diffNormalized	maxNormalized	medNormalized	stdNormalized	meanNormalized	minNormalized	eigenLocalNormalized	minPropNormalized	BioVolume	SubstratumCoverage	Homogenity	ThicknessThreshold=0.01	RoughnessThreshold=0.01	ThicknessThreshold=0.02	RoughnessThreshold=0.02	ThicknessThreshold=0.03	RoughnessThreshold=0.03	ThicknessThreshold=0.04	RoughnessThreshold=0.04	ThicknessThreshold=0.05	RoughnessThreshold=0.05	ThicknessThreshold=0.060000000000000005	RoughnessThreshold=0.060000000000000005	ThicknessThreshold=0.06999999999999999	RoughnessThreshold=0.06999999999999999	ThicknessThreshold=0.08	RoughnessThreshold=0.08	ThicknessThreshold=0.09	RoughnessThreshold=0.09	ThicknessThreshold=0.09999999999999999	RoughnessThreshold=0.09999999999999999	ThicknessThreshold=0.11	RoughnessThreshold=0.11	ThicknessThreshold=0.12	RoughnessThreshold=0.12	ThicknessThreshold=0.13	RoughnessThreshold=0.13	ThicknessThreshold=0.14	RoughnessThreshold=0.14	ThicknessThreshold=0.15000000000000002	RoughnessThreshold=0.15000000000000002	ThicknessThreshold=0.16	RoughnessThreshold=0.16	ThicknessThreshold=0.17	RoughnessThreshold=0.17	ThicknessThreshold=0.18000000000000002	RoughnessThreshold=0.18000000000000002	ThicknessThreshold=0.19	RoughnessThreshold=0.19	ThicknessThreshold=0.2	RoughnessThreshold=0.2	ThicknessThreshold=0.21000000000000002	RoughnessThreshold=0.21000000000000002	ThicknessThreshold=0.22	RoughnessThreshold=0.22	ThicknessThreshold=0.23	RoughnessThreshold=0.23	ThicknessThreshold=0.24000000000000002	RoughnessThreshold=0.24000000000000002	ThicknessThreshold=0.25	RoughnessThreshold=0.25	ThicknessThreshold=0.26	RoughnessThreshold=0.26	ThicknessThreshold=0.27	RoughnessThreshold=0.27	ThicknessThreshold=0.28	RoughnessThreshold=0.28	ThicknessThreshold=0.29000000000000004	RoughnessThreshold=0.29000000000000004
0	1	29	0	0	2204	1	2434	1	2635	4	2830	28	2971	34	3156	62	3272	132	3370	212	3559	286	3709	316	3858	353	3949	434	4063	558	4149	630	4185	752	4244	866	4290	865	4327	941	4367	1027	4363	1114	4396	1256	4410	1399	4371	1535	4314	1703	4210	1913	4124	2140	4040	2429	3941	2645	3806	2026	2079	512.0	248.70895548268902	552.5784397125244	53	1	0.5624237060546875	4.761904761904762	6.263498920086392			6.047800675026754	0.007701786814540974	6.124040759844005	0.0021347451114336947	6.064023197477734	0.010757314974182445	6.000212021626206	0.12005831403824715	5.882818842445003	0.19388686131386862	5.858657112625072	0.3896675256112124	5.756003166505409	0.8117082769647029	5.668915168132959	1.2174112782818423	5.750989739032076	1.489660919839575	5.809837092731829	1.4620830055984824	5.884685784014644	1.4613951562823433	5.913712805307217	1.597644027240935	6.002452392560091	1.8146341463414632	6.09421130711946	1.828259670913259	6.145374449339207	1.9656533444859763	6.264299104045816	2.0542745991080746	6.394395588016098	1.8763964511160764	6.51754782346739	1.8907351966083306	6.693233197946203	1.9313224010831953	6.8341661314829025	1.9814307566433071	7.057312570235993	2.135473340587595	7.273386990368122	2.287405372704828	7.451923076923077	2.440187584452746	7.650156939937223	2.656330426915818	7.784331490486844	2.9580949435596104	7.940083559560253	3.299210656142082	8.12403225482113	3.7649575299150597	8.308211236428797	4.143949363915523	8.457589831337081	2.872088572603167	2.922611935053068	6.75818373812038	3.677306321525653	5.806129197777644	8.922558922558922	4.761904761904762	4.295855970120497	8.72909090909091	4.8334	0.07811471558546354	20.98482036590576	-2.8610256777054574e-06	19.830467224121094	-7.629401807214553e-06	17.92239452201114	-1.9073795561337035e-05	16.35801420902551	-1.9080218964592836e-05	15.023447759469214	-1.910128456138675e-05	13.785180525755953	-1.9148357645364757e-05	12.591644080414111	-1.923600364329909e-05	11.419269382411962	-1.9379281610030717e-05	10.307632978071787	-1.960065622997058e-06	9.280868069708026	-9.941257111726807e-07	8.364930109470022	0.0	7.563853340596024	0.0	6.87228662399377	0.0	6.279654948989117	0.0	5.7585707008918625	0.0	5.324531517193405	0.0	4.938867286517683	0.0	4.60344002081707	0.0	4.312345810846702	0.0	4.043264331967526	0.0	3.816178467152171	0.0	3.6145082738526173	0.0	3.435469533309215	0.0	3.264089590748145	0.0	3.1225892623172022	0.0	2.9951036625190492	0.0	2.875929578920408	0.0	2.7698254418344925	0.0	2.664730945078441	0.0
1	1	37	0	0	2563	1	2868	27	3190	58	3529	106	3825	221	4066	354	4270	349	4491	479	4677	575	4850	689	4979	761	5094	885	5222	927	5272	1105	5308	1343	5298	1569	5305	1827	5283	2092	5238	2427	5176	2805	5116	3202	5034	3599	4928	3949	4798	4231	4667	4491	4534	4725	4344	4932	4158	5076	3974	3197	3242	551.0	351.9812969197669	634.1557283401489	45	1	0.5933780670166016	4.761904761904762	7.991360691144708			7.032900694234832	0.007701786814540974	7.216002012831803	0.057638118008709764	7.341265275124847	0.15598106712564544	7.482243188805258	0.4545064745733642	7.573807496584362	1.260264598540146	7.5479403738699435	2.2248758720382127	7.511654499076435	2.1461074898536463	7.55462849260686	2.7506603881934075	7.557566453906439	2.994947653523621	7.597117794486216	3.187896173599223	7.59456985967053	3.1504864417304907	7.628375039309942	3.2578685808945336	7.7146951498766425	3.0146341463414634	7.743717042934152	3.206709422792304	7.7944199706314246	3.5104686723998224	7.820041624230615	3.7218901224025047	7.907288716649277	3.963209614091412	7.957523723452327	4.203419799473568	8.028201394742892	4.564089062735068	8.107642424147492	4.989150154743695	8.213196339701396	5.444096844396083	8.302546510093679	5.884468860875394	8.40152755046372	6.277720371989508	8.508449929953361	6.5994915069176905	8.62932899432354	6.944487397556827	8.729471110340976	7.284472126295018	8.735345573005691	7.644615289230579	8.765679350690418	7.952622673434856	8.830914868558477	4.532116074339745	4.557531454277078	7.272967265047519	5.2042478555298635	6.663289454740977	7.575757575757576	4.761904761904762	4.532288885212759	8.72909090909091	4.8334	0.07811471558546354	20.98482036590576	-2.8610256777054574e-06	19.830467224121094	-7.629401807214553e-06	17.92239452201114	-1.9073795561337035e-05	16.35801420902551	-1.9080218964592836e-05	15.023447759469214	-1.910128456138675e-05	13.785180525755953	-1.9148357645364757e-05	12.591644080414111	-1.923600364329909e-05	11.419269382411962	-1.9379281610030717e-05	10.307632978071787	-1.960065622997058e-06	9.280868069708026	-9.941257111726807e-07	8.364930109470022	0.0	7.563853340596024	0.0	6.87228662399377	0.0	6.279654948989117	0.0	5.7585707008918625	0.0	5.324531517193405	0.0	4.938867286517683	0.0	4.60344002081707	0.0	4.312345810846702	0.0	4.043264331967526	0.0	3.816178467152171	0.0	3.6145082738526173	0.0	3.435469533309215	0.0	3.264089590748145	0.0	3.1225892623172022	0.0	2.9951036625190492	0.0	2.875929578920408	0.0	2.7698254418344925	0.0	2.664730945078441	0.0
2	1	44	0	0	2780	5	3122	63	3441	123	3792	211	4139	317	4414	400	4665	496	4909	591	5075	696	5224	853	5345	954	5438	1134	5431	1368	5508	1664	5494	1947	5428	2345	5358	2739	5278	3156	5165	3553	5030	3951	4877	4311	4746	4644	4564	4933	4377	5147	4154	5307	3948	5427	3761	5421	3587	5524	3392	3852	3896	573.0	402.3570186521046	673.4057569503784	44	1	0.5970888137817383	4.761904761904762	9.503239740820735			7.6283511236725845	0.038508934072704865	7.855076110202541	0.13448894202032277	7.9189008814121	0.33078743545611017	8.039860065726705	0.9047251522167911	8.19555273944122	1.8077098540145986	8.193951994653698	2.51398403620137	8.206526519482804	3.050055343746157	8.257775833936112	3.393821063512117	8.200694837198029	3.6251888119172877	8.18295739348371	3.9466987461250174	8.152837095790117	3.9494928586214035	8.143522470311634	4.174489232468249	8.023460237261594	4.448780487804878	8.090362950015423	4.828927130793116	8.06754772393539	5.089264709726325	8.011926375297053	5.562671980263782	7.986287077060665	5.941560554458882	7.949992468745293	6.34129679117523	7.9163154264694615	6.681585677749361	7.878949264579189	7.027498132403685	7.829507144003853	7.329638193688792	7.827549808681884	7.593074017756414	7.780960174577197	7.841983944042603	7.761876895249243	8.028263480525963	7.680786938594383	8.20627802690583	7.601224513371455	8.36673655648742	7.562991413460958	8.40256680513361	7.561926847264679	8.654508992918467	7.537610275327215	5.4606540876936815	5.476910100513109	7.563357972544879	5.949082152381858	7.075702825856253	7.4074074074074066	4.761904761904762	4.56063198930494	8.72909090909091	4.8334	0.07811471558546354	20.98482036590576	-2.8610256777054574e-06	19.830467224121094	-7.629401807214553e-06	17.92239452201114	-1.9073795561337035e-05	16.35801420902551	-1.9080218964592836e-05	15.023447759469214	-1.910128456138675e-05	13.785180525755953	-1.9148357645364757e-05	12.591644080414111	-1.923600364329909e-05	11.419269382411962	-1.9379281610030717e-05	10.307632978071787	-1.960065622997058e-06	9.280868069708026	-9.941257111726807e-07	8.364930109470022	0.0	7.563853340596024	0.0	6.87228662399377	0.0	6.279654948989117	0.0	5.7585707008918625	0.0	5.324531517193405	0.0	4.938867286517683	0.0	4.60344002081707	0.0	4.312345810846702	0.0	4.043264331967526	0.0	3.816178467152171	0.0	3.6145082738526173	0.0	3.435469533309215	0.0	3.264089590748145	0.0	3.1225892623172022	0.0	2.9951036625190492	0.0	2.875929578920408	0.0	2.7698254418344925	0.0	2.664730945078441	0.0
3	1	40	0	0	2805	13	3157	75	3495	187	3814	224	4107	297	4351	406	4603	483	4789	594	4966	695	5042	846	5100	1017	5128	1215	5163	1531	5142	1832	5124	2177	5007	2518	4950	2912	4859	3316	4748	3719	4611	4088	4437	4387	4286	4661	4138	4883	3968	5031	3790	5097	3575	5135	3397	5144	3266	5141	3097	3940	3973	575.0	408.6927882273361	673.7825622558594	33	1	0.5939855575561523	4.761904761904762	8.639308855291576			7.696951403561727	0.10012322858903265	7.943137501572525	0.16010588335752712	8.043173083561548	0.5029044750430293	8.086504823491996	0.9604665123059772	8.132190166920777	1.6936587591240875	8.077001615029051	2.5516937967443907	8.097457999824083	2.9701143770753906	8.055915353171732	3.411048581601011	8.024561687000082	3.6199802073024636	7.897869674185463	3.9143108314440385	7.7791336180597925	4.2103084247567795	7.679290773769412	4.47266703478741	7.627531799849311	4.978861788617886	7.552768026321588	5.316463043036652	7.524229074889869	5.69046187625794	7.390514989151131	5.973052471771515	7.378148755403189	6.316839844682097	7.3188733242958275	6.6627820530852535	7.277185991263699	6.993756581916655	7.222631224448238	7.271174984881363	7.123133729330551	7.458854733405876	7.06887452170471	7.620869508346822	7.054691762138571	7.762499006438279	7.036583852033126	7.847327291728408	7.007747351293382	7.881552497293953	6.883074375709968	7.9165638875185005	6.831024150897866	7.973215946431893	6.885211341836197	8.054458858181363	6.88206928734917	5.585404232999249	5.585154986996556	7.589757127771911	6.042760184463619	7.0796620470795215	5.555555555555555	4.761904761904762	4.536928966761646	8.72909090909091	4.8334	0.07811471558546354	20.98482036590576	-2.8610256777054574e-06	19.830467224121094	-7.629401807214553e-06	17.92239452201114	-1.9073795561337035e-05	16.35801420902551	-1.9080218964592836e-05	15.023447759469214	-1.910128456138675e-05	13.785180525755953	-1.9148357645364757e-05	12.591644080414111	-1.923600364329909e-05	11.419269382411962	-1.9379281610030717e-05	10.307632978071787	-1.960065622997058e-06	9.280868069708026	-9.941257111726807e-07	8.364930109470022	0.0	7.563853340596024	0.0	6.87228662399377	0.0	6.279654948989117	0.0	5.7585707008918625	0.0	5.324531517193405	0.0	4.938867286517683	0.0	4.60344002081707	0.0	4.312345810846702	0.0	4.043264331967526	0.0	3.816178467152171	0.0	3.6145082738526173	0.0	3.435469533309215	0.0	3.264089590748145	0.0	3.1225892623172022	0.0	2.9951036625190492	0.0	2.875929578920408	0.0	2.7698254418344925	0.0	2.664730945078441	0.0
4	1	37	0	0	2714	20	2995	117	3270	180	3444	267	3666	346	3860	373	4029	517	4149	657	4269	790	4384	1002	4429	1230	4442	1487	4406	1809	4367	2131	4270	2463	4234	2751	4139	3102	4067	3393	3976	3605	3826	3838	3732	4047	3591	4184	3443	4323	3282	4412	3124	4443	3015	4407	2882	4366	2744	4287	2585	4024	4061	558.0	399.2640757473789	651.3313264846802	37	1	0.595881462097168	4.761904761904762	7.991360691144708			7.447246384765249	0.15403573629081946	7.535539061517172	0.24976517803774229	7.52537224127218	0.48407917383821	7.302024806530266	1.1448417802932853	7.258974714373403	1.9730839416058392	7.165531196049677	2.344290113757778	7.087694608144955	3.1791907514450863	6.979326122428381	3.7728264614677847	6.898279066009534	4.114797645710714	6.867167919799498	4.636098644334428	6.7556436851738875	5.092113434071621	6.651990954969525	5.473955457390025	6.509181698651184	5.882926829268293	6.414418119592838	6.18416088685104	6.270190895741557	6.438037483336383	6.249538738579167	6.525761457443781	6.169324787598748	6.7289962905919865	6.125922578701612	6.817496835379452	6.093953559659744	6.779374153753573	5.993013893892639	6.826509195688521	5.9913308717290095	6.8807807399347105	5.922615120728328	6.840960742957113	5.869817239498091	6.87226770526985	5.820077671968931	6.881814353231115	5.776306787715178	6.870264419359827	5.804886501472882	6.794215589541194	5.79541112831547	6.7673135346270685	5.784758090017919	6.716488061665727	5.744316792960157	5.704483917154563	5.708863428691924	7.365364308342133	5.9033511955950715	6.8437592934269365	6.228956228956229	4.761904761904762	4.551410100386743	8.72909090909091	4.8334	0.07811471558546354	20.98482036590576	-2.8610256777054574e-06	19.830467224121094	-7.629401807214553e-06	17.92239452201114	-1.9073795561337035e-05	16.35801420902551	-1.9080218964592836e-05	15.023447759469214	-1.910128456138675e-05	13.785180525755953	-1.9148357645364757e-05	12.591644080414111	-1.923600364329909e-05	11.419269382411962	-1.9379281610030717e-05	10.307632978071787	-1.960065622997058e-06	9.280868069708026	-9.941257111726807e-07	8.364930109470022	0.0	7.563853340596024	0.0	6.87228662399377	0.0	6.279654948989117	0.0	5.7585707008918625	0.0	5.324531517193405	0.0	4.938867286517683	0.0	4.60344002081707	0.0	4.312345810846702	0.0	4.043264331967526	0.0	3.816178467152171	0.0	3.6145082738526173	0.0	3.435469533309215	0.0	3.264089590748145	0.0	3.1225892623172022	0.0	2.9951036625190492	0.0	2.875929578920408	0.0	2.7698254418344925	0.0	2.664730945078441	0.0
5	1	26	0	0	2326	47	2518	160	2716	224	2895	279	3141	398	3306	555	3423	697	3536	845	3627	1008	3671	1209	3768	1447	3791	1629	3775	1900	3760	2129	3732	2326	3673	2573	3598	2824	3540	3073	3430	3268	3302	3422	3204	3553	3072	3639	2981	3733	2837	3795	2699	3782	2584	3763	2471	3737	2348	3633	2211	4068	4095	526.0	386.34916139893124	617.1188688278198	27	1	0.6009330749511719	4.761904761904762	5.615550755939525			6.382570040885767	0.36198398028342577	6.335388099131967	0.34155921782939114	6.250431500701908	0.6024096385542169	6.138026078660023	1.196295343452534	6.219432508959864	2.2696167883211675	6.137110397445655	3.4881528502294015	6.021637786964553	4.286065674578773	5.948155499857015	4.8524175950384745	5.860870970348227	5.250273451742278	5.75031328320802	5.593855549900523	5.747406955460646	5.990478161871248	5.6771043922308575	5.996686913307565	5.576977056833459	6.178861788617886	5.522833095871095	6.17835688789576	5.4801762114537445	6.079933084141464	5.421482235900161	6.103520258089003	5.362945297361753	6.125946332892253	5.332128332580208	6.174526311559404	5.257107824354357	6.145629607341658	5.172224745852978	6.08658532247163	5.1436827741210465	6.040873231773667	5.066631481725822	5.949870015205768	5.082174031642117	5.934345441538828	5.030944654288804	5.919421004195848	4.990477599245604	5.848152157105304	4.9750669054082675	5.801369018253577	4.968931609322528	5.792361584723169	4.949931485190261	5.691859372062417	4.913224150574432	5.766858989807346	5.756659872074224	6.942977824709609	5.712396687811717	6.484277389948091	4.545454545454546	4.761904761904762	4.589994891539733	8.72909090909091	4.8334	0.07811471558546354	20.98482036590576	-2.8610256777054574e-06	19.830467224121094	-7.629401807214553e-06	17.92239452201114	-1.9073795561337035e-05	16.35801420902551	-1.9080218964592836e-05	15.023447759469214	-1.910128456138675e-05	13.785180525755953	-1.9148357645364757e-05	12.591644080414111	-1.923600364329909e-05	11.419269382411962	-1.9379281610030717e-05	10.307632978071787	-1.960065622997058e-06	9.280868069708026	-9.941257111726807e-07	8.364930109470022	0.0	7.563853340596024	0.0	6.87228662399377	0.0	6.279654948989117	0.0	5.7585707008918625	0.0	5.324531517193405	0.0	4.938867286517683	0.0	4.60344002081707	0.0	4.312345810846702	0.0	4.043264331967526	0.0	3.816178467152171	0.0	3.6145082738526173	0.0	3.435469533309215	0.0	3.264089590748145	0.0	3.1225892623172022	0.0	2.9951036625190492	0.0	2.875929578920408	0.0	2.7698254418344925	0.0	2.664730945078441	0.0
6	1	29	0	0	2080	45	2265	175	2456	272	2666	412	2762	494	2908	690	3054	778	3137	870	3228	1017	3293	1137	3410	1290	3485	1443	3522	1633	3452	1925	3454	2113	3415	2347	3342	2558	3319	2744	3229	2900	3151	3066	3090	3165	3010	3284	2912	3383	2765	3480	2648	3518	2540	3463	2420	3442	2279	3380	2171	3892	3924	496.0	375.847364586103	585.6639060974121	32	1	0.6014652252197266	4.761904761904762	6.263498920086392			5.70754328677661	0.3465804066543438	5.698830041514656	0.3735803945008966	5.6520838607230806	0.7314974182444062	5.652496554648574	1.7665723351342082	5.468982040670851	2.8170620437956204	5.3982810150550415	4.336622462447363	5.372504178027971	4.784159389988931	5.2769694013154576	4.995980245779258	5.216126686596105	5.297150893275691	5.158208020050125	5.260722713181881	5.201342281879195	5.340509211343407	5.2188627820956315	5.311982330204307	5.203208793156938	5.310569105691057	5.07043081035825	5.586348994457182	5.071953010279001	5.523172229918708	5.040664806860618	5.5674162634026	4.981368311223729	5.548927308618408	4.999246874529296	5.513472241756917	4.949038240478198	5.453588084850308	4.935699628765214	5.453381238661023	4.960667843955691	5.381188792165397	4.964375247394115	5.3694347705237	4.964539007092199	5.37795087830856	4.903264705360785	5.428085663926628	4.896178096629255	5.439925777021803	4.890352143861068	5.338862851504687	4.866375756600776	5.335110670221341	4.804469273743017	5.295481606818324	4.82433723695029	5.517358699196212	5.51627187741618	6.546990496304119	5.557121523987232	6.153769421488373	5.387205387205387	4.761904761904762	4.594059515565288	8.72909090909091	4.8334	0.07811471558546354	20.98482036590576	-2.8610256777054574e-06	19.830467224121094	-7.629401807214553e-06	17.92239452201114	-1.9073795561337035e-05	16.35801420902551	-1.9080218964592836e-05	15.023447759469214	-1.910128456138675e-05	13.785180525755953	-1.9148357645364757e-05	12.591644080414111	-1.923600364329909e-05	11.419269382411962	-1.9379281610030717e-05	10.307632978071787	-1.960065622997058e-06	9.280868069708026	-9.941257111726807e-07	8.364930109470022	0.0	7.563853340596024	0.0	6.87228662399377	0.0	6.279654948989117	0.0	5.7585707008918625	0.0	5.324531517193405	0.0	4.938867286517683	0.0	4.60344002081707	0.0	4.312345810846702	0.0	4.043264331967526	0.0	3.816178467152171	0.0	3.6145082738526173	0.0	3.435469533309215	0.0	3.264089590748145	0.0	3.1225892623172022	0.0	2.9951036625190492	0.0	2.875929578920408	0.0	2.7698254418344925	0.0	2.664730945078441	0.0
7	1	29	0	0	1851	84	2018	365	2191	504	2411	586	2629	645	2798	647	2907	797	3025	919	3098	989	3175	981	3216	1223	3266	1441	3325	1571	3339	1781	3315	1998	3302	2185	3237	2439	3208	2680	3130	2858	3073	2994	2991	3081	2906	3173	2808	3206	2726	3280	2603	3358	2497	3330	2374	3285	2236	3241	2130	3833	3867	469.0	369.4644925357488	557.6416826248169	34	1	0.6005020141601562	4.761904761904762	6.263498920086392			5.079164722992069	0.6469500924214419	5.077368222417914	0.7791819656732986	5.042229535360044	1.355421686746988	5.111841407823598	2.5126490009433153	5.205631348632755	3.678147810218978	5.194081939519946	4.066369178555716	5.113906236256486	4.90099618743082	5.0885662859353715	5.277363041231193	5.0060596267269935	5.151309964060628	4.973370927318296	4.538934900291491	4.905430140329469	5.063133926723245	4.890905551312578	5.304619915332228	4.912171844760596	5.108943089430895	4.904452049764251	5.168461069677008	4.867841409691629	5.222573646652901	4.873872677087484	5.183129329158364	4.8248621255030555	5.290787218811688	4.832053020033138	5.384878136992907	4.797302475285462	5.374605085000752	4.8135210914616	5.325317491373484	4.801733825654198	5.238370511425463	4.792848660773189	5.187946567256912	4.787234042553192	5.096574199189254	4.834104733024773	5.116126717723947	4.812972653144241	5.192515849698469	4.807562717803577	5.133818450912679	4.773874399243902	5.091760183520367	4.713818910087488	5.077708842514257	4.7332281504855445	5.4337193972299795	5.436142545863499	6.190601900739176	5.462747054460376	5.859330409398924	5.723905723905724	4.761904761904762	4.586702400393584	8.72909090909091	4.8334	0.07811471558546354	20.98482036590576	-2.8610256777054574e-06	19.830467224121094	-7.629401807214553e-06	17.92239452201114	-1.9073795561337035e-05	16.35801420902551	-1.9080218964592836e-05	15.023447759469214	-1.910128456138675e-05	13.785180525755953	-1.9148357645364757e-05	12.591644080414111	-1.923600364329909e-05	11.419269382411962	-1.9379281610030717e-05	10.307632978071787	-1.960065622997058e-06	9.280868069708026	-9.941257111726807e-07	8.364930109470022	0.0	7.563853340596024	0.0	6.87228662399377	0.0	6.279654948989117	0.0	5.7585707008918625	0.0	5.324531517193405	0.0	4.938867286517683	0.0	4.60344002081707	0.0	4.312345810846702	0.0	4.043264331967526	0.0	3.816178467152171	0.0	3.6145082738526173	0.0	3.435469533309215	0.0	3.264089590748145	0.0	3.1225892623172022	0.0	2.9951036625190492	0.0	2.875929578920408	0.0	2.7698254418344925	0.0	2.664730945078441	0.0
8	1	33	0	0	1683	64	1840	534	2049	755	2246	664	2419	646	2609	686	2737	724	2829	781	2975	873	3075	981	3156	1062	3240	1170	3294	1339	3309	1532	3339	1738	3335	1878	3349	2147	3314	2365	3301	2577	3249	2742	3168	2853	3109	3014	3010	3115	2887	3215	2801	3307	2687	3295	2593	3322	2487	3309	2385	3493	3523	441.0	363.6156434262877	529.3004150390625	30	1	0.5989208221435547	4.761904761904762	7.127429805615551			4.618170842137036	0.49291435613062234	4.629513146307711	1.1399538895055932	4.71543967044853	2.0304432013769365	4.762005724583908	2.8470971614784326	4.789814466467338	3.6838503649635035	4.843230800646012	4.31148262208535	4.814847392030961	4.452096913048825	4.758860834020219	4.48489720914207	4.807303870081602	4.54711182874108	4.81672932330827	4.538934900291491	4.813910921293472	4.396605257710619	4.851969989667101	4.307012700165655	4.866374152373354	4.354471544715447	4.8603868920844295	4.4458631997446245	4.903083700440529	4.54295945839977	4.922581883127426	4.454881867349844	4.9918020569384405	4.657367838781752	4.991715619822262	4.751954027607547	5.059391524254732	4.846171205054912	5.089205996146677	4.877094375867099	5.085888585647776	4.850720892274211	5.12765536350442	4.927976978793676	5.131614839061648	4.951911612749384	5.119611285488819	5.0147400602080765	5.179076604478302	5.113653935364156	5.173376460848303	5.079859398125308	5.214261296225542	5.149110298220597	5.242964056076736	5.1842451588644485	5.299882224839448	4.9517301994584715	4.952555001054333	5.821013727560718	5.376268424199039	5.561539092536678	5.05050505050505	4.761904761904762	4.574625076676073	8.72909090909091	4.8334	0.07811471558546354	20.98482036590576	-2.8610256777054574e-06	19.830467224121094	-7.629401807214553e-06	17.92239452201114	-1.9073795561337035e-05	16.35801420902551	-1.9080218964592836e-05	15.023447759469214	-1.910128456138675e-05	13.785180525755953	-1.9148357645364757e-05	12.591644080414111	-1.923600364329909e-05	11.419269382411962	-1.9379281610030717e-05	10.307632978071787	-1.960065622997058e-06	9.280868069708026	-9.941257111726807e-07	8.364930109470022	0.0	7.563853340596024	0.0	6.87228662399377	0.0	6.279654948989117	0.0	5.7585707008918625	0.0	5.324531517193405	0.0	4.938867286517683	0.0	4.60344002081707	0.0	4.312345810846702	0.0	4.043264331967526	0.0	3.816178467152171	0.0	3.6145082738526173	0.0	3.435469533309215	0.0	3.264089590748145	0.0	3.1225892623172022	0.0	2.9951036625190492	0.0	2.875929578920408	0.0	2.7698254418344925	0.0	2.664730945078441	0.0
9	1	28	0	0	1645	182	1823	876	2019	1029	2247	774	2403	655	2601	634	2737	749	2889	829	3013	861	3148	967	3267	1105	3326	1326	3352	1581	3341	1741	3338	1969	3334	2233	3272	2447	3222	2617	3182	2791	3114	2982	3015	3099	2927	3271	2837	3328	2722	3363	2587	3325	2443	3346	2342	3272	2215	3237	2077	3643	3674	413.0	355.11953678757686	499.27075481414795	31	1	0.5967473983764648	4.761904761904762	6.047516198704104			4.5138984167055405	1.401725200246457	4.586740470499434	1.8700367176159167	4.6463995581432815	2.7673192771084336	4.764125940845966	3.3187548237715463	4.758133180207117	3.7351733576642334	4.828379958788913	3.9846646973791713	4.814847392030961	4.605829541261838	4.859791074402409	4.760537498564373	4.868708087581805	4.484608573363196	4.931077694235589	4.474159070929533	4.983221476510067	4.574622231422066	4.980756847417524	4.881281060187741	4.952060157484968	5.1414634146341465	4.907389726942906	5.052381090571403	4.901615271659324	5.146770525655436	4.921105846580762	5.296992124489989	4.877030854076613	5.308141174428947	4.853140533212833	5.258293315115836	4.877002069124071	5.248608394764555	4.877743143121192	5.303973533492227	4.840263284636379	5.268974428726877	4.827483836917799	5.348179395366328	4.836674849972723	5.290517446943804	4.827011402528773	5.2455896803980595	4.783388495460681	5.141487552188032	4.7035946013592875	5.1584854464726195	4.709525628908685	5.071610143220286	4.669547802255718	5.071442000376011	4.615452989933557	5.1643724925929595	5.164827440781612	5.45142555438226	5.250648554217871	5.24600726121527	5.218855218855219	4.761904761904762	4.558024219768831	8.72909090909091	4.8334	0.07811471558546354	20.98482036590576	-2.8610256777054574e-06	19.830467224121094	-7.629401807214553e-06	17.92239452201114	-1.9073795561337035e-05	16.35801420902551	-1.9080218964592836e-05	15.023447759469214	-1.910128456138675e-05	13.785180525755953	-1.9148357645364757e-05	12.591644080414111	-1.923600364329909e-05	11.419269382411962	-1.9379281610030717e-05	10.307632978071787	-1.960065622997058e-06	9.280868069708026	-9.941257111726807e-07	8.364930109470022	0.0	7.563853340596024	0.0	6.87228662399377	0.0	6.279654948989117	0.0	5.7585707008918625	0.0	5.324531517193405	0.0	4.938867286517683	0.0	4.60344002081707	0.0	4.312345810846702	0.0	4.043264331967526	0.0	3.816178467152171	0.0	3.6145082738526173	0.0	3.435469533309215	0.0	3.264089590748145	0.0	3.1225892623172022	0.0	2.9951036625190492	0.0	2.875929578920408	0.0	2.7698254418344925	0.0	2.664730945078441	0.0
10	1	23	0	0	1591	314	1800	1133	1977	1021	2212	730	2412	659	2619	683	2748	749	2919	841	3094	908	3183	1088	3218	1251	3309	1443	3371	1728	3362	1917	3338	2154	3294	2401	3222	2621	3138	2773	3069	3008	2946	3125	2834	3223	2723	3308	2583	3365	2470	3359	2390	3323	2279	3273	2164	3146	2033	3071	1892	3738	3767	391.0	349.08027692184777	478.35128021240234	29	1	0.5972661972045898	4.761904761904762	4.967602591792657			4.365721812144994	2.4183610597658656	4.5288715561705875	2.418666211254376	4.549743400915932	2.745804647160069	4.689918371673911	3.1300917588543005	4.7759539037284915	3.7579835766423355	4.861794352967384	4.29262774181384	4.834198258422025	4.605829541261838	4.9102561945935035	4.82944757091995	4.999596024884867	4.72941299025991	4.985902255639098	5.034007310415028	4.908480780964002	5.179051956116746	4.955298980187789	5.311982330204307	4.9801297108836	5.619512195121952	4.9382353373187815	5.5631329986360605	4.901615271659324	5.630342159604778	4.862064384714166	5.695511908150679	4.80250409897153	5.685589709104319	4.7266154541346594	5.571741445478109	4.703808720974787	5.656687227320596	4.614589370467255	5.558322364910533	4.549686948145769	5.4798014145810665	4.491027840084444	5.4086754631219245	4.403641571194763	5.349336300771004	4.380131581280701	5.239350501474006	4.419133553981842	5.138394928096489	4.387839581046998	5.04594227923039	4.351585593919041	4.876309752619505	4.2858648677137134	4.811368051638779	4.204351014421902	5.29904594491147	5.295564771209672	5.1610348468849	5.161354590361682	5.026199242012509	4.882154882154882	4.761904761904762	4.561986863980125	8.72909090909091	4.8334	0.07811471558546354	20.98482036590576	-2.8610256777054574e-06	19.830467224121094	-7.629401807214553e-06	17.92239452201114	-1.9073795561337035e-05	16.35801420902551	-1.9080218964592836e-05	15.023447759469214	-1.910128456138675e-05	13.785180525755953	-1.9148357645364757e-05	12.591644080414111	-1.923600364329909e-05	11.419269382411962	-1.9379281610030717e-05	10.307632978071787	-1.960065622997058e-06	9.280868069708026	-9.941257111726807e-07	8.364930109470022	0.0	7.563853340596024	0.0	6.87228662399377	0.0	6.279654948989117	0.0	5.7585707008918625	0.0	5.324531517193405	0.0	4.938867286517683	0.0	4.60344002081707	0.0	4.312345810846702	0.0	4.043264331967526	0.0	3.816178467152171	0.0	3.6145082738526173	0.0	3.435469533309215	0.0	3.264089590748145	0.0	3.1225892623172022	0.0	2.9951036625190492	0.0	2.875929578920408	0.0	2.7698254418344925	0.0	2.664730945078441	0.0
11	1	17	0	0	1502	386	1709	1488	1910	1274	2053	883	2231	748	2425	730	2584	685	2766	764	2919	927	3022	1104	3115	1179	3173	1369	3280	1580	3249	1828	3197	2015	3210	2222	3156	2446	3120	2628	3040	2793	2945	2946	2875	3113	2781	3151	2685	3261	2576	3258	2463	3190	2368	3205	2268	3129	2168	3060	2065	3515	3539	361.0	340.9270989285407	450.1088171005249	24	1	0.6006908416748047	4.761904761904762	3.6717062634989204			4.121504815739648	2.972889710412816	4.29991193860863	3.176500725813338	4.395553816767542	3.4262048192771086	4.352803986006572	3.7861246891347227	4.417559352909728	4.265510948905109	4.501661437932762	4.588020866067501	4.545694432227989	4.212274013036526	4.652884081618921	4.387274606638337	4.716813444291831	4.82837647794156	4.733709273182957	5.108036829685838	4.75137278828554	4.880977023390602	4.7516360423499115	5.039572979937419	4.84569132355331	5.138211382113822	4.772256576724784	5.304855045126092	4.694566813509544	5.267009958961759	4.738077314794315	5.270898567226492	4.7041287822328215	5.305971929976789	4.699502937189336	5.28039542687215	4.659360870564795	5.252369489995487	4.613022978963363	5.239941659848458	4.615508107240328	5.292777475516866	4.5866868980076525	5.151975932375207	4.57753682487725	5.18400763055401	4.5681048394247314	5.081811233641653	4.5541112734130875	4.932735426008969	4.5591944396311055	4.941107548100641	4.560719097508496	4.8499596999194	4.570464846632234	4.794134235758602	4.588786915846314	4.982917735784863	4.975047444998946	4.765047518479409	5.04080511952689	4.729446097289129	4.040404040404041	4.761904761904762	4.588144686338136	8.72909090909091	4.8334	0.07811471558546354	20.98482036590576	-2.8610256777054574e-06	19.830467224121094	-7.629401807214553e-06	17.92239452201114	-1.9073795561337035e-05	16.35801420902551	-1.9080218964592836e-05	15.023447759469214	-1.910128456138675e-05	13.785180525755953	-1.9148357645364757e-05	12.591644080414111	-1.923600364329909e-05	11.419269382411962	-1.9379281610030717e-05	10.307632978071787	-1.960065622997058e-06	9.280868069708026	-9.941257111726807e-07	8.364930109470022	0.0	7.563853340596024	0.0	6.87228662399377	0.0	6.279654948989117	0.0	5.7585707008918625	0.0	5.324531517193405	0.0	4.938867286517683	0.0	4.60344002081707	0.0	4.312345810846702	0.0	4.043264331967526	0.0	3.816178467152171	0.0	3.6145082738526173	0.0	3.435469533309215	0.0	3.264089590748145	0.0	3.1225892623172022	0.0	2.9951036625190492	0.0	2.875929578920408	0.0	2.7698254418344925	0.0	2.664730945078441	0.0
12	1	22	0	0	1416	159	1566	1672	1663	1640	1846	1294	2003	937	2178	778	2359	754	2509	725	2674	833	2761	970	2885	1075	2928	1230	2984	1347	3059	1535	3050	1675	3038	1870	3051	2041	3034	2242	3007	2467	2994	2601	2973	2742	2898	2892	2830	2916	2776	3026	2708	3055	2642	3042	2544	3041	2487	3029	2399	3069	3092	323.0	329.2200208365074	416.587308883667	23	1	0.6057119369506836	4.761904761904762	4.751619870410368			3.8855198529209996	1.2245841035120149	3.940118253868411	3.5692938263171374	3.8271235587876555	4.410499139414802	3.913919219760416	5.548409227338993	3.9661010237015626	5.343293795620438	4.043141695594869	4.889698950411665	4.149881256047146	4.636576066904439	4.220566218648544	4.163316871482715	4.320917831461582	4.338767644148132	4.324874686716792	4.488039605792809	4.400549115314216	4.450424342786173	4.38474324992138	4.527885146327995	4.408397228500938	4.380487804878048	4.493177244752574	4.454569198177545	4.47870778267254	4.378283712784588	4.484199028767953	4.435904734794573	4.547622596512148	4.427427926853078	4.569965356228348	4.504812232514216	4.608782282167216	4.639310967353694	4.689776162654094	4.626302870762335	4.772836731417563	4.6619967355821545	4.779654307956195	4.728503458086035	4.824740861974904	4.635561561084175	4.922771364224788	4.719938856046544	5.007118687942607	4.723983299829905	5.0867363638113945	4.689812530833745	5.115727241649742	4.713559427118854	5.242964056076736	4.74556620918719	5.330992644607897	4.350661317531649	4.3466647922963375	4.263463569165786	4.8677091721337735	4.37722423406787	3.872053872053872	4.761904761904762	4.626496380772814	8.72909090909091	4.8334	0.07811471558546354	20.98482036590576	-2.8610256777054574e-06	19.830467224121094	-7.629401807214553e-06	17.92239452201114	-1.9073795561337035e-05	16.35801420902551	-1.9080218964592836e-05	15.023447759469214	-1.910128456138675e-05	13.785180525755953	-1.9148357645364757e-05	12.591644080414111	-1.923600364329909e-05	11.419269382411962	-1.9379281610030717e-05	10.307632978071787	-1.960065622997058e-06	9.280868069708026	-9.941257111726807e-07	8.364930109470022	0.0	7.563853340596024	0.0	6.87228662399377	0.0	6.279654948989117	0.0	5.7585707008918625	0.0	5.324531517193405	0.0	4.938867286517683	0.0	4.60344002081707	0.0	4.312345810846702	0.0	4.043264331967526	0.0	3.816178467152171	0.0	3.6145082738526173	0.0	3.435469533309215	0.0	3.264089590748145	0.0	3.1225892623172022	0.0	2.9951036625190492	0.0	2.875929578920408	0.0	2.7698254418344925	0.0	2.664730945078441	0.0
13	1	14	0	0	1348	909	1477	2297	1727	1629	1866	1146	2050	843	2195	753	2346	837	2453	937	2580	1036	2648	1219	2728	1350	2763	1495	2828	1755	2886	1928	2927	2075	2897	2274	2873	2435	2846	2573	2775	2643	2698	2735	2612	2762	2548	2866	2464	2905	2333	2889	2262	2891	2147	2852	2032	2774	1918	2694	1785	3439	3460	286.0	317.4448318117426	385.61127185821533	21	1	0.6129741668701172	4.761904761904762	3.023758099352052			3.698927091622534	7.000924214417744	3.7161907158133096	4.903509520963198	3.9744091317055212	4.3809165232358005	3.9563235450015903	4.913815281708258	4.059164802090965	4.807253649635037	4.074699734541202	4.732574948149079	4.127012050312253	5.146968392571639	4.126364660958501	5.380728149764558	4.169023188171608	5.396114380957342	4.147869674185464	5.6401239994447785	4.1610738255033555	5.588904988615194	4.137652185632778	5.503405116878336	4.177931421649013	5.707317073170732	4.23906816879893	5.595054992890101	4.298091042584435	5.423844002404789	4.276077875688202	5.394249928835753	4.282307348338053	5.282110241003059	4.286790179243862	5.169884868090578	4.253199478887272	4.970287347675644	4.226124277501919	4.864643733769699	4.193289452560603	4.6960010881392815	4.202401372212693	4.685992707771292	4.20076377523186	4.6180748748112235	4.1371850117926625	4.506246977897709	4.182460292513359	4.470388124323488	4.133695296405398	4.396891958559448	4.086146916286271	4.299708599417198	4.043427848634974	4.220718180109043	3.9665785204773227	4.875178973930055	4.863991003022422	3.7750791974656814	4.693606165051099	4.05174850052589	3.535353535353535	4.761904761904762	4.681966115458486	8.72909090909091	4.8334	0.07811471558546354	20.98482036590576	-2.8610256777054574e-06	19.830467224121094	-7.629401807214553e-06	17.92239452201114	-1.9073795561337035e-05	16.35801420902551	-1.9080218964592836e-05	15.023447759469214	-1.910128456138675e-05	13.785180525755953	-1.9148357645364757e-05	12.591644080414111	-1.923600364329909e-05	11.419269382411962	-1.9379281610030717e-05	10.307632978071787	-1.960065622997058e-06	9.280868069708026	-9.941257111726807e-07	8.364930109470022	0.0	7.563853340596024	0.0	6.87228662399377	0.0	6.279654948989117	0.0	5.7585707008918625	0.0	5.324531517193405	0.0	4.938867286517683	0.0	4.60344002081707	0.0	4.312345810846702	0.0	4.043264331967526	0.0	3.816178467152171	0.0	3.6145082738526173	0.0	3.435469533309215	0.0	3.264089590748145	0.0	3.1225892623172022	0.0	2.9951036625190492	0.0	2.875929578920408	0.0	2.7698254418344925	0.0	2.664730945078441	0.0
14	1	11	0	0	1275	1691	1411	2693	1595	1638	1758	1132	1884	903	2085	896	2264	977	2363	1057	2459	1204	2583	1350	2646	1504	2701	1736	2702	1877	2729	2072	2725	2267	2699	2369	2623	2505	2563	2594	2475	2709	2393	2711	2291	2723	2184	2731	2094	2701	1926	2618	1811	2557	1717	2457	1610	2378	1485	2235	1365	3664	3685	246.0	304.77729969913656	353.26677989959717	21	1	0.6250162124633789	4.761904761904762	2.375809935205184			3.4986142743462394	13.023721503388785	3.550132092087055	5.74886858509094	3.6706326375624236	4.405120481927711	3.727340188699247	4.853786124689135	3.73047145714116	5.149406934306569	3.8705006590061077	5.631324241091069	3.982760137215234	6.007871110564507	3.974969300385217	6.069828873320317	3.9734992324472813	6.271159956247721	4.046052631578948	6.246240688474529	4.035997559487493	6.226454150279445	4.0448058463243335	6.39057610896374	3.991785962268611	6.104065040650407	4.008460510274526	6.012942917670275	4.001468428781204	5.925712941422485	3.9838226394485523	5.619603377929595	3.90967357281264	5.433957352654071	3.8605211628257265	5.212079808716269	3.7933941298183766	5.094403490296375	3.7483748688147114	4.8219558180071855	3.6779579386739445	4.629692600652883	3.6020583190394513	4.46526381190628	3.5699672667757776	4.293776329385581	3.415438633824546	4.0835426057930775	3.3485568478079983	3.9539199010360293	3.3058010358304935	3.787925505673409	3.237547507490599	3.6859073718147437	3.1305997681037208	3.501598044745253	3.0332659274238347	5.194142413631789	5.180290995993533	3.2470960929250268	4.506309347269009	3.7118939465807217	3.535353535353535	4.761904761904762	4.773944623649687	8.72909090909091	4.8334	0.07811471558546354	20.98482036590576	-2.8610256777054574e-06	19.830467224121094	-7.629401807214553e-06	17.92239452201114	-1.9073795561337035e-05	16.35801420902551	-1.9080218964592836e-05	15.023447759469214	-1.910128456138675e-05	13.785180525755953	-1.9148357645364757e-05	12.591644080414111	-1.923600364329909e-05	11.419269382411962	-1.9379281610030717e-05	10.307632978071787	-1.960065622997058e-06	9.280868069708026	-9.941257111726807e-07	8.364930109470022	0.0	7.563853340596024	0.0	6.87228662399377	0.0	6.279654948989117	0.0	5.7585707008918625	0.0	5.324531517193405	0.0	4.938867286517683	0.0	4.60344002081707	0.0	4.312345810846702	0.0	4.043264331967526	0.0	3.816178467152171	0.0	3.6145082738526173	0.0	3.435469533309215	0.0	3.264089590748145	0.0	3.1225892623172022	0.0	2.9951036625190492	0.0	2.875929578920408	0.0	2.7698254418344925	0.0	2.664730945078441	0.0
15	1	11	0	0	1137	2113	1279	3474	1421	2153	1560	1377	1673	1073	1836	907	1962	987	2074	1054	2180	1164	2291	1331	2374	1475	2470	1625	2492	1818	2485	1915	2470	2062	2429	2190	2434	2303	2356	2380	2269	2474	2207	2490	2086	2483	2007	2456	1892	2439	1751	2386	1626	2282	1546	2226	1440	2080	1347	1998	1256	3514	3533	200.0	286.3172150343279	312.71728801727295	19	1	0.6427440643310547	4.761904761904762	2.375809935205184			3.119940729358176	16.273875539125076	3.218014844634545	7.416104517120655	3.2701999861919773	5.790124784853701	3.3075373688116185	5.904296372523797	3.31267449458448	6.118841240875912	3.408268206203939	5.700458802086607	3.451490896296948	6.069364161849711	3.4888219758776726	6.052601355231423	3.5226630039589564	6.062815771654774	3.5886591478696745	6.158330634340444	3.62111043319097	6.106396191264748	3.69887835632029	5.981962083563409	3.6815435299679415	5.912195121951219	3.6500638944786354	5.55732899968078	3.627019089574156	5.389863292992132	3.585292771849031	5.194990037005408	3.627962438515427	4.995769973318294	3.5487272179545117	4.782093270911612	3.4776611234577364	4.6524748006619525	3.4570260490907097	4.428871260360713	3.3488521432011558	4.221640369967355	3.3101332629634515	4.01563087588496	3.2255864702673214	3.877275256338924	3.105105424624497	3.7216702281979694	3.006490024591831	3.5286840884490487	2.9765686670902407	3.4317957572767637	2.8956946650847595	3.2240064480128963	2.839675345209234	3.1302876480541455	2.791049087798049	4.9815001204973	4.966612778519716	2.6399155227032733	4.233366276513663	3.2858266738592343	3.1986531986531985	4.761904761904762	4.909351964171286	8.72909090909091	4.8334	0.07811471558546354	20.98482036590576	-2.8610256777054574e-06	19.830467224121094	-7.629401807214553e-06	17.92239452201114	-1.9073795561337035e-05	16.35801420902551	-1.9080218964592836e-05	15.023447759469214	-1.910128456138675e-05	13.785180525755953	-1.9148357645364757e-05	12.591644080414111	-1.923600364329909e-05	11.419269382411962	-1.9379281610030717e-05	10.307632978071787	-1.960065622997058e-06	9.280868069708026	-9.941257111726807e-07	8.364930109470022	0.0	7.563853340596024	0.0	6.87228662399377	0.0	6.279654948989117	0.0	5.7585707008918625	0.0	5.324531517193405	0.0	4.938867286517683	0.0	4.60344002081707	0.0	4.312345810846702	0.0	4.043264331967526	0.0	3.816178467152171	0.0	3.6145082738526173	0.0	3.435469533309215	0.0	3.264089590748145	0.0	3.1225892623172022	0.0	2.9951036625190492	0.0	2.875929578920408	0.0	2.7698254418344925	0.0	2.664730945078441	0.0
16	1	14	0	0	1114	1399	1174	4340	1250	3400	1346	2011	1399	1189	1549	984	1679	975	1785	1009	1871	1101	1958	1156	2049	1251	2102	1326	2158	1411	2210	1560	2257	1686	2313	1814	2312	1911	2278	2012	2245	2073	2205	2154	2159	2214	2089	2257	2003	2315	1946	2295	1841	2276	1760	2248	1692	2189	1588	2108	1505	2993	3014	171.0	270.91610756986745	284.11907386779785	21	1	0.658717155456543	4.761904761904762	3.023758099352052			3.056828471860165	10.77479975354282	2.953830670524594	9.264793783622235	2.8766713460520563	9.143717728055076	2.8538110887310504	8.622759626104108	2.7701324673781755	6.780337591240876	2.8754942545805564	6.184400729055371	2.9536458791450433	5.995572500307465	3.002674651370128	5.794188583898014	3.023349761654682	5.734673680920881	3.067042606516291	5.3486327673159675	3.1253813300793167	5.179051956116746	3.1477904068766196	4.881281060187741	3.188110328118306	4.588617886178862	3.2461332824135956	4.527119185118546	3.3142437591776797	4.407036620749144	3.414072532435903	4.303064806907677	3.4461171560590254	4.145426148072627	3.4312396445247777	4.042677168518556	3.4408766955322245	3.8983752068602375	3.4538932660829245	3.831240439685532	3.4660459142719535	3.7642818280739934	3.445375379337644	3.690260133091349	3.4148254228041464	3.6801526110802	3.450905286304552	3.57972890767575	3.4040271434646745	3.519406216174424	3.3885904618879836	3.465712876171682	3.402441231474592	3.3929567859135723	3.3477390112785916	3.302625806855925	3.3443701251083304	4.242922555676841	4.2370141280663525	2.257127771911299	4.005651959883443	2.9853355322505446	3.535353535353535	4.761904761904762	5.031356243389978	8.72909090909091	4.8334	0.07811471558546354	20.98482036590576	-2.8610256777054574e-06	19.830467224121094	-7.629401807214553e-06	17.92239452201114	-1.9073795561337035e-05	16.35801420902551	-1.9080218964592836e-05	15.023447759469214	-1.910128456138675e-05	13.785180525755953	-1.9148357645364757e-05	12.591644080414111	-1.923600364329909e-05	11.419269382411962	-1.9379281610030717e-05	10.307632978071787	-1.960065622997058e-06	9.280868069708026	-9.941257111726807e-07	8.364930109470022	0.0	7.563853340596024	0.0	6.87228662399377	0.0	6.279654948989117	0.0	5.7585707008918625	0.0	5.324531517193405	0.0	4.938867286517683	0.0	4.60344002081707	0.0	4.312345810846702	0.0	4.043264331967526	0.0	3.816178467152171	0.0	3.6145082738526173	0.0	3.435469533309215	0.0	3.264089590748145	0.0	3.1225892623172022	0.0	2.9951036625190492	0.0	2.875929578920408	0.0	2.7698254418344925	0.0	2.664730945078441	0.0
17	1	9	0	0	1046	1852	1091	5205	1209	3595	1315	1831	1411	1273	1446	1152	1556	1056	1687	1023	1759	1048	1804	1157	1876	1307	1912	1399	1979	1433	2029	1556	2074	1680	2068	1763	2063	1828	2072	1917	2028	1955	1987	2003	1931	2070	1850	2071	1777	2054	1723	2072	1612	2013	1563	1976	1493	1919	1429	1827	1346	2999	3019	149.0	255.47944471042157	257.81297302246094	20	1	0.6729040145874023	4.761904761904762	1.9438444924406046			2.8702357105616993	14.263709180529883	2.7449993709900617	11.111348305012383	2.7823165259015488	9.668136833046471	2.7880843846072296	7.850956178715377	2.793893432073342	7.259352189781023	2.684289665670423	7.240274024259946	2.737268009499516	6.4936662157176235	2.8378219254125523	5.874583668312852	2.8423689100751397	5.458617636335226	2.825814536340852	5.353259612270392	2.8615009151921904	5.410888014903747	2.8632613025442892	5.15000920301859	2.9236655882048783	4.660162601626016	2.980273497745333	4.515511187207986	3.0455212922173276	4.391353216404841	3.0524435785030035	4.182085586867824	3.0749739156357134	3.9653788585435694	3.1209519505949688	3.8517952942594786	3.108284159705725	3.6764705882352944	3.1124199182343637	3.5626623030130555	3.1000160539412427	3.5194504896626766	3.051194088929938	3.3861447654551102	3.0295280960174575	3.2652412367856294	3.055452111152489	3.2318946826597617	2.9806038866187157	3.112726148136694	3.009299370415295	3.0463739516526886	3.0022723159524625	2.974455948911898	3.012543480552335	2.862380146644106	2.991044643452368	4.251428247402219	4.244043016799044	1.9667370644139388	3.777411936092858	2.7089284030160883	3.3670033670033668	4.761904761904762	5.139717080315004	8.72909090909091	4.8334	0.07811471558546354	20.98482036590576	-2.8610256777054574e-06	19.830467224121094	-7.629401807214553e-06	17.92239452201114	-1.9073795561337035e-05	16.35801420902551	-1.9080218964592836e-05	15.023447759469214	-1.910128456138675e-05	13.785180525755953	-1.9148357645364757e-05	12.591644080414111	-1.923600364329909e-05	11.419269382411962	-1.9379281610030717e-05	10.307632978071787	-1.960065622997058e-06	9.280868069708026	-9.941257111726807e-07	8.364930109470022	0.0	7.563853340596024	0.0	6.87228662399377	0.0	6.279654948989117	0.0	5.7585707008918625	0.0	5.324531517193405	0.0	4.938867286517683	0.0	4.60344002081707	0.0	4.312345810846702	0.0	4.043264331967526	0.0	3.816178467152171	0.0	3.6145082738526173	0.0	3.435469533309215	0.0	3.264089590748145	0.0	3.1225892623172022	0.0	2.9951036625190492	0.0	2.875929578920408	0.0	2.7698254418344925	0.0	2.664730945078441	0.0
18	1	4	0	0	1019	1651	1043	6215	1126	4637	1169	2322	1258	1601	1297	1233	1356	1087	1428	1020	1490	1032	1582	1128	1658	1170	1693	1258	1734	1320	1762	1361	1788	1459	1769	1530	1743	1636	1751	1680	1754	1716	1750	1763	1714	1791	1690	1767	1617	1750	1582	1749	1520	1733	1481	1739	1430	1710	1380	1630	1312	2743	2760	127.0	236.44802547518069	228.43759441375732	17	1	0.6924257278442383	4.761904761904762	0.8639308855291578			2.796147408281426	12.715650030807147	2.6242294628255127	13.267440867560412	2.5913055485236924	12.470417383821	2.4785328103466555	9.956264471314638	2.4909411322099677	9.129790145985401	2.4076927360819766	7.749355791590723	2.385434075116545	6.684294674701759	2.4021397210961024	5.857356150223958	2.4076916861921305	5.3752799624980465	2.4780701754385968	5.219081108592051	2.528981086028066	4.843717656799834	2.535304071761235	4.630958954537088	2.561716083854097	4.2926829268292686	2.588093594394912	3.9496212890681677	2.6255506607929515	3.81368115638968	2.6111086510502	3.6293766011955593	2.598002682963184	3.548883923729365	2.637445398403374	3.375595250055255	2.6883286075561346	3.2270197081390104	2.7411851318118448	3.135783145387926	2.7516455289773636	3.0450897714907508	2.7873070325900513	2.8890959925442683	2.7567512274959083	2.7819728161513395	2.805412211168449	2.728080984542434	2.8104949799382433	2.6797587753208596	2.8514218602591503	2.680994079921066	2.875585674355004	2.650505301010602	2.9092442289448717	2.553738171335464	2.9154907668718475	3.8885187337860248	3.8799465804456315	1.6763463569165786	3.4960213519639827	2.4002713306835193	2.861952861952862	4.761904761904762	5.288826137309846	8.72909090909091	4.8334	0.07811471558546354	20.98482036590576	-2.8610256777054574e-06	19.830467224121094	-7.629401807214553e-06	17.92239452201114	-1.9073795561337035e-05	16.35801420902551	-1.9080218964592836e-05	15.023447759469214	-1.910128456138675e-05	13.785180525755953	-1.9148357645364757e-05	12.591644080414111	-1.923600364329909e-05	11.419269382411962	-1.9379281610030717e-05	10.307632978071787	-1.960065622997058e-06	9.280868069708026	-9.941257111726807e-07	8.364930109470022	0.0	7.563853340596024	0.0	6.87228662399377	0.0	6.279654948989117	0.0	5.7585707008918625	0.0	5.324531517193405	0.0	4.938867286517683	0.0	4.60344002081707	0.0	4.312345810846702	0.0	4.043264331967526	0.0	3.816178467152171	0.0	3.6145082738526173	0.0	3.435469533309215	0.0	3.264089590748145	0.0	3.1225892623172022	0.0	2.9951036625190492	0.0	2.875929578920408	0.0	2.7698254418344925	0.0	2.664730945078441	0.0
19	1	3	0	0	1164	953	1075	7351	1037	6123	1083	3469	1068	2055	1134	1487	1226	1243	1257	1149	1274	1079	1311	1046	1333	1104	1359	1081	1363	1183	1389	1242	1421	1264	1444	1311	1449	1340	1489	1361	1492	1362	1504	1403	1496	1426	1476	1465	1433	1486	1377	1484	1358	1490	1317	1512	1286	1501	1241	1432	1209	2468	2485	109.0	213.15442503451965	197.20709228515625	17	1	0.7148923873901367	4.761904761904762	0.6479481641468683			3.194029031638449	7.339802834257547	2.704742734935212	15.69251131414909	2.386486548684786	16.466759896729776	2.2961942118096044	14.874367549952835	2.11472585786983	11.71875	2.1051068332436094	9.345735654578593	2.156742017767614	7.6435862747509535	2.1144885360068635	6.5981394280464	2.0586571867172982	5.62008437939476	2.0535714285714284	4.8396798223291535	2.033251982916412	4.57048230180087	2.035131856777034	3.979385238358182	2.0136211201229153	3.8471544715447155	2.040216800575785	3.604283351228997	2.0866372980910426	3.3039705151998326	2.131396773384109	3.1098775974950184	2.159785362945297	2.9067875658908	2.242807651754782	2.7346340091221446	2.2867652693693006	2.561305852264179	2.3558528218542945	2.495464408950233	2.4016696098892276	2.424510337323177	2.4343580947354533	2.395317277349945	2.4430578286961264	2.3622923456005087	2.4418790232483905	2.3147353808238837	2.5109553833921936	2.3040049481985467	2.5356668399468605	2.331031080414405	2.5860162078465283	2.3265546531093064	2.616211658058396	2.2435294854922603	2.6866069642896826	3.4986745297061286	3.493357700147607	1.4387539598732841	3.1516119438455945	2.0721218459434656	2.861952861952862	4.761904761904762	5.460429027621743	8.72909090909091	4.8334	0.07811471558546354	20.98482036590576	-2.8610256777054574e-06	19.830467224121094	-7.629401807214553e-06	17.92239452201114	-1.9073795561337035e-05	16.35801420902551	-1.9080218964592836e-05	15.023447759469214	-1.910128456138675e-05	13.785180525755953	-1.9148357645364757e-05	12.591644080414111	-1.923600364329909e-05	11.419269382411962	-1.9379281610030717e-05	10.307632978071787	-1.960065622997058e-06	9.280868069708026	-9.941257111726807e-07	8.364930109470022	0.0	7.563853340596024	0.0	6.87228662399377	0.0	6.279654948989117	0.0	5.7585707008918625	0.0	5.324531517193405	0.0	4.938867286517683	0.0	4.60344002081707	0.0	4.312345810846702	0.0	4.043264331967526	0.0	3.816178467152171	0.0	3.6145082738526173	0.0	3.435469533309215	0.0	3.264089590748145	0.0	3.1225892623172022	0.0	2.9951036625190492	0.0	2.875929578920408	0.0	2.7698254418344925	0.0	2.664730945078441	0.0
20	1	3	0	0	1180	1095	1080	8583	1076	6738	1083	3576	1052	2202	1036	1501	1068	1190	1082	1058	1098	1077	1126	1083	1150	1047	1208	1039	1245	1081	1282	1075	1294	1094	1318	1147	1324	1173	1326	1232	1325	1251	1317	1289	1293	1315	1295	1329	1286	1325	1255	1318	1209	1319	1172	1303	1146	1299	1098	1271	1039	2431	2447	99.0	198.18106918271863	178.68822288513184	16	1	0.727569580078125	4.761904761904762	0.6479481641468683			3.2379332107675	8.433456561922366	2.7173229337023526	18.322517291435403	2.47623869468161	18.120697074010327	2.2961942118096044	15.333161821456137	2.0830445716096073	12.557025547445255	1.923184020494162	9.433725095845642	1.8787932096050663	7.317673102939367	1.8201086682254781	6.075571379349949	1.7742587056637311	5.609667170165113	1.7637844611528821	5.0108730856429	1.7541183648566199	4.334506313392672	1.809006094912919	3.8247745260445427	1.8392944200682535	3.5154471544715444	1.8830510715177509	3.119649438463101	1.9001468428781205	2.859607392111248	1.945416168504332	2.7208463801119653	1.9734684751825906	2.544523742380529	1.9972887483054678	2.475436516707187	2.030806958387616	2.352565066947495	2.0629376106264	2.2926968090782966	2.075774602664954	2.235786180631121	2.1358358622509566	2.1729533526266738	2.192444080741953	2.1063508465145855	2.2255324431203563	2.0558094554756594	2.2354529149640365	2.0395855883717333	2.2564931939390442	2.008818450912679	2.304490337629954	2.013454026908054	2.3147464952039636	1.9912890894278372	2.3088375813870803	3.4462227640662877	3.4399381457791525	1.3067581837381204	2.9302221831857156	1.8775378003023602	2.6936026936026933	4.761904761904762	5.557258861262801	8.72909090909091	4.8334	0.07811471558546354	20.98482036590576	-2.8610256777054574e-06	19.830467224121094	-7.629401807214553e-06	17.92239452201114	-1.9073795561337035e-05	16.35801420902551	-1.9080218964592836e-05	15.023447759469214	-1.910128456138675e-05	13.785180525755953	-1.9148357645364757e-05	12.591644080414111	-1.923600364329909e-05	11.419269382411962	-1.9379281610030717e-05	10.307632978071787	-1.960065622997058e-06	9.280868069708026	-9.941257111726807e-07	8.364930109470022	0.0	7.563853340596024	0.0	6.87228662399377	0.0	6.279654948989117	0.0	5.7585707008918625	0.0	5.324531517193405	0.0	4.938867286517683	0.0	4.60344002081707	0.0	4.312345810846702	0.0	4.043264331967526	0.0	3.816178467152171	0.0	3.6145082738526173	0.0	3.435469533309215	0.0	3.264089590748145	0.0	3.1225892623172022	0.0	2.9951036625190492	0.0	2.875929578920408	0.0	2.7698254418344925	0.0	2.664730945078441	0.0
