	counts(inten<0.01	MicrocoloniesPlatonic	MicrocoloniesAggregates	MicrocoloniesLarge	counts(Norminten<0.01	counts(inten<0.02	counts(Norminten<0.02	counts(inten<0.03	counts(Norminten<0.03	counts(inten<0.04	counts(Norminten<0.04	counts(inten<0.05	counts(Norminten<0.05	counts(inten<0.060000000000000005	counts(Norminten<0.060000000000000005	counts(inten<0.06999999999999999	counts(Norminten<0.06999999999999999	counts(inten<0.08	counts(Norminten<0.08	counts(inten<0.09	counts(Norminten<0.09	counts(inten<0.09999999999999999	counts(Norminten<0.09999999999999999	counts(inten<0.11	counts(Norminten<0.11	counts(inten<0.12	counts(Norminten<0.12	counts(inten<0.13	counts(Norminten<0.13	counts(inten<0.14	counts(Norminten<0.14	counts(inten<0.15000000000000002	counts(Norminten<0.15000000000000002	counts(inten<0.16	counts(Norminten<0.16	counts(inten<0.17	counts(Norminten<0.17	counts(inten<0.18000000000000002	counts(Norminten<0.18000000000000002	counts(inten<0.19	counts(Norminten<0.19	counts(inten<0.2	counts(Norminten<0.2	counts(inten<0.21000000000000002	counts(Norminten<0.21000000000000002	counts(inten<0.22	counts(Norminten<0.22	counts(inten<0.23	counts(Norminten<0.23	counts(inten<0.24000000000000002	counts(Norminten<0.24000000000000002	counts(inten<0.25	counts(Norminten<0.25	counts(inten<0.26	counts(Norminten<0.26	counts(inten<0.27	counts(Norminten<0.27	counts(inten<0.28	counts(Norminten<0.28	counts(inten<0.29000000000000004	counts(Norminten<0.29000000000000004	diff	max	med	std	mean	min	eigenLocal	minProp	counts(inten<0.01Normalized	MicrocoloniesPlatonicNormalized	MicrocoloniesAggregatesNormalized	MicrocoloniesLargeNormalized	counts(Norminten<0.01Normalized	counts(inten<0.02Normalized	counts(Norminten<0.02Normalized	counts(inten<0.03Normalized	counts(Norminten<0.03Normalized	counts(inten<0.04Normalized	counts(Norminten<0.04Normalized	counts(inten<0.05Normalized	counts(Norminten<0.05Normalized	counts(inten<0.060000000000000005Normalized	counts(Norminten<0.060000000000000005Normalized	counts(inten<0.06999999999999999Normalized	counts(Norminten<0.06999999999999999Normalized	counts(inten<0.08Normalized	counts(Norminten<0.08Normalized	counts(inten<0.09Normalized	counts(Norminten<0.09Normalized	counts(inten<0.09999999999999999Normalized	counts(Norminten<0.09999999999999999Normalized	counts(inten<0.11Normalized	counts(Norminten<0.11Normalized	counts(inten<0.12Normalized	counts(Norminten<0.12Normalized	counts(inten<0.13Normalized	counts(Norminten<0.13Normalized	counts(inten<0.14Normalized	counts(Norminten<0.14Normalized	counts(inten<0.15000000000000002Normalized	counts(Norminten<0.15000000000000002Normalized	counts(inten<0.16Normalized	counts(Norminten<0.16Normalized	counts(inten<0.17Normalized	counts(Norminten<0.17Normalized	counts(inten<0.18000000000000002Normalized	counts(Norminten<0.18000000000000002Normalized	counts(inten<0.19Normalized	counts(Norminten<0.19Normalized	counts(inten<0.2Normalized	counts(Norminten<0.2Normalized	counts(inten<0.21000000000000002Normalized	counts(Norminten<0.21000000000000002Normalized	counts(inten<0.22Normalized	counts(Norminten<0.22Normalized	counts(inten<0.23Normalized	counts(Norminten<0.23Normalized	counts(inten<0.24000000000000002Normalized	counts(Norminten<0.24000000000000002Normalized	counts(inten<0.25Normalized	counts(Norminten<0.25Normalized	counts(inten<0.26Normalized	counts(Norminten<0.26Normalized	counts(inten<0.27Normalized	counts(Norminten<0.27Normalized	counts(inten<0.28Normalized	counts(Norminten<0.28Normalized	counts(inten<0.29000000000000004Normalized	counts(Norminten<0.29000000000000004Normalized	diffNormalized	maxNormalized	medNormalized	stdNormalized	meanNormalized	minNormalized	eigenLocalNormalized	minPropNormalized	BioVolume	SubstratumCoverage	Homogenity	ThicknessThreshold=0.01	RoughnessThreshold=0.01	ThicknessThreshold=0.02	RoughnessThreshold=0.02	ThicknessThreshold=0.03	RoughnessThreshold=0.03	ThicknessThreshold=0.04	RoughnessThreshold=0.04	ThicknessThreshold=0.05	RoughnessThreshold=0.05	ThicknessThreshold=0.060000000000000005	RoughnessThreshold=0.060000000000000005	ThicknessThreshold=0.06999999999999999	RoughnessThreshold=0.06999999999999999	ThicknessThreshold=0.08	RoughnessThreshold=0.08	ThicknessThreshold=0.09	RoughnessThreshold=0.09	ThicknessThreshold=0.09999999999999999	RoughnessThreshold=0.09999999999999999	ThicknessThreshold=0.11	RoughnessThreshold=0.11	ThicknessThreshold=0.12	RoughnessThreshold=0.12	ThicknessThreshold=0.13	RoughnessThreshold=0.13	ThicknessThreshold=0.14	RoughnessThreshold=0.14	ThicknessThreshold=0.15000000000000002	RoughnessThreshold=0.15000000000000002	ThicknessThreshold=0.16	RoughnessThreshold=0.16	ThicknessThreshold=0.17	RoughnessThreshold=0.17	ThicknessThreshold=0.18000000000000002	RoughnessThreshold=0.18000000000000002	ThicknessThreshold=0.19	RoughnessThreshold=0.19	ThicknessThreshold=0.2	RoughnessThreshold=0.2	ThicknessThreshold=0.21000000000000002	RoughnessThreshold=0.21000000000000002	ThicknessThreshold=0.22	RoughnessThreshold=0.22	ThicknessThreshold=0.23	RoughnessThreshold=0.23	ThicknessThreshold=0.24000000000000002	RoughnessThreshold=0.24000000000000002	ThicknessThreshold=0.25	RoughnessThreshold=0.25	ThicknessThreshold=0.26	RoughnessThreshold=0.26	ThicknessThreshold=0.27	RoughnessThreshold=0.27	ThicknessThreshold=0.28	RoughnessThreshold=0.28	ThicknessThreshold=0.29000000000000004	RoughnessThreshold=0.29000000000000004
0	1	40	0	0	2317	1	2535	41	2698	106	2895	145	3143	244	3340	320	3516	367	3688	475	3860	576	3992	611	4113	669	4214	678	4311	701	4428	784	4536	921	4640	1065	4708	1209	4779	1320	4852	1470	4856	1685	4875	1877	4891	2140	4895	2462	4822	2681	4819	2932	4766	3271	4679	3508	4617	3709	4557	4046	4095	787.0	580.3076650745656	931.2822008132935	49	1	0.5966949462890625	4.761904761904762	7.8277886497064575			7.345528326411566	0.002132332558585837	7.985006457303053	0.04441796219056389	8.246981506953997	0.18943455572235327	8.500455119358723	0.4596170914162546	8.769286571245221	1.1254612546125462	8.928810115753736	1.7880091635469633	8.936786721907328	2.2487745098039214	9.02196780664416	2.900409110337669	9.08620121463208	3.3866415804327374	9.08573639529326	3.4379923475129415	9.10781903939414	3.538559187559505	9.103281415393921	3.382389623347468	9.089375698412363	3.2741709481550676	9.122561239415727	3.404403143862087	9.18646333313081	3.7496946502727795	9.300833867864016	4.052203028688837	9.32905322395276	4.295154185022026	9.41693432382904	4.399706686220918	9.560967919918026	4.584437860595665	9.602910931814586	4.958507445118004	9.65556853968191	5.216787103946637	9.757605985037406	5.651209464455477	9.848103812493711	6.236384821926136	9.848453903026837	6.524543087294054	9.96628957872314	6.904997409448447	10.01555079224982	7.492498339327026	10.018199336259501	7.822150868508484	10.100192509625481	8.111713760825824	10.191666853040502	4.805967667217029	4.830547462045699	9.350124747534752	6.328981796247958	8.259410727493282	8.361774744027302	4.761904761904762	4.305532913950792	3.838611111111111	9.7344	0.05126360059957276	20.93600082397461	-8.583077033116372e-06	18.559723951104814	-1.2400273187556994e-05	16.003401035139245	-1.2436989904034273e-05	14.42457560091053	-1.2539076101581948e-05	13.364764758495566	-8.807253262353396e-06	12.567485272588277	-1.0992481142898258e-05	11.912979060470995	-1.1286508005725338e-05	11.338694639682496	-1.1654258413050226e-05	10.815052008166425	-1.4300061490264408e-05	10.328521268622024	-1.4921741206503124e-05	9.85868322778306	-1.5625225363827362e-05	9.417059103589455	-1.641733367346681e-05	8.99794990640877	-1.5964410008620783e-05	8.59807487773043	-1.6859947228365174e-05	8.218959816357723	-1.784092142412182e-05	7.856498647001194	-1.8901060822038636e-05	7.512189661509674	-1.1695144343142218e-05	7.1903291378136	-1.241630082923152e-05	6.881126074865666	-1.3188560619334807e-05	6.596519487587893	0.0	6.333307145632634	6.369994776604283e-06	6.078689360588303	2.2564602456833917e-06	5.836389917354579	4.802185955046737e-06	5.614858162555733	2.556557442010886e-06	5.403905203671643	2.722162485878782e-06	5.205069745990585	2.90065264684554e-06	5.018502126289857	1.5475228801257827e-05	4.8445425642313715	1.3219775462113776e-05	4.687998022040125	1.4128334728506388e-05
1	1	34	0	0	2425	1	2582	72	2733	148	2903	185	3068	276	3223	325	3385	367	3550	444	3712	502	3855	556	3942	634	4049	670	4149	729	4242	790	4286	905	4352	986	4408	1139	4385	1347	4421	1549	4424	1775	4437	2031	4394	2282	4389	2505	4338	2717	4306	2926	4294	3137	4266	3322	4206	3551	4134	4057	4095	790.0	603.2768629236274	935.2942762374878	38	1	0.5960311889648438	4.761904761904762	6.653620352250488			7.687918080081159	0.002132332558585837	8.133051941915772	0.07800227506635611	8.353966070609813	0.2644935306312102	8.523945150776639	0.5864080131862559	8.560029017047516	1.2730627306273061	8.616034432058171	1.8159468067273845	8.603817705818063	2.2487745098039214	8.684377904985567	2.7111192526103682	8.737818370133233	2.951552210724365	8.773926303571022	3.1285167679495838	8.729156978675347	3.3534327726647626	8.746840638569052	3.3424794213020705	8.747812519766388	3.404950957496497	8.739364222583902	3.4304572495549093	8.680154727909756	3.6845533751323183	8.723540731237973	3.751617076326003	8.734593587762058	4.046468665624555	8.64056434609549	4.489700686620892	8.711673366438086	4.830812412287541	8.748615725359912	5.2233535401094695	8.788052843193567	5.644802668148972	8.766084788029925	6.026196260695046	8.83009757569661	6.3453062465170476	8.859932192312407	6.6121535129347055	8.90534196430418	6.890867128255852	9.023662421720674	7.185560162173306	9.133925703886094	7.4074074074074066	9.201085054252713	7.766162190534512	9.245633261020284	4.819033817572784	4.830547462045699	9.38576690032078	6.57948966269575	8.294993259586308	6.484641638225256	4.761904761904762	4.300743483398258	3.838611111111111	9.7344	0.05126360059957276	20.93600082397461	-8.583077033116372e-06	18.559723951104814	-1.2400273187556994e-05	16.003401035139245	-1.2436989904034273e-05	14.42457560091053	-1.2539076101581948e-05	13.364764758495566	-8.807253262353396e-06	12.567485272588277	-1.0992481142898258e-05	11.912979060470995	-1.1286508005725338e-05	11.338694639682496	-1.1654258413050226e-05	10.815052008166425	-1.4300061490264408e-05	10.328521268622024	-1.4921741206503124e-05	9.85868322778306	-1.5625225363827362e-05	9.417059103589455	-1.641733367346681e-05	8.99794990640877	-1.5964410008620783e-05	8.59807487773043	-1.6859947228365174e-05	8.218959816357723	-1.784092142412182e-05	7.856498647001194	-1.8901060822038636e-05	7.512189661509674	-1.1695144343142218e-05	7.1903291378136	-1.241630082923152e-05	6.881126074865666	-1.3188560619334807e-05	6.596519487587893	0.0	6.333307145632634	6.369994776604283e-06	6.078689360588303	2.2564602456833917e-06	5.836389917354579	4.802185955046737e-06	5.614858162555733	2.556557442010886e-06	5.403905203671643	2.722162485878782e-06	5.205069745990585	2.90065264684554e-06	5.018502126289857	1.5475228801257827e-05	4.8445425642313715	1.3219775462113776e-05	4.687998022040125	1.4128334728506388e-05
2	1	32	0	0	2328	6	2486	85	2641	177	2766	277	2885	284	2957	305	3125	392	3270	413	3379	543	3419	541	3488	626	3562	782	3629	839	3668	942	3742	1111	3783	1236	3835	1368	3861	1529	3860	1690	3829	1884	3841	2105	3853	2398	3867	2569	3848	2757	3806	2901	3785	3047	3710	3236	3639	3379	3590	4057	4095	760.0	588.1230164125606	897.14879322052	38	1	0.5970678329467773	4.761904761904762	6.262230919765166			7.380401356877912	0.012793995351515023	7.830661164834472	0.09208601917555928	8.072749503285955	0.31631996568732573	8.121678362744811	0.8780271332572589	8.049440584805112	1.3099630996309963	7.9049375785280835	1.7041962340056993	7.942963170068373	2.401960784313726	7.9994128871275505	2.5218293948830675	7.953956970010828	3.1926152398871124	7.781596376630175	3.0441143371595767	7.723820279457029	3.311118163545964	7.694800285152621	3.90122224993764	7.651436884606465	3.9187295656235404	7.556809987844826	4.090494593773069	7.578427202948741	4.523247292565752	7.582985888389994	4.702838444562818	7.599175682637815	4.860025579081995	7.608031685353406	5.09632691153923	7.6062110822101365	5.270544207079371	7.571982281284607	5.544111588488023	7.607597694547327	5.8504724847137295	7.686783042394015	6.332523502693567	7.7799014183683735	6.507421855210498	7.859156080225481	6.709498430313207	7.871279961946518	6.831990956620036	7.9540200899424205	6.979407655129761	7.943475002676373	7.215644301737018	7.9607105355267755	7.389992126673082	8.028984858989556	4.819033817572784	4.830547462045699	9.029345372460497	6.414217989609451	7.956686341059771	6.484641638225256	4.761904761904762	4.308223527953724	3.838611111111111	9.7344	0.05126360059957276	20.93600082397461	-8.583077033116372e-06	18.559723951104814	-1.2400273187556994e-05	16.003401035139245	-1.2436989904034273e-05	14.42457560091053	-1.2539076101581948e-05	13.364764758495566	-8.807253262353396e-06	12.567485272588277	-1.0992481142898258e-05	11.912979060470995	-1.1286508005725338e-05	11.338694639682496	-1.1654258413050226e-05	10.815052008166425	-1.4300061490264408e-05	10.328521268622024	-1.4921741206503124e-05	9.85868322778306	-1.5625225363827362e-05	9.417059103589455	-1.641733367346681e-05	8.99794990640877	-1.5964410008620783e-05	8.59807487773043	-1.6859947228365174e-05	8.218959816357723	-1.784092142412182e-05	7.856498647001194	-1.8901060822038636e-05	7.512189661509674	-1.1695144343142218e-05	7.1903291378136	-1.241630082923152e-05	6.881126074865666	-1.3188560619334807e-05	6.596519487587893	0.0	6.333307145632634	6.369994776604283e-06	6.078689360588303	2.2564602456833917e-06	5.836389917354579	4.802185955046737e-06	5.614858162555733	2.556557442010886e-06	5.403905203671643	2.722162485878782e-06	5.205069745990585	2.90065264684554e-06	5.018502126289857	1.5475228801257827e-05	4.8445425642313715	1.3219775462113776e-05	4.687998022040125	1.4128334728506388e-05
3	1	32	0	0	2099	4	2228	153	2378	254	2488	275	2617	294	2726	324	2841	432	2947	474	3042	607	3095	702	3176	768	3251	844	3293	969	3339	1088	3389	1196	3397	1276	3448	1442	3533	1577	3544	1788	3550	1976	3594	2148	3587	2290	3550	2459	3507	2643	3462	2779	3412	2928	3398	3037	3318	3095	3267	4066	4095	722.0	574.126116575559	858.8295621871948	29	1	0.5995416641235352	4.761904761904762	6.262230919765166			6.654408268078496	0.008529330234343348	7.017985951428482	0.16575483451600673	7.268836924957971	0.4539280863535635	7.305399770972194	0.8716875871687587	7.3016935911386405	1.3560885608856088	7.287406100462481	1.8103592780913003	7.221106677172559	2.6470588235294117	7.209256812955624	2.8943029858948526	7.1606798173344	3.568908748824083	7.044176889637435	3.9500337609723157	7.032928098496424	4.062202475404633	7.022963427016051	4.2105263157894735	6.9430095511185135	4.525922466137319	6.879004511835843	4.7244778322984065	6.863519452376613	4.86931031674945	6.809252726106478	4.85503386348071	6.83232275195181	5.122921699587893	6.96171353130111	5.256316245583627	6.983526444391898	5.576173397785747	7.020249960449296	5.814843152257077	7.11838222187011	5.969983324068927	7.156109725685786	6.047322277384599	7.142138617845287	6.2287856527686305	7.162697602222131	6.4320654157844785	7.159845304324447	6.5446752390372565	7.170176102214937	6.7068282291499655	7.275452307033508	6.77191339442995	7.258487924396221	6.768874114250721	7.30659987028381	4.8297243042274935	4.830547462045699	8.577878103837472	6.261564268826862	7.616838475837453	4.948805460750854	4.761904761904762	4.326073790673946	3.838611111111111	9.7344	0.05126360059957276	20.93600082397461	-8.583077033116372e-06	18.559723951104814	-1.2400273187556994e-05	16.003401035139245	-1.2436989904034273e-05	14.42457560091053	-1.2539076101581948e-05	13.364764758495566	-8.807253262353396e-06	12.567485272588277	-1.0992481142898258e-05	11.912979060470995	-1.1286508005725338e-05	11.338694639682496	-1.1654258413050226e-05	10.815052008166425	-1.4300061490264408e-05	10.328521268622024	-1.4921741206503124e-05	9.85868322778306	-1.5625225363827362e-05	9.417059103589455	-1.641733367346681e-05	8.99794990640877	-1.5964410008620783e-05	8.59807487773043	-1.6859947228365174e-05	8.218959816357723	-1.784092142412182e-05	7.856498647001194	-1.8901060822038636e-05	7.512189661509674	-1.1695144343142218e-05	7.1903291378136	-1.241630082923152e-05	6.881126074865666	-1.3188560619334807e-05	6.596519487587893	0.0	6.333307145632634	6.369994776604283e-06	6.078689360588303	2.2564602456833917e-06	5.836389917354579	4.802185955046737e-06	5.614858162555733	2.556557442010886e-06	5.403905203671643	2.722162485878782e-06	5.205069745990585	2.90065264684554e-06	5.018502126289857	1.5475228801257827e-05	4.8445425642313715	1.3219775462113776e-05	4.687998022040125	1.4128334728506388e-05
4	1	28	0	0	1757	11	1880	225	2034	387	2106	406	2235	486	2351	507	2452	578	2585	701	2646	750	2710	774	2806	907	2882	969	2985	1030	3060	1097	3117	1196	3160	1322	3225	1410	3262	1555	3295	1711	3271	1855	3306	2030	3292	2130	3221	2292	3230	2447	3235	2563	3223	2652	3135	2766	3088	2840	3035	4054	4095	667.0	557.8359250838714	803.6633319854736	41	1	0.6011686325073242	4.761904761904762	5.47945205479452			5.570174048124782	0.023455658144444207	5.9218193845087725	0.2437571095823628	6.217331499312242	0.6916148402316106	6.183750770766656	1.2869278559655128	6.2358751150916545	2.24169741697417	6.284919934771567	2.83287701849472	6.2323666217624485	3.5416666666666665	6.323694897010617	4.280393234414118	6.228520314486135	4.409689557855128	6.167922252315816	4.355165428764349	6.213600832613654	4.797418808843753	6.225832235207708	4.834123222748815	6.293617828754559	4.810836057916861	6.304208986588105	4.763558990837639	6.312655689896106	4.86931031674945	6.334188582424631	5.030058595236284	6.390441089050053	5.009236890720477	6.427712861337169	5.182987800813279	6.492866713959171	5.336036176516451	6.468517639613985	5.458772291212996	6.547960941987363	5.642023346303502	6.567581047381546	5.6248019435935355	6.480233376923851	5.805765236334161	6.596952738858707	5.955075320629822	6.690381155254069	6.03598511610381	6.773000462320851	6.074627207549763	6.712343432180709	6.16763663121279	6.755337766888345	6.211180124223603	6.787735110594234	4.8154703220212145	4.830547462045699	7.92443863609362	6.083899330702986	7.127576946812689	6.996587030716723	4.761904761904762	4.337813400620245	3.838611111111111	9.7344	0.05126360059957276	20.93600082397461	-8.583077033116372e-06	18.559723951104814	-1.2400273187556994e-05	16.003401035139245	-1.2436989904034273e-05	14.42457560091053	-1.2539076101581948e-05	13.364764758495566	-8.807253262353396e-06	12.567485272588277	-1.0992481142898258e-05	11.912979060470995	-1.1286508005725338e-05	11.338694639682496	-1.1654258413050226e-05	10.815052008166425	-1.4300061490264408e-05	10.328521268622024	-1.4921741206503124e-05	9.85868322778306	-1.5625225363827362e-05	9.417059103589455	-1.641733367346681e-05	8.99794990640877	-1.5964410008620783e-05	8.59807487773043	-1.6859947228365174e-05	8.218959816357723	-1.784092142412182e-05	7.856498647001194	-1.8901060822038636e-05	7.512189661509674	-1.1695144343142218e-05	7.1903291378136	-1.241630082923152e-05	6.881126074865666	-1.3188560619334807e-05	6.596519487587893	0.0	6.333307145632634	6.369994776604283e-06	6.078689360588303	2.2564602456833917e-06	5.836389917354579	4.802185955046737e-06	5.614858162555733	2.556557442010886e-06	5.403905203671643	2.722162485878782e-06	5.205069745990585	2.90065264684554e-06	5.018502126289857	1.5475228801257827e-05	4.8445425642313715	1.3219775462113776e-05	4.687998022040125	1.4128334728506388e-05
5	1	28	0	0	1568	27	1755	354	1864	626	1929	729	2033	700	2110	735	2245	751	2350	727	2456	758	2607	822	2691	860	2781	952	2889	1036	2972	1134	3054	1195	3150	1237	3201	1326	3196	1518	3193	1755	3159	1881	3124	1959	3146	2097	3149	2221	3105	2350	3085	2516	3048	2652	3015	2767	2963	2889	2876	4060	4095	615.0	541.9946260644977	752.9389448165894	35	1	0.601226806640625	4.761904761904762	5.47945205479452			4.970991979202992	0.0575729790818176	5.528081393517498	0.3835111857429175	5.697692190126853	1.118736149832011	5.664033825645242	2.310764549258273	5.672274769119165	3.2287822878228782	5.64065549228754	4.106833547521931	5.706224741377119	4.60171568627451	5.748813542736925	4.439152469927337	5.781272068170049	4.456726246472249	5.9334956870063955	4.62525320729237	5.958945060785226	4.548820480270813	6.007647274848242	4.749314043402345	6.0912100191865735	4.838860345632882	6.122911473248315	4.924225975943376	6.185065921380399	4.865238987053171	6.314143681847338	4.706643330035766	6.342884318154797	4.710814267443513	6.297661037655915	5.059662689154056	6.291873571372271	5.473257445813192	6.24703369719981	5.535283385321641	6.187486383172573	5.444691495275153	6.276309226932668	5.537657124749129	6.335378734533749	5.625918232939865	6.341652710265104	5.719013895986956	6.38016255454677	5.925297913428477	6.405245240196697	6.074627207549763	6.455411626164222	6.169866434767097	6.481886594329716	6.31834485171901	6.432133831324223	4.822597313124354	4.830547462045699	7.306641321135797	5.911130127129473	6.6777094982967276	5.972696245733788	4.761904761904762	4.338233163930165	3.838611111111111	9.7344	0.05126360059957276	20.93600082397461	-8.583077033116372e-06	18.559723951104814	-1.2400273187556994e-05	16.003401035139245	-1.2436989904034273e-05	14.42457560091053	-1.2539076101581948e-05	13.364764758495566	-8.807253262353396e-06	12.567485272588277	-1.0992481142898258e-05	11.912979060470995	-1.1286508005725338e-05	11.338694639682496	-1.1654258413050226e-05	10.815052008166425	-1.4300061490264408e-05	10.328521268622024	-1.4921741206503124e-05	9.85868322778306	-1.5625225363827362e-05	9.417059103589455	-1.641733367346681e-05	8.99794990640877	-1.5964410008620783e-05	8.59807487773043	-1.6859947228365174e-05	8.218959816357723	-1.784092142412182e-05	7.856498647001194	-1.8901060822038636e-05	7.512189661509674	-1.1695144343142218e-05	7.1903291378136	-1.241630082923152e-05	6.881126074865666	-1.3188560619334807e-05	6.596519487587893	0.0	6.333307145632634	6.369994776604283e-06	6.078689360588303	2.2564602456833917e-06	5.836389917354579	4.802185955046737e-06	5.614858162555733	2.556557442010886e-06	5.403905203671643	2.722162485878782e-06	5.205069745990585	2.90065264684554e-06	5.018502126289857	1.5475228801257827e-05	4.8445425642313715	1.3219775462113776e-05	4.687998022040125	1.4128334728506388e-05
6	1	23	0	0	1540	18	1649	472	1767	822	1867	861	1958	816	2082	753	2208	724	2324	715	2452	778	2577	875	2678	877	2763	959	2865	995	2910	1129	3002	1189	3068	1358	3108	1470	3130	1601	3163	1720	3146	1864	3135	1968	3121	2151	3137	2249	3120	2415	3084	2577	3003	2692	2954	2819	2897	2916	2801	4058	4095	590.0	532.6604435664717	727.7500104904175	37	1	0.601567268371582	4.761904761904762	4.500978473581213			4.882224265288654	0.03838198605454507	5.1941915771568965	0.5113482476572233	5.401192113709308	1.4690113660733433	5.481986082156385	2.7291745910992775	5.463017214921459	3.7638376383763834	5.565803191915951	4.207409062971448	5.61218005744351	4.436274509803922	5.685209648221537	4.365878976613543	5.771856315616026	4.574317968015052	5.8652161048774385	4.923475129417061	5.930157886578534	4.63873902464826	5.968762826467348	4.784235470192068	6.040608066794577	4.647361046240075	5.995179134304374	4.9025142211993575	6.07975373149442	4.840811008875499	6.149775497113534	5.167034472262385	6.158601830935679	5.222395907346881	6.16760921397466	5.336310912605826	6.232757941199654	5.364104163418057	6.221325739598165	5.485256900712142	6.209273307056982	5.46970539188438	6.22643391521197	5.680257737403613	6.311236294135399	5.69684381174325	6.372288713696336	5.877199386727021	6.378094430542055	6.0689557722198675	6.310679611650485	6.16625054401356	6.324804624772508	6.285816219591054	6.337504375218761	6.3773948036042345	6.264397378838369	4.820221649423308	4.830547462045699	7.0096233812522275	5.809329177963531	6.454312386007864	6.313993174061433	4.761904761904762	4.34068981149806	3.838611111111111	9.7344	0.05126360059957276	20.93600082397461	-8.583077033116372e-06	18.559723951104814	-1.2400273187556994e-05	16.003401035139245	-1.2436989904034273e-05	14.42457560091053	-1.2539076101581948e-05	13.364764758495566	-8.807253262353396e-06	12.567485272588277	-1.0992481142898258e-05	11.912979060470995	-1.1286508005725338e-05	11.338694639682496	-1.1654258413050226e-05	10.815052008166425	-1.4300061490264408e-05	10.328521268622024	-1.4921741206503124e-05	9.85868322778306	-1.5625225363827362e-05	9.417059103589455	-1.641733367346681e-05	8.99794990640877	-1.5964410008620783e-05	8.59807487773043	-1.6859947228365174e-05	8.218959816357723	-1.784092142412182e-05	7.856498647001194	-1.8901060822038636e-05	7.512189661509674	-1.1695144343142218e-05	7.1903291378136	-1.241630082923152e-05	6.881126074865666	-1.3188560619334807e-05	6.596519487587893	0.0	6.333307145632634	6.369994776604283e-06	6.078689360588303	2.2564602456833917e-06	5.836389917354579	4.802185955046737e-06	5.614858162555733	2.556557442010886e-06	5.403905203671643	2.722162485878782e-06	5.205069745990585	2.90065264684554e-06	5.018502126289857	1.5475228801257827e-05	4.8445425642313715	1.3219775462113776e-05	4.687998022040125	1.4128334728506388e-05
7	1	24	0	0	1446	35	1593	705	1709	1097	1847	994	2013	902	2085	799	2241	717	2297	733	2420	745	2487	759	2586	855	2670	950	2767	1036	2855	1095	2957	1236	2943	1338	2997	1508	3065	1641	3075	1813	3093	1984	3103	2097	3116	2285	3066	2374	2988	2447	2965	2579	2899	2688	2900	2804	2839	2894	2768	4058	4095	556.0	522.6352199984889	694.5077018737793	37	1	0.603179931640625	4.761904761904762	4.6966731898238745			4.58421836857623	0.0746316395505043	5.017796957192806	0.7637722766914036	5.223903408222528	1.960468939881335	5.423261003611592	3.1507544059845314	5.616472754666443	4.160516605166052	5.573823081241478	4.464435380231324	5.696057748519431	4.393382352941176	5.619159450070943	4.475789216584234	5.696530295183842	4.380291627469426	5.660377358490567	4.270762997974342	5.726433269115791	4.522373849571565	5.767859843166058	4.739336492890995	5.833983427860591	4.838860345632882	5.881868188467005	4.754874288940032	5.988618182554631	5.032163504600603	5.89921423989737	5.09093676280344	5.938651765545119	5.357396617876936	6.039527872470393	5.469635357642824	6.059352092693309	5.654140028067987	6.116516373991457	5.83838502736743	6.145893164847789	5.828237909949972	6.21645885286783	6.034118516953629	6.168393521778493	6.013475859972643	6.102691883501491	5.955075320629822	6.131987673980932	6.0736658659507325	6.092127936788131	6.1570882103671805	6.209185312065089	6.252369166276452	6.210623031151558	6.329280027994051	6.190593339744593	4.820221649423308	4.830547462045699	6.6056789830105735	5.699991560551694	6.159491030939414	6.313993174061433	4.761904761904762	4.352326200958313	3.838611111111111	9.7344	0.05126360059957276	20.93600082397461	-8.583077033116372e-06	18.559723951104814	-1.2400273187556994e-05	16.003401035139245	-1.2436989904034273e-05	14.42457560091053	-1.2539076101581948e-05	13.364764758495566	-8.807253262353396e-06	12.567485272588277	-1.0992481142898258e-05	11.912979060470995	-1.1286508005725338e-05	11.338694639682496	-1.1654258413050226e-05	10.815052008166425	-1.4300061490264408e-05	10.328521268622024	-1.4921741206503124e-05	9.85868322778306	-1.5625225363827362e-05	9.417059103589455	-1.641733367346681e-05	8.99794990640877	-1.5964410008620783e-05	8.59807487773043	-1.6859947228365174e-05	8.218959816357723	-1.784092142412182e-05	7.856498647001194	-1.8901060822038636e-05	7.512189661509674	-1.1695144343142218e-05	7.1903291378136	-1.241630082923152e-05	6.881126074865666	-1.3188560619334807e-05	6.596519487587893	0.0	6.333307145632634	6.369994776604283e-06	6.078689360588303	2.2564602456833917e-06	5.836389917354579	4.802185955046737e-06	5.614858162555733	2.556557442010886e-06	5.403905203671643	2.722162485878782e-06	5.205069745990585	2.90065264684554e-06	5.018502126289857	1.5475228801257827e-05	4.8445425642313715	1.3219775462113776e-05	4.687998022040125	1.4128334728506388e-05
8	1	26	0	0	1450	114	1563	1112	1658	1596	1757	1289	1887	972	1978	832	2112	699	2226	749	2324	718	2426	817	2537	919	2575	972	2622	1092	2748	1210	2797	1331	2839	1500	2873	1635	2929	1740	2951	1899	2948	2008	2940	2158	2913	2284	2891	2406	2866	2538	2836	2579	2808	2677	2735	2797	2663	2842	2617	4067	4095	499.0	507.12890069701484	642.030707359314	28	1	0.6071462631225586	4.761904761904762	5.088062622309197			4.596899470563992	0.2430859116787854	4.9232998393549	1.204701803802611	5.0680116154669115	2.852241046536564	5.158998150160026	4.085837454038291	5.264920063614296	4.48339483394834	5.287780361964338	4.648823825222104	5.3681722288590095	4.283088235294118	5.4454718919712315	4.5734872076692925	5.470552233887293	4.221542803386642	5.521542208161686	4.597119063695701	5.617927766336721	4.860890722521951	5.562636365600224	4.849089548515839	5.528263298825613	5.10042036431574	5.661426893837945	5.254244648052456	5.664580675213156	5.418939825747089	5.690747273893521	5.707328209420896	5.692941782586296	5.80858320306949	5.77154229639993	5.799613359109393	5.8150074879798215	5.92234523623889	5.829773769973105	5.909010652698488	5.823050565469706	5.997776542523624	5.811471321695761	6.031477764867434	5.816316265969219	6.094533664319368	5.853519055594134	6.176535007665912	5.865199677372655	6.0736658659507325	5.900895221283571	6.131891792839636	5.85590407879242	6.236760541396303	5.8256037801890095	6.215554194733619	5.8528839487397395	4.830912136078017	4.830547462045699	5.928478080076037	5.5308757302908145	5.694079954618117	4.778156996587031	4.761904761904762	4.380945801056001	3.838611111111111	9.7344	0.05126360059957276	20.93600082397461	-8.583077033116372e-06	18.559723951104814	-1.2400273187556994e-05	16.003401035139245	-1.2436989904034273e-05	14.42457560091053	-1.2539076101581948e-05	13.364764758495566	-8.807253262353396e-06	12.567485272588277	-1.0992481142898258e-05	11.912979060470995	-1.1286508005725338e-05	11.338694639682496	-1.1654258413050226e-05	10.815052008166425	-1.4300061490264408e-05	10.328521268622024	-1.4921741206503124e-05	9.85868322778306	-1.5625225363827362e-05	9.417059103589455	-1.641733367346681e-05	8.99794990640877	-1.5964410008620783e-05	8.59807487773043	-1.6859947228365174e-05	8.218959816357723	-1.784092142412182e-05	7.856498647001194	-1.8901060822038636e-05	7.512189661509674	-1.1695144343142218e-05	7.1903291378136	-1.241630082923152e-05	6.881126074865666	-1.3188560619334807e-05	6.596519487587893	0.0	6.333307145632634	6.369994776604283e-06	6.078689360588303	2.2564602456833917e-06	5.836389917354579	4.802185955046737e-06	5.614858162555733	2.556557442010886e-06	5.403905203671643	2.722162485878782e-06	5.205069745990585	2.90065264684554e-06	5.018502126289857	1.5475228801257827e-05	4.8445425642313715	1.3219775462113776e-05	4.687998022040125	1.4128334728506388e-05
9	1	27	0	0	1278	190	1348	2093	1480	2329	1599	1425	1731	1141	1906	902	2007	810	2072	815	2206	833	2328	864	2416	949	2498	1016	2562	1168	2610	1298	2616	1366	2608	1553	2641	1697	2658	1895	2660	2007	2619	2089	2611	2240	2582	2383	2552	2480	2518	2528	2486	2609	2465	2607	2400	2614	2346	2667	2305	4068	4095	417.0	487.8533981804462	572.9722261428833	27	1	0.6179847717285156	4.761904761904762	5.283757338551859			4.051612085090194	0.40514318613130906	4.246070494849907	2.267482801581713	4.523918691731621	4.16219887054114	4.695070029656165	4.516926588056295	4.829664350883068	5.262915129151292	5.095303018151682	5.039950829748002	5.101288666344712	4.963235294117647	5.068741132149322	4.976491420895158	5.192787533543618	4.897695202257761	5.2984955732070915	4.861580013504389	5.349985606412896	5.019570506717444	5.3962973364152855	5.068595659765528	5.401758417845621	5.455394675385334	5.377119429736912	5.63637153154718	5.298013245033113	5.5614363651168475	5.22771007055805	5.908987139487102	5.233226330598819	6.028847520250107	5.237541626435989	6.316245583627758	5.2415858753054305	6.259161079058163	5.179164689131467	6.147372138190807	5.1714234783814295	6.22568093385214	5.151122194513716	6.292912221400655	5.134292324715823	6.281979836871169	5.142763775989543	6.152198778321287	5.141356275722293	6.144317271913711	5.1800949859202285	5.971550954027991	5.138636120329729	5.8287064909581465	5.132131606580329	5.832823025107165	5.1551003063985865	4.83209996792854	4.830547462045699	4.95425923725793	5.320652236990551	5.081610007178702	4.607508532423208	4.761904761904762	4.459152522650188	3.838611111111111	9.7344	0.05126360059957276	20.93600082397461	-8.583077033116372e-06	18.559723951104814	-1.2400273187556994e-05	16.003401035139245	-1.2436989904034273e-05	14.42457560091053	-1.2539076101581948e-05	13.364764758495566	-8.807253262353396e-06	12.567485272588277	-1.0992481142898258e-05	11.912979060470995	-1.1286508005725338e-05	11.338694639682496	-1.1654258413050226e-05	10.815052008166425	-1.4300061490264408e-05	10.328521268622024	-1.4921741206503124e-05	9.85868322778306	-1.5625225363827362e-05	9.417059103589455	-1.641733367346681e-05	8.99794990640877	-1.5964410008620783e-05	8.59807487773043	-1.6859947228365174e-05	8.218959816357723	-1.784092142412182e-05	7.856498647001194	-1.8901060822038636e-05	7.512189661509674	-1.1695144343142218e-05	7.1903291378136	-1.241630082923152e-05	6.881126074865666	-1.3188560619334807e-05	6.596519487587893	0.0	6.333307145632634	6.369994776604283e-06	6.078689360588303	2.2564602456833917e-06	5.836389917354579	4.802185955046737e-06	5.614858162555733	2.556557442010886e-06	5.403905203671643	2.722162485878782e-06	5.205069745990585	2.90065264684554e-06	5.018502126289857	1.5475228801257827e-05	4.8445425642313715	1.3219775462113776e-05	4.687998022040125	1.4128334728506388e-05
10	1	30	0	0	1205	453	1268	3005	1403	2713	1491	1794	1605	1188	1714	1006	1781	874	1836	830	1936	922	2027	1023	2099	1133	2170	1195	2273	1289	2316	1387	2390	1503	2400	1622	2441	1750	2430	1794	2424	1913	2423	2006	2410	2101	2349	2178	2362	2273	2334	2350	2285	2395	2202	2416	2188	2425	2119	2417	2087	4070	4095	340.0	461.4630834805269	509.0370903015137	25	1	0.6348609924316406	4.761904761904762	5.870841487279844			3.8201819738135248	0.9659466490393842	3.9940781806154915	3.25551161908889	4.2885526516888275	4.848452355422117	4.377954605514285	5.686572841384557	4.47811165983092	5.479704797047971	4.582030101317935	5.621053807900765	4.526853569885367	5.355392156862745	4.491413474240423	5.0680832875374	4.557224236147074	5.420978363123236	4.613423765846553	5.75624577987846	4.648021435372794	5.9928065164498046	4.687736277030092	5.961586430531304	4.7924265744586645	6.020551144325081	4.771420919260801	6.022840765990707	4.8403102659132795	6.119208533507043	4.810776138550353	6.171524237120463	4.8369199064716835	6.217137984936763	4.7882716900825635	5.979601359909339	4.776542917947505	5.966006549196943	4.791567789906661	5.903125183920899	4.77331696012993	5.839355197331851	4.6862842892768075	5.751558043730855	4.75203701840861	5.757637165003294	4.766962133899759	5.719013895986956	4.7256633507745125	5.64033724271113	4.627411423527929	5.534049522413359	4.684723263033937	5.407273619194148	4.635544277213861	5.286064211355087	4.667546351173037	4.834475631629587	4.830547462045699	4.039443982416538	5.032832807082482	4.514578288575269	4.266211604095563	4.761904761904762	4.580925170721523	3.838611111111111	9.7344	0.05126360059957276	20.93600082397461	-8.583077033116372e-06	18.559723951104814	-1.2400273187556994e-05	16.003401035139245	-1.2436989904034273e-05	14.42457560091053	-1.2539076101581948e-05	13.364764758495566	-8.807253262353396e-06	12.567485272588277	-1.0992481142898258e-05	11.912979060470995	-1.1286508005725338e-05	11.338694639682496	-1.1654258413050226e-05	10.815052008166425	-1.4300061490264408e-05	10.328521268622024	-1.4921741206503124e-05	9.85868322778306	-1.5625225363827362e-05	9.417059103589455	-1.641733367346681e-05	8.99794990640877	-1.5964410008620783e-05	8.59807487773043	-1.6859947228365174e-05	8.218959816357723	-1.784092142412182e-05	7.856498647001194	-1.8901060822038636e-05	7.512189661509674	-1.1695144343142218e-05	7.1903291378136	-1.241630082923152e-05	6.881126074865666	-1.3188560619334807e-05	6.596519487587893	0.0	6.333307145632634	6.369994776604283e-06	6.078689360588303	2.2564602456833917e-06	5.836389917354579	4.802185955046737e-06	5.614858162555733	2.556557442010886e-06	5.403905203671643	2.722162485878782e-06	5.205069745990585	2.90065264684554e-06	5.018502126289857	1.5475228801257827e-05	4.8445425642313715	1.3219775462113776e-05	4.687998022040125	1.4128334728506388e-05
11	1	28	0	0	1157	550	1276	3541	1341	3010	1423	1779	1529	1269	1598	1023	1709	935	1796	886	1861	948	1984	1087	2041	1126	2173	1200	2166	1306	2250	1390	2283	1506	2328	1594	2352	1712	2342	1779	2340	1891	2362	2004	2330	2140	2317	2152	2267	2237	2224	2283	2177	2327	2141	2326	2047	2345	2028	2366	1980	4066	4095	311.0	446.0588124483542	482.0887060165405	29	1	0.6412038803100586	4.761904761904762	5.47945205479452			3.668008749960371	1.1727829072222105	4.019277412038933	3.836195222360652	4.099037138927097	5.379226535134748	4.17828933846199	5.639026245720807	4.266064004910578	5.853321033210332	4.271927714064212	5.716041794714198	4.343847698446992	5.729166666666666	4.393561328832134	5.4100262563351045	4.380678875759145	5.573847601128881	4.515556364795048	6.116362817915823	4.51958635045063	5.955781233470856	4.694217018426908	5.986530306809678	4.56682620337768	6.099953292853807	4.635447784255959	6.035867818837119	4.623610182878668	6.13142252259588	4.6664528543938415	6.064987443877939	4.660563547735109	6.0821372744067075	4.614869258507557	5.929604693020465	4.611019153464175	5.897395914548573	4.67093814269894	5.897239715143312	4.614866604606944	5.947748749305169	4.622443890274314	5.682898489489807	4.560909365255005	5.666447135113228	4.542298108737388	5.555961159377966	4.502305958265258	5.480194055861712	4.499222460387509	5.327897015369815	4.382828390964565	5.2288893348496	4.436471823591179	5.174525413349664	4.428242345626551	4.8297243042274935	4.830547462045699	3.694903172151598	4.864829940991503	4.275576862307764	4.948805460750854	4.761904761904762	4.62669313423432	3.838611111111111	9.7344	0.05126360059957276	20.93600082397461	-8.583077033116372e-06	18.559723951104814	-1.2400273187556994e-05	16.003401035139245	-1.2436989904034273e-05	14.42457560091053	-1.2539076101581948e-05	13.364764758495566	-8.807253262353396e-06	12.567485272588277	-1.0992481142898258e-05	11.912979060470995	-1.1286508005725338e-05	11.338694639682496	-1.1654258413050226e-05	10.815052008166425	-1.4300061490264408e-05	10.328521268622024	-1.4921741206503124e-05	9.85868322778306	-1.5625225363827362e-05	9.417059103589455	-1.641733367346681e-05	8.99794990640877	-1.5964410008620783e-05	8.59807487773043	-1.6859947228365174e-05	8.218959816357723	-1.784092142412182e-05	7.856498647001194	-1.8901060822038636e-05	7.512189661509674	-1.1695144343142218e-05	7.1903291378136	-1.241630082923152e-05	6.881126074865666	-1.3188560619334807e-05	6.596519487587893	0.0	6.333307145632634	6.369994776604283e-06	6.078689360588303	2.2564602456833917e-06	5.836389917354579	4.802185955046737e-06	5.614858162555733	2.556557442010886e-06	5.403905203671643	2.722162485878782e-06	5.205069745990585	2.90065264684554e-06	5.018502126289857	1.5475228801257827e-05	4.8445425642313715	1.3219775462113776e-05	4.687998022040125	1.4128334728506388e-05
12	1	26	0	0	1087	1056	1140	4703	1219	3515	1311	2024	1443	1356	1501	1107	1586	960	1680	1006	1708	1058	1827	1057	1889	1133	1898	1195	1957	1316	2001	1450	2061	1486	2063	1630	2090	1684	2074	1786	2052	1851	2068	1890	2059	1947	2044	2001	2013	2063	1947	2078	1906	2077	1860	2064	1805	2074	1738	2064	1720	4074	4095	254.0	419.0706134507924	428.42290687561035	21	1	0.6575593948364258	4.761904761904762	5.088062622309197			3.446089465174524	2.251743181866644	3.590890477840426	5.095065272737122	3.7261195170411128	6.2817213524912425	3.8494288986111522	6.4156206415620645	4.026115342763874	6.254612546125461	4.012617959205497	6.185394200145276	4.031212668073101	5.88235294117647	4.1097901071481	6.142761189473042	4.02052634056777	6.220602069614299	4.158226551653503	5.947557956335809	4.182997852033925	5.9928065164498046	4.100149057052127	5.961586430531304	4.126167534630711	6.1466604390471735	4.122458229464966	6.29640887576534	4.174008141442372	6.049995928670303	4.135262989095574	6.20196332090404	4.141402132128562	5.982663066647719	4.086780035074583	5.95293647090194	4.043509103807046	5.772649306096991	4.089542793861731	5.561767994820787	4.0781160252728315	5.411339633129517	4.07780548628429	5.28414492447449	4.049894376823257	5.225695323977911	3.9765532453739634	5.057068457813147	3.941844352987405	4.891432339503556	3.9087126465767246	4.727764161531942	3.8646825821646504	4.624612571632439	3.802065103255163	4.514040766337153	3.8467559770089235	4.83922695903168	4.830547462045699	3.0177022692170605	4.570489834098139	3.799622445121429	3.583617747440273	4.761904761904762	4.74470855661358	3.838611111111111	9.7344	0.05126360059957276	20.93600082397461	-8.583077033116372e-06	18.559723951104814	-1.2400273187556994e-05	16.003401035139245	-1.2436989904034273e-05	14.42457560091053	-1.2539076101581948e-05	13.364764758495566	-8.807253262353396e-06	12.567485272588277	-1.0992481142898258e-05	11.912979060470995	-1.1286508005725338e-05	11.338694639682496	-1.1654258413050226e-05	10.815052008166425	-1.4300061490264408e-05	10.328521268622024	-1.4921741206503124e-05	9.85868322778306	-1.5625225363827362e-05	9.417059103589455	-1.641733367346681e-05	8.99794990640877	-1.5964410008620783e-05	8.59807487773043	-1.6859947228365174e-05	8.218959816357723	-1.784092142412182e-05	7.856498647001194	-1.8901060822038636e-05	7.512189661509674	-1.1695144343142218e-05	7.1903291378136	-1.241630082923152e-05	6.881126074865666	-1.3188560619334807e-05	6.596519487587893	0.0	6.333307145632634	6.369994776604283e-06	6.078689360588303	2.2564602456833917e-06	5.836389917354579	4.802185955046737e-06	5.614858162555733	2.556557442010886e-06	5.403905203671643	2.722162485878782e-06	5.205069745990585	2.90065264684554e-06	5.018502126289857	1.5475228801257827e-05	4.8445425642313715	1.3219775462113776e-05	4.687998022040125	1.4128334728506388e-05
13	1	31	0	0	1041	1797	1062	5694	1137	3733	1243	2236	1296	1460	1422	1152	1481	1029	1577	1013	1637	1023	1708	1060	1708	1137	1744	1240	1809	1329	1857	1456	1829	1546	1813	1586	1810	1673	1802	1715	1798	1743	1778	1801	1794	1857	1745	1838	1729	1812	1707	1810	1670	1789	1622	1788	1563	1790	1526	1745	1503	4071	4095	212.0	393.10229580116646	381.02143001556396	24	1	0.6757612228393555	4.761904761904762	6.066536203522505			3.300256792315252	3.8318016077787496	3.3451979714618703	6.168679919830995	3.475469967904631	6.671313174637215	3.649763631558857	7.087612526943071	3.615970536536369	6.734317343173432	3.801427540299944	6.436832988769067	3.7643291055588035	6.305147058823529	3.8578208327217576	6.185504060572755	3.853396732733864	6.014816556914393	3.88738420920864	5.964438442493811	3.7821918111561375	6.013963821009203	3.767470998682249	6.186081317036667	3.814122161546733	6.207379729098552	3.825789571272585	6.322462981458162	3.7041537557972335	6.294275710447033	3.634140474663246	6.0345483600943615	3.5865731383505723	5.943583913599546	3.5508088829336537	5.716285580961269	3.5429967683455508	5.435833463277717	3.5160575858250276	5.299864634218116	3.553249222602943	5.161200667037242	3.4812967581047385	4.8537023344248444	3.4785232873956344	4.58989817113329	3.4863771904742458	4.4048575113771875	3.453767087874589	4.213178842258961	3.4085655444878746	4.09556313993174	3.346536773364736	3.991348362209289	3.3382919145957297	3.816376519989502	3.3614385078165188	4.83566346348011	4.830547462045699	2.518712130212665	4.287272810482659	3.379225420315215	4.09556313993174	4.761904761904762	4.876046303058512	3.838611111111111	9.7344	0.05126360059957276	20.93600082397461	-8.583077033116372e-06	18.559723951104814	-1.2400273187556994e-05	16.003401035139245	-1.2436989904034273e-05	14.42457560091053	-1.2539076101581948e-05	13.364764758495566	-8.807253262353396e-06	12.567485272588277	-1.0992481142898258e-05	11.912979060470995	-1.1286508005725338e-05	11.338694639682496	-1.1654258413050226e-05	10.815052008166425	-1.4300061490264408e-05	10.328521268622024	-1.4921741206503124e-05	9.85868322778306	-1.5625225363827362e-05	9.417059103589455	-1.641733367346681e-05	8.99794990640877	-1.5964410008620783e-05	8.59807487773043	-1.6859947228365174e-05	8.218959816357723	-1.784092142412182e-05	7.856498647001194	-1.8901060822038636e-05	7.512189661509674	-1.1695144343142218e-05	7.1903291378136	-1.241630082923152e-05	6.881126074865666	-1.3188560619334807e-05	6.596519487587893	0.0	6.333307145632634	6.369994776604283e-06	6.078689360588303	2.2564602456833917e-06	5.836389917354579	4.802185955046737e-06	5.614858162555733	2.556557442010886e-06	5.403905203671643	2.722162485878782e-06	5.205069745990585	2.90065264684554e-06	5.018502126289857	1.5475228801257827e-05	4.8445425642313715	1.3219775462113776e-05	4.687998022040125	1.4128334728506388e-05
14	1	27	0	0	1086	2461	1077	6604	1120	4244	1165	2187	1252	1440	1315	1186	1386	1088	1433	1066	1510	1075	1515	1120	1544	1171	1552	1271	1562	1333	1578	1400	1588	1472	1589	1492	1592	1540	1597	1549	1561	1552	1538	1571	1516	1588	1497	1590	1478	1583	1444	1579	1414	1556	1384	1529	1383	1513	1349	1489	1290	4074	4095	181.0	363.46005731050354	338.01884841918945	21	1	0.6930227279663086	4.761904761904762	5.283757338551859			3.4429191896775833	5.247670426679745	3.3924465303808238	7.154542007475218	3.4235060369860917	7.584530702694975	3.420735825234166	6.932293647774819	3.493206104740381	6.642066420664207	3.515384821022803	6.626808962395931	3.522863025188725	6.666666666666667	3.5055531092519203	6.50912865604201	3.5544465891436374	6.320555032925681	3.448118897512347	6.3020481656538365	3.4190305365486395	6.193800909764096	3.352703549286038	6.3407333499625835	3.2933437348457697	6.2260625875759	3.2509940460248457	6.079291328325155	3.216072260364137	5.992997312922401	3.1851347017318794	5.676889125637318	3.1545991360519956	5.471081426744352	3.1468600366509683	5.162989134057729	3.0759832899818713	4.84016840792141	3.0414491377946526	4.62303572479548	3.0026342371605694	4.4135630906058925	2.9865336658354114	4.198795817048696	2.9735439090634745	4.00982825877704	2.9492259303133044	3.842690613516342	2.9243273426674663	3.6644529226131604	2.9084184423990247	3.502302036328653	2.9611390643400064	3.373692777666287	2.9510850542527125	3.2564954947073748	2.8850669827566926	4.83922695903168	4.830547462045699	2.150409884757039	3.963987079312212	2.9978415782995254	3.583617747440273	4.761904761904762	5.000599022887354	3.838611111111111	9.7344	0.05126360059957276	20.93600082397461	-8.583077033116372e-06	18.559723951104814	-1.2400273187556994e-05	16.003401035139245	-1.2436989904034273e-05	14.42457560091053	-1.2539076101581948e-05	13.364764758495566	-8.807253262353396e-06	12.567485272588277	-1.0992481142898258e-05	11.912979060470995	-1.1286508005725338e-05	11.338694639682496	-1.1654258413050226e-05	10.815052008166425	-1.4300061490264408e-05	10.328521268622024	-1.4921741206503124e-05	9.85868322778306	-1.5625225363827362e-05	9.417059103589455	-1.641733367346681e-05	8.99794990640877	-1.5964410008620783e-05	8.59807487773043	-1.6859947228365174e-05	8.218959816357723	-1.784092142412182e-05	7.856498647001194	-1.8901060822038636e-05	7.512189661509674	-1.1695144343142218e-05	7.1903291378136	-1.241630082923152e-05	6.881126074865666	-1.3188560619334807e-05	6.596519487587893	0.0	6.333307145632634	6.369994776604283e-06	6.078689360588303	2.2564602456833917e-06	5.836389917354579	4.802185955046737e-06	5.614858162555733	2.556557442010886e-06	5.403905203671643	2.722162485878782e-06	5.205069745990585	2.90065264684554e-06	5.018502126289857	1.5475228801257827e-05	4.8445425642313715	1.3219775462113776e-05	4.687998022040125	1.4128334728506388e-05
15	1	23	0	0	1115	4193	1100	8138	1038	4238	1051	2143	1041	1585	1080	1271	1125	1111	1143	1094	1228	1068	1228	1042	1249	1041	1244	1086	1286	1122	1322	1201	1322	1226	1333	1240	1333	1225	1317	1279	1320	1314	1291	1326	1263	1336	1220	1337	1190	1315	1169	1313	1122	1279	1087	1245	1058	1205	1021	1178	991	4078	4095	152.0	331.72349357100086	290.64447116851807	17	1	0.7183294296264648	4.761904761904762	4.500978473581213			3.5348571790888625	8.940870418150414	3.464894320723218	8.816423812361194	3.1728564878496104	7.57380799199371	3.086002877528849	6.792823633827819	2.9044948522641665	7.310885608856088	2.8871601571898307	7.101748896463095	2.8594667412246144	6.807598039215685	2.796125055041832	6.680100140440862	2.8906360340850243	6.279397930385701	2.7949108951453216	5.863155525545802	2.765783121858323	5.506188511583624	2.687347432546283	5.417809927662759	2.71142128233781	5.240541802895843	2.7235830981272793	5.215163489513222	2.6773599044089353	4.991450207637815	2.671985246953175	4.718057986454608	2.6413823168073556	4.351996589455734	2.59512502709413	4.263049130057996	2.6010877275951763	4.097926087634493	2.552997943363392	3.9020657995409334	2.501534987819129	3.7131739855475265	2.4339152119700747	3.530685539241576	2.394125339503068	3.330969147373221	2.387565867407377	3.1953469129493075	2.320435133290592	3.0121049408883236	2.2842852939940315	2.851776347435692	2.2652820897120223	2.686913282939773	2.233549177458873	2.5763275303997903	2.2163576588464204	4.843978286433773	4.830547462045699	1.805869074492099	3.6178601086181983	2.577684896113612	2.901023890784983	4.761904761904762	5.183202944068466	3.838611111111111	9.7344	0.05126360059957276	20.93600082397461	-8.583077033116372e-06	18.559723951104814	-1.2400273187556994e-05	16.003401035139245	-1.2436989904034273e-05	14.42457560091053	-1.2539076101581948e-05	13.364764758495566	-8.807253262353396e-06	12.567485272588277	-1.0992481142898258e-05	11.912979060470995	-1.1286508005725338e-05	11.338694639682496	-1.1654258413050226e-05	10.815052008166425	-1.4300061490264408e-05	10.328521268622024	-1.4921741206503124e-05	9.85868322778306	-1.5625225363827362e-05	9.417059103589455	-1.641733367346681e-05	8.99794990640877	-1.5964410008620783e-05	8.59807487773043	-1.6859947228365174e-05	8.218959816357723	-1.784092142412182e-05	7.856498647001194	-1.8901060822038636e-05	7.512189661509674	-1.1695144343142218e-05	7.1903291378136	-1.241630082923152e-05	6.881126074865666	-1.3188560619334807e-05	6.596519487587893	0.0	6.333307145632634	6.369994776604283e-06	6.078689360588303	2.2564602456833917e-06	5.836389917354579	4.802185955046737e-06	5.614858162555733	2.556557442010886e-06	5.403905203671643	2.722162485878782e-06	5.205069745990585	2.90065264684554e-06	5.018502126289857	1.5475228801257827e-05	4.8445425642313715	1.3219775462113776e-05	4.687998022040125	1.4128334728506388e-05
16	1	18	0	0	1178	5848	996	9086	958	4175	944	2364	951	1615	952	1215	1006	1017	1010	958	1048	941	1025	970	1036	959	1074	1009	1100	1023	1100	1045	1110	1021	1116	1062	1152	1095	1132	1101	1065	1108	1085	1124	1069	1142	1055	1133	1041	1065	1005	1083	979	1067	948	1051	925	1040	900	999	849	4075	4095	133.0	298.7519011888589	253.16329765319824	20	1	0.7386341094970703	4.761904761904762	3.522504892367906			3.734584535396126	12.469880802609975	3.137304312218477	9.84345376740155	2.9283203423506037	7.461219529630424	2.7718237073142085	7.493343476607076	2.653385787226919	7.449261992619927	2.5449782126339993	6.788847292842376	2.5569987037084108	6.231617647058823	2.470766671559274	5.849667216217867	2.4669271691539945	5.532690498588899	2.332885722739377	5.45802385775377	2.2941163444717554	5.072463768115942	2.320105420060055	5.033674232975804	2.3192561512998378	4.7781410555815045	2.266218916747358	4.537756741499848	2.248010207181481	4.1568276199006595	2.237010904425914	4.040788372269994	2.282725002972298	3.89015205343186	2.230585824351219	3.669755349643357	2.098604871127926	3.4554810541088417	2.14562569213732	3.3076334530045317	2.11729287567589	3.1739855475264034	2.1047381546134662	2.99197211365797	2.0943567045568856	2.697705050914433	2.0526122298925698	2.6356136380229245	2.024693400616301	2.512835005416608	1.9921825747068467	2.407403165586275	1.9805160047104162	2.3189956964791403	1.9688484424221209	2.1848482197533023	1.8987766421398697	4.840414790882202	4.830547462045699	1.580135440180587	3.2582636039725617	2.2452696450316965	3.4129692832764507	4.761904761904762	5.32971410196216	3.838611111111111	9.7344	0.05126360059957276	20.93600082397461	-8.583077033116372e-06	18.559723951104814	-1.2400273187556994e-05	16.003401035139245	-1.2436989904034273e-05	14.42457560091053	-1.2539076101581948e-05	13.364764758495566	-8.807253262353396e-06	12.567485272588277	-1.0992481142898258e-05	11.912979060470995	-1.1286508005725338e-05	11.338694639682496	-1.1654258413050226e-05	10.815052008166425	-1.4300061490264408e-05	10.328521268622024	-1.4921741206503124e-05	9.85868322778306	-1.5625225363827362e-05	9.417059103589455	-1.641733367346681e-05	8.99794990640877	-1.5964410008620783e-05	8.59807487773043	-1.6859947228365174e-05	8.218959816357723	-1.784092142412182e-05	7.856498647001194	-1.8901060822038636e-05	7.512189661509674	-1.1695144343142218e-05	7.1903291378136	-1.241630082923152e-05	6.881126074865666	-1.3188560619334807e-05	6.596519487587893	0.0	6.333307145632634	6.369994776604283e-06	6.078689360588303	2.2564602456833917e-06	5.836389917354579	4.802185955046737e-06	5.614858162555733	2.556557442010886e-06	5.403905203671643	2.722162485878782e-06	5.205069745990585	2.90065264684554e-06	5.018502126289857	1.5475228801257827e-05	4.8445425642313715	1.3219775462113776e-05	4.687998022040125	1.4128334728506388e-05
17	1	15	0	0	1146	7640	1057	9570	923	4393	924	2233	896	1313	844	1084	874	948	869	916	877	907	888	843	907	878	951	871	938	877	967	892	957	904	975	929	954	952	952	955	925	957	943	972	942	943	916	949	873	930	846	942	831	928	827	876	791	848	757	830	710	4077	4095	120.0	271.2694483942054	224.23831748962402	18	1	0.7535009384155273	4.761904761904762	2.935420743639922			3.6331357194940237	16.291020747595795	3.3294484518222194	10.367802394236499	2.821335778694788	7.850811351776396	2.713098628769416	7.078103207810321	2.499930247481934	6.056273062730627	2.256262196915016	6.056881041515338	2.2214879394047227	5.8088235294117645	2.125837858995059	5.593209989619589	2.0644037474695165	5.332784571966133	2.0210756310171383	4.74341661039838	2.0084590004207357	4.64402835078811	2.054395022790607	4.345223247692691	1.9776929726538617	4.096216721158337	1.9922124477224499	3.8733770463328847	1.9381493407861958	3.680482045436039	1.9543778062860808	3.534738604368008	1.8903816430864344	3.382123063805599	1.8758990324932512	3.183121125258316	1.822731930322377	2.9845626072041167	1.864815693719348	2.8603378259078336	1.8657529362831506	2.620900500277932	1.8274314214463838	2.5060737297982465	1.756362538979982	2.3557424388266885	1.7278705935215064	2.2924728042637073	1.718611047918433	2.1854834911214733	1.7379061068381458	2.0065510685571617	1.69360882132534	1.8908734140522219	1.6560203010150507	1.815239261656898	1.5879050835327535	4.842790454583249	4.830547462045699	1.4256861114411312	2.958533040476979	1.988738068193956	3.0716723549488054	4.761904761904762	5.4369877124269	3.838611111111111	9.7344	0.05126360059957276	20.93600082397461	-8.583077033116372e-06	18.559723951104814	-1.2400273187556994e-05	16.003401035139245	-1.2436989904034273e-05	14.42457560091053	-1.2539076101581948e-05	13.364764758495566	-8.807253262353396e-06	12.567485272588277	-1.0992481142898258e-05	11.912979060470995	-1.1286508005725338e-05	11.338694639682496	-1.1654258413050226e-05	10.815052008166425	-1.4300061490264408e-05	10.328521268622024	-1.4921741206503124e-05	9.85868322778306	-1.5625225363827362e-05	9.417059103589455	-1.641733367346681e-05	8.99794990640877	-1.5964410008620783e-05	8.59807487773043	-1.6859947228365174e-05	8.218959816357723	-1.784092142412182e-05	7.856498647001194	-1.8901060822038636e-05	7.512189661509674	-1.1695144343142218e-05	7.1903291378136	-1.241630082923152e-05	6.881126074865666	-1.3188560619334807e-05	6.596519487587893	0.0	6.333307145632634	6.369994776604283e-06	6.078689360588303	2.2564602456833917e-06	5.836389917354579	4.802185955046737e-06	5.614858162555733	2.556557442010886e-06	5.403905203671643	2.722162485878782e-06	5.205069745990585	2.90065264684554e-06	5.018502126289857	1.5475228801257827e-05	4.8445425642313715	1.3219775462113776e-05	4.687998022040125	1.4128334728506388e-05
18	1	6	0	0	1240	9185	1021	9808	918	4374	856	2045	829	1240	791	1008	832	906	831	858	803	805	814	802	834	835	875	805	889	814	903	810	906	863	902	883	888	884	894	899	870	899	839	885	820	892	808	871	777	839	755	821	732	806	700	773	674	750	641	721	612	4076	4095	113.0	252.71389596125192	206.2500581741333	19	1	0.7629585266113281	4.761904761904762	1.1741682974559686			3.9311416162064483	19.58547455061091	3.2160519104167324	10.625643247928064	2.8060522696011003	7.816856101222388	2.513433361717121	6.482185875491314	2.3129934990653163	5.719557195571956	2.114577485497367	5.632228865172935	2.1147345143990037	5.5514705882352935	2.0328783208571846	5.239054771936252	1.8902123252200933	4.733066792097836	1.85265266176571	4.512716632905694	1.846807945260081	4.416587326774569	1.8902162407379404	4.01596408081816	1.8743806531868685	3.801961700140121	1.8603597107480583	3.5173042685309825	1.834862385321101	3.5135575278886084	1.808050032071841	3.3597138726124345	1.75960052312448	3.1405428449623423	1.7616110662279059	2.9964669022065196	1.7143532750059114	2.8036800249493217	1.6591520329061855	2.6043199340827496	1.6241161441105982	2.4791550861589773	1.6119700748129677	2.300095067075103	1.5632230157931797	2.12523430771569	1.5420121727053633	1.9980044291937407	1.5138667714516163	1.8981677735386935	1.4710208884966167	1.7706209771628834	1.4431003104592655	1.6723526657301493	1.4022576128806439	1.5768524188609923	1.3687294522845705	4.841602622732726	4.830547462045699	1.3425210882737317	2.756161504418779	1.8292027288204065	3.242320819112628	4.761904761904762	5.5052302164347795	3.838611111111111	9.7344	0.05126360059957276	20.93600082397461	-8.583077033116372e-06	18.559723951104814	-1.2400273187556994e-05	16.003401035139245	-1.2436989904034273e-05	14.42457560091053	-1.2539076101581948e-05	13.364764758495566	-8.807253262353396e-06	12.567485272588277	-1.0992481142898258e-05	11.912979060470995	-1.1286508005725338e-05	11.338694639682496	-1.1654258413050226e-05	10.815052008166425	-1.4300061490264408e-05	10.328521268622024	-1.4921741206503124e-05	9.85868322778306	-1.5625225363827362e-05	9.417059103589455	-1.641733367346681e-05	8.99794990640877	-1.5964410008620783e-05	8.59807487773043	-1.6859947228365174e-05	8.218959816357723	-1.784092142412182e-05	7.856498647001194	-1.8901060822038636e-05	7.512189661509674	-1.1695144343142218e-05	7.1903291378136	-1.241630082923152e-05	6.881126074865666	-1.3188560619334807e-05	6.596519487587893	0.0	6.333307145632634	6.369994776604283e-06	6.078689360588303	2.2564602456833917e-06	5.836389917354579	4.802185955046737e-06	5.614858162555733	2.556557442010886e-06	5.403905203671643	2.722162485878782e-06	5.205069745990585	2.90065264684554e-06	5.018502126289857	1.5475228801257827e-05	4.8445425642313715	1.3219775462113776e-05	4.687998022040125	1.4128334728506388e-05
19	1	6	0	0	1371	8799	1050	11783	836	5145	722	2314	716	1315	749	972	762	755	739	729	727	742	735	756	735	738	717	716	725	742	769	749	787	716	777	730	753	771	748	784	751	777	715	753	696	752	665	744	653	710	625	684	601	663	562	636	560	620	548	582	520	3762	3779	103.0	227.8774724248732	182.45126819610596	17	1	0.7757768630981445	4.761904761904762	1.1741682974559686			4.3464477063056774	18.76239418299678	3.307399124326708	12.765288987595472	2.5554027204646186	9.194724426334977	2.1199753354670112	7.334854824394574	1.9977121174074384	6.065498154981549	2.0022990349399845	5.431077834273901	1.9368121393894722	4.626225490196079	1.807818386418122	4.45136471881297	1.7113130266936585	4.362652869238006	1.6728497621594556	4.25388251181634	1.6275825416860425	3.9035226912091403	1.5488971938389753	3.571963083063108	1.528600645174893	3.465670247547875	1.5842930427079256	3.252420860653958	1.593859489235879	2.915072062535624	1.5574887748556767	2.777566395251503	1.4920936868386636	2.7390933636492822	1.4739206683875543	2.6131591227251514	1.4798612753211948	2.4232028691719942	1.413937668090492	2.215878994761933	1.3785180930499714	2.090050027793218	1.3266832917705735	1.9647195521284462	1.3137511316768937	1.7984700339429556	1.2765001429680158	1.6645980871723736	1.242942526833909	1.5613960717818285	1.1810196276215692	1.4568110497743776	1.1990150947436033	1.3824782036702568	1.198809940497025	1.272854518414837	1.162972737235256	4.468623421668429	4.45778726717233	1.223713912320304	2.485289203558428	1.6181346110423385	2.901023890784983	4.761904761904762	5.597722653297732	3.838611111111111	9.7344	0.05126360059957276	20.93600082397461	-8.583077033116372e-06	18.559723951104814	-1.2400273187556994e-05	16.003401035139245	-1.2436989904034273e-05	14.42457560091053	-1.2539076101581948e-05	13.364764758495566	-8.807253262353396e-06	12.567485272588277	-1.0992481142898258e-05	11.912979060470995	-1.1286508005725338e-05	11.338694639682496	-1.1654258413050226e-05	10.815052008166425	-1.4300061490264408e-05	10.328521268622024	-1.4921741206503124e-05	9.85868322778306	-1.5625225363827362e-05	9.417059103589455	-1.641733367346681e-05	8.99794990640877	-1.5964410008620783e-05	8.59807487773043	-1.6859947228365174e-05	8.218959816357723	-1.784092142412182e-05	7.856498647001194	-1.8901060822038636e-05	7.512189661509674	-1.1695144343142218e-05	7.1903291378136	-1.241630082923152e-05	6.881126074865666	-1.3188560619334807e-05	6.596519487587893	0.0	6.333307145632634	6.369994776604283e-06	6.078689360588303	2.2564602456833917e-06	5.836389917354579	4.802185955046737e-06	5.614858162555733	2.556557442010886e-06	5.403905203671643	2.722162485878782e-06	5.205069745990585	2.90065264684554e-06	5.018502126289857	1.5475228801257827e-05	4.8445425642313715	1.3219775462113776e-05	4.687998022040125	1.4128334728506388e-05
20	1	7	0	0	1709	4508	1081	15061	860	8874	770	3843	713	1784	683	1071	669	860	655	775	650	709	690	691	684	691	648	665	652	664	644	682	648	673	652	643	657	658	663	638	628	658	631	649	624	669	614	635	605	634	564	625	552	614	550	602	519	567	509	551	501	3173	3189	95.0	207.61927447797547	163.65315914154053	16	1	0.7855768203735352	4.761904761904762	1.36986301369863			5.41800082427163	9.612555174104953	3.405046146092544	16.316559232977628	2.6287635641143208	15.858889127171349	2.2609155239745133	12.181437809052872	1.9893418152395301	8.228782287822877	1.8258614697783837	5.984243169246242	1.7004295554482372	5.269607843137255	1.6023288810607172	4.732246443182512	1.530059790028718	4.168626528692379	1.5704303889660196	3.8881386450596445	1.5146482428751744	3.6549243626362	1.399840141712212	3.3175355450236967	1.3746863733159038	3.1013545072396074	1.3267681658048167	2.961483347084111	1.3123519047329728	2.7400048855956354	1.3069275176395125	2.446541359105091	1.3018666032576387	2.3376438823362227	1.306429683343514	2.1265248983401106	1.2374871916134627	2.0520817090285357	1.2478247112798608	1.90983461832735	1.2359127730792845	1.859366314619233	1.224937655860349	1.676877574733284	1.2171813700834926	1.6059577486194843	1.1519137290143378	1.521014334039084	1.1416044506028582	1.4459987753756298	1.155802126675913	1.3789312137801497	1.111230061021304	1.2642986152919928	1.1134931746587329	1.205056425509579	1.1204795026055063	3.76899046171024	3.761810953959398	1.1286681715575622	2.264348185979023	1.4514168283484612	2.7303754266211606	4.761904761904762	5.66843556760498	3.838611111111111	9.7344	0.05126360059957276	20.93600082397461	-8.583077033116372e-06	18.559723951104814	-1.2400273187556994e-05	16.003401035139245	-1.2436989904034273e-05	14.42457560091053	-1.2539076101581948e-05	13.364764758495566	-8.807253262353396e-06	12.567485272588277	-1.0992481142898258e-05	11.912979060470995	-1.1286508005725338e-05	11.338694639682496	-1.1654258413050226e-05	10.815052008166425	-1.4300061490264408e-05	10.328521268622024	-1.4921741206503124e-05	9.85868322778306	-1.5625225363827362e-05	9.417059103589455	-1.641733367346681e-05	8.99794990640877	-1.5964410008620783e-05	8.59807487773043	-1.6859947228365174e-05	8.218959816357723	-1.784092142412182e-05	7.856498647001194	-1.8901060822038636e-05	7.512189661509674	-1.1695144343142218e-05	7.1903291378136	-1.241630082923152e-05	6.881126074865666	-1.3188560619334807e-05	6.596519487587893	0.0	6.333307145632634	6.369994776604283e-06	6.078689360588303	2.2564602456833917e-06	5.836389917354579	4.802185955046737e-06	5.614858162555733	2.556557442010886e-06	5.403905203671643	2.722162485878782e-06	5.205069745990585	2.90065264684554e-06	5.018502126289857	1.5475228801257827e-05	4.8445425642313715	1.3219775462113776e-05	4.687998022040125	1.4128334728506388e-05
