	counts(inten<0.01	MicrocoloniesPlatonic	MicrocoloniesAggregates	MicrocoloniesLarge	counts(Norminten<0.01	counts(inten<0.02	counts(Norminten<0.02	counts(inten<0.03	counts(Norminten<0.03	counts(inten<0.04	counts(Norminten<0.04	counts(inten<0.05	counts(Norminten<0.05	counts(inten<0.060000000000000005	counts(Norminten<0.060000000000000005	counts(inten<0.06999999999999999	counts(Norminten<0.06999999999999999	counts(inten<0.08	counts(Norminten<0.08	counts(inten<0.09	counts(Norminten<0.09	counts(inten<0.09999999999999999	counts(Norminten<0.09999999999999999	counts(inten<0.11	counts(Norminten<0.11	counts(inten<0.12	counts(Norminten<0.12	counts(inten<0.13	counts(Norminten<0.13	counts(inten<0.14	counts(Norminten<0.14	counts(inten<0.15000000000000002	counts(Norminten<0.15000000000000002	counts(inten<0.16	counts(Norminten<0.16	counts(inten<0.17	counts(Norminten<0.17	counts(inten<0.18000000000000002	counts(Norminten<0.18000000000000002	counts(inten<0.19	counts(Norminten<0.19	counts(inten<0.2	counts(Norminten<0.2	counts(inten<0.21000000000000002	counts(Norminten<0.21000000000000002	counts(inten<0.22	counts(Norminten<0.22	counts(inten<0.23	counts(Norminten<0.23	counts(inten<0.24000000000000002	counts(Norminten<0.24000000000000002	counts(inten<0.25	counts(Norminten<0.25	counts(inten<0.26	counts(Norminten<0.26	counts(inten<0.27	counts(Norminten<0.27	counts(inten<0.28	counts(Norminten<0.28	counts(inten<0.29000000000000004	counts(Norminten<0.29000000000000004	diff	max	med	std	mean	min	eigenLocal	minProp	counts(inten<0.01Normalized	MicrocoloniesPlatonicNormalized	MicrocoloniesAggregatesNormalized	MicrocoloniesLargeNormalized	counts(Norminten<0.01Normalized	counts(inten<0.02Normalized	counts(Norminten<0.02Normalized	counts(inten<0.03Normalized	counts(Norminten<0.03Normalized	counts(inten<0.04Normalized	counts(Norminten<0.04Normalized	counts(inten<0.05Normalized	counts(Norminten<0.05Normalized	counts(inten<0.060000000000000005Normalized	counts(Norminten<0.060000000000000005Normalized	counts(inten<0.06999999999999999Normalized	counts(Norminten<0.06999999999999999Normalized	counts(inten<0.08Normalized	counts(Norminten<0.08Normalized	counts(inten<0.09Normalized	counts(Norminten<0.09Normalized	counts(inten<0.09999999999999999Normalized	counts(Norminten<0.09999999999999999Normalized	counts(inten<0.11Normalized	counts(Norminten<0.11Normalized	counts(inten<0.12Normalized	counts(Norminten<0.12Normalized	counts(inten<0.13Normalized	counts(Norminten<0.13Normalized	counts(inten<0.14Normalized	counts(Norminten<0.14Normalized	counts(inten<0.15000000000000002Normalized	counts(Norminten<0.15000000000000002Normalized	counts(inten<0.16Normalized	counts(Norminten<0.16Normalized	counts(inten<0.17Normalized	counts(Norminten<0.17Normalized	counts(inten<0.18000000000000002Normalized	counts(Norminten<0.18000000000000002Normalized	counts(inten<0.19Normalized	counts(Norminten<0.19Normalized	counts(inten<0.2Normalized	counts(Norminten<0.2Normalized	counts(inten<0.21000000000000002Normalized	counts(Norminten<0.21000000000000002Normalized	counts(inten<0.22Normalized	counts(Norminten<0.22Normalized	counts(inten<0.23Normalized	counts(Norminten<0.23Normalized	counts(inten<0.24000000000000002Normalized	counts(Norminten<0.24000000000000002Normalized	counts(inten<0.25Normalized	counts(Norminten<0.25Normalized	counts(inten<0.26Normalized	counts(Norminten<0.26Normalized	counts(inten<0.27Normalized	counts(Norminten<0.27Normalized	counts(inten<0.28Normalized	counts(Norminten<0.28Normalized	counts(inten<0.29000000000000004Normalized	counts(Norminten<0.29000000000000004Normalized	diffNormalized	maxNormalized	medNormalized	stdNormalized	meanNormalized	minNormalized	eigenLocalNormalized	minPropNormalized	BioVolume	SubstratumCoverage	Homogenity	ThicknessThreshold=0.01	RoughnessThreshold=0.01	ThicknessThreshold=0.02	RoughnessThreshold=0.02	ThicknessThreshold=0.03	RoughnessThreshold=0.03	ThicknessThreshold=0.04	RoughnessThreshold=0.04	ThicknessThreshold=0.05	RoughnessThreshold=0.05	ThicknessThreshold=0.060000000000000005	RoughnessThreshold=0.060000000000000005	ThicknessThreshold=0.06999999999999999	RoughnessThreshold=0.06999999999999999	ThicknessThreshold=0.08	RoughnessThreshold=0.08	ThicknessThreshold=0.09	RoughnessThreshold=0.09	ThicknessThreshold=0.09999999999999999	RoughnessThreshold=0.09999999999999999	ThicknessThreshold=0.11	RoughnessThreshold=0.11	ThicknessThreshold=0.12	RoughnessThreshold=0.12	ThicknessThreshold=0.13	RoughnessThreshold=0.13	ThicknessThreshold=0.14	RoughnessThreshold=0.14	ThicknessThreshold=0.15000000000000002	RoughnessThreshold=0.15000000000000002	ThicknessThreshold=0.16	RoughnessThreshold=0.16	ThicknessThreshold=0.17	RoughnessThreshold=0.17	ThicknessThreshold=0.18000000000000002	RoughnessThreshold=0.18000000000000002	ThicknessThreshold=0.19	RoughnessThreshold=0.19	ThicknessThreshold=0.2	RoughnessThreshold=0.2	ThicknessThreshold=0.21000000000000002	RoughnessThreshold=0.21000000000000002	ThicknessThreshold=0.22	RoughnessThreshold=0.22	ThicknessThreshold=0.23	RoughnessThreshold=0.23	ThicknessThreshold=0.24000000000000002	RoughnessThreshold=0.24000000000000002	ThicknessThreshold=0.25	RoughnessThreshold=0.25	ThicknessThreshold=0.26	RoughnessThreshold=0.26	ThicknessThreshold=0.27	RoughnessThreshold=0.27	ThicknessThreshold=0.28	RoughnessThreshold=0.28	ThicknessThreshold=0.29000000000000004	RoughnessThreshold=0.29000000000000004
0	1	38	0	0	3816	1	4105	22	4407	70	4649	155	4906	195	5085	164	5311	161	5499	184	5612	176	5711	260	5791	296	5868	391	5914	566	5865	739	5853	954	5853	1196	5817	1483	5735	1811	5681	2149	5602	2472	5522	2861	5445	3323	5329	3706	5201	4105	5062	4472	4925	4795	4766	5081	4647	5341	4457	4043	4095	870.0	556.6495266616097	960.9037790298462	52	1	0.5646371841430664	4.761904761904762	8.444444444444445			8.729069448256931	0.005159160088737554	9.945728545815768	0.025604320147108457	10.931686262836731	0.06969681883805447	11.69589172054643	0.19591485919409476	12.411769170440458	0.3430622262099541	12.83280757097792	0.3826054497946995	13.473198203911817	0.47232082612139525	13.899350403154461	0.6230318626621068	14.161703845765619	0.6497821752935096	14.387927342352555	1.0193280276002665	14.585064853293037	1.1926346750473427	14.660836976889444	1.5942265351056022	14.688423614733129	2.3259636722281583	14.572514721594157	2.9969989455754726	14.572751717956379	3.7737341772151898	14.567311282012993	4.577114427860696	14.444637580392838	5.510348158882325	14.236068015390343	6.43613618594072	14.183706588769878	7.346255084948552	14.061950901149656	8.164343747935796	13.946557559226145	9.088021346208825	13.824358290806613	10.194815155698727	13.650102459016395	10.959957414088839	13.40982338532938	11.791233411845809	13.217745515314515	12.430509228374472	13.047394494926747	13.035558938668986	12.796348503154785	13.47852614266387	12.681475821416877	13.874529159631122	12.386060471320587	4.740242229543563	4.761904761904762	11.498810467882633	6.039031758513586	9.084194215771191	7.386363636363637	4.761904761904762	3.9173187150461524	20.006704545454546	2.9744	0.07319997551254513	20.97672462463379	-8.583077033116372e-06	19.540150440764545	-1.9074541400338383e-05	16.539912900627012	-1.9113332505088924e-05	14.044000092524234	-1.8312105747591717e-05	12.284194405277841	-1.8617083819990436e-05	11.045311917297907	-2.0049984611636812e-05	10.13839218632607	-2.0583988332995413e-05	9.440313462017368	-2.1194208894361706e-05	8.881613765291975	-2.1869132921683355e-05	8.417259897025302	-2.259210518884176e-05	8.026900201760286	-1.988364558454409e-05	7.690373282374166	-2.0639459003356946e-05	7.396965953813587	-2.1471505417766028e-05	7.137206793964608	-2.2388452826212928e-05	6.900763379781785	-2.2011341343627304e-05	6.689062137414043	-1.4413375612568463e-06	6.494511280015492	6.0515196122186234e-06	6.31966044066944	6.367145529069999e-06	6.162589024371813	6.717247540647744e-06	6.0191239800040846	5.327518051406997e-06	5.889546473374404	3.7576326914044154e-06	5.767777622461409	5.990786170869203e-06	5.6509619084672185	4.252008010783092e-06	5.546236925101536	-2.2689680052821574e-06	5.444302123891658	0.0	5.353768496786049	0.0	5.266209232761122	2.790373212417161e-06	5.183845107185659	3.003670485333077e-06	5.1066969941451115	3.2401257168778148e-06
1	1	46	0	0	3675	1	3927	20	4183	105	4396	173	4622	216	4821	197	4945	205	5063	243	5207	245	5275	315	5345	442	5404	609	5452	736	5510	944	5531	1158	5579	1387	5614	1647	5625	1925	5545	2241	5526	2533	5471	2831	5416	3133	5333	3477	5258	3785	5157	4145	5071	4422	4965	4722	4827	4910	4717	4044	4095	856.0	615.490565660649	978.1972780227661	51	1	0.5779266357421875	4.761904761904762	10.222222222222223			8.406533077134231	0.005159160088737554	9.514464311673208	0.023276654679189508	10.3760480230193	0.1045452282570817	11.059397720697376	0.21866626219727994	11.693272952665266	0.38000738903256454	12.166561514195584	0.4595931317655842	12.544711940942186	0.6014022941297268	12.79731061850719	0.8228083838418041	13.139699202584032	0.9045263235619877	13.289496888620159	1.2349551103618615	13.461780632162196	1.7808936701720457	13.501561524047471	2.483079181277012	13.54096813451556	3.0245746691871456	13.690461400849752	3.828372130748641	13.77103874116124	4.580696202531645	13.885363000572436	5.308075009567547	13.940552755084305	6.119719094861219	13.963013528608665	6.841282251759187	13.844156492647242	7.660752743308379	13.871178272001606	8.365810159191492	13.817750164166288	8.992725771100028	13.75072993627339	9.611903666206473	13.660348360655739	10.282723132430355	13.556787417816166	10.872062963175734	13.465806721153092	11.521569935512565	13.434180199750973	12.02153110047847	13.33064840918244	12.52619571849219	13.172688571116689	12.754903234186257	13.108603823921744	4.741414686191979	4.761904761904762	11.313772138514407	6.677391958602555	9.247683533796913	7.2443181818181825	4.761904761904762	4.009517774767919	20.006704545454546	2.9744	0.07319997551254513	20.97672462463379	-8.583077033116372e-06	19.540150440764545	-1.9074541400338383e-05	16.539912900627012	-1.9113332505088924e-05	14.044000092524234	-1.8312105747591717e-05	12.284194405277841	-1.8617083819990436e-05	11.045311917297907	-2.0049984611636812e-05	10.13839218632607	-2.0583988332995413e-05	9.440313462017368	-2.1194208894361706e-05	8.881613765291975	-2.1869132921683355e-05	8.417259897025302	-2.259210518884176e-05	8.026900201760286	-1.988364558454409e-05	7.690373282374166	-2.0639459003356946e-05	7.396965953813587	-2.1471505417766028e-05	7.137206793964608	-2.2388452826212928e-05	6.900763379781785	-2.2011341343627304e-05	6.689062137414043	-1.4413375612568463e-06	6.494511280015492	6.0515196122186234e-06	6.31966044066944	6.367145529069999e-06	6.162589024371813	6.717247540647744e-06	6.0191239800040846	5.327518051406997e-06	5.889546473374404	3.7576326914044154e-06	5.767777622461409	5.990786170869203e-06	5.6509619084672185	4.252008010783092e-06	5.546236925101536	-2.2689680052821574e-06	5.444302123891658	0.0	5.353768496786049	0.0	5.266209232761122	2.790373212417161e-06	5.183845107185659	3.003670485333077e-06	5.1066969941451115	3.2401257168778148e-06
2	1	46	0	0	3252	1	3418	24	3590	150	3735	236	3880	302	4017	285	4117	318	4202	420	4244	552	4340	746	4367	875	4461	1073	4499	1240	4569	1404	4602	1610	4609	1806	4645	2065	4633	2300	4589	2543	4594	2746	4591	2966	4523	3172	4456	3381	4438	3604	4393	3795	4299	3945	4262	4111	4174	4231	4102	4044	4095	775.0	631.7073973880765	927.0176696777344	51	1	0.5947704315185547	4.761904761904762	10.222222222222223			7.438923963766126	0.005159160088737554	8.281242428647575	0.02793198561502741	8.905095004216898	0.14935032608154528	9.396462804095702	0.2982961727084281	9.81607508791459	0.531306627258493	10.137539432176656	0.6648936170212766	10.444202034551866	0.9329069733329423	10.621034805247326	1.422137947380896	10.709599273241142	2.0379531861478255	10.933917819262842	2.924687340729996	10.998614784032238	3.525524799548733	11.145534041224234	4.374949033678545	11.174030747833	5.095750801347909	11.3523989365667	5.6938924486981914	11.458022109351658	6.36867088607595	11.471166529779238	6.911595866819748	11.534354746591841	7.672871846319622	11.500558520541144	8.173999573530457	11.45731905225576	8.693125491402592	11.531703398764998	9.069291234559747	11.595191190584432	9.42155585908961	11.483484398405565	9.731553919312779	11.413934426229508	9.998817058023304	11.44256800309398	10.352157178146722	11.470872392093376	10.54869913275517	11.38898455506398	10.724771639843409	11.443146731104846	10.90537708570974	11.390677873594585	10.991037797116508	11.399510893730547	4.741414686191979	4.761904761904762	10.243193232883954	6.85332664844545	8.76384164219485	7.2443181818181825	4.761904761904762	4.126376030441105	20.006704545454546	2.9744	0.07319997551254513	20.97672462463379	-8.583077033116372e-06	19.540150440764545	-1.9074541400338383e-05	16.539912900627012	-1.9113332505088924e-05	14.044000092524234	-1.8312105747591717e-05	12.284194405277841	-1.8617083819990436e-05	11.045311917297907	-2.0049984611636812e-05	10.13839218632607	-2.0583988332995413e-05	9.440313462017368	-2.1194208894361706e-05	8.881613765291975	-2.1869132921683355e-05	8.417259897025302	-2.259210518884176e-05	8.026900201760286	-1.988364558454409e-05	7.690373282374166	-2.0639459003356946e-05	7.396965953813587	-2.1471505417766028e-05	7.137206793964608	-2.2388452826212928e-05	6.900763379781785	-2.2011341343627304e-05	6.689062137414043	-1.4413375612568463e-06	6.494511280015492	6.0515196122186234e-06	6.31966044066944	6.367145529069999e-06	6.162589024371813	6.717247540647744e-06	6.0191239800040846	5.327518051406997e-06	5.889546473374404	3.7576326914044154e-06	5.767777622461409	5.990786170869203e-06	5.6509619084672185	4.252008010783092e-06	5.546236925101536	-2.2689680052821574e-06	5.444302123891658	0.0	5.353768496786049	0.0	5.266209232761122	2.790373212417161e-06	5.183845107185659	3.003670485333077e-06	5.1066969941451115	3.2401257168778148e-06
3	1	50	0	0	3091	1	3192	46	3285	193	3418	295	3424	468	3523	476	3581	581	3625	749	3666	865	3720	1061	3749	1208	3785	1402	3815	1562	3803	1791	3786	2005	3812	2224	3818	2419	3803	2552	3772	2765	3725	2942	3705	3102	3659	3229	3640	3411	3599	3436	3590	3566	3560	3613	3544	3664	3485	3725	3424	4052	4095	691.0	617.7833592279762	858.7114009857178	43	1	0.6092128753662109	4.761904761904762	11.11111111111111			7.070637752767865	0.005159160088737554	7.73368222125309	0.053536305762135875	8.14853400803691	0.1921640862249216	8.598958464363884	0.37287021588553515	8.66243327345865	0.8233493429038898	8.890851735015772	1.110488988428518	9.084451660366827	1.70446211165547	9.162601420519172	2.5361460061625976	9.251034621984456	3.1935317138004877	9.37192955936815	4.159642451091857	9.442135751164841	4.867238808976993	9.456589631480325	5.716382614368425	9.47520055634205	6.419002219117284	9.449151489552015	7.263362803147051	9.426351956976395	7.93117088607595	9.487543243983176	8.511289705319557	9.480767798167415	8.9882213056887	9.440238302097555	9.06958561376075	9.417521783636682	9.452022014836086	9.35036899442743	9.716625933020676	9.357478405819064	9.853562466249484	9.289867215070963	9.906427366160454	9.323770491803279	10.087537706275507	9.279360577542864	9.869592692594933	9.374102410110453	9.912163664665332	9.431213076535885	9.822205306655068	9.51537119076386	9.719606334721597	9.510424626132519	9.676581374204442	9.515340151178302	4.7507943393793015	4.761904761904762	9.132963256674596	6.702266233178595	8.118087692117339	6.107954545454546	4.761904761904762	4.226574276614514	20.006704545454546	2.9744	0.07319997551254513	20.97672462463379	-8.583077033116372e-06	19.540150440764545	-1.9074541400338383e-05	16.539912900627012	-1.9113332505088924e-05	14.044000092524234	-1.8312105747591717e-05	12.284194405277841	-1.8617083819990436e-05	11.045311917297907	-2.0049984611636812e-05	10.13839218632607	-2.0583988332995413e-05	9.440313462017368	-2.1194208894361706e-05	8.881613765291975	-2.1869132921683355e-05	8.417259897025302	-2.259210518884176e-05	8.026900201760286	-1.988364558454409e-05	7.690373282374166	-2.0639459003356946e-05	7.396965953813587	-2.1471505417766028e-05	7.137206793964608	-2.2388452826212928e-05	6.900763379781785	-2.2011341343627304e-05	6.689062137414043	-1.4413375612568463e-06	6.494511280015492	6.0515196122186234e-06	6.31966044066944	6.367145529069999e-06	6.162589024371813	6.717247540647744e-06	6.0191239800040846	5.327518051406997e-06	5.889546473374404	3.7576326914044154e-06	5.767777622461409	5.990786170869203e-06	5.6509619084672185	4.252008010783092e-06	5.546236925101536	-2.2689680052821574e-06	5.444302123891658	0.0	5.353768496786049	0.0	5.266209232761122	2.790373212417161e-06	5.183845107185659	3.003670485333077e-06	5.1066969941451115	3.2401257168778148e-06
4	1	45	0	0	2856	1	2907	52	2998	232	3007	512	3077	687	3054	841	3081	986	3088	1114	3102	1263	3082	1358	3163	1520	3183	1762	3212	1939	3217	2107	3202	2310	3178	2441	3160	2503	3175	2706	3187	2830	3168	2907	3136	2985	3124	3031	3063	3065	3067	3080	3052	3098	3018	3090	3001	3150	2982	3189	2938	4044	4095	614.0	599.1547677219756	793.3943223953247	51	1	0.6235437393188477	4.761904761904762	10.0			6.533077134230029	0.005159160088737554	7.0431748800697775	0.06051930216589272	7.436622513270824	0.23099517100612335	7.564970187929256	0.6471510187572679	7.784552331317833	1.2086346123396845	7.707255520504732	1.9620194102276969	7.816027803850935	2.8925983512776132	7.805272603189849	3.7720516032912337	7.82779852629454	4.6629254965664915	7.764593253218452	5.3240286980044695	7.966251101876338	6.124340223216084	7.9525296689569025	7.184212672266166	7.977547624369769	7.968274841785157	7.993142346013367	8.544894151999351	7.972313514590181	9.137658227848101	7.909604519774012	9.341752774588596	7.846837674753544	9.300338126555939	7.8813454139257795	9.616888193901485	7.956957031932689	9.674221447372918	7.952206436066067	9.601030451152653	7.920391978582614	9.48190972332518	7.931551019371874	9.298972235005369	7.845799180327869	9.06429289643343	7.907696274332861	8.847015568449475	7.969292633887772	8.611296419835446	7.9953373778048595	8.400391474554155	8.057457376829106	8.35610260763456	8.137757886693592	8.284192752305493	8.164739884393063	4.741414686191979	4.761904761904762	8.115252445149352	6.500166616933881	7.500592953860625	7.2443181818181825	4.761904761904762	4.3259984079700216	20.006704545454546	2.9744	0.07319997551254513	20.97672462463379	-8.583077033116372e-06	19.540150440764545	-1.9074541400338383e-05	16.539912900627012	-1.9113332505088924e-05	14.044000092524234	-1.8312105747591717e-05	12.284194405277841	-1.8617083819990436e-05	11.045311917297907	-2.0049984611636812e-05	10.13839218632607	-2.0583988332995413e-05	9.440313462017368	-2.1194208894361706e-05	8.881613765291975	-2.1869132921683355e-05	8.417259897025302	-2.259210518884176e-05	8.026900201760286	-1.988364558454409e-05	7.690373282374166	-2.0639459003356946e-05	7.396965953813587	-2.1471505417766028e-05	7.137206793964608	-2.2388452826212928e-05	6.900763379781785	-2.2011341343627304e-05	6.689062137414043	-1.4413375612568463e-06	6.494511280015492	6.0515196122186234e-06	6.31966044066944	6.367145529069999e-06	6.162589024371813	6.717247540647744e-06	6.0191239800040846	5.327518051406997e-06	5.889546473374404	3.7576326914044154e-06	5.767777622461409	5.990786170869203e-06	5.6509619084672185	4.252008010783092e-06	5.546236925101536	-2.2689680052821574e-06	5.444302123891658	0.0	5.353768496786049	0.0	5.266209232761122	2.790373212417161e-06	5.183845107185659	3.003670485333077e-06	5.1066969941451115	3.2401257168778148e-06
5	1	35	0	0	2253	1	2241	83	2256	536	2269	1193	2271	1564	2314	1786	2315	1788	2357	1762	2381	1845	2370	1879	2365	1953	2397	2064	2416	2110	2409	2104	2401	2165	2377	2249	2408	2254	2429	2274	2403	2240	2398	2279	2404	2304	2420	2336	2403	2353	2429	2370	2404	2363	2393	2393	2371	2418	2380	2413	2353	4048	4095	495.0	567.883787632218	690.8693580627441	47	1	0.6456279754638672	4.761904761904762	7.777777777777778			5.153719461981883	0.005159160088737554	5.429568251199302	0.09659811691863646	5.596070843875577	0.5336784985313885	5.70831970615613	1.5079124323777744	5.745439825941761	2.751534983550606	5.839747634069401	4.166666666666666	5.8728024556685865	5.245401472702203	5.95758663397619	5.966207293536044	6.008377914605834	6.811637008048438	5.970826090242612	7.3666052456188496	5.95642866137766	7.868971352592771	5.988757026858214	8.415558998613717	6.000546407371532	8.670995315196844	5.985539294854275	8.532727715143158	5.977990240015934	8.564082278481013	5.916025784613852	8.606965174129353	5.979488962280549	8.37513469327091	6.0295395308427455	8.081597839220981	5.999550595461014	7.6573342905001205	6.019378482855565	7.526917233634982	6.071627014194069	7.318700168355516	6.144159240358494	7.166743365546862	6.155225409836065	6.958656177914473	6.262730437024623	6.807606135462745	6.277254093009896	6.56826773404492	6.339576655098418	6.5055458895171805	6.3659551617666805	6.414303525479481	6.494924134919769	6.268346538511495	6.539017341040462	4.74610451278564	4.761904761904762	6.54242664551943	6.160911065933127	6.531342225236686	6.676136363636363	4.761904761904762	4.479213594620682	20.006704545454546	2.9744	0.07319997551254513	20.97672462463379	-8.583077033116372e-06	19.540150440764545	-1.9074541400338383e-05	16.539912900627012	-1.9113332505088924e-05	14.044000092524234	-1.8312105747591717e-05	12.284194405277841	-1.8617083819990436e-05	11.045311917297907	-2.0049984611636812e-05	10.13839218632607	-2.0583988332995413e-05	9.440313462017368	-2.1194208894361706e-05	8.881613765291975	-2.1869132921683355e-05	8.417259897025302	-2.259210518884176e-05	8.026900201760286	-1.988364558454409e-05	7.690373282374166	-2.0639459003356946e-05	7.396965953813587	-2.1471505417766028e-05	7.137206793964608	-2.2388452826212928e-05	6.900763379781785	-2.2011341343627304e-05	6.689062137414043	-1.4413375612568463e-06	6.494511280015492	6.0515196122186234e-06	6.31966044066944	6.367145529069999e-06	6.162589024371813	6.717247540647744e-06	6.0191239800040846	5.327518051406997e-06	5.889546473374404	3.7576326914044154e-06	5.767777622461409	5.990786170869203e-06	5.6509619084672185	4.252008010783092e-06	5.546236925101536	-2.2689680052821574e-06	5.444302123891658	0.0	5.353768496786049	0.0	5.266209232761122	2.790373212417161e-06	5.183845107185659	3.003670485333077e-06	5.1066969941451115	3.2401257168778148e-06
6	1	30	0	0	1835	1	1779	177	1802	1281	1788	2470	1794	2692	1806	2662	1825	2426	1825	2306	1886	2157	1873	2074	1864	1949	1880	1855	1935	1789	1939	1855	1891	1804	1928	1822	1969	1786	1991	1792	2004	1804	2024	1842	2006	1839	1993	1878	2005	1855	2009	1885	2000	1935	1988	1922	1971	1903	1948	1956	1944	4047	4095	405.0	536.9806660263633	606.9673881530762	48	1	0.6653852462768555	4.761904761904762	6.666666666666667			4.197547808582669	0.005159160088737554	4.310219508649514	0.2059983939108271	4.469911197102743	1.2754517847363966	4.498226370474729	3.121998078770413	4.538669770030612	4.73601801516511	4.557728706624606	6.210339678984695	4.62974707628301	7.117082758823012	4.612895887571721	7.808214539667491	4.7592611284950035	7.963523591523296	4.7187161464238025	8.13110126631905	4.694622843470595	7.852854667794834	4.697064334790755	7.563402103889749	4.805901199612547	7.351853373880168	4.817750391333515	7.522913456079163	4.708196394781396	7.136075949367089	4.798526593494114	6.972828166858018	4.889374487844851	6.636198119867721	4.942286210748417	6.368611841637644	5.003370534042394	6.166888866099204	5.080576334153321	6.0836250743113816	5.06642420568773	5.841618754169181	5.06004519257623	5.761619880349747	5.135758196721311	5.4858934169279	5.179837566069357	5.414488424197162	5.222341175548999	5.378585723815877	5.266643706784645	5.225097868638538	5.291985501409585	5.048147067405894	5.316013535640214	5.081179373944668	5.402401067140952	4.744932056137224	4.761904761904762	5.35289452815226	5.825646372663364	5.738149601397978	6.8181818181818175	4.761904761904762	4.616284848316833	20.006704545454546	2.9744	0.07319997551254513	20.97672462463379	-8.583077033116372e-06	19.540150440764545	-1.9074541400338383e-05	16.539912900627012	-1.9113332505088924e-05	14.044000092524234	-1.8312105747591717e-05	12.284194405277841	-1.8617083819990436e-05	11.045311917297907	-2.0049984611636812e-05	10.13839218632607	-2.0583988332995413e-05	9.440313462017368	-2.1194208894361706e-05	8.881613765291975	-2.1869132921683355e-05	8.417259897025302	-2.259210518884176e-05	8.026900201760286	-1.988364558454409e-05	7.690373282374166	-2.0639459003356946e-05	7.396965953813587	-2.1471505417766028e-05	7.137206793964608	-2.2388452826212928e-05	6.900763379781785	-2.2011341343627304e-05	6.689062137414043	-1.4413375612568463e-06	6.494511280015492	6.0515196122186234e-06	6.31966044066944	6.367145529069999e-06	6.162589024371813	6.717247540647744e-06	6.0191239800040846	5.327518051406997e-06	5.889546473374404	3.7576326914044154e-06	5.767777622461409	5.990786170869203e-06	5.6509619084672185	4.252008010783092e-06	5.546236925101536	-2.2689680052821574e-06	5.444302123891658	0.0	5.353768496786049	0.0	5.266209232761122	2.790373212417161e-06	5.183845107185659	3.003670485333077e-06	5.1066969941451115	3.2401257168778148e-06
7	1	24	0	0	1587	1	1564	355	1523	1929	1552	3375	1566	3567	1581	3312	1605	2820	1575	2449	1559	2146	1554	1932	1551	1830	1620	1742	1658	1604	1691	1537	1701	1530	1727	1553	1741	1572	1750	1585	1695	1601	1722	1574	1726	1551	1740	1551	1725	1632	1723	1671	1705	1684	1700	1724	1673	1730	1670	1742	1697	4059	4095	355.0	511.106930734065	553.8721599578857	36	1	0.6798582077026367	4.761904761904762	5.333333333333334			3.630249794125721	0.005159160088737554	3.789310461791927	0.41316062055561376	3.7778439251872795	1.9206451934086723	3.9045007421570355	4.265888063097225	3.9618488628026407	6.275399799440545	3.989905362776025	7.726763717805152	4.071640579416018	8.272948631443072	3.98099234132902	8.292418650323368	3.9340870091854248	7.922912205567452	3.9150479933489533	7.57439134355275	3.906309029089535	7.3733832950562075	4.047470331043098	7.102666557938514	4.117924645456126	6.591600230130681	4.2015553954332	6.233271149322735	4.235135942635196	6.052215189873418	4.2982652629483065	5.9433601224645995	4.323210250552507	5.841043361944042	4.344048653344918	5.632951880019902	4.231892742116695	5.472942946022631	4.322506149907124	5.198493956007662	4.3592463504571395	4.926781233124742	4.417701271993297	4.7583985273815	4.418545081967213	4.826403264919856	4.442439087276009	4.799793186649049	4.452045852155521	4.680898376695575	4.503669165761518	4.686820356676816	4.49187810444355	4.589224606732632	4.557362733326056	4.525263021171581	4.715984882169853	4.759001535918209	4.761904761904762	4.6920433518371665	5.544944958833635	5.236197818730653	5.113636363636364	4.761904761904762	4.71669481820112	20.006704545454546	2.9744	0.07319997551254513	20.97672462463379	-8.583077033116372e-06	19.540150440764545	-1.9074541400338383e-05	16.539912900627012	-1.9113332505088924e-05	14.044000092524234	-1.8312105747591717e-05	12.284194405277841	-1.8617083819990436e-05	11.045311917297907	-2.0049984611636812e-05	10.13839218632607	-2.0583988332995413e-05	9.440313462017368	-2.1194208894361706e-05	8.881613765291975	-2.1869132921683355e-05	8.417259897025302	-2.259210518884176e-05	8.026900201760286	-1.988364558454409e-05	7.690373282374166	-2.0639459003356946e-05	7.396965953813587	-2.1471505417766028e-05	7.137206793964608	-2.2388452826212928e-05	6.900763379781785	-2.2011341343627304e-05	6.689062137414043	-1.4413375612568463e-06	6.494511280015492	6.0515196122186234e-06	6.31966044066944	6.367145529069999e-06	6.162589024371813	6.717247540647744e-06	6.0191239800040846	5.327518051406997e-06	5.889546473374404	3.7576326914044154e-06	5.767777622461409	5.990786170869203e-06	5.6509619084672185	4.252008010783092e-06	5.546236925101536	-2.2689680052821574e-06	5.444302123891658	0.0	5.353768496786049	0.0	5.266209232761122	2.790373212417161e-06	5.183845107185659	3.003670485333077e-06	5.1066969941451115	3.2401257168778148e-06
8	1	21	0	0	1440	7	1388	1066	1337	3500	1329	4692	1280	4275	1317	3515	1284	2902	1320	2371	1325	1961	1333	1728	1353	1546	1368	1447	1374	1379	1342	1321	1378	1278	1390	1298	1401	1279	1408	1319	1424	1324	1433	1328	1447	1370	1450	1376	1474	1357	1474	1379	1477	1395	1459	1393	1458	1414	1448	1434	1433	4057	4095	303.0	480.715044563609	491.17277240753174	38	1	0.6962518692016602	4.761904761904762	4.666666666666667			3.2939884710403518	0.03611412062116288	3.3628918932015313	1.2406456944008006	3.316465743910304	3.4848409419027235	3.3434803391280283	5.9305323828302745	3.238292812507906	7.5209795746028405	3.323659305993691	8.200354609929079	3.257312463532814	8.513509549094962	3.336450724161464	8.028307317238344	3.343595437569395	7.239902532673706	3.358274758773587	6.774610891127926	3.4076312806951266	6.2290986744026755	3.4178638351030606	5.899861371605643	3.412562402205499	5.666968028273198	3.3344100181379983	5.35728769567686	3.430933173986655	5.055379746835443	3.4595186540232463	4.967470340604669	3.4789302475726953	4.752350165347601	3.4950974308055107	4.687611059776815	3.555289241754675	4.526031518134892	3.597068125909935	4.386022854878129	3.6545941304238014	4.351831263301674	3.6814177266610812	4.221506366007056	3.7756147540983607	4.0131306559413265	3.800438313781101	3.961050152237606	3.8566989581429354	3.87758505670447	3.865207831085914	3.7869725967812093	3.914619412001611	3.7509616149826246	3.9515336753629517	3.7251591115729314	3.982325477990218	4.756656622621379	4.761904761904762	4.004758128469469	5.215226604656201	4.643450213666201	5.3977272727272725	4.761904761904762	4.830430149138844	20.006704545454546	2.9744	0.07319997551254513	20.97672462463379	-8.583077033116372e-06	19.540150440764545	-1.9074541400338383e-05	16.539912900627012	-1.9113332505088924e-05	14.044000092524234	-1.8312105747591717e-05	12.284194405277841	-1.8617083819990436e-05	11.045311917297907	-2.0049984611636812e-05	10.13839218632607	-2.0583988332995413e-05	9.440313462017368	-2.1194208894361706e-05	8.881613765291975	-2.1869132921683355e-05	8.417259897025302	-2.259210518884176e-05	8.026900201760286	-1.988364558454409e-05	7.690373282374166	-2.0639459003356946e-05	7.396965953813587	-2.1471505417766028e-05	7.137206793964608	-2.2388452826212928e-05	6.900763379781785	-2.2011341343627304e-05	6.689062137414043	-1.4413375612568463e-06	6.494511280015492	6.0515196122186234e-06	6.31966044066944	6.367145529069999e-06	6.162589024371813	6.717247540647744e-06	6.0191239800040846	5.327518051406997e-06	5.889546473374404	3.7576326914044154e-06	5.767777622461409	5.990786170869203e-06	5.6509619084672185	4.252008010783092e-06	5.546236925101536	-2.2689680052821574e-06	5.444302123891658	0.0	5.353768496786049	0.0	5.266209232761122	2.790373212417161e-06	5.183845107185659	3.003670485333077e-06	5.1066969941451115	3.2401257168778148e-06
9	1	16	0	0	1502	34	1326	2194	1240	5314	1145	5769	1074	4675	1079	3701	1099	2626	1095	2074	1079	1854	1084	1582	1122	1346	1143	1264	1120	1148	1121	1077	1150	1091	1144	1079	1184	1087	1198	1073	1242	1124	1248	1123	1269	1122	1304	1121	1268	1152	1309	1151	1311	1188	1299	1219	1288	1238	1292	1248	1272	4061	4095	258.0	438.5897557189687	428.4684762954712	34	1	0.712432861328125	4.761904761904762	3.5555555555555554			3.435812974654589	0.1754114430170768	3.21267626108446	2.553449018307089	3.075854541846505	5.290984218648878	2.8805756119650807	7.291824662520856	2.7171300629949147	8.22469696170018	2.723028391167192	8.6342851810377	2.787995636621934	7.703816704315428	2.7677375325430327	7.022652625876138	2.722822246896134	6.844864505648675	2.730960118912655	6.202218998706237	2.825840574234983	5.423264434505822	2.8557151780137415	5.153714425507625	2.781710255072896	4.7176789676995154	2.7853007677590873	4.3677508313731845	2.863260631411214	4.315664556962026	2.8472585181313623	4.129353233830846	2.940080951553227	4.038940289079627	2.973811592404121	3.813348496694861	3.1008913190023217	3.842340956483096	3.1326873839048144	3.708963603936852	3.2050310653129266	3.5640545090689626	3.310737045217965	3.4391777880042955	3.247950819672131	3.406872892884604	3.3750161144772464	3.306141207560177	3.4232446405723684	3.3022014676450966	3.4413330860730653	3.31394084384515	3.4581823063498454	3.284080961349709	3.5258159589564455	3.241979477854267	3.534904401956425	4.761346449215041	4.761904761904762	3.409992069785884	4.7582138075825595	4.050656204030516	4.829545454545454	4.761904761904762	4.94269003046638	20.006704545454546	2.9744	0.07319997551254513	20.97672462463379	-8.583077033116372e-06	19.540150440764545	-1.9074541400338383e-05	16.539912900627012	-1.9113332505088924e-05	14.044000092524234	-1.8312105747591717e-05	12.284194405277841	-1.8617083819990436e-05	11.045311917297907	-2.0049984611636812e-05	10.13839218632607	-2.0583988332995413e-05	9.440313462017368	-2.1194208894361706e-05	8.881613765291975	-2.1869132921683355e-05	8.417259897025302	-2.259210518884176e-05	8.026900201760286	-1.988364558454409e-05	7.690373282374166	-2.0639459003356946e-05	7.396965953813587	-2.1471505417766028e-05	7.137206793964608	-2.2388452826212928e-05	6.900763379781785	-2.2011341343627304e-05	6.689062137414043	-1.4413375612568463e-06	6.494511280015492	6.0515196122186234e-06	6.31966044066944	6.367145529069999e-06	6.162589024371813	6.717247540647744e-06	6.0191239800040846	5.327518051406997e-06	5.889546473374404	3.7576326914044154e-06	5.767777622461409	5.990786170869203e-06	5.6509619084672185	4.252008010783092e-06	5.546236925101536	-2.2689680052821574e-06	5.444302123891658	0.0	5.353768496786049	0.0	5.266209232761122	2.790373212417161e-06	5.183845107185659	3.003670485333077e-06	5.1066969941451115	3.2401257168778148e-06
10	1	12	0	0	1509	46	1394	2681	1252	6361	1183	6304	1136	4795	1076	3431	978	2477	994	1956	984	1656	1015	1431	1005	1294	1028	1199	1073	1156	1073	1099	1089	978	1103	982	1139	990	1161	1018	1193	1031	1162	1032	1201	1085	1196	1092	1209	1109	1211	1139	1196	1154	1172	1176	1152	1167	1149	1206	1140	4060	4095	238.0	411.6144298556262	396.9748868942261	35	1	0.7171487808227539	4.761904761904762	2.666666666666667			3.4518254186110346	0.23732136408192747	3.3774288898580216	3.1202355597453537	3.1056208761224386	6.333449494698064	2.9761755012704723	7.968046918448859	2.8739848711007663	8.435812177829384	2.7154574132492115	8.00438596491228	2.481037063345087	7.266699914923577	2.512448499860981	6.623099583516743	2.4830927626930457	6.113859558443476	2.557125941601794	5.610224644215314	2.5311673592746504	5.213747532132641	2.5683947532792004	4.888689553942754	2.6649777711546583	4.7505547793211145	2.666037220165478	4.456971368318598	2.7113833283537496	3.8686708860759493	2.7452151621493814	3.7581324148488324	2.8283380099823696	3.678519674506744	2.881965992304828	3.6178832895017417	2.9785534167228422	3.5244248453150107	2.916813093026758	3.4084153510799924	3.0332878718997827	3.4465232997681143	3.03653489730114	3.35020708697653	3.0968237704918034	3.2797066303897795	3.122341111254351	3.271672315735049	3.122960022978301	3.2076940182343785	3.104882507219117	3.1970421922575034	3.093032621828433	3.095737061304613	3.1355747189171486	3.132874399272633	3.1680746998666076	4.760173992566625	4.761904761904762	3.1456515992598466	4.465561354319972	3.752922040718648	4.971590909090909	4.761904761904762	4.975407960163125	20.006704545454546	2.9744	0.07319997551254513	20.97672462463379	-8.583077033116372e-06	19.540150440764545	-1.9074541400338383e-05	16.539912900627012	-1.9113332505088924e-05	14.044000092524234	-1.8312105747591717e-05	12.284194405277841	-1.8617083819990436e-05	11.045311917297907	-2.0049984611636812e-05	10.13839218632607	-2.0583988332995413e-05	9.440313462017368	-2.1194208894361706e-05	8.881613765291975	-2.1869132921683355e-05	8.417259897025302	-2.259210518884176e-05	8.026900201760286	-1.988364558454409e-05	7.690373282374166	-2.0639459003356946e-05	7.396965953813587	-2.1471505417766028e-05	7.137206793964608	-2.2388452826212928e-05	6.900763379781785	-2.2011341343627304e-05	6.689062137414043	-1.4413375612568463e-06	6.494511280015492	6.0515196122186234e-06	6.31966044066944	6.367145529069999e-06	6.162589024371813	6.717247540647744e-06	6.0191239800040846	5.327518051406997e-06	5.889546473374404	3.7576326914044154e-06	5.767777622461409	5.990786170869203e-06	5.6509619084672185	4.252008010783092e-06	5.546236925101536	-2.2689680052821574e-06	5.444302123891658	0.0	5.353768496786049	0.0	5.266209232761122	2.790373212417161e-06	5.183845107185659	3.003670485333077e-06	5.1066969941451115	3.2401257168778148e-06
11	1	11	0	0	1646	140	1442	3756	1319	7210	1185	6515	1124	4633	1028	3318	966	2300	989	1808	1006	1641	979	1383	984	1276	994	1148	996	1080	1001	1012	1040	979	1010	999	1033	988	1073	984	1075	995	1040	1004	1042	1002	1062	1041	1067	1019	1086	1055	1081	1072	1105	1056	1081	1048	1041	1063	1026	4067	4095	220.0	391.1308401103153	368.53131198883057	28	1	0.7224140167236328	4.761904761904762	2.4444444444444446			3.7652118217586237	0.7222824124232575	3.4937248631099482	4.37135574875179	3.2718162424964032	7.17877234031961	2.9812070743918087	8.23474392031953	2.8436258759835047	8.150806636054961	2.594321766561514	7.740761478163494	2.450594890788706	6.74744037316279	2.499810428936127	6.121965259201572	2.538609064297971	6.0584803957764155	2.4664298490917793	5.422041008350649	2.4782772950510012	5.141222450541924	2.4834478450968147	4.680746962407242	2.4737351911183967	4.43823456891592	2.487141898775064	4.10414469948901	2.589383527537098	3.872626582278481	2.5137509644341574	3.823191733639495	2.5651213031710163	3.671088321628953	2.6635224028794835	3.497050252327813	2.6839437744987893	3.4013605442176873	2.610572819920679	3.3159389655855733	2.6317118755366975	3.182872208633779	2.696321121182116	3.1937413713759777	2.733094262295082	3.01354468563317	2.800051566327188	3.0303900729591544	2.8226754053842336	2.9797642873026464	2.9273849577449864	2.8708133971291865	2.902403007115049	2.780062073905085	2.84084706909726	2.7613975841018314	2.8512672298799466	4.768381189105533	4.761904761904762	2.907745175786413	4.243337058644797	3.4840221110167144	3.977272727272727	4.761904761904762	5.011936916655689	20.006704545454546	2.9744	0.07319997551254513	20.97672462463379	-8.583077033116372e-06	19.540150440764545	-1.9074541400338383e-05	16.539912900627012	-1.9113332505088924e-05	14.044000092524234	-1.8312105747591717e-05	12.284194405277841	-1.8617083819990436e-05	11.045311917297907	-2.0049984611636812e-05	10.13839218632607	-2.0583988332995413e-05	9.440313462017368	-2.1194208894361706e-05	8.881613765291975	-2.1869132921683355e-05	8.417259897025302	-2.259210518884176e-05	8.026900201760286	-1.988364558454409e-05	7.690373282374166	-2.0639459003356946e-05	7.396965953813587	-2.1471505417766028e-05	7.137206793964608	-2.2388452826212928e-05	6.900763379781785	-2.2011341343627304e-05	6.689062137414043	-1.4413375612568463e-06	6.494511280015492	6.0515196122186234e-06	6.31966044066944	6.367145529069999e-06	6.162589024371813	6.717247540647744e-06	6.0191239800040846	5.327518051406997e-06	5.889546473374404	3.7576326914044154e-06	5.767777622461409	5.990786170869203e-06	5.6509619084672185	4.252008010783092e-06	5.546236925101536	-2.2689680052821574e-06	5.444302123891658	0.0	5.353768496786049	0.0	5.266209232761122	2.790373212417161e-06	5.183845107185659	3.003670485333077e-06	5.1066969941451115	3.2401257168778148e-06
12	1	10	0	0	1614	317	1447	4957	1358	7976	1228	6546	1112	4333	1062	2849	1035	2029	1011	1640	951	1477	934	1358	886	1217	936	1143	916	1062	922	1033	928	965	901	935	891	893	927	924	949	910	979	906	960	928	957	902	939	907	921	939	899	946	891	968	909	948	893	950	866	4067	4095	202.0	364.5434471645363	337.2888345718384	28	1	0.7259197235107422	4.761904761904762	2.2222222222222223			3.692012077957727	1.6354537481298046	3.5058390269903574	5.76911886223712	3.3685568288931886	7.941454672176035	3.089385896500541	8.27392689215835	2.813266880866243	7.623018595731954	2.6801261829652994	6.6466032101530415	2.625637382987899	5.952415877020565	2.555417941005485	5.553110080249213	2.3998183102856565	5.453001550616555	2.353059733454262	5.3240286980044695	2.231456995340637	4.903501349772352	2.338538413491568	4.660360433825328	2.2750416014703325	4.364263992767321	2.290853976693915	4.189309757482359	2.3105268399561796	3.817246835443038	2.24246496926255	3.578262533486414	2.2125102431029773	3.3180990599338607	2.3011046295147075	3.2838154808444098	2.3693605972086984	3.110792055515674	2.457452683367639	2.9922716163551093	2.4246097893620244	2.947809790032083	2.4297356995963133	2.767295597484277	2.4052254098360657	2.6823209321582775	2.374629367023334	2.697190785316252	2.3474423584092747	2.6295307983099847	2.360452486290301	2.631578947368421	2.440596053161498	2.5147889752500197	2.4369610304551905	2.4678529679179113	2.4066251667407736	4.768381189105533	4.761904761904762	2.669838752312979	3.9548932485178443	3.1886619107224172	3.977272727272727	4.761904761904762	5.036258677942895	20.006704545454546	2.9744	0.07319997551254513	20.97672462463379	-8.583077033116372e-06	19.540150440764545	-1.9074541400338383e-05	16.539912900627012	-1.9113332505088924e-05	14.044000092524234	-1.8312105747591717e-05	12.284194405277841	-1.8617083819990436e-05	11.045311917297907	-2.0049984611636812e-05	10.13839218632607	-2.0583988332995413e-05	9.440313462017368	-2.1194208894361706e-05	8.881613765291975	-2.1869132921683355e-05	8.417259897025302	-2.259210518884176e-05	8.026900201760286	-1.988364558454409e-05	7.690373282374166	-2.0639459003356946e-05	7.396965953813587	-2.1471505417766028e-05	7.137206793964608	-2.2388452826212928e-05	6.900763379781785	-2.2011341343627304e-05	6.689062137414043	-1.4413375612568463e-06	6.494511280015492	6.0515196122186234e-06	6.31966044066944	6.367145529069999e-06	6.162589024371813	6.717247540647744e-06	6.0191239800040846	5.327518051406997e-06	5.889546473374404	3.7576326914044154e-06	5.767777622461409	5.990786170869203e-06	5.6509619084672185	4.252008010783092e-06	5.546236925101536	-2.2689680052821574e-06	5.444302123891658	0.0	5.353768496786049	0.0	5.266209232761122	2.790373212417161e-06	5.183845107185659	3.003670485333077e-06	5.1066969941451115	3.2401257168778148e-06
13	1	9	0	0	1695	441	1454	5661	1296	8652	1250	6478	1173	4064	1114	2655	1013	2021	978	1598	987	1380	940	1301	918	1231	877	1128	886	1033	878	976	876	991	856	942	841	922	870	873	859	884	854	890	843	872	858	852	859	873	834	861	831	861	837	845	828	858	806	859	797	4072	4095	191.0	347.8160593999358	319.58662605285645	23	1	0.7274932861328125	4.761904761904762	2.0			3.877298929453747	2.275189599133261	3.52279885642293	6.58845710694459	3.2147641018008635	8.61452680838353	3.144733200835241	8.18797714747965	2.967591772712323	7.149768652908992	2.8113564668769717	6.194008958566629	2.5698267333012	5.928946519200869	2.4720066729014483	5.4108962855111224	2.4906631674573534	5.094882965369563	2.368175748872597	5.10056063041518	2.3120513789195316	4.959909746565132	2.1911305434103685	4.599200848079589	2.2005315053523087	4.245089175639023	2.1815290580664395	3.9581474572146966	2.1810576635793244	3.920094936708861	2.130466163916474	3.6050516647531574	2.0883514191353583	3.4258536766618364	2.1596127590914733	3.1025659250835167	2.144658327715777	3.0219122825009403	2.1436819117425574	2.939427967501156	2.129110471283528	2.769924716495664	2.178383730672557	2.6138978370915784	2.2003073770491803	2.581770864139114	2.150315843754029	2.4731429884529215	2.169882758440609	2.393262174783189	2.2173947598484647	2.2971944323618967	2.2231171969391865	2.2760431864604613	2.1995415347669467	2.231458630991038	2.214873277012005	4.77424347234761	4.761904761904762	2.5244514935236584	3.7734195903020114	3.0213087336989384	3.2670454545454546	4.761904761904762	5.047175681785085	20.006704545454546	2.9744	0.07319997551254513	20.97672462463379	-8.583077033116372e-06	19.540150440764545	-1.9074541400338383e-05	16.539912900627012	-1.9113332505088924e-05	14.044000092524234	-1.8312105747591717e-05	12.284194405277841	-1.8617083819990436e-05	11.045311917297907	-2.0049984611636812e-05	10.13839218632607	-2.0583988332995413e-05	9.440313462017368	-2.1194208894361706e-05	8.881613765291975	-2.1869132921683355e-05	8.417259897025302	-2.259210518884176e-05	8.026900201760286	-1.988364558454409e-05	7.690373282374166	-2.0639459003356946e-05	7.396965953813587	-2.1471505417766028e-05	7.137206793964608	-2.2388452826212928e-05	6.900763379781785	-2.2011341343627304e-05	6.689062137414043	-1.4413375612568463e-06	6.494511280015492	6.0515196122186234e-06	6.31966044066944	6.367145529069999e-06	6.162589024371813	6.717247540647744e-06	6.0191239800040846	5.327518051406997e-06	5.889546473374404	3.7576326914044154e-06	5.767777622461409	5.990786170869203e-06	5.6509619084672185	4.252008010783092e-06	5.546236925101536	-2.2689680052821574e-06	5.444302123891658	0.0	5.353768496786049	0.0	5.266209232761122	2.790373212417161e-06	5.183845107185659	3.003670485333077e-06	5.1066969941451115	3.2401257168778148e-06
14	1	9	0	0	1721	849	1516	6595	1344	8675	1260	6243	1166	3707	1114	2485	1026	1827	997	1558	923	1391	851	1267	854	1175	847	1098	824	1029	813	968	820	890	830	857	804	847	782	843	751	833	773	827	755	834	770	804	783	780	782	751	775	773	743	752	718	771	723	781	709	4069	4095	182.0	333.0998124622707	302.9578580856323	26	1	0.7276096343994141	4.761904761904762	2.0			3.936773721291976	4.380126915338183	3.673014488540001	7.675476880462739	3.3338294389045986	8.637427191716036	3.1698910664419233	7.890944941604733	2.9498823588939205	6.521700884924614	2.8113564668769717	5.7974057484135875	2.602805753570613	5.359814592073224	2.5200313424158938	5.275454576236752	2.329161199152115	5.135494351325407	2.143954853500617	4.967263888344376	2.150862611761743	4.734276159394012	2.1161773891317925	4.4768816765881105	2.046543973375059	4.228651269828224	2.0200263373667604	3.925703625598183	2.0416293197888655	3.5205696202531644	2.065755743049852	3.2797550707998466	1.9964738893993195	3.1471779437446585	1.9411691696661288	2.9959485393418155	1.8750156043242705	2.8475711892797317	1.9403584517295045	2.7313561001387145	1.9068545739253422	2.6492169880245227	1.9549597582958842	2.466635987114588	2.0056352459016393	2.306736854557284	2.016243393064329	2.157178146722583	2.023657205525237	2.14865465866133	1.9683683471534164	2.044367116137451	1.9277755403409855	2.0452555906305543	1.9730378779609214	2.028834913625146	1.9703201422854602	4.770726102402364	4.761904761904762	2.405498281786942	3.6137645859123038	2.864103651275627	3.6931818181818183	4.761904761904762	5.04798287843281	20.006704545454546	2.9744	0.07319997551254513	20.97672462463379	-8.583077033116372e-06	19.540150440764545	-1.9074541400338383e-05	16.539912900627012	-1.9113332505088924e-05	14.044000092524234	-1.8312105747591717e-05	12.284194405277841	-1.8617083819990436e-05	11.045311917297907	-2.0049984611636812e-05	10.13839218632607	-2.0583988332995413e-05	9.440313462017368	-2.1194208894361706e-05	8.881613765291975	-2.1869132921683355e-05	8.417259897025302	-2.259210518884176e-05	8.026900201760286	-1.988364558454409e-05	7.690373282374166	-2.0639459003356946e-05	7.396965953813587	-2.1471505417766028e-05	7.137206793964608	-2.2388452826212928e-05	6.900763379781785	-2.2011341343627304e-05	6.689062137414043	-1.4413375612568463e-06	6.494511280015492	6.0515196122186234e-06	6.31966044066944	6.367145529069999e-06	6.162589024371813	6.717247540647744e-06	6.0191239800040846	5.327518051406997e-06	5.889546473374404	3.7576326914044154e-06	5.767777622461409	5.990786170869203e-06	5.6509619084672185	4.252008010783092e-06	5.546236925101536	-2.2689680052821574e-06	5.444302123891658	0.0	5.353768496786049	0.0	5.266209232761122	2.790373212417161e-06	5.183845107185659	3.003670485333077e-06	5.1066969941451115	3.2401257168778148e-06
15	1	9	0	0	1796	1425	1509	8035	1374	8733	1232	5538	1209	3329	1062	2209	1015	1726	939	1461	916	1344	908	1157	816	1109	768	1030	760	981	739	933	716	926	717	821	708	768	698	757	678	731	663	716	646	712	629	693	625	695	634	672	620	643	606	634	619	637	605	633	592	4075	4095	169.0	311.7482869040705	279.7442636489868	20	1	0.7286529541015625	4.761904761904762	2.0			4.108335620825327	7.3518031264510135	3.6560546591074288	9.351396017364385	3.408245274594434	8.695175984467566	3.0994490427432138	6.999848323979979	3.0586687580641083	5.856687954117627	2.6801261829652994	5.1535087719298245	2.5749004287272634	5.063513949599554	2.3734297196875866	4.947008431246402	2.3114969213687293	4.961972974968618	2.287556999974807	4.536009722821186	2.055156781261806	4.4683508602280515	1.9188007495315427	4.1996248878740925	1.8875891016566078	4.031396400098627	1.8361617014932792	3.783761862275935	1.7826909670351558	3.662974683544304	1.784514298514149	3.141982395713739	1.7580889473814902	2.8536395050718983	1.7326548343055728	2.6903120335489374	1.692757096846678	2.498889002837316	1.6642401726994327	2.3647532862144134	1.6315603374248624	2.2616816492487533	1.5969736207378067	2.126092959042798	1.6009221311475408	2.055361684509375	1.6346525718705687	1.930257942207158	1.6189257644201895	1.7873026462085835	1.6054255967361646	1.7235754675946062	1.6619680494026043	1.6897896384327666	1.6510206309354873	1.6443693986231978	1.6451756336149401	4.777760842292856	4.761904761904762	2.2336769759450172	3.382124146528493	2.6446469221934077	2.840909090909091	4.761904761904762	5.055221182798481	20.006704545454546	2.9744	0.07319997551254513	20.97672462463379	-8.583077033116372e-06	19.540150440764545	-1.9074541400338383e-05	16.539912900627012	-1.9113332505088924e-05	14.044000092524234	-1.8312105747591717e-05	12.284194405277841	-1.8617083819990436e-05	11.045311917297907	-2.0049984611636812e-05	10.13839218632607	-2.0583988332995413e-05	9.440313462017368	-2.1194208894361706e-05	8.881613765291975	-2.1869132921683355e-05	8.417259897025302	-2.259210518884176e-05	8.026900201760286	-1.988364558454409e-05	7.690373282374166	-2.0639459003356946e-05	7.396965953813587	-2.1471505417766028e-05	7.137206793964608	-2.2388452826212928e-05	6.900763379781785	-2.2011341343627304e-05	6.689062137414043	-1.4413375612568463e-06	6.494511280015492	6.0515196122186234e-06	6.31966044066944	6.367145529069999e-06	6.162589024371813	6.717247540647744e-06	6.0191239800040846	5.327518051406997e-06	5.889546473374404	3.7576326914044154e-06	5.767777622461409	5.990786170869203e-06	5.6509619084672185	4.252008010783092e-06	5.546236925101536	-2.2689680052821574e-06	5.444302123891658	0.0	5.353768496786049	0.0	5.266209232761122	2.790373212417161e-06	5.183845107185659	3.003670485333077e-06	5.1066969941451115	3.2401257168778148e-06
16	1	5	0	0	1911	1780	1519	8929	1300	8588	1152	5426	1052	3223	989	2148	925	1654	883	1336	866	1169	828	1055	797	991	782	936	763	883	737	853	705	843	693	809	657	763	634	747	643	701	628	702	617	669	591	646	610	648	569	636	568	623	570	601	561	606	540	569	521	4069	4095	161.0	301.3204985444863	267.67434787750244	26	1	0.7332334518432617	4.761904761904762	1.1111111111111112			4.371397200109799	9.183304957952846	3.6802829868682463	10.391862481524155	3.2246862132261747	8.550804002588738	2.8981861178897583	6.858284038626826	2.661471905279935	5.670202846536831	2.49589905362776	5.011198208286674	2.3465841345544027	4.852289729222284	2.2318833253292216	4.523753089763993	2.1853235086302614	4.315882743852913	2.0860101277303302	4.136119496608774	2.0073038660118376	3.9929086586889073	1.953778888194878	3.816358150534127	1.89504011126841	3.6286677077340346	1.831192387010212	3.4593235461107956	1.755303256647744	3.334651898734177	1.724781602329575	3.0960581706850365	1.6314469469345185	2.83506112287742	1.5737867692689584	2.65477290496837	1.6053728809327639	2.3963354185895467	1.57638435664441	2.318515093467204	1.5583169167045512	2.125091324926146	1.5004950872115164	1.9818990642736616	1.5625	1.91636600224759	1.467062008508444	1.8268512667317747	1.4831448938559155	1.731710028908161	1.5100537791082735	1.6338625489343193	1.5062424486508257	1.6075549778496963	1.4736382490994433	1.4781140407845175	1.447865718096932	4.770726102402364	4.761904761904762	2.127940787734602	3.2689941750502833	2.5305403264769617	3.6931818181818183	4.761904761904762	5.086999588528201	20.006704545454546	2.9744	0.07319997551254513	20.97672462463379	-8.583077033116372e-06	19.540150440764545	-1.9074541400338383e-05	16.539912900627012	-1.9113332505088924e-05	14.044000092524234	-1.8312105747591717e-05	12.284194405277841	-1.8617083819990436e-05	11.045311917297907	-2.0049984611636812e-05	10.13839218632607	-2.0583988332995413e-05	9.440313462017368	-2.1194208894361706e-05	8.881613765291975	-2.1869132921683355e-05	8.417259897025302	-2.259210518884176e-05	8.026900201760286	-1.988364558454409e-05	7.690373282374166	-2.0639459003356946e-05	7.396965953813587	-2.1471505417766028e-05	7.137206793964608	-2.2388452826212928e-05	6.900763379781785	-2.2011341343627304e-05	6.689062137414043	-1.4413375612568463e-06	6.494511280015492	6.0515196122186234e-06	6.31966044066944	6.367145529069999e-06	6.162589024371813	6.717247540647744e-06	6.0191239800040846	5.327518051406997e-06	5.889546473374404	3.7576326914044154e-06	5.767777622461409	5.990786170869203e-06	5.6509619084672185	4.252008010783092e-06	5.546236925101536	-2.2689680052821574e-06	5.444302123891658	0.0	5.353768496786049	0.0	5.266209232761122	2.790373212417161e-06	5.183845107185659	3.003670485333077e-06	5.1066969941451115	3.2401257168778148e-06
17	1	8	0	0	1764	2402	1525	9540	1275	8142	1120	4970	1008	2867	990	1982	858	1617	825	1319	793	1152	775	1007	739	986	719	847	733	830	707	784	676	745	664	723	654	722	635	731	582	713	575	655	555	654	545	652	552	603	563	575	542	558	524	545	523	554	510	568	486	4080	4095	155.0	300.45204160625156	262.10109519958496	15	1	0.7347354888916016	4.761904761904762	1.7777777777777777			4.03513587702443	12.392302533147603	3.694819983524737	11.102964281973394	3.162673016817979	8.106735699706277	2.8176809479483764	6.281915162546135	2.550155589849976	5.043894372020197	2.498422712933754	4.623926838372528	2.1766153377812727	4.743743949306188	2.085281702600915	4.466190363322385	2.0011103260320984	4.253119692830245	1.952485324868365	3.9479358607441095	1.8612265457750914	3.972762802691486	1.796377264209869	3.4534779417760744	1.8205300151503863	3.4108654557409386	1.7566526697642062	3.179495498418363	1.6830992928991138	2.946993670886076	1.6526045944398815	2.766934557979334	1.6239974174964613	2.682718388882696	1.5762690827851558	2.5979102992394627	1.4530746760542281	2.437356852288654	1.4433455494753753	2.163286874958716	1.4017275344749205	2.077443537371748	1.383705283469165	2.0003067955207854	1.4139344262295082	1.7832850298692848	1.4515921103519402	1.6516343999540415	1.4152544585737785	1.5510340226817878	1.3881897899170796	1.4816224445411048	1.4042153309169016	1.4696129665490623	1.3917694574828074	1.475516300818288	1.350600266785238	4.783623125534933	4.761904761904762	2.0486386465767907	3.2595723777079684	2.477851898306885	2.130681818181818	4.761904761904762	5.097420364923018	20.006704545454546	2.9744	0.07319997551254513	20.97672462463379	-8.583077033116372e-06	19.540150440764545	-1.9074541400338383e-05	16.539912900627012	-1.9113332505088924e-05	14.044000092524234	-1.8312105747591717e-05	12.284194405277841	-1.8617083819990436e-05	11.045311917297907	-2.0049984611636812e-05	10.13839218632607	-2.0583988332995413e-05	9.440313462017368	-2.1194208894361706e-05	8.881613765291975	-2.1869132921683355e-05	8.417259897025302	-2.259210518884176e-05	8.026900201760286	-1.988364558454409e-05	7.690373282374166	-2.0639459003356946e-05	7.396965953813587	-2.1471505417766028e-05	7.137206793964608	-2.2388452826212928e-05	6.900763379781785	-2.2011341343627304e-05	6.689062137414043	-1.4413375612568463e-06	6.494511280015492	6.0515196122186234e-06	6.31966044066944	6.367145529069999e-06	6.162589024371813	6.717247540647744e-06	6.0191239800040846	5.327518051406997e-06	5.889546473374404	3.7576326914044154e-06	5.767777622461409	5.990786170869203e-06	5.6509619084672185	4.252008010783092e-06	5.546236925101536	-2.2689680052821574e-06	5.444302123891658	0.0	5.353768496786049	0.0	5.266209232761122	2.790373212417161e-06	5.183845107185659	3.003670485333077e-06	5.1066969941451115	3.2401257168778148e-06
18	1	10	0	0	1734	3119	1330	10035	1233	8025	1042	4475	970	2678	905	1776	814	1343	770	1234	722	1042	702	970	707	901	658	824	641	756	658	702	625	690	619	686	599	645	593	643	610	634	605	609	583	599	572	594	586	610	564	609	548	585	529	569	515	575	492	560	479	4077	4095	147.0	294.2131640061074	252.5429162979126	18	1	0.7390823364257812	4.761904761904762	2.2222222222222223			3.96651111721109	16.091420316772428	3.222367592188787	11.679061485283334	3.05849084685221	7.9902424453626715	2.621449596216257	5.656251579958542	2.4540187719786477	4.711387906616703	2.2839116719242902	4.143337066069429	2.064994038407874	3.9399184439815764	1.9462629224275207	4.178376731114346	1.8219440799434743	3.8470058332718007	1.76857380394528	3.8028776414317638	1.7806321621961967	3.6302832507353235	1.6439725171767643	3.359699910299274	1.5920323870551127	3.106764198241144	1.6349044649290632	2.8469462243490957	1.5561199083756598	2.7294303797468356	1.5406057890938052	2.625334864140834	1.4874227111320801	2.396611303087727	1.4720119151048778	2.2851659677304714	1.5229820487853594	2.1672990804361945	1.518650534665395	2.0113613845036	1.4724453199979795	1.9027349830056224	1.4522558204483713	1.8223653934652553	1.5010245901639345	1.8039865144614655	1.4541704267113575	1.7492962601252369	1.4309214821004257	1.6260840560373584	1.401435875698731	1.5468682035667682	1.3827359377097597	1.5253203172666259	1.3426481825128262	1.454734381088453	1.331147176522899	4.7801057555896875	4.761904761904762	1.9429024583663759	3.1918874554001957	2.3874907660200053	2.556818181818182	4.761904761904762	5.127577760991322	20.006704545454546	2.9744	0.07319997551254513	20.97672462463379	-8.583077033116372e-06	19.540150440764545	-1.9074541400338383e-05	16.539912900627012	-1.9113332505088924e-05	14.044000092524234	-1.8312105747591717e-05	12.284194405277841	-1.8617083819990436e-05	11.045311917297907	-2.0049984611636812e-05	10.13839218632607	-2.0583988332995413e-05	9.440313462017368	-2.1194208894361706e-05	8.881613765291975	-2.1869132921683355e-05	8.417259897025302	-2.259210518884176e-05	8.026900201760286	-1.988364558454409e-05	7.690373282374166	-2.0639459003356946e-05	7.396965953813587	-2.1471505417766028e-05	7.137206793964608	-2.2388452826212928e-05	6.900763379781785	-2.2011341343627304e-05	6.689062137414043	-1.4413375612568463e-06	6.494511280015492	6.0515196122186234e-06	6.31966044066944	6.367145529069999e-06	6.162589024371813	6.717247540647744e-06	6.0191239800040846	5.327518051406997e-06	5.889546473374404	3.7576326914044154e-06	5.767777622461409	5.990786170869203e-06	5.6509619084672185	4.252008010783092e-06	5.546236925101536	-2.2689680052821574e-06	5.444302123891658	0.0	5.353768496786049	0.0	5.266209232761122	2.790373212417161e-06	5.183845107185659	3.003670485333077e-06	5.1066969941451115	3.2401257168778148e-06
19	1	7	0	0	1559	4019	1240	10748	1017	7616	960	4106	863	2356	861	1611	801	1225	729	1027	713	933	715	850	655	842	643	762	621	698	616	736	582	691	575	649	577	619	561	638	578	581	550	567	555	576	561	565	567	580	557	550	531	558	509	561	498	553	494	558	500	4078	4095	142.0	300.4895946487101	251.41018676757812	17	1	0.742558479309082	4.761904761904762	1.5555555555555556			3.5662000182999356	20.734664396636227	3.0043126423414255	12.508874224596441	2.5226968298854	7.583013889580325	2.415155098241465	5.189847818393245	2.1833177321830646	4.144895410003343	2.172870662460568	3.7583986562150056	2.032015018138461	3.593745416141051	1.8426307408437177	3.477465885619477	1.79923286565055	3.4445839178911615	1.8013251706850075	3.332418551770102	1.6496662888804938	3.392562149965752	1.6064959400374765	3.1069069558835523	1.5423589896430965	2.8684145639845484	1.530548860784655	2.9848325087192795	1.4490588586794144	2.733386075949367	1.4310958460887528	2.4837351703023347	1.4327928285863276	2.3000037156764392	1.3925778825865707	2.2673964034401877	1.4430879085212094	1.9861210815984687	1.380591395150359	1.8726468062619726	1.4017275344749205	1.829675042088879	1.424327823901287	1.7333946924374903	1.4523565573770492	1.7152658662092626	1.4361222121954362	1.5798242086516918	1.386531582108259	1.5510340226817878	1.348451532572125	1.5251196172248804	1.337092227144583	1.4669602355625115	1.348106101953935	1.4495389011559943	1.3895064473099157	4.781278212238103	4.761904761904762	1.8768173407348665	3.2599797866882585	2.376782165146475	2.414772727272727	4.761904761904762	5.151694414933615	20.006704545454546	2.9744	0.07319997551254513	20.97672462463379	-8.583077033116372e-06	19.540150440764545	-1.9074541400338383e-05	16.539912900627012	-1.9113332505088924e-05	14.044000092524234	-1.8312105747591717e-05	12.284194405277841	-1.8617083819990436e-05	11.045311917297907	-2.0049984611636812e-05	10.13839218632607	-2.0583988332995413e-05	9.440313462017368	-2.1194208894361706e-05	8.881613765291975	-2.1869132921683355e-05	8.417259897025302	-2.259210518884176e-05	8.026900201760286	-1.988364558454409e-05	7.690373282374166	-2.0639459003356946e-05	7.396965953813587	-2.1471505417766028e-05	7.137206793964608	-2.2388452826212928e-05	6.900763379781785	-2.2011341343627304e-05	6.689062137414043	-1.4413375612568463e-06	6.494511280015492	6.0515196122186234e-06	6.31966044066944	6.367145529069999e-06	6.162589024371813	6.717247540647744e-06	6.0191239800040846	5.327518051406997e-06	5.889546473374404	3.7576326914044154e-06	5.767777622461409	5.990786170869203e-06	5.6509619084672185	4.252008010783092e-06	5.546236925101536	-2.2689680052821574e-06	5.444302123891658	0.0	5.353768496786049	0.0	5.266209232761122	2.790373212417161e-06	5.183845107185659	3.003670485333077e-06	5.1066969941451115	3.2401257168778148e-06
20	1	9	0	0	1460	4796	1051	10947	925	7147	849	3645	820	2215	827	1461	825	1055	799	924	706	837	704	793	674	832	664	802	655	753	637	683	612	677	614	672	611	661	604	643	593	619	569	624	560	619	572	604	547	601	557	561	555	562	549	561	542	549	538	559	531	4078	4095	137.0	305.039404841281	249.36775016784668	17	1	0.7453737258911133	4.761904761904762	2.0			3.3397383109159113	24.74333178558531	2.5463972476619667	12.740476938654377	2.2944882671032394	7.116045203365361	2.1359027900072958	4.6071591081450025	2.074531333012877	3.89683503105153	2.087066246056782	3.408454647256439	2.092899363251224	3.095021562472497	2.0195637337916743	3.1287034842379713	1.7815685878671648	3.0901572768219743	1.7736124757513918	3.108950484180813	1.6975192041304623	3.352270437970909	1.6589631480324798	3.269999184538857	1.6268037652435237	3.094435768883044	1.5827266628568588	2.7698921242598753	1.5237526142814461	2.678006329113924	1.5281614773886856	2.571756601607348	1.5172208288843088	2.456062126110058	1.499317363783046	2.2851659677304714	1.4805382867700299	2.1160222883123097	1.4282845524373713	2.060902305304181	1.414355710461181	1.9662653664114862	1.4522558204483713	1.8530449455437952	1.4011270491803278	1.7773703199858049	1.4361222121954362	1.6114206928247257	1.4491996762148471	1.5621525461418724	1.454420218825337	1.5251196172248804	1.4552288897838637	1.456349311616309	1.4681803296583342	1.4521366411222236	1.4756558470431302	4.781278212238103	4.761904761904762	1.8107322231033574	3.3093401955849098	2.3574733736209676	2.414772727272727	4.761904761904762	5.171225927262187	20.006704545454546	2.9744	0.07319997551254513	20.97672462463379	-8.583077033116372e-06	19.540150440764545	-1.9074541400338383e-05	16.539912900627012	-1.9113332505088924e-05	14.044000092524234	-1.8312105747591717e-05	12.284194405277841	-1.8617083819990436e-05	11.045311917297907	-2.0049984611636812e-05	10.13839218632607	-2.0583988332995413e-05	9.440313462017368	-2.1194208894361706e-05	8.881613765291975	-2.1869132921683355e-05	8.417259897025302	-2.259210518884176e-05	8.026900201760286	-1.988364558454409e-05	7.690373282374166	-2.0639459003356946e-05	7.396965953813587	-2.1471505417766028e-05	7.137206793964608	-2.2388452826212928e-05	6.900763379781785	-2.2011341343627304e-05	6.689062137414043	-1.4413375612568463e-06	6.494511280015492	6.0515196122186234e-06	6.31966044066944	6.367145529069999e-06	6.162589024371813	6.717247540647744e-06	6.0191239800040846	5.327518051406997e-06	5.889546473374404	3.7576326914044154e-06	5.767777622461409	5.990786170869203e-06	5.6509619084672185	4.252008010783092e-06	5.546236925101536	-2.2689680052821574e-06	5.444302123891658	0.0	5.353768496786049	0.0	5.266209232761122	2.790373212417161e-06	5.183845107185659	3.003670485333077e-06	5.1066969941451115	3.2401257168778148e-06
