	counts(inten<0.01	MicrocoloniesPlatonic	MicrocoloniesAggregates	MicrocoloniesLarge	counts(Norminten<0.01	counts(inten<0.02	counts(Norminten<0.02	counts(inten<0.03	counts(Norminten<0.03	counts(inten<0.04	counts(Norminten<0.04	counts(inten<0.05	counts(Norminten<0.05	counts(inten<0.060000000000000005	counts(Norminten<0.060000000000000005	counts(inten<0.06999999999999999	counts(Norminten<0.06999999999999999	counts(inten<0.08	counts(Norminten<0.08	counts(inten<0.09	counts(Norminten<0.09	counts(inten<0.09999999999999999	counts(Norminten<0.09999999999999999	counts(inten<0.11	counts(Norminten<0.11	counts(inten<0.12	counts(Norminten<0.12	counts(inten<0.13	counts(Norminten<0.13	counts(inten<0.14	counts(Norminten<0.14	counts(inten<0.15000000000000002	counts(Norminten<0.15000000000000002	counts(inten<0.16	counts(Norminten<0.16	counts(inten<0.17	counts(Norminten<0.17	counts(inten<0.18000000000000002	counts(Norminten<0.18000000000000002	counts(inten<0.19	counts(Norminten<0.19	counts(inten<0.2	counts(Norminten<0.2	counts(inten<0.21000000000000002	counts(Norminten<0.21000000000000002	counts(inten<0.22	counts(Norminten<0.22	counts(inten<0.23	counts(Norminten<0.23	counts(inten<0.24000000000000002	counts(Norminten<0.24000000000000002	counts(inten<0.25	counts(Norminten<0.25	counts(inten<0.26	counts(Norminten<0.26	counts(inten<0.27	counts(Norminten<0.27	counts(inten<0.28	counts(Norminten<0.28	counts(inten<0.29000000000000004	counts(Norminten<0.29000000000000004	diff	max	med	std	mean	min	eigenLocal	minProp	counts(inten<0.01Normalized	MicrocoloniesPlatonicNormalized	MicrocoloniesAggregatesNormalized	MicrocoloniesLargeNormalized	counts(Norminten<0.01Normalized	counts(inten<0.02Normalized	counts(Norminten<0.02Normalized	counts(inten<0.03Normalized	counts(Norminten<0.03Normalized	counts(inten<0.04Normalized	counts(Norminten<0.04Normalized	counts(inten<0.05Normalized	counts(Norminten<0.05Normalized	counts(inten<0.060000000000000005Normalized	counts(Norminten<0.060000000000000005Normalized	counts(inten<0.06999999999999999Normalized	counts(Norminten<0.06999999999999999Normalized	counts(inten<0.08Normalized	counts(Norminten<0.08Normalized	counts(inten<0.09Normalized	counts(Norminten<0.09Normalized	counts(inten<0.09999999999999999Normalized	counts(Norminten<0.09999999999999999Normalized	counts(inten<0.11Normalized	counts(Norminten<0.11Normalized	counts(inten<0.12Normalized	counts(Norminten<0.12Normalized	counts(inten<0.13Normalized	counts(Norminten<0.13Normalized	counts(inten<0.14Normalized	counts(Norminten<0.14Normalized	counts(inten<0.15000000000000002Normalized	counts(Norminten<0.15000000000000002Normalized	counts(inten<0.16Normalized	counts(Norminten<0.16Normalized	counts(inten<0.17Normalized	counts(Norminten<0.17Normalized	counts(inten<0.18000000000000002Normalized	counts(Norminten<0.18000000000000002Normalized	counts(inten<0.19Normalized	counts(Norminten<0.19Normalized	counts(inten<0.2Normalized	counts(Norminten<0.2Normalized	counts(inten<0.21000000000000002Normalized	counts(Norminten<0.21000000000000002Normalized	counts(inten<0.22Normalized	counts(Norminten<0.22Normalized	counts(inten<0.23Normalized	counts(Norminten<0.23Normalized	counts(inten<0.24000000000000002Normalized	counts(Norminten<0.24000000000000002Normalized	counts(inten<0.25Normalized	counts(Norminten<0.25Normalized	counts(inten<0.26Normalized	counts(Norminten<0.26Normalized	counts(inten<0.27Normalized	counts(Norminten<0.27Normalized	counts(inten<0.28Normalized	counts(Norminten<0.28Normalized	counts(inten<0.29000000000000004Normalized	counts(Norminten<0.29000000000000004Normalized	diffNormalized	maxNormalized	medNormalized	stdNormalized	meanNormalized	minNormalized	eigenLocalNormalized	minPropNormalized	BioVolume	SubstratumCoverage	Homogenity	ThicknessThreshold=0.01	RoughnessThreshold=0.01	ThicknessThreshold=0.02	RoughnessThreshold=0.02	ThicknessThreshold=0.03	RoughnessThreshold=0.03	ThicknessThreshold=0.04	RoughnessThreshold=0.04	ThicknessThreshold=0.05	RoughnessThreshold=0.05	ThicknessThreshold=0.060000000000000005	RoughnessThreshold=0.060000000000000005	ThicknessThreshold=0.06999999999999999	RoughnessThreshold=0.06999999999999999	ThicknessThreshold=0.08	RoughnessThreshold=0.08	ThicknessThreshold=0.09	RoughnessThreshold=0.09	ThicknessThreshold=0.09999999999999999	RoughnessThreshold=0.09999999999999999	ThicknessThreshold=0.11	RoughnessThreshold=0.11	ThicknessThreshold=0.12	RoughnessThreshold=0.12	ThicknessThreshold=0.13	RoughnessThreshold=0.13	ThicknessThreshold=0.14	RoughnessThreshold=0.14	ThicknessThreshold=0.15000000000000002	RoughnessThreshold=0.15000000000000002	ThicknessThreshold=0.16	RoughnessThreshold=0.16	ThicknessThreshold=0.17	RoughnessThreshold=0.17	ThicknessThreshold=0.18000000000000002	RoughnessThreshold=0.18000000000000002	ThicknessThreshold=0.19	RoughnessThreshold=0.19	ThicknessThreshold=0.2	RoughnessThreshold=0.2	ThicknessThreshold=0.21000000000000002	RoughnessThreshold=0.21000000000000002	ThicknessThreshold=0.22	RoughnessThreshold=0.22	ThicknessThreshold=0.23	RoughnessThreshold=0.23	ThicknessThreshold=0.24000000000000002	RoughnessThreshold=0.24000000000000002	ThicknessThreshold=0.25	RoughnessThreshold=0.25	ThicknessThreshold=0.26	RoughnessThreshold=0.26	ThicknessThreshold=0.27	RoughnessThreshold=0.27	ThicknessThreshold=0.28	RoughnessThreshold=0.28	ThicknessThreshold=0.29000000000000004	RoughnessThreshold=0.29000000000000004
0	1	38	0	0	3416	28	3669	107	3900	128	4165	151	4399	143	4667	123	4884	136	5019	147	5151	160	5260	181	5302	206	5396	259	5470	328	5516	424	5581	566	5616	705	5648	879	5660	1115	5615	1377	5572	1676	5530	2000	5483	2276	5479	2599	5324	3016	5212	3365	5066	3691	4935	4019	4852	4364	4742	4065	4095	963.0	584.2248406238278	1040.9650058746338	30	1	0.552617073059082	0.15600624024961	10.674157303370785			9.341500765696784	0.028786149749663308	11.425635276532137	0.09850946887745236	12.682926829268293	0.18244013683010263	13.769050216536083	0.3352649925620018	14.475632630228045	0.4542133850014294	15.043192367199588	0.5027795945062131	15.485589270427091	0.6612534642874508	15.585988447922489	0.7937793617365949	15.701396086081814	0.9118367812161623	15.696806923306475	1.0407083716651335	15.628131816306079	1.1853386270786581	15.560297595017014	1.4461194863204914	15.506732813607371	1.7826086956521738	15.463108320251179	2.2386483632523757	15.446141924056239	2.8870186176995665	15.396847155586018	3.443728018757327	15.323674643225353	4.0891328619278005	15.208512467755805	4.9292661361626875	14.998530865186845	5.794966753640266	14.788078239868362	6.75044304817142	14.624600005289187	7.700897154518501	14.543766578249336	8.3428026831861	14.504685762693917	9.178232157361302	14.175031284112997	10.239348158207436	13.896813758165576	11.0505402121441	13.597079821783243	11.736835410836937	13.34757796229681	12.426950310751058	13.194463329072962	13.121260410715896	13.065520471703312	4.7510518934081345	4.761904761904762	13.146757679180887	5.997828704272368	9.89311383720003	6.896551724137931	4.761904761904762	3.7681028233930984	14.256937500000001	2.704	0.0995064673273741	20.598585122037516	0.0	17.04771040295342	0.0	14.201671000919367	1.921355093320217e-06	12.447942286098387	4.856769024692785e-06	11.262052722988813	6.903761563800619e-06	10.403196740814215	1.0039394584348985e-06	9.744060005383943	5.117822509821102e-06	9.217022095224952	5.2276648021328876e-06	8.777615395807835	-8.55894168686042e-06	8.3984018865855	-8.774825901969838e-06	8.060091032345536	-9.008653938189373e-06	7.75692865667837	-9.26989173925185e-06	7.483247324067609	-9.56545340846997e-06	7.231772926844351	-1.1131050808299807e-05	6.997398874683192	-1.1537781105216872e-05	6.778209577791925	-7.99082653114225e-06	6.572264354761994	-8.32020589736194e-06	6.382804650287386	-8.68672624795681e-06	6.204369506704734	-9.082968374617948e-06	6.040130837263215	-9.527000312803178e-06	5.889004050849746	-9.998000399920016e-06	5.744780095395534	-1.2284214608738991e-05	5.608773722519641	-9.255779771678424e-06	5.485598545750866	-9.79426173793298e-06	5.369953264421918	-1.0394945561670094e-05	5.257903648654025	-6.631519612719255e-06	5.153573237528712	-2.35585689582872e-06	5.052329413658983	-2.5158435245961444e-06	4.956402799750966	-2.695185320942668e-06
1	1	39	0	0	3033	44	3149	162	3309	206	3436	215	3558	176	3701	199	3865	202	3990	252	4080	289	4165	371	4215	464	4290	588	4349	702	4412	807	4478	912	4509	1053	4554	1224	4608	1391	4633	1560	4658	1773	4652	2026	4592	2250	4616	2436	4617	2611	4574	2839	4574	3051	4532	3233	4552	3434	4543	4070	4095	929.0	711.2839267944726	1070.9574422836304	25	1	0.578272819519043	0.15600624024961	10.955056179775282			8.294136950339094	0.04523537817804234	9.806302939711012	0.1491451771789466	10.760975609756098	0.2936145952109464	11.359053191841053	0.4773640622571549	11.70818388232584	0.5590318584632977	11.929473955647241	0.8134401569653369	12.254668822727417	0.9821558807798901	12.390534749394448	1.3607646201198769	12.436749375114308	1.6470051860716932	12.429125634139062	2.1331646734130634	12.424099510699758	2.669888946429599	12.370955649114713	3.2830820770519265	12.32884479092842	3.8152173913043477	12.368244000897063	4.260823653643083	12.393446252629248	4.651874521805662	12.36189170664839	5.143610785463071	12.3555266156601	5.694082620022329	12.381771281169389	6.149425287356322	12.375457435157731	6.565103947479169	12.362323840866265	7.141130981150313	12.302647237722477	7.801008817527241	12.180371352785146	8.247498258861478	12.22004553396516	8.602606208284776	12.292659548976276	8.864369377015786	12.195707239034794	9.323174936783685	12.276558054645982	9.701729839735435	12.257593378952208	9.996598744627562	12.378647377151715	10.325024805315856	12.517220477213865	4.75689574567555	4.761904761904762	12.682593856655291	7.302255666602781	10.178155683923665	5.747126436781609	4.761904761904762	3.9430403984066387	14.256937500000001	2.704	0.0995064673273741	20.598585122037516	0.0	17.04771040295342	0.0	14.201671000919367	1.921355093320217e-06	12.447942286098387	4.856769024692785e-06	11.262052722988813	6.903761563800619e-06	10.403196740814215	1.0039394584348985e-06	9.744060005383943	5.117822509821102e-06	9.217022095224952	5.2276648021328876e-06	8.777615395807835	-8.55894168686042e-06	8.3984018865855	-8.774825901969838e-06	8.060091032345536	-9.008653938189373e-06	7.75692865667837	-9.26989173925185e-06	7.483247324067609	-9.56545340846997e-06	7.231772926844351	-1.1131050808299807e-05	6.997398874683192	-1.1537781105216872e-05	6.778209577791925	-7.99082653114225e-06	6.572264354761994	-8.32020589736194e-06	6.382804650287386	-8.68672624795681e-06	6.204369506704734	-9.082968374617948e-06	6.040130837263215	-9.527000312803178e-06	5.889004050849746	-9.998000399920016e-06	5.744780095395534	-1.2284214608738991e-05	5.608773722519641	-9.255779771678424e-06	5.485598545750866	-9.79426173793298e-06	5.369953264421918	-1.0394945561670094e-05	5.257903648654025	-6.631519612719255e-06	5.153573237528712	-2.35585689582872e-06	5.052329413658983	-2.5158435245961444e-06	4.956402799750966	-2.695185320942668e-06
2	1	28	0	0	2548	30	2643	203	2742	233	2826	265	2893	267	2966	308	3008	352	3077	494	3167	565	3266	647	3288	790	3372	958	3371	1130	3394	1299	3423	1442	3448	1611	3480	1765	3484	1958	3456	2065	3499	2174	3522	2277	3525	2409	3517	2491	3505	2627	3539	2741	3534	2830	3505	2945	3470	3007	3453	4061	4095	799.0	696.4391452897271	969.3019733428955	34	1	0.5988645553588867	0.15600624024961	7.865168539325842			6.967840735068913	0.030842303303210684	8.230568011958146	0.1868917960946059	8.917073170731706	0.33209806157354615	9.342457601904195	0.5883789604564932	9.519892066208167	0.8480767398278436	9.560340381640021	1.2589928057553956	9.537398141982942	1.7114795546263433	9.555307123781132	2.667530644203251	9.653721880143875	3.2199236336695733	9.74634437481349	3.720101195952162	9.691681895891056	4.545716094136601	9.723744160562893	5.348967057509771	9.556343019135365	6.141304347826087	9.514465126710023	6.8585005279831055	9.473596811690468	7.355266513644479	9.453050034270047	7.869284876905041	9.441640892072277	8.210829921845924	9.361564918314704	8.65605658709107	9.231508935010819	8.690345930477232	9.286339871015684	8.756242951506364	9.314257001560309	8.767471410419315	9.350132625994695	8.830321469154356	9.310636946047545	8.79683582300385	9.331984344631113	8.918689526396198	9.43607518997467	9.00134642540475	9.485211229802996	8.998982447214448	9.479890731074027	9.106088247116663	9.43627117722242	9.04116179079347	9.513969251115887	4.746376811594203	4.761904761904762	10.907849829351536	7.14985465516557	9.212043354758817	7.816091954022989	4.761904761904762	4.083448253573256	14.256937500000001	2.704	0.0995064673273741	20.598585122037516	0.0	17.04771040295342	0.0	14.201671000919367	1.921355093320217e-06	12.447942286098387	4.856769024692785e-06	11.262052722988813	6.903761563800619e-06	10.403196740814215	1.0039394584348985e-06	9.744060005383943	5.117822509821102e-06	9.217022095224952	5.2276648021328876e-06	8.777615395807835	-8.55894168686042e-06	8.3984018865855	-8.774825901969838e-06	8.060091032345536	-9.008653938189373e-06	7.75692865667837	-9.26989173925185e-06	7.483247324067609	-9.56545340846997e-06	7.231772926844351	-1.1131050808299807e-05	6.997398874683192	-1.1537781105216872e-05	6.778209577791925	-7.99082653114225e-06	6.572264354761994	-8.32020589736194e-06	6.382804650287386	-8.68672624795681e-06	6.204369506704734	-9.082968374617948e-06	6.040130837263215	-9.527000312803178e-06	5.889004050849746	-9.998000399920016e-06	5.744780095395534	-1.2284214608738991e-05	5.608773722519641	-9.255779771678424e-06	5.485598545750866	-9.79426173793298e-06	5.369953264421918	-1.0394945561670094e-05	5.257903648654025	-6.631519612719255e-06	5.153573237528712	-2.35585689582872e-06	5.052329413658983	-2.5158435245961444e-06	4.956402799750966	-2.695185320942668e-06
3	1	31	0	0	2109	70	2186	247	2295	404	2334	457	2373	501	2417	572	2475	670	2507	850	2573	986	2580	1139	2628	1227	2715	1346	2755	1453	2775	1516	2837	1554	2871	1635	2902	1708	2917	1864	2942	1922	2967	2023	2942	2100	2943	2191	2944	2329	2920	2364	2920	2405	2924	2474	2916	2518	2883	2583	2885	4066	4095	682.0	674.5029611226265	873.3153524398804	29	1	0.6131830215454102	0.15600624024961	8.707865168539326			5.767337562896521	0.07196537437415826	6.807424015944195	0.22740036273580128	7.463414634146341	0.5758266818700114	7.715957552315779	1.0146761695419524	7.808746585935701	1.591335006193819	7.790742650850954	2.338129496402878	7.847426995148863	3.2576457431808237	7.785230731010497	4.589880663102759	7.843077485825764	5.6191941642446	7.699194270367054	6.54898804047838	7.746271296350882	7.0602451234248225	7.829171232481688	7.5153545505304304	7.810063784549964	7.896739130434782	7.779210585333034	8.004223864836325	7.851765747813573	7.9265493496557	7.871144619602467	7.98651817116061	7.873460307124641	7.945664309639003	7.838026655202064	8.240495137046862	7.858535673264417	8.088544735291642	7.87441280288755	8.148058643467053	7.780392986539021	8.085942012244427	7.8063660477453585	8.031230526740222	7.793720548525441	8.22474132146767	7.774434889107804	8.025802070955695	7.785628582855619	7.897934386391252	7.84797895753932	7.866954973289239	7.886836340031915	7.785782752543212	7.83999129796318	7.766318891127214	7.948972281919876	4.752220663861618	4.761904761904762	9.310580204778157	6.9246511617311715	8.299806572462932	6.666666666666667	4.761904761904762	4.181080873871127	14.256937500000001	2.704	0.0995064673273741	20.598585122037516	0.0	17.04771040295342	0.0	14.201671000919367	1.921355093320217e-06	12.447942286098387	4.856769024692785e-06	11.262052722988813	6.903761563800619e-06	10.403196740814215	1.0039394584348985e-06	9.744060005383943	5.117822509821102e-06	9.217022095224952	5.2276648021328876e-06	8.777615395807835	-8.55894168686042e-06	8.3984018865855	-8.774825901969838e-06	8.060091032345536	-9.008653938189373e-06	7.75692865667837	-9.26989173925185e-06	7.483247324067609	-9.56545340846997e-06	7.231772926844351	-1.1131050808299807e-05	6.997398874683192	-1.1537781105216872e-05	6.778209577791925	-7.99082653114225e-06	6.572264354761994	-8.32020589736194e-06	6.382804650287386	-8.68672624795681e-06	6.204369506704734	-9.082968374617948e-06	6.040130837263215	-9.527000312803178e-06	5.889004050849746	-9.998000399920016e-06	5.744780095395534	-1.2284214608738991e-05	5.608773722519641	-9.255779771678424e-06	5.485598545750866	-9.79426173793298e-06	5.369953264421918	-1.0394945561670094e-05	5.257903648654025	-6.631519612719255e-06	5.153573237528712	-2.35585689582872e-06	5.052329413658983	-2.5158435245961444e-06	4.956402799750966	-2.695185320942668e-06
4	1	28	0	0	1961	54	1985	217	2056	422	2121	558	2162	657	2242	867	2305	1013	2319	1181	2378	1201	2429	1278	2450	1369	2495	1451	2541	1495	2568	1503	2618	1539	2625	1641	2671	1722	2680	1822	2736	1896	2779	1968	2786	1998	2799	2110	2813	2160	2807	2246	2794	2300	2784	2356	2783	2430	2809	2464	2747	4071	4095	624.0	652.7689082429317	821.3054962158203	24	1	0.6196098327636719	0.15600624024961	7.865168539325842			5.362612119886239	0.055516145945779236	6.181489785749875	0.19978088548044082	6.686178861788618	0.6014823261117446	7.011802043042745	1.238926263904616	7.1144164006712955	2.086840517104469	7.226663228468283	3.5439829954218447	7.308411807603285	4.92536587737638	7.201416061114216	6.37723419191101	7.248674023044566	6.844474839003818	7.248582512682781	7.348206071757129	7.221599952838531	7.877323206168365	7.194763250475806	8.101619207146845	7.203401842664777	8.125	7.198923525454138	7.93558606124604	7.245654821211114	7.850038255547053	7.196710075394106	8.015826494724502	7.24673069618536	8.01079270561965	7.201203783319003	8.054818744473916	7.308277906883564	7.979126336166989	7.375461132195653	7.926534557757371	7.367836458360881	7.693196257363982	7.424403183023872	7.734320589421209	7.446921162704506	7.6279266871490625	7.473574908810139	7.625190969275166	7.449673376883083	7.553118124199535	7.472220731118149	7.4917323836174	7.527114380764341	7.513682322748215	7.638756696489272	7.40852100183409	7.568744145037748	4.758064516129032	4.761904761904762	8.51877133105802	6.701522809155794	7.805515769816104	5.517241379310345	4.761904761904762	4.224903055047852	14.256937500000001	2.704	0.0995064673273741	20.598585122037516	0.0	17.04771040295342	0.0	14.201671000919367	1.921355093320217e-06	12.447942286098387	4.856769024692785e-06	11.262052722988813	6.903761563800619e-06	10.403196740814215	1.0039394584348985e-06	9.744060005383943	5.117822509821102e-06	9.217022095224952	5.2276648021328876e-06	8.777615395807835	-8.55894168686042e-06	8.3984018865855	-8.774825901969838e-06	8.060091032345536	-9.008653938189373e-06	7.75692865667837	-9.26989173925185e-06	7.483247324067609	-9.56545340846997e-06	7.231772926844351	-1.1131050808299807e-05	6.997398874683192	-1.1537781105216872e-05	6.778209577791925	-7.99082653114225e-06	6.572264354761994	-8.32020589736194e-06	6.382804650287386	-8.68672624795681e-06	6.204369506704734	-9.082968374617948e-06	6.040130837263215	-9.527000312803178e-06	5.889004050849746	-9.998000399920016e-06	5.744780095395534	-1.2284214608738991e-05	5.608773722519641	-9.255779771678424e-06	5.485598545750866	-9.79426173793298e-06	5.369953264421918	-1.0394945561670094e-05	5.257903648654025	-6.631519612719255e-06	5.153573237528712	-2.35585689582872e-06	5.052329413658983	-2.5158435245961444e-06	4.956402799750966	-2.695185320942668e-06
5	1	26	0	0	1707	60	1757	382	1763	832	1780	1253	1831	1285	1924	1393	1907	1435	1962	1347	1986	1331	2037	1312	2107	1319	2156	1365	2221	1370	2244	1390	2287	1458	2308	1535	2316	1614	2358	1698	2402	1756	2423	1751	2441	1804	2473	1891	2480	1908	2492	1991	2475	1998	2490	2082	2480	2135	2461	2226	2467	4069	4095	539.0	637.8698416942486	752.1075468063354	26	1	0.6297082901000977	0.15600624024961	7.303370786516854			4.668015751476701	0.06168460660642137	5.471474838066767	0.3516880103849234	5.733333333333333	1.185860889395667	5.884492049323945	2.7820333488754194	6.025206489190167	4.081567830257599	6.201650335224342	5.694081098757358	6.046482133231872	6.977196479797734	6.092789267747345	7.273610886116962	6.053770651710053	7.58534222374195	6.078782452999105	7.543698252069918	6.210575959441137	7.589619655906555	6.21719822365765	7.6214405360134005	6.2962437987243085	7.445652173913044	6.290648127382821	7.3389651531151	6.329569356802835	7.436878347360368	6.3276216586703224	7.498046111762408	6.283574800586032	7.508373650911798	6.335984522785898	7.506631299734748	6.416112402168977	7.389950340880397	6.430637755779081	7.052521346866442	6.455451828736149	6.946209233375688	6.559681697612732	6.931564092225358	6.5653624185948	6.738001906981673	6.6348944327591255	6.759463588524868	6.599120117317692	6.561360874848117	6.68312845563369	6.62045281098957	6.707597435966786	6.601527472867258	6.692410192260626	6.692925223247842	6.797266765856616	4.755726975222067	4.761904761904762	7.358361774744027	6.548564491058372	7.147872922126286	5.977011494252873	4.761904761904762	4.293760908806619	14.256937500000001	2.704	0.0995064673273741	20.598585122037516	0.0	17.04771040295342	0.0	14.201671000919367	1.921355093320217e-06	12.447942286098387	4.856769024692785e-06	11.262052722988813	6.903761563800619e-06	10.403196740814215	1.0039394584348985e-06	9.744060005383943	5.117822509821102e-06	9.217022095224952	5.2276648021328876e-06	8.777615395807835	-8.55894168686042e-06	8.3984018865855	-8.774825901969838e-06	8.060091032345536	-9.008653938189373e-06	7.75692865667837	-9.26989173925185e-06	7.483247324067609	-9.56545340846997e-06	7.231772926844351	-1.1131050808299807e-05	6.997398874683192	-1.1537781105216872e-05	6.778209577791925	-7.99082653114225e-06	6.572264354761994	-8.32020589736194e-06	6.382804650287386	-8.68672624795681e-06	6.204369506704734	-9.082968374617948e-06	6.040130837263215	-9.527000312803178e-06	5.889004050849746	-9.998000399920016e-06	5.744780095395534	-1.2284214608738991e-05	5.608773722519641	-9.255779771678424e-06	5.485598545750866	-9.79426173793298e-06	5.369953264421918	-1.0394945561670094e-05	5.257903648654025	-6.631519612719255e-06	5.153573237528712	-2.35585689582872e-06	5.052329413658983	-2.5158435245961444e-06	4.956402799750966	-2.695185320942668e-06
6	1	27	0	0	1279	110	1330	748	1395	1932	1456	2304	1529	2101	1563	1868	1585	1639	1635	1412	1643	1345	1719	1311	1753	1212	1849	1257	1879	1229	1915	1241	1964	1234	2007	1282	2037	1348	2047	1409	2083	1531	2115	1544	2153	1584	2148	1641	2179	1664	2167	1738	2180	1808	2178	1878	2160	1919	2173	1959	2147	4067	4095	429.0	609.6848291911266	661.3329181671143	28	1	0.645817756652832	0.15600624024961	7.584269662921349			3.497593524392912	0.11308844544510584	4.141753861484803	0.6886456329003212	4.536585365853658	2.7537058152793614	4.813382260570597	5.115566509025511	5.031425844878081	6.673442810405615	5.038035069623517	7.63570961412688	5.025523954469071	7.9690766762289105	5.077324389789454	7.624601760354231	5.0082302017923555	7.665127942098364	5.1298119964189794	7.537948482060718	5.1671284560514055	6.9739340583462806	5.3319107214948955	7.018425460636515	5.326718639262934	6.679347826086957	5.368356133662256	6.552270327349524	5.435624930809254	6.294312675337924	5.502398903358465	6.2622118014849555	5.526615660100928	6.270934127279494	5.5003224419604475	6.229000884173298	5.564014210540375	6.443060348455518	5.613206295283845	6.218785242468181	5.693809007484198	6.099110546378653	5.697612732095491	6.015175396796305	5.768518028273416	5.876328707137056	5.76958917969062	5.9005262264471225	5.8125583255565925	5.937407638501199	5.845724408180794	5.971762910200966	5.842100992616234	5.933644599734084	5.909226878416229	5.8901350010523466	5.91557833250675	4.753389434315101	4.761904761904762	5.856655290102389	6.25920863819701	6.285169824914269	6.436781609195402	4.761904761904762	4.403605735106848	14.256937500000001	2.704	0.0995064673273741	20.598585122037516	0.0	17.04771040295342	0.0	14.201671000919367	1.921355093320217e-06	12.447942286098387	4.856769024692785e-06	11.262052722988813	6.903761563800619e-06	10.403196740814215	1.0039394584348985e-06	9.744060005383943	5.117822509821102e-06	9.217022095224952	5.2276648021328876e-06	8.777615395807835	-8.55894168686042e-06	8.3984018865855	-8.774825901969838e-06	8.060091032345536	-9.008653938189373e-06	7.75692865667837	-9.26989173925185e-06	7.483247324067609	-9.56545340846997e-06	7.231772926844351	-1.1131050808299807e-05	6.997398874683192	-1.1537781105216872e-05	6.778209577791925	-7.99082653114225e-06	6.572264354761994	-8.32020589736194e-06	6.382804650287386	-8.68672624795681e-06	6.204369506704734	-9.082968374617948e-06	6.040130837263215	-9.527000312803178e-06	5.889004050849746	-9.998000399920016e-06	5.744780095395534	-1.2284214608738991e-05	5.608773722519641	-9.255779771678424e-06	5.485598545750866	-9.79426173793298e-06	5.369953264421918	-1.0394945561670094e-05	5.257903648654025	-6.631519612719255e-06	5.153573237528712	-2.35585689582872e-06	5.052329413658983	-2.5158435245961444e-06	4.956402799750966	-2.695185320942668e-06
7	1	22	0	0	1125	171	1132	1441	1159	3328	1214	3291	1212	2669	1291	2155	1365	1681	1399	1412	1459	1233	1467	1169	1497	1134	1522	1111	1574	1085	1621	1122	1665	1142	1696	1165	1714	1212	1784	1274	1840	1356	1882	1395	1891	1459	1914	1485	1907	1526	1924	1532	1948	1616	1930	1663	1938	1695	1940	1746	1929	4070	4095	339.0	576.0186160426275	578.6961507797241	25	1	0.6654253005981445	0.15600624024961	6.179775280898876			3.076460293152483	0.1758011288283009	3.525161933233682	1.3266555574991483	3.7691056910569105	4.743443557582668	4.01335581341532	7.30700059948045	3.988285234788904	8.477591080900805	4.161294481691594	8.808862001308045	4.327974888233616	8.173287304905918	4.344450655238806	7.624601760354231	4.4473571907577885	7.02684219524705	4.377797672336616	6.721481140754369	4.412544950775216	6.525116519937855	4.388949766422516	6.203238414293691	4.4620836286321754	5.896739130434782	4.544180309486432	5.923970432946145	4.608103620059781	5.825044631471563	4.649760109664154	5.690699491989058	4.650279450865484	5.638258280610346	4.793637145313843	5.632183908045977	4.914923738547426	5.706590354347277	4.994824703415696	5.6186563557274045	5.0009256075952715	5.617804474221247	5.076923076923077	5.443348850848576	5.048446021072695	5.3889889465691985	5.1226070981655525	5.2011543031743335	5.193974136781762	5.306886473350629	5.180095549949004	5.288094632409057	5.2416628350417875	5.2410253238922735	5.2756098224240615	5.249706846267175	5.3149280872871545	4.75689574567555	4.761904761904762	4.6279863481228665	5.913581123676046	5.499807260094172	5.747126436781609	4.761904761904762	4.537302729467059	14.256937500000001	2.704	0.0995064673273741	20.598585122037516	0.0	17.04771040295342	0.0	14.201671000919367	1.921355093320217e-06	12.447942286098387	4.856769024692785e-06	11.262052722988813	6.903761563800619e-06	10.403196740814215	1.0039394584348985e-06	9.744060005383943	5.117822509821102e-06	9.217022095224952	5.2276648021328876e-06	8.777615395807835	-8.55894168686042e-06	8.3984018865855	-8.774825901969838e-06	8.060091032345536	-9.008653938189373e-06	7.75692865667837	-9.26989173925185e-06	7.483247324067609	-9.56545340846997e-06	7.231772926844351	-1.1131050808299807e-05	6.997398874683192	-1.1537781105216872e-05	6.778209577791925	-7.99082653114225e-06	6.572264354761994	-8.32020589736194e-06	6.382804650287386	-8.68672624795681e-06	6.204369506704734	-9.082968374617948e-06	6.040130837263215	-9.527000312803178e-06	5.889004050849746	-9.998000399920016e-06	5.744780095395534	-1.2284214608738991e-05	5.608773722519641	-9.255779771678424e-06	5.485598545750866	-9.79426173793298e-06	5.369953264421918	-1.0394945561670094e-05	5.257903648654025	-6.631519612719255e-06	5.153573237528712	-2.35585689582872e-06	5.052329413658983	-2.5158435245961444e-06	4.956402799750966	-2.695185320942668e-06
8	1	21	0	0	1107	187	1126	1780	1176	3458	1210	3481	1252	2723	1244	2081	1318	1661	1381	1323	1391	1232	1474	1136	1483	1084	1538	1128	1599	1075	1645	1126	1679	1146	1706	1206	1754	1256	1809	1247	1815	1333	1839	1396	1842	1429	1871	1471	1876	1539	1908	1592	1943	1645	1946	1702	1927	1723	1911	1780	1900	4072	4095	325.0	564.6328549304138	561.6682729721069	23	1	0.6677722930908203	0.15600624024961	5.8988764044943816			3.027236928462043	0.1922503572566799	3.5064773293472844	1.6387556504847218	3.824390243902439	4.928734321550741	4.000132235776389	7.728857212637936	4.119911810194479	8.649112219292952	4.009798865394533	8.50637671680837	4.178953042265132	8.076044148393056	4.288553505993416	7.1440142556293535	4.240078034505883	7.02114321536445	4.398686959116682	6.531738730450782	4.371278665330425	6.237412969676045	4.435088528750216	6.298157453936348	4.532955350815024	5.842391304347826	4.6114599686028255	5.945089757127772	4.646850437285509	5.845447589900536	4.677176148046607	5.890973036342322	4.7588040588203375	5.842947525120953	4.860812553740327	5.512820512820513	4.848144883404118	5.609797155121623	4.880702778736166	5.622684066376672	4.871340544257266	5.502291016903469	4.962864721485412	5.392031083904549	4.96637899084026	5.434897764593707	5.080007454937565	5.404854863350874	5.180642580989201	5.40212144100358	5.223039347254281	5.412108878148054	5.211911394801612	5.327602733372499	5.196747613738341	5.35193481463664	5.235025073014824	4.759233286582515	4.761904761904762	4.436860068259386	5.79669146053556	5.337977868514243	5.287356321839081	4.761904761904762	4.553306051603268	14.256937500000001	2.704	0.0995064673273741	20.598585122037516	0.0	17.04771040295342	0.0	14.201671000919367	1.921355093320217e-06	12.447942286098387	4.856769024692785e-06	11.262052722988813	6.903761563800619e-06	10.403196740814215	1.0039394584348985e-06	9.744060005383943	5.117822509821102e-06	9.217022095224952	5.2276648021328876e-06	8.777615395807835	-8.55894168686042e-06	8.3984018865855	-8.774825901969838e-06	8.060091032345536	-9.008653938189373e-06	7.75692865667837	-9.26989173925185e-06	7.483247324067609	-9.56545340846997e-06	7.231772926844351	-1.1131050808299807e-05	6.997398874683192	-1.1537781105216872e-05	6.778209577791925	-7.99082653114225e-06	6.572264354761994	-8.32020589736194e-06	6.382804650287386	-8.68672624795681e-06	6.204369506704734	-9.082968374617948e-06	6.040130837263215	-9.527000312803178e-06	5.889004050849746	-9.998000399920016e-06	5.744780095395534	-1.2284214608738991e-05	5.608773722519641	-9.255779771678424e-06	5.485598545750866	-9.79426173793298e-06	5.369953264421918	-1.0394945561670094e-05	5.257903648654025	-6.631519612719255e-06	5.153573237528712	-2.35585689582872e-06	5.052329413658983	-2.5158435245961444e-06	4.956402799750966	-2.695185320942668e-06
9	1	21	0	0	1028	507	1032	3390	1049	4770	1071	3861	1035	2619	1109	1814	1148	1432	1150	1205	1216	1139	1263	1038	1338	1029	1401	1034	1445	1042	1490	1051	1514	1045	1511	1075	1540	1134	1593	1150	1601	1228	1611	1282	1670	1354	1681	1441	1693	1474	1706	1500	1724	1515	1710	1537	1711	1602	1706	1612	1679	4071	4095	265.0	532.9289873215774	494.6893501281738	24	1	0.6861639022827148	0.15600624024961	5.8988764044943816			2.811201050098447	0.5212349258242606	3.2137518684603883	3.121000929855734	3.4113821138211384	6.798745724059294	3.5406129128235646	8.572570438952907	3.405837638619237	8.318775212019185	3.5746518824136153	7.414977109221714	3.6399378547195536	6.962610006320805	3.571206757344264	6.506830822398618	3.706639029445833	6.491138086282556	3.7690241718889883	5.968261269549218	3.9438778517950834	5.920939064388055	4.040025376319281	5.7733109994416525	4.096385542168675	5.663043478260869	4.176945503476116	5.549102428722281	4.190191519982287	5.330272889568988	4.142563399588759	5.251074638530676	4.17819740626187	5.2754000744324525	4.280417024935511	5.083996463306808	4.276517883377407	5.167915158656679	4.275591178109822	5.163525052360239	4.416470526009573	5.213507373609025	4.458885941644562	5.282064440453063	4.481918780113305	5.205353674471166	4.5421869591842166	5.092514004413512	4.59672043727503	4.975206068766214	4.589618337001449	4.887433223098448	4.627701295539988	4.953464642404378	4.639273379925489	4.846808382693406	4.6261089987325725	4.758064516129032	4.761904761904762	3.6177474402730376	5.471209978136274	4.701424185490753	5.517241379310345	4.761904761904762	4.678712011536958	14.256937500000001	2.704	0.0995064673273741	20.598585122037516	0.0	17.04771040295342	0.0	14.201671000919367	1.921355093320217e-06	12.447942286098387	4.856769024692785e-06	11.262052722988813	6.903761563800619e-06	10.403196740814215	1.0039394584348985e-06	9.744060005383943	5.117822509821102e-06	9.217022095224952	5.2276648021328876e-06	8.777615395807835	-8.55894168686042e-06	8.3984018865855	-8.774825901969838e-06	8.060091032345536	-9.008653938189373e-06	7.75692865667837	-9.26989173925185e-06	7.483247324067609	-9.56545340846997e-06	7.231772926844351	-1.1131050808299807e-05	6.997398874683192	-1.1537781105216872e-05	6.778209577791925	-7.99082653114225e-06	6.572264354761994	-8.32020589736194e-06	6.382804650287386	-8.68672624795681e-06	6.204369506704734	-9.082968374617948e-06	6.040130837263215	-9.527000312803178e-06	5.889004050849746	-9.998000399920016e-06	5.744780095395534	-1.2284214608738991e-05	5.608773722519641	-9.255779771678424e-06	5.485598545750866	-9.79426173793298e-06	5.369953264421918	-1.0394945561670094e-05	5.257903648654025	-6.631519612719255e-06	5.153573237528712	-2.35585689582872e-06	5.052329413658983	-2.5158435245961444e-06	4.956402799750966	-2.695185320942668e-06
10	1	14	0	0	987	903	960	4745	970	5766	990	3896	1011	2526	1038	1779	1045	1375	1070	1179	1116	1034	1154	1033	1200	945	1230	973	1290	973	1340	1016	1366	1039	1382	1048	1403	1062	1424	1152	1451	1152	1453	1213	1481	1268	1482	1335	1507	1366	1491	1381	1481	1403	1465	1431	1478	1448	1484	1468	1461	4074	4095	223.0	490.7502877871482	433.43954849243164	21	1	0.703953742980957	0.15600624024961	3.932584269662921			2.6990811638591117	0.9283533294266415	2.9895366218236172	4.368480652556182	3.1544715447154474	8.21835803876853	3.272835465635228	8.650280867692445	3.3268616933758923	8.023377695899374	3.345796802475503	7.271909744931328	3.313358064618409	6.685467010259153	3.3227749829203157	6.36643447270371	3.4018167408400903	5.892745198609449	3.4437481348851087	5.93951241950322	3.537110180982138	5.4375970999482135	3.5469173539419807	5.432719151312116	3.6569808646350106	5.28804347826087	3.7564476339986546	5.364308342133052	3.780582309310307	5.2996684519255295	3.788896504455106	5.119187182493161	3.8065006240164956	4.940454037960551	3.826311263972485	5.092838196286472	3.8758447525175628	4.848076761215386	3.85625945486876	4.885613017560819	3.9166424245629807	4.882368795964729	3.9310344827586206	4.893515633591144	3.989516598718695	4.823957340113712	3.9697542533081283	4.688507893396706	3.9488068257565656	4.607402055761716	3.932041440764399	4.550368862884762	3.997511697725367	4.477288890263133	4.035569575503766	4.413842869599207	4.025458753512978	4.76157082748948	4.761904761904762	3.044368600682594	5.038190706811985	4.119318872950309	4.827586206896552	4.761904761904762	4.800014722276033	14.256937500000001	2.704	0.0995064673273741	20.598585122037516	0.0	17.04771040295342	0.0	14.201671000919367	1.921355093320217e-06	12.447942286098387	4.856769024692785e-06	11.262052722988813	6.903761563800619e-06	10.403196740814215	1.0039394584348985e-06	9.744060005383943	5.117822509821102e-06	9.217022095224952	5.2276648021328876e-06	8.777615395807835	-8.55894168686042e-06	8.3984018865855	-8.774825901969838e-06	8.060091032345536	-9.008653938189373e-06	7.75692865667837	-9.26989173925185e-06	7.483247324067609	-9.56545340846997e-06	7.231772926844351	-1.1131050808299807e-05	6.997398874683192	-1.1537781105216872e-05	6.778209577791925	-7.99082653114225e-06	6.572264354761994	-8.32020589736194e-06	6.382804650287386	-8.68672624795681e-06	6.204369506704734	-9.082968374617948e-06	6.040130837263215	-9.527000312803178e-06	5.889004050849746	-9.998000399920016e-06	5.744780095395534	-1.2284214608738991e-05	5.608773722519641	-9.255779771678424e-06	5.485598545750866	-9.79426173793298e-06	5.369953264421918	-1.0394945561670094e-05	5.257903648654025	-6.631519612719255e-06	5.153573237528712	-2.35585689582872e-06	5.052329413658983	-2.5158435245961444e-06	4.956402799750966	-2.695185320942668e-06
11	1	12	0	0	950	1770	952	6165	947	6000	933	3862	954	2361	1016	1662	1044	1305	1041	1049	1063	963	1083	951	1107	941	1143	954	1181	958	1186	1017	1200	1037	1228	1038	1273	1077	1300	1090	1330	1118	1296	1175	1311	1174	1308	1190	1309	1226	1310	1279	1314	1310	1330	1310	1333	1307	1333	1300	1313	4080	4095	196.0	460.72863782933155	390.30850410461426	15	1	0.7162446975708008	0.15600624024961	3.3707865168539324			2.5978998031065412	1.8196958948894302	2.964623816641754	5.6758025759765784	3.0796747967479674	8.551881413911062	3.084399484280472	8.574790736916894	3.1392938234229493	7.499285328590033	3.2748839608045386	6.7936559843034665	3.3101873870446115	6.345115962464141	3.2327184646916343	5.66445272422917	3.240260927879046	5.488117626944777	3.2318710832587283	5.46803127874885	3.262984141956022	5.414580815927268	3.2960378337851086	5.326633165829145	3.3479801559177886	5.206521739130435	3.324736488001794	5.3695881731784585	3.3211557622052474	5.289466972711043	3.3666895133653187	5.070339976553341	3.453795648163221	5.01023446222553	3.4931212381771286	4.818744473916888	3.552635093623955	4.704991162360071	3.4395817298760583	4.7325600128886744	3.4670615925739825	4.52042662970236	3.4694960212201593	4.362010190242293	3.4653465346534658	4.329554684465163	3.4878457892915145	4.342216941096588	3.503532862285029	4.301993366391908	3.5697031510011272	4.1656067158483845	3.605333621832148	4.041309792523422	3.624942213036739	3.908716437655973	3.6176778530886646	4.768583450210379	4.761904761904762	2.675767918088737	4.729979379004802	3.7094104421789162	3.4482758620689653	4.761904761904762	4.883822449090935	14.256937500000001	2.704	0.0995064673273741	20.598585122037516	0.0	17.04771040295342	0.0	14.201671000919367	1.921355093320217e-06	12.447942286098387	4.856769024692785e-06	11.262052722988813	6.903761563800619e-06	10.403196740814215	1.0039394584348985e-06	9.744060005383943	5.117822509821102e-06	9.217022095224952	5.2276648021328876e-06	8.777615395807835	-8.55894168686042e-06	8.3984018865855	-8.774825901969838e-06	8.060091032345536	-9.008653938189373e-06	7.75692865667837	-9.26989173925185e-06	7.483247324067609	-9.56545340846997e-06	7.231772926844351	-1.1131050808299807e-05	6.997398874683192	-1.1537781105216872e-05	6.778209577791925	-7.99082653114225e-06	6.572264354761994	-8.32020589736194e-06	6.382804650287386	-8.68672624795681e-06	6.204369506704734	-9.082968374617948e-06	6.040130837263215	-9.527000312803178e-06	5.889004050849746	-9.998000399920016e-06	5.744780095395534	-1.2284214608738991e-05	5.608773722519641	-9.255779771678424e-06	5.485598545750866	-9.79426173793298e-06	5.369953264421918	-1.0394945561670094e-05	5.257903648654025	-6.631519612719255e-06	5.153573237528712	-2.35585689582872e-06	5.052329413658983	-2.5158435245961444e-06	4.956402799750966	-2.695185320942668e-06
12	1	9	0	0	1068	3367	1068	8482	985	6122	951	3392	927	2134	873	1570	853	1224	838	1084	913	1038	939	983	937	927	946	889	963	866	990	853	977	914	1024	939	1049	939	1056	948	1044	970	1067	997	1064	1008	1033	1033	1049	1055	1047	1052	1069	1059	1063	1067	1062	1034	1037	1048	1014	4078	4095	160.0	402.42556587629076	319.883825302124	17	1	0.7373790740966797	0.15600624024961	2.528089887640449			2.9205863049660907	3.4615345073970127	3.3258594917787745	7.808946869332253	3.2032520325203255	8.725769669327251	3.143905583655658	7.531250693843114	3.0504458850241867	6.778261283867485	2.8139504899432697	6.4175931981687375	2.704587970449285	5.951281178587057	2.6023228370908638	5.853447810356931	2.783027494970432	5.915541118139854	2.802148612354521	5.652023919043239	2.7618935329835526	5.334023821853961	2.727954322625296	4.963707426018984	2.729978738483345	4.706521739130435	2.7752859385512445	4.503695881731785	2.703974316395439	4.662076001020147	2.8074023303632627	4.586752637749121	2.84605784361604	4.368254558987719	2.8374892519346515	4.190981432360743	2.788684990784518	4.0821479673428165	2.8318161310013537	4.015627517319156	2.8138470896252614	3.8812521658773247	2.740053050397878	3.786518089512848	2.7770424101233653	3.7256771550658616	2.7876141537314623	3.57154982176201	2.85028662844954	3.477718301533611	2.853078533469322	3.3929025693207833	2.872366321369648	3.1971800500912155	2.820003807141109	3.151026789741123	2.7938502231773845	4.766245909303413	4.761904761904762	2.1843003412969284	4.1314224293656725	3.040109014744389	3.9080459770114944	4.761904761904762	5.027930381582016	14.256937500000001	2.704	0.0995064673273741	20.598585122037516	0.0	17.04771040295342	0.0	14.201671000919367	1.921355093320217e-06	12.447942286098387	4.856769024692785e-06	11.262052722988813	6.903761563800619e-06	10.403196740814215	1.0039394584348985e-06	9.744060005383943	5.117822509821102e-06	9.217022095224952	5.2276648021328876e-06	8.777615395807835	-8.55894168686042e-06	8.3984018865855	-8.774825901969838e-06	8.060091032345536	-9.008653938189373e-06	7.75692865667837	-9.26989173925185e-06	7.483247324067609	-9.56545340846997e-06	7.231772926844351	-1.1131050808299807e-05	6.997398874683192	-1.1537781105216872e-05	6.778209577791925	-7.99082653114225e-06	6.572264354761994	-8.32020589736194e-06	6.382804650287386	-8.68672624795681e-06	6.204369506704734	-9.082968374617948e-06	6.040130837263215	-9.527000312803178e-06	5.889004050849746	-9.998000399920016e-06	5.744780095395534	-1.2284214608738991e-05	5.608773722519641	-9.255779771678424e-06	5.485598545750866	-9.79426173793298e-06	5.369953264421918	-1.0394945561670094e-05	5.257903648654025	-6.631519612719255e-06	5.153573237528712	-2.35585689582872e-06	5.052329413658983	-2.5158435245961444e-06	4.956402799750966	-2.695185320942668e-06
13	1	11	0	0	1271	4832	1057	10035	934	5926	841	3092	811	2061	804	1466	803	1129	864	965	825	867	851	819	830	803	844	789	865	859	850	825	844	852	866	844	852	837	862	869	838	851	829	848	822	854	841	855	846	846	832	829	834	826	831	839	822	842	813	832	805	4079	4095	138.0	353.3399584768163	269.8640241622925	16	1	0.7543611526489258	0.15600624024961	3.089887640449438			3.475716473419383	4.967666985370467	3.2916043846537115	9.23871514191808	3.03739837398374	8.446408209806156	2.780257198585077	6.865161304647084	2.6687288163480205	6.546390115300321	2.5915420319752447	5.992478744277306	2.546054091759409	5.48937618515097	2.6830631637786473	5.210864517522545	2.5147838809973786	4.94101555821508	2.5395404356908386	4.709061637534498	2.4465012085126454	4.620519017204672	2.4338197127862045	4.40536013400335	2.452161587526577	4.668478260869565	2.382821260372281	4.355860612460401	2.335879552751024	4.345830145371079	2.3742289239204935	4.122704181320828	2.311574149438385	3.8937476739858576	2.316208082545142	3.8417329796640143	2.2384272244036647	3.5813483713492134	2.2001645478913985	3.415498630578379	2.173855552323275	3.2882830849794003	2.230769230769231	3.1340493383673618	2.23963572827871	2.987604619133383	2.215181447855374	2.8144627397725346	2.2237035061991732	2.7125545959081805	2.2303934725428096	2.667896209615874	2.2232439888567335	2.6035063850839495	2.210861229706578	2.5015785200998226	2.2179974651457544	4.767414679756896	4.761904761904762	1.8839590443686007	3.627494755368024	2.5647312796641595	3.67816091954023	4.761904761904762	5.143725244353042	14.256937500000001	2.704	0.0995064673273741	20.598585122037516	0.0	17.04771040295342	0.0	14.201671000919367	1.921355093320217e-06	12.447942286098387	4.856769024692785e-06	11.262052722988813	6.903761563800619e-06	10.403196740814215	1.0039394584348985e-06	9.744060005383943	5.117822509821102e-06	9.217022095224952	5.2276648021328876e-06	8.777615395807835	-8.55894168686042e-06	8.3984018865855	-8.774825901969838e-06	8.060091032345536	-9.008653938189373e-06	7.75692865667837	-9.26989173925185e-06	7.483247324067609	-9.56545340846997e-06	7.231772926844351	-1.1131050808299807e-05	6.997398874683192	-1.1537781105216872e-05	6.778209577791925	-7.99082653114225e-06	6.572264354761994	-8.32020589736194e-06	6.382804650287386	-8.68672624795681e-06	6.204369506704734	-9.082968374617948e-06	6.040130837263215	-9.527000312803178e-06	5.889004050849746	-9.998000399920016e-06	5.744780095395534	-1.2284214608738991e-05	5.608773722519641	-9.255779771678424e-06	5.485598545750866	-9.79426173793298e-06	5.369953264421918	-1.0394945561670094e-05	5.257903648654025	-6.631519612719255e-06	5.153573237528712	-2.35585689582872e-06	5.052329413658983	-2.5158435245961444e-06	4.956402799750966	-2.695185320942668e-06
14	2	8	0	0	1288	5420	1084	10025	929	5857	837	3090	831	1990	814	1421	793	1153	837	973	806	856	823	827	832	814	826	788	854	825	821	812	820	834	830	828	829	841	835	839	856	834	870	826	867	828	825	834	825	862	819	875	818	865	830	827	811	830	808	818	777	4079	4095	135.0	342.31007075647335	261.3680143356323	16	1	0.7561616897583008	0.31201248049922	2.247191011235955			3.522205206738132	5.572176130113396	3.3756851021425014	9.229508649499627	3.0211382113821137	8.348061573546179	2.767033620946147	6.860720708719111	2.7345421040508078	6.320871581488423	2.6237751418256834	5.808534990189666	2.514347316021434	5.606067972966403	2.5992174399105643	5.254063394351747	2.456867646162287	4.878326779506469	2.4559832885705757	4.755059797608096	2.4523963921476155	4.683813798262271	2.3819136051675414	4.399776661083194	2.420978029766123	4.483695652173913	2.301525005606638	4.2872228088701165	2.269456437506919	4.254016832440704	2.27553118574366	4.0445486518171165	2.2491724998643443	3.9123557871231855	2.24365864144454	3.7091069849690537	2.286508000106846	3.509805571921555	2.308978476074206	3.326888996294506	2.292862243143892	3.18817142197066	2.1883289124668437	3.0570726879513215	2.1840419336051253	3.0441077797789315	2.180569237732634	2.9706331692412156	2.1810425276629783	2.84062920757939	2.22770948521123	2.6297379801577208	2.193492548616558	2.566401781020995	2.1972642971745575	2.45948465077122	2.140849727227641	4.767414679756896	4.761904761904762	1.8430034129692834	3.5142585959754613	2.483986978075945	3.67816091954023	4.761904761904762	5.156002478076392	14.256937500000001	2.704	0.0995064673273741	20.598585122037516	0.0	17.04771040295342	0.0	14.201671000919367	1.921355093320217e-06	12.447942286098387	4.856769024692785e-06	11.262052722988813	6.903761563800619e-06	10.403196740814215	1.0039394584348985e-06	9.744060005383943	5.117822509821102e-06	9.217022095224952	5.2276648021328876e-06	8.777615395807835	-8.55894168686042e-06	8.3984018865855	-8.774825901969838e-06	8.060091032345536	-9.008653938189373e-06	7.75692865667837	-9.26989173925185e-06	7.483247324067609	-9.56545340846997e-06	7.231772926844351	-1.1131050808299807e-05	6.997398874683192	-1.1537781105216872e-05	6.778209577791925	-7.99082653114225e-06	6.572264354761994	-8.32020589736194e-06	6.382804650287386	-8.68672624795681e-06	6.204369506704734	-9.082968374617948e-06	6.040130837263215	-9.527000312803178e-06	5.889004050849746	-9.998000399920016e-06	5.744780095395534	-1.2284214608738991e-05	5.608773722519641	-9.255779771678424e-06	5.485598545750866	-9.79426173793298e-06	5.369953264421918	-1.0394945561670094e-05	5.257903648654025	-6.631519612719255e-06	5.153573237528712	-2.35585689582872e-06	5.052329413658983	-2.5158435245961444e-06	4.956402799750966	-2.695185320942668e-06
15	8	8	0	0	1401	7097	1063	10352	972	5507	888	2923	827	1769	764	1276	715	1045	722	928	734	817	704	811	701	746	701	745	708	727	734	695	738	696	738	704	751	708	757	730	730	728	718	741	733	758	711	756	699	725	695	736	703	723	687	708	683	690	682	697	664	4080	4095	123.0	316.9886764313066	234.630202293396	15	1	0.7644100189208984	1.24804992199688	2.247191011235955			3.831218551739225	7.296260884762875	3.3102889885401097	9.530560951583055	3.1609756097560977	7.849201824401368	2.935634235842507	6.4899309487333205	2.7213794465102503	5.618905441031668	2.4626095925734917	5.215827338129497	2.267034465265227	5.080954927796956	2.242096764176138	5.011069712187483	2.2373955983661524	4.656066564085029	2.1008654133094598	4.663063477460901	2.0662618640570654	4.292536969906209	2.021454524482381	4.1596873255164715	2.007087172218285	3.9510869565217392	2.0576362413097105	3.66948257655755	2.042510793756227	3.550114766641163	2.0233036326250855	3.438843298163345	2.037549514352379	3.293636025307034	2.034071367153912	3.227232537577365	1.9499425701845767	3.063715175490279	1.90557074232331	2.984533591106815	1.9384867638113878	2.918640021562512	1.885941644562334	2.7711594149774568	1.8504791655636152	2.5602994667514216	1.8504220027157272	2.4987268714988966	1.8744167444340754	2.3743062625201143	1.8438992967953192	2.2513355380310354	1.8472939712763365	2.1335147336198634	1.8546215973676339	2.09567335157401	1.8295034992009698	4.768583450210379	4.761904761904762	1.6791808873720135	3.2543015124089427	2.2298764010645225	3.4482758620689653	4.761904761904762	5.212244953962649	14.256937500000001	2.704	0.0995064673273741	20.598585122037516	0.0	17.04771040295342	0.0	14.201671000919367	1.921355093320217e-06	12.447942286098387	4.856769024692785e-06	11.262052722988813	6.903761563800619e-06	10.403196740814215	1.0039394584348985e-06	9.744060005383943	5.117822509821102e-06	9.217022095224952	5.2276648021328876e-06	8.777615395807835	-8.55894168686042e-06	8.3984018865855	-8.774825901969838e-06	8.060091032345536	-9.008653938189373e-06	7.75692865667837	-9.26989173925185e-06	7.483247324067609	-9.56545340846997e-06	7.231772926844351	-1.1131050808299807e-05	6.997398874683192	-1.1537781105216872e-05	6.778209577791925	-7.99082653114225e-06	6.572264354761994	-8.32020589736194e-06	6.382804650287386	-8.68672624795681e-06	6.204369506704734	-9.082968374617948e-06	6.040130837263215	-9.527000312803178e-06	5.889004050849746	-9.998000399920016e-06	5.744780095395534	-1.2284214608738991e-05	5.608773722519641	-9.255779771678424e-06	5.485598545750866	-9.79426173793298e-06	5.369953264421918	-1.0394945561670094e-05	5.257903648654025	-6.631519612719255e-06	5.153573237528712	-2.35585689582872e-06	5.052329413658983	-2.5158435245961444e-06	4.956402799750966	-2.695185320942668e-06
16	36	7	0	0	1707	9779	1175	10821	900	5036	763	2608	691	1572	658	1099	670	873	662	710	625	672	630	658	606	658	598	633	609	627	593	609	578	607	582	588	578	594	570	570	596	585	592	575	592	570	587	596	597	588	587	596	588	590	569	595	565	589	546	576	521	4080	4095	108.0	276.19827037463335	198.99855995178223	15	1	0.7768840789794922	5.61622464898596	1.9662921348314606			4.668015751476701	10.05356280006991	3.6590682610861984	9.962345446008525	2.9268292682926833	7.17787913340935	2.522397434625938	5.790537090077488	2.2738490901312978	4.99317091763809	2.1209386281588447	4.492315238718116	2.1243539744443387	4.2446637817863575	2.0557729333581767	3.833900318591717	1.9051393037858928	3.829714481107881	1.8800358102059087	3.783348666053358	1.7862406413959795	3.7861787214454226	1.7244362419978083	3.534338358458961	1.7264351523742025	3.4076086956521743	1.662368244000897	3.215417106652587	1.5996900254621944	3.0961489415965318	1.5956134338588075	2.87221570926143	1.5681805849476367	2.7633048008931893	1.5315993121238178	2.519893899204244	1.592007906616449	2.461913980304688	1.5711669630298044	2.3159336233285	1.5655991325734535	2.194755689037773	1.557029177718833	2.1846706499028627	1.5804521628633452	2.0764911537239117	1.5628744109268085	2.023425564420302	1.5677909612051726	1.9375389970772716	1.5271887916689033	1.8920122106334265	1.5281421577908203	1.8212176494233325	1.484785032496669	1.7318620523768	1.435498980547749	4.768583450210379	4.761904761904762	1.4744027303754266	2.835534881321497	1.8912407198431358	3.4482758620689653	4.761904761904762	5.297301213020605	14.256937500000001	2.704	0.0995064673273741	20.598585122037516	0.0	17.04771040295342	0.0	14.201671000919367	1.921355093320217e-06	12.447942286098387	4.856769024692785e-06	11.262052722988813	6.903761563800619e-06	10.403196740814215	1.0039394584348985e-06	9.744060005383943	5.117822509821102e-06	9.217022095224952	5.2276648021328876e-06	8.777615395807835	-8.55894168686042e-06	8.3984018865855	-8.774825901969838e-06	8.060091032345536	-9.008653938189373e-06	7.75692865667837	-9.26989173925185e-06	7.483247324067609	-9.56545340846997e-06	7.231772926844351	-1.1131050808299807e-05	6.997398874683192	-1.1537781105216872e-05	6.778209577791925	-7.99082653114225e-06	6.572264354761994	-8.32020589736194e-06	6.382804650287386	-8.68672624795681e-06	6.204369506704734	-9.082968374617948e-06	6.040130837263215	-9.527000312803178e-06	5.889004050849746	-9.998000399920016e-06	5.744780095395534	-1.2284214608738991e-05	5.608773722519641	-9.255779771678424e-06	5.485598545750866	-9.79426173793298e-06	5.369953264421918	-1.0394945561670094e-05	5.257903648654025	-6.631519612719255e-06	5.153573237528712	-2.35585689582872e-06	5.052329413658983	-2.5158435245961444e-06	4.956402799750966	-2.695185320942668e-06
17	47	3	0	0	1858	12715	1172	10472	863	4614	709	2043	622	1234	589	861	518	712	503	617	489	579	532	510	518	494	515	506	525	545	509	502	504	508	517	503	518	506	499	511	513	501	503	508	507	504	503	509	483	515	447	510	444	486	428	455	422	446	403	430	390	4081	4095	97.0	244.40406681138072	171.57963466644287	14	1	0.7894468307495117	7.332293291731669	0.8426966292134831			5.080945088602056	13.071996216677462	3.6497259591429994	9.641038860604498	2.80650406504065	6.576396807297605	2.34387913650038	4.536068740424965	2.0467932475566815	3.9195756439983485	1.8985301701908202	3.5194571615434924	1.6424109832271157	3.461856371857831	1.5620147816905783	3.331713375452238	1.4905809912820824	3.2997093520259875	1.5875857952849897	2.932382704691812	1.5268525614572894	2.842511076586685	1.4850914124228616	2.8252372975991067	1.48830616583983	2.9619565217391304	1.4268894370935188	2.650475184794087	1.3948854201262038	2.5911757204794696	1.4174091843728582	2.4570144587729583	1.4053936730153562	2.353926311871976	1.3408211521926052	2.2590627763041558	1.3703021075406683	2.108408383132733	1.3349611189256614	2.046077009827614	1.3408087165789542	1.9406260829386623	1.3342175066312998	1.8657673838935522	1.2786572774924552	1.818695483278596	1.1901275326819136	1.7314547615005942	1.183842154379416	1.5960066992873796	1.1487465779161523	1.4468328669549733	1.1413734346685418	1.3790544510064624	1.0959127620808746	1.2928831293785141	1.0745577781451479	4.769752220663862	4.761904761904762	1.324232081911263	2.5091259827242847	1.630656984933018	3.218390804597701	4.761904761904762	5.3829622298837885	14.256937500000001	2.704	0.0995064673273741	20.598585122037516	0.0	17.04771040295342	0.0	14.201671000919367	1.921355093320217e-06	12.447942286098387	4.856769024692785e-06	11.262052722988813	6.903761563800619e-06	10.403196740814215	1.0039394584348985e-06	9.744060005383943	5.117822509821102e-06	9.217022095224952	5.2276648021328876e-06	8.777615395807835	-8.55894168686042e-06	8.3984018865855	-8.774825901969838e-06	8.060091032345536	-9.008653938189373e-06	7.75692865667837	-9.26989173925185e-06	7.483247324067609	-9.56545340846997e-06	7.231772926844351	-1.1131050808299807e-05	6.997398874683192	-1.1537781105216872e-05	6.778209577791925	-7.99082653114225e-06	6.572264354761994	-8.32020589736194e-06	6.382804650287386	-8.68672624795681e-06	6.204369506704734	-9.082968374617948e-06	6.040130837263215	-9.527000312803178e-06	5.889004050849746	-9.998000399920016e-06	5.744780095395534	-1.2284214608738991e-05	5.608773722519641	-9.255779771678424e-06	5.485598545750866	-9.79426173793298e-06	5.369953264421918	-1.0394945561670094e-05	5.257903648654025	-6.631519612719255e-06	5.153573237528712	-2.35585689582872e-06	5.052329413658983	-2.5158435245961444e-06	4.956402799750966	-2.695185320942668e-06
18	130	1	0	0	2057	15037	1222	10271	864	3792	580	1683	527	1022	514	728	469	561	474	545	448	467	433	469	439	475	462	434	454	427	441	453	432	457	400	453	412	435	379	401	376	410	394	383	383	378	361	394	348	382	353	360	349	346	333	355	335	348	335	333	317	4082	4095	89.0	220.40618137294527	152.0222511291504	13	1	0.7982797622680664	20.2808112324493	0.2808988764044944			5.625136731568584	15.459190492345968	3.8054309915296467	9.455988362993583	2.809756097560976	5.40478905359179	1.9174187576448807	3.736761473389729	1.7341801309684424	3.246196359940285	1.6567818463125321	2.9758011772400264	1.487047782111037	2.7276705401857346	1.4719582634618966	2.9429234839894165	1.365603852953728	2.661423605174674	1.2921515965383468	2.696642134314627	1.2939928078759653	2.7331837274871975	1.3322567622123538	2.42322724734785	1.2870304748405388	2.3206521739130435	1.2362637362637363	2.391763463569166	1.195616074393889	2.3310380005100737	1.0966415352981496	2.212778429073857	1.1178034619349937	2.023632303684406	1.0183791917454859	1.772767462422635	1.0043539813553437	1.7254439861964483	1.0456753098542955	1.5426131786692445	1.01287916853992	1.4554695622039968	0.9575596816976127	1.444228583996188	0.9212685974479801	1.3490129604124732	0.9398546287174845	1.2222033610592429	0.9305425943207571	1.136251683031756	0.8937677814160718	1.1288476214703638	0.9060665891326102	1.0760335178256701	0.910994479645392	1.0012327490303377	0.87342260428721	4.770920991117345	4.761904761904762	1.2150170648464165	2.2627564412121575	1.4447876996061317	2.9885057471264367	4.761904761904762	5.443190905066875	14.256937500000001	2.704	0.0995064673273741	20.598585122037516	0.0	17.04771040295342	0.0	14.201671000919367	1.921355093320217e-06	12.447942286098387	4.856769024692785e-06	11.262052722988813	6.903761563800619e-06	10.403196740814215	1.0039394584348985e-06	9.744060005383943	5.117822509821102e-06	9.217022095224952	5.2276648021328876e-06	8.777615395807835	-8.55894168686042e-06	8.3984018865855	-8.774825901969838e-06	8.060091032345536	-9.008653938189373e-06	7.75692865667837	-9.26989173925185e-06	7.483247324067609	-9.56545340846997e-06	7.231772926844351	-1.1131050808299807e-05	6.997398874683192	-1.1537781105216872e-05	6.778209577791925	-7.99082653114225e-06	6.572264354761994	-8.32020589736194e-06	6.382804650287386	-8.68672624795681e-06	6.204369506704734	-9.082968374617948e-06	6.040130837263215	-9.527000312803178e-06	5.889004050849746	-9.998000399920016e-06	5.744780095395534	-1.2284214608738991e-05	5.608773722519641	-9.255779771678424e-06	5.485598545750866	-9.79426173793298e-06	5.369953264421918	-1.0394945561670094e-05	5.257903648654025	-6.631519612719255e-06	5.153573237528712	-2.35585689582872e-06	5.052329413658983	-2.5158435245961444e-06	4.956402799750966	-2.695185320942668e-06
19	183	1	0	0	2370	17791	1160	9327	741	2940	576	1314	478	799	427	619	381	496	366	434	370	385	372	366	361	369	349	371	310	358	301	341	309	309	301	302	289	311	299	280	285	302	302	283	310	288	316	307	306	313	296	316	289	303	291	289	285	287	290	292	270	4083	4095	81.0	197.86546973950277	133.2560691833496	12	1	0.8066320419311523	28.549141965678626	0.2808988764044944			6.481076350907898	18.29051393558071	3.612356751370204	8.586895478691574	2.4097560975609755	4.19042189281642	1.9041951800059507	2.917471524678612	1.5729375760966138	2.537877584728266	1.3763537906137184	2.530248528449967	1.2080281556168555	2.411630281518938	1.1365753679895658	2.3435390679842327	1.1278424678412486	2.1941072548013905	1.1101163831692031	2.104415823367065	1.0640806461121264	2.1232522009321597	1.0064017532729685	2.0714684533780012	0.8788093550673282	1.9456521739130435	0.8437990580847723	1.8004223864836324	0.8551976087678511	1.5761285386381023	0.8252227553118574	1.4751856193825712	0.7840902924738183	1.4467807964272423	0.8034178847807395	1.237842617152962	0.7612789486337046	1.2709367898325057	0.801507471005069	1.1398421137425487	0.8198238700975855	1.1089291902506642	0.8381962864721485	1.1253253179868774	0.8100810081008101	1.1053430801285447	0.7880933997177774	1.0728229502631133	0.7705639248100253	0.9950412137532428	0.7810403134897204	0.9189773594505214	0.7708327698590863	0.8874184471723199	0.788622086857205	0.8779578459965723	0.7439246156389485	4.772089761570827	4.761904761904762	1.10580204778157	2.031346686184577	1.2664378288307694	2.7586206896551726	4.761904761904762	5.500142183111949	14.256937500000001	2.704	0.0995064673273741	20.598585122037516	0.0	17.04771040295342	0.0	14.201671000919367	1.921355093320217e-06	12.447942286098387	4.856769024692785e-06	11.262052722988813	6.903761563800619e-06	10.403196740814215	1.0039394584348985e-06	9.744060005383943	5.117822509821102e-06	9.217022095224952	5.2276648021328876e-06	8.777615395807835	-8.55894168686042e-06	8.3984018865855	-8.774825901969838e-06	8.060091032345536	-9.008653938189373e-06	7.75692865667837	-9.26989173925185e-06	7.483247324067609	-9.56545340846997e-06	7.231772926844351	-1.1131050808299807e-05	6.997398874683192	-1.1537781105216872e-05	6.778209577791925	-7.99082653114225e-06	6.572264354761994	-8.32020589736194e-06	6.382804650287386	-8.68672624795681e-06	6.204369506704734	-9.082968374617948e-06	6.040130837263215	-9.527000312803178e-06	5.889004050849746	-9.998000399920016e-06	5.744780095395534	-1.2284214608738991e-05	5.608773722519641	-9.255779771678424e-06	5.485598545750866	-9.79426173793298e-06	5.369953264421918	-1.0394945561670094e-05	5.257903648654025	-6.631519612719255e-06	5.153573237528712	-2.35585689582872e-06	5.052329413658983	-2.5158435245961444e-06	4.956402799750966	-2.695185320942668e-06
20	221	1	0	0	2298	17297	1190	9247	801	2887	568	1300	466	874	403	603	388	473	386	412	373	388	329	383	334	373	330	331	312	326	327	338	318	314	310	317	288	324	295	302	295	287	310	297	314	310	304	307	301	313	312	304	307	308	295	308	290	301	285	290	270	4082	4095	81.0	194.83353625362395	132.4267864227295	13	1	0.8044700622558594	34.477379095163805	0.2808988764044944			6.284182892146138	17.782644007854508	3.7057797708021925	8.513243539343945	2.604878048780488	4.114880273660206	1.8777480247280902	2.8863873531827973	1.5334496034749416	2.776101388050694	1.2989943269726663	2.4648463047743623	1.2302228986334378	2.2998006515291487	1.198683311595553	2.2247421567039254	1.1369871364994208	2.2112041944491936	0.9817964786630856	2.202161913523459	0.9844956670400282	2.1462684849531044	0.9516119730088239	1.8481295365717476	0.884479092841956	1.7717391304347827	0.9166853554608657	1.7845828933474128	0.8801062769843906	1.6016322366743176	0.8498971898560658	1.5484564282923017	0.781377177274947	1.507257164123558	0.792669819432502	1.335101679929266	0.7879904906910276	1.2078107903375137	0.8227394569919585	1.1962300628322862	0.8304022426149736	1.1936390589503676	0.806366047745358	1.1253253179868774	0.7968443903213851	1.1053430801285447	0.8306930429457654	1.032082838227805	0.8185575256632448	1.0114610357623723	0.7917762628160395	0.9793945560925973	0.7843561517864387	0.9307071519124333	0.7750251543251843	0.8719444360924863	0.7439246156389485	4.770920991117345	4.761904761904762	1.10580204778157	2.000219941091659	1.2585564988074331	2.9885057471264367	4.761904761904762	5.485400398762991	14.256937500000001	2.704	0.0995064673273741	20.598585122037516	0.0	17.04771040295342	0.0	14.201671000919367	1.921355093320217e-06	12.447942286098387	4.856769024692785e-06	11.262052722988813	6.903761563800619e-06	10.403196740814215	1.0039394584348985e-06	9.744060005383943	5.117822509821102e-06	9.217022095224952	5.2276648021328876e-06	8.777615395807835	-8.55894168686042e-06	8.3984018865855	-8.774825901969838e-06	8.060091032345536	-9.008653938189373e-06	7.75692865667837	-9.26989173925185e-06	7.483247324067609	-9.56545340846997e-06	7.231772926844351	-1.1131050808299807e-05	6.997398874683192	-1.1537781105216872e-05	6.778209577791925	-7.99082653114225e-06	6.572264354761994	-8.32020589736194e-06	6.382804650287386	-8.68672624795681e-06	6.204369506704734	-9.082968374617948e-06	6.040130837263215	-9.527000312803178e-06	5.889004050849746	-9.998000399920016e-06	5.744780095395534	-1.2284214608738991e-05	5.608773722519641	-9.255779771678424e-06	5.485598545750866	-9.79426173793298e-06	5.369953264421918	-1.0394945561670094e-05	5.257903648654025	-6.631519612719255e-06	5.153573237528712	-2.35585689582872e-06	5.052329413658983	-2.5158435245961444e-06	4.956402799750966	-2.695185320942668e-06
