	counts(inten<0.01	MicrocoloniesPlatonic	MicrocoloniesAggregates	MicrocoloniesLarge	counts(Norminten<0.01	counts(inten<0.02	counts(Norminten<0.02	counts(inten<0.03	counts(Norminten<0.03	counts(inten<0.04	counts(Norminten<0.04	counts(inten<0.05	counts(Norminten<0.05	counts(inten<0.060000000000000005	counts(Norminten<0.060000000000000005	counts(inten<0.06999999999999999	counts(Norminten<0.06999999999999999	counts(inten<0.08	counts(Norminten<0.08	counts(inten<0.09	counts(Norminten<0.09	counts(inten<0.09999999999999999	counts(Norminten<0.09999999999999999	counts(inten<0.11	counts(Norminten<0.11	counts(inten<0.12	counts(Norminten<0.12	counts(inten<0.13	counts(Norminten<0.13	counts(inten<0.14	counts(Norminten<0.14	counts(inten<0.15000000000000002	counts(Norminten<0.15000000000000002	counts(inten<0.16	counts(Norminten<0.16	counts(inten<0.17	counts(Norminten<0.17	counts(inten<0.18000000000000002	counts(Norminten<0.18000000000000002	counts(inten<0.19	counts(Norminten<0.19	counts(inten<0.2	counts(Norminten<0.2	counts(inten<0.21000000000000002	counts(Norminten<0.21000000000000002	counts(inten<0.22	counts(Norminten<0.22	counts(inten<0.23	counts(Norminten<0.23	counts(inten<0.24000000000000002	counts(Norminten<0.24000000000000002	counts(inten<0.25	counts(Norminten<0.25	counts(inten<0.26	counts(Norminten<0.26	counts(inten<0.27	counts(Norminten<0.27	counts(inten<0.28	counts(Norminten<0.28	counts(inten<0.29000000000000004	counts(Norminten<0.29000000000000004	diff	max	med	std	mean	min	eigenLocal	minProp	counts(inten<0.01Normalized	MicrocoloniesPlatonicNormalized	MicrocoloniesAggregatesNormalized	MicrocoloniesLargeNormalized	counts(Norminten<0.01Normalized	counts(inten<0.02Normalized	counts(Norminten<0.02Normalized	counts(inten<0.03Normalized	counts(Norminten<0.03Normalized	counts(inten<0.04Normalized	counts(Norminten<0.04Normalized	counts(inten<0.05Normalized	counts(Norminten<0.05Normalized	counts(inten<0.060000000000000005Normalized	counts(Norminten<0.060000000000000005Normalized	counts(inten<0.06999999999999999Normalized	counts(Norminten<0.06999999999999999Normalized	counts(inten<0.08Normalized	counts(Norminten<0.08Normalized	counts(inten<0.09Normalized	counts(Norminten<0.09Normalized	counts(inten<0.09999999999999999Normalized	counts(Norminten<0.09999999999999999Normalized	counts(inten<0.11Normalized	counts(Norminten<0.11Normalized	counts(inten<0.12Normalized	counts(Norminten<0.12Normalized	counts(inten<0.13Normalized	counts(Norminten<0.13Normalized	counts(inten<0.14Normalized	counts(Norminten<0.14Normalized	counts(inten<0.15000000000000002Normalized	counts(Norminten<0.15000000000000002Normalized	counts(inten<0.16Normalized	counts(Norminten<0.16Normalized	counts(inten<0.17Normalized	counts(Norminten<0.17Normalized	counts(inten<0.18000000000000002Normalized	counts(Norminten<0.18000000000000002Normalized	counts(inten<0.19Normalized	counts(Norminten<0.19Normalized	counts(inten<0.2Normalized	counts(Norminten<0.2Normalized	counts(inten<0.21000000000000002Normalized	counts(Norminten<0.21000000000000002Normalized	counts(inten<0.22Normalized	counts(Norminten<0.22Normalized	counts(inten<0.23Normalized	counts(Norminten<0.23Normalized	counts(inten<0.24000000000000002Normalized	counts(Norminten<0.24000000000000002Normalized	counts(inten<0.25Normalized	counts(Norminten<0.25Normalized	counts(inten<0.26Normalized	counts(Norminten<0.26Normalized	counts(inten<0.27Normalized	counts(Norminten<0.27Normalized	counts(inten<0.28Normalized	counts(Norminten<0.28Normalized	counts(inten<0.29000000000000004Normalized	counts(Norminten<0.29000000000000004Normalized	diffNormalized	maxNormalized	medNormalized	stdNormalized	meanNormalized	minNormalized	eigenLocalNormalized	minPropNormalized	BioVolume	SubstratumCoverage	Homogenity	ThicknessThreshold=0.01	RoughnessThreshold=0.01	ThicknessThreshold=0.02	RoughnessThreshold=0.02	ThicknessThreshold=0.03	RoughnessThreshold=0.03	ThicknessThreshold=0.04	RoughnessThreshold=0.04	ThicknessThreshold=0.05	RoughnessThreshold=0.05	ThicknessThreshold=0.060000000000000005	RoughnessThreshold=0.060000000000000005	ThicknessThreshold=0.06999999999999999	RoughnessThreshold=0.06999999999999999	ThicknessThreshold=0.08	RoughnessThreshold=0.08	ThicknessThreshold=0.09	RoughnessThreshold=0.09	ThicknessThreshold=0.09999999999999999	RoughnessThreshold=0.09999999999999999	ThicknessThreshold=0.11	RoughnessThreshold=0.11	ThicknessThreshold=0.12	RoughnessThreshold=0.12	ThicknessThreshold=0.13	RoughnessThreshold=0.13	ThicknessThreshold=0.14	RoughnessThreshold=0.14	ThicknessThreshold=0.15000000000000002	RoughnessThreshold=0.15000000000000002	ThicknessThreshold=0.16	RoughnessThreshold=0.16	ThicknessThreshold=0.17	RoughnessThreshold=0.17	ThicknessThreshold=0.18000000000000002	RoughnessThreshold=0.18000000000000002	ThicknessThreshold=0.19	RoughnessThreshold=0.19	ThicknessThreshold=0.2	RoughnessThreshold=0.2	ThicknessThreshold=0.21000000000000002	RoughnessThreshold=0.21000000000000002	ThicknessThreshold=0.22	RoughnessThreshold=0.22	ThicknessThreshold=0.23	RoughnessThreshold=0.23	ThicknessThreshold=0.24000000000000002	RoughnessThreshold=0.24000000000000002	ThicknessThreshold=0.25	RoughnessThreshold=0.25	ThicknessThreshold=0.26	RoughnessThreshold=0.26	ThicknessThreshold=0.27	RoughnessThreshold=0.27	ThicknessThreshold=0.28	RoughnessThreshold=0.28	ThicknessThreshold=0.29000000000000004	RoughnessThreshold=0.29000000000000004
0	1	35	0	0	4080	1	4346	2	4633	28	4910	68	5168	84	5325	94	5469	125	5609	140	5718	156	5778	160	5874	204	5924	228	5868	289	5899	414	5846	563	5782	693	5696	929	5687	1182	5604	1507	5505	1835	5386	2217	5271	2570	5214	2979	5103	3389	4988	3870	4882	4279	4728	4659	4611	5059	4485	4031	4095	962.0	567.2375934596793	1051.868691444397	64	1	0.5645503997802734	4.761904761904762	10.263929618768328			10.948317501207535	0.01602820964898221	11.609146276311572	0.0035340684195646027	12.194030636416278	0.03404338099406672	12.736044822577297	0.0946073793755913	13.281932665124646	0.1546761927559983	13.456824442141974	0.22980075785356313	13.654748826525518	0.3846745653177412	13.806429380199873	0.506310802502622	13.853422168382798	0.619883970436303	13.849140720500467	0.6761610953809745	13.882258407581594	0.8708272859216255	13.766819269828728	0.9690993326815998	13.517311280551011	1.2192035099561256	13.506273468266325	1.7455097394384012	13.28032712403453	2.3055817191531185	13.040438440199372	2.7286687404024095	12.813533394821498	3.539721851781292	12.72287970648113	4.328084950567558	12.489970580369082	5.302790386713115	12.298103344279875	6.142876272094268	12.02581106124545	7.099170642671876	11.782720464960322	7.909882736757871	11.668606212514547	8.71689831748354	11.454802576937755	9.520197763919322	11.244617777677584	10.402946157361361	11.099995452685189	11.087790215588724	10.804634475193673	11.64400679796061	10.637414353934528	12.244650982670152	10.46064139941691	4.733220609647269	4.761904761904762	10.515959772627898	5.216842313204617	8.170242639271507	7.701564380264742	4.761904761904762	4.070220996579627	20.971666666666668	2.6364	0.06317725050941896	20.995180130004883	-7.629401807214553e-06	20.253906764094964	-9.536843209529213e-06	18.079546115965233	-1.2404343428560524e-05	15.906842123911092	-1.4363963687899797e-05	14.230454974492012	-1.544185418064074e-05	12.981783106639643	-8.791002701768164e-06	12.0141195131175	-8.933268484421372e-06	11.235452627657722	-8.098190560546627e-06	10.586104777466446	-9.319268830877015e-06	10.03993456832087	-5.311018557761045e-06	9.551790251311038	-8.734806895256564e-06	9.119896143384201	-1.0120296592158795e-05	8.733952365476577	-9.285492926195421e-06	8.388234474357295	-6.006871861409453e-06	8.068820252735307	0.0	7.781731087527992	1.2981550620258489e-06	7.515498025996688	1.35484281791048e-06	7.273094716061709	0.0	7.049633956455853	5.954356877356623e-06	6.845262158376188	4.700713411605435e-06	6.659621726687376	4.954255705651155e-06	6.483521222416794	5.23774106703261e-06	6.318561755346703	0.0	6.166334600625844	0.0	6.024534362565453	0.0	5.890061831132109	2.237021361316979e-06	5.769365573378023	-2.394068455993431e-06	5.6557195751854525	-5.131863225581312e-06	5.5486829811452845	-1.378071031293237e-05
1	1	39	0	0	3913	1	4135	6	4365	42	4587	77	4775	109	4958	126	5153	132	5322	176	5434	195	5548	236	5681	291	5766	361	5808	459	5851	594	5882	735	5937	908	5866	1139	5861	1389	5898	1611	5857	1852	5788	2144	5742	2435	5706	2713	5617	3089	5556	3466	5407	3779	5318	4124	5197	4423	5078	4042	4095	972.0	641.6053194203641	1088.2401323318481	53	1	0.571812629699707	4.761904761904762	11.436950146627565			10.500187838780658	0.01602820964898221	11.045517683513195	0.010602205258693808	11.488656103595304	0.051065071491100095	11.89821539738535	0.10712894429294897	12.271909534823951	0.20071077393337874	12.529377574486366	0.30803080308030806	12.865774493158893	0.40621634097553466	13.099985231132772	0.636505008860439	13.165354330708661	0.7748549630453787	13.297859591093214	0.9973376156869375	13.426133812303547	1.2422095107999658	13.399642118472729	1.5344072767458665	13.379097463776462	1.9363820452244347	13.396373294257716	2.5044270174550975	13.36210813266697	3.0099512674556697	13.390017817271477	3.575225420325235	13.195959777742786	4.3398742617641455	13.112150159958835	5.0860490662760895	13.145225996255682	5.668742742531405	13.084467082188414	6.199785752544189	12.923392948846763	6.865413557910916	12.835587347714316	7.494383059924287	12.769671470772536	7.938551572787126	12.608588296033583	8.677453789538738	12.525079465271984	9.31695384532674	12.293665590468828	9.792184908789386	12.152928540414543	10.306907927621713	11.989295683668995	10.705295769193533	11.843731778425656	4.746136865342163	4.761904761904762	10.625273283777876	5.900796804235867	8.452752708833838	6.377858002406739	4.761904761904762	4.122579263815948	20.971666666666668	2.6364	0.06317725050941896	20.995180130004883	-7.629401807214553e-06	20.253906764094964	-9.536843209529213e-06	18.079546115965233	-1.2404343428560524e-05	15.906842123911092	-1.4363963687899797e-05	14.230454974492012	-1.544185418064074e-05	12.981783106639643	-8.791002701768164e-06	12.0141195131175	-8.933268484421372e-06	11.235452627657722	-8.098190560546627e-06	10.586104777466446	-9.319268830877015e-06	10.03993456832087	-5.311018557761045e-06	9.551790251311038	-8.734806895256564e-06	9.119896143384201	-1.0120296592158795e-05	8.733952365476577	-9.285492926195421e-06	8.388234474357295	-6.006871861409453e-06	8.068820252735307	0.0	7.781731087527992	1.2981550620258489e-06	7.515498025996688	1.35484281791048e-06	7.273094716061709	0.0	7.049633956455853	5.954356877356623e-06	6.845262158376188	4.700713411605435e-06	6.659621726687376	4.954255705651155e-06	6.483521222416794	5.23774106703261e-06	6.318561755346703	0.0	6.166334600625844	0.0	6.024534362565453	0.0	5.890061831132109	2.237021361316979e-06	5.769365573378023	-2.394068455993431e-06	5.6557195751854525	-5.131863225581312e-06	5.5486829811452845	-1.378071031293237e-05
2	1	40	0	0	3466	1	3626	5	3821	66	3932	132	4048	174	4211	186	4384	219	4483	280	4567	361	4664	453	4727	578	4758	680	4816	804	4838	964	4893	1114	4937	1323	4947	1525	4954	1742	4975	1975	4941	2219	4910	2427	4872	2634	4843	2891	4824	3140	4793	3358	4723	3554	4698	3809	4666	3961	4580	4035	4095	909.0	681.4096372215998	1057.401798248291	60	1	0.5860595703125	4.761904761904762	11.730205278592376			9.300703053721891	0.01602820964898221	9.68586387434555	0.008835171048911508	10.05685108174975	0.08024511234315729	10.199211454658643	0.18364961878791253	10.40349524543819	0.3204006849945679	10.641631497814055	0.4547121378804547	10.945770498352141	0.6739498384366825	11.034805297100378	1.012621605005244	11.06480920654149	1.4344750854327266	11.179022554588816	1.9143811012973841	11.17150757450429	2.467343976777939	11.057144849062304	2.890296255366175	11.093962359770565	3.391832602092474	11.077021705284366	4.064423644489417	11.115402089959108	4.562021376796756	11.134666997451454	5.209276686222783	11.128607743009471	5.810630596304058	11.083021991543434	6.3786158916147935	11.088080591958633	6.949575987895422	11.03813417331278	7.428361006963042	10.963002657021011	7.771622530340388	10.89080138593942	8.10686036133083	10.838331393787486	8.459400146305779	10.8285258928371	8.820720265183438	10.805022656056268	9.026639068842234	10.738483925242145	9.209162520729684	10.73607714984346	9.51964410676797	10.76429741389254	9.587084906573724	10.682215743440233	4.737917429899958	4.761904761904762	9.936598163533013	6.266874179480373	8.213220270894652	7.2202166064981945	4.761904761904762	4.225294976782908	20.971666666666668	2.6364	0.06317725050941896	20.995180130004883	-7.629401807214553e-06	20.253906764094964	-9.536843209529213e-06	18.079546115965233	-1.2404343428560524e-05	15.906842123911092	-1.4363963687899797e-05	14.230454974492012	-1.544185418064074e-05	12.981783106639643	-8.791002701768164e-06	12.0141195131175	-8.933268484421372e-06	11.235452627657722	-8.098190560546627e-06	10.586104777466446	-9.319268830877015e-06	10.03993456832087	-5.311018557761045e-06	9.551790251311038	-8.734806895256564e-06	9.119896143384201	-1.0120296592158795e-05	8.733952365476577	-9.285492926195421e-06	8.388234474357295	-6.006871861409453e-06	8.068820252735307	0.0	7.781731087527992	1.2981550620258489e-06	7.515498025996688	1.35484281791048e-06	7.273094716061709	0.0	7.049633956455853	5.954356877356623e-06	6.845262158376188	4.700713411605435e-06	6.659621726687376	4.954255705651155e-06	6.483521222416794	5.23774106703261e-06	6.318561755346703	0.0	6.166334600625844	0.0	6.024534362565453	0.0	5.890061831132109	2.237021361316979e-06	5.769365573378023	-2.394068455993431e-06	5.6557195751854525	-5.131863225581312e-06	5.5486829811452845	-1.378071031293237e-05
3	1	34	0	0	2997	1	3124	6	3222	85	3295	206	3340	265	3403	369	3482	453	3512	613	3573	687	3616	801	3643	966	3709	1184	3759	1308	3694	1480	3678	1653	3702	1880	3731	2027	3733	2200	3759	2381	3723	2539	3739	2660	3744	2794	3713	2957	3713	3093	3663	3246	3630	3335	3601	3392	3571	3486	3537	4031	4095	796.0	667.2722760331201	965.7717914581299	64	1	0.6035614013671875	4.761904761904762	9.970674486803519			8.042183223313476	0.01602820964898221	8.344908644085907	0.010602205258693808	8.480286361004369	0.10334597801770257	8.546897696617556	0.28660470810840893	8.583911590850681	0.48796656048023274	8.599732127062747	0.9020902090209022	8.693698192349945	1.3940606247114942	8.644710284054547	2.216918013815052	8.65657177468201	2.729873639036796	8.66709810407229	3.385031483751004	8.609647153357123	4.123623324511227	8.619367432781019	5.032515832872869	8.659095620925573	5.518056024299696	8.457734224745856	6.23998650813728	8.355293048614266	6.769318972930914	8.349308734973725	7.402449108162382	8.393134321643084	7.723375881120213	8.35141725765677	8.055657268399854	8.377908531692967	8.378197684647596	8.317136921117887	8.499598286020353	8.34840467099828	8.517723910467833	8.369285794120934	8.599304422763227	8.309461999820964	8.652523774689099	8.334642752923747	8.688690375863812	8.257625284609663	8.725571893228677	8.253376381246873	8.641687396351577	8.22916428620398	8.477456762971109	8.238171038364824	8.43740923613128	8.249562682215743	4.733220609647269	4.761904761904762	8.70135548753826	6.136853911262096	7.501497035282704	7.701564380264742	4.761904761904762	4.351477369471149	20.971666666666668	2.6364	0.06317725050941896	20.995180130004883	-7.629401807214553e-06	20.253906764094964	-9.536843209529213e-06	18.079546115965233	-1.2404343428560524e-05	15.906842123911092	-1.4363963687899797e-05	14.230454974492012	-1.544185418064074e-05	12.981783106639643	-8.791002701768164e-06	12.0141195131175	-8.933268484421372e-06	11.235452627657722	-8.098190560546627e-06	10.586104777466446	-9.319268830877015e-06	10.03993456832087	-5.311018557761045e-06	9.551790251311038	-8.734806895256564e-06	9.119896143384201	-1.0120296592158795e-05	8.733952365476577	-9.285492926195421e-06	8.388234474357295	-6.006871861409453e-06	8.068820252735307	0.0	7.781731087527992	1.2981550620258489e-06	7.515498025996688	1.35484281791048e-06	7.273094716061709	0.0	7.049633956455853	5.954356877356623e-06	6.845262158376188	4.700713411605435e-06	6.659621726687376	4.954255705651155e-06	6.483521222416794	5.23774106703261e-06	6.318561755346703	0.0	6.166334600625844	0.0	6.024534362565453	0.0	5.890061831132109	2.237021361316979e-06	5.769365573378023	-2.394068455993431e-06	5.6557195751854525	-5.131863225581312e-06	5.5486829811452845	-1.378071031293237e-05
4	1	24	0	0	2589	1	2631	13	2724	143	2737	351	2761	642	2798	771	2851	780	2890	910	2934	1068	2932	1249	2939	1389	2972	1570	3010	1763	3019	1869	2997	2003	3023	2096	3030	2234	3055	2340	3054	2390	3047	2474	3050	2559	3009	2630	2969	2724	2977	2753	2939	2771	2921	2851	2903	2900	2864	2933	2852	4041	4095	698.0	643.929595144127	880.4933004379272	54	1	0.6172542572021484	4.761904761904762	7.038123167155426			6.947351473192723	0.01602820964898221	7.027994443850839	0.02297144472716992	7.169553087329579	0.17386441007684075	7.099501971363353	0.48834103177694915	7.0958622462092	1.18216804463513	7.070834702180891	1.884855152181885	7.118246279836213	2.400369287582705	7.113671048097278	3.2910202162670426	7.1084191399152035	4.243821028371612	7.0276359627046325	5.278282550817733	6.945855883534612	5.92930931443695	6.906648695126768	6.67318400136014	6.933726474856604	7.437563280458995	6.912263027749795	7.880091070073362	6.808268968650613	8.202629100290757	6.8179255283159295	8.25294326101508	6.816187883832363	8.512097542389027	6.83460480100226	8.568290003661662	6.8066327895159136	8.409866638516487	6.806961106270803	8.282003213711837	6.810011833791055	8.194306574017741	6.726276964345591	8.09454925979502	6.644436487333273	7.970738844184345	6.682529349704819	7.733580538232484	6.625487499718208	7.448724496653315	6.641353280887635	7.387541459369817	6.6340638497223425	7.247825652304309	6.607146976722726	7.0989447187530255	6.651895043731779	4.744962660278991	4.761904761904762	7.630083078268473	5.922172996651686	6.8391083082361375	6.4981949458483745	4.761904761904762	4.450198315102022	20.971666666666668	2.6364	0.06317725050941896	20.995180130004883	-7.629401807214553e-06	20.253906764094964	-9.536843209529213e-06	18.079546115965233	-1.2404343428560524e-05	15.906842123911092	-1.4363963687899797e-05	14.230454974492012	-1.544185418064074e-05	12.981783106639643	-8.791002701768164e-06	12.0141195131175	-8.933268484421372e-06	11.235452627657722	-8.098190560546627e-06	10.586104777466446	-9.319268830877015e-06	10.03993456832087	-5.311018557761045e-06	9.551790251311038	-8.734806895256564e-06	9.119896143384201	-1.0120296592158795e-05	8.733952365476577	-9.285492926195421e-06	8.388234474357295	-6.006871861409453e-06	8.068820252735307	0.0	7.781731087527992	1.2981550620258489e-06	7.515498025996688	1.35484281791048e-06	7.273094716061709	0.0	7.049633956455853	5.954356877356623e-06	6.845262158376188	4.700713411605435e-06	6.659621726687376	4.954255705651155e-06	6.483521222416794	5.23774106703261e-06	6.318561755346703	0.0	6.166334600625844	0.0	6.024534362565453	0.0	5.890061831132109	2.237021361316979e-06	5.769365573378023	-2.394068455993431e-06	5.6557195751854525	-5.131863225581312e-06	5.5486829811452845	-1.378071031293237e-05
5	1	23	0	0	1980	1	2027	26	2057	424	2026	1059	2109	1311	2123	1460	2130	1453	2170	1607	2174	1700	2185	1798	2253	1758	2337	1870	2332	1840	2352	1848	2377	1943	2369	1965	2351	1962	2347	1971	2339	1993	2314	2052	2296	2043	2287	2092	2296	2123	2299	2129	2307	2163	2309	2202	2347	2257	2347	2318	2352	4039	4095	587.0	619.0443166600938	784.7512149810791	56	1	0.6313657760620117	4.761904761904762	6.744868035190615			5.313154081468363	0.01602820964898221	5.414574206646009	0.04594288945433984	5.414012738853503	0.5155140550530104	5.255239676281386	1.4733708052757528	5.420200462606014	2.4140534369418307	5.365040054585428	3.5692458134702356	5.318086487566164	4.471457147253424	5.341406980751243	5.811724711583667	5.267110841913992	6.75514583167766	5.237170729368903	7.5983603093437	5.324604731406424	7.504482199265773	5.430968371639051	7.948314702256981	5.371910345304186	7.762402969962875	5.385108526421833	7.791550720971414	5.399818264425262	7.956918792743356	5.342926092153634	7.737134307201638	5.288731919105572	7.475709658982662	5.250676748920558	7.217136580007323	5.213069448159045	7.012913895633203	5.169447981591939	6.869309051955009	5.1264875968473	6.541996221460822	5.112328154688722	6.438706103228586	5.138304538537284	6.212143379663497	5.160609665761297	5.980673071520872	5.200748438873735	5.814359829036854	5.249874948842708	5.705845771144278	5.3634680865650495	5.640807757672698	5.414446213117401	5.610417271759125	5.485714285714286	4.742614250152647	4.761904761904762	6.416703104503717	5.693304925726459	6.095445077896834	6.738868832731648	4.761904761904762	4.551937682179611	20.971666666666668	2.6364	0.06317725050941896	20.995180130004883	-7.629401807214553e-06	20.253906764094964	-9.536843209529213e-06	18.079546115965233	-1.2404343428560524e-05	15.906842123911092	-1.4363963687899797e-05	14.230454974492012	-1.544185418064074e-05	12.981783106639643	-8.791002701768164e-06	12.0141195131175	-8.933268484421372e-06	11.235452627657722	-8.098190560546627e-06	10.586104777466446	-9.319268830877015e-06	10.03993456832087	-5.311018557761045e-06	9.551790251311038	-8.734806895256564e-06	9.119896143384201	-1.0120296592158795e-05	8.733952365476577	-9.285492926195421e-06	8.388234474357295	-6.006871861409453e-06	8.068820252735307	0.0	7.781731087527992	1.2981550620258489e-06	7.515498025996688	1.35484281791048e-06	7.273094716061709	0.0	7.049633956455853	5.954356877356623e-06	6.845262158376188	4.700713411605435e-06	6.659621726687376	4.954255705651155e-06	6.483521222416794	5.23774106703261e-06	6.318561755346703	0.0	6.166334600625844	0.0	6.024534362565453	0.0	5.890061831132109	2.237021361316979e-06	5.769365573378023	-2.394068455993431e-06	5.6557195751854525	-5.131863225581312e-06	5.5486829811452845	-1.378071031293237e-05
6	1	19	0	0	1523	1	1581	89	1604	1081	1606	2063	1605	2509	1637	2441	1590	2414	1649	2249	1646	1941	1620	1778	1671	1715	1694	1625	1734	1628	1749	1532	1789	1511	1792	1545	1813	1510	1835	1599	1833	1555	1844	1617	1861	1637	1912	1591	1912	1652	1890	1643	1910	1653	1905	1697	1922	1728	1932	1771	1942	4045	4095	484.0	594.4127780098354	696.5493497848511	50	1	0.6465578079223633	4.761904761904762	5.571847507331378			4.086835184887028	0.01602820964898221	4.22320760765039	0.15726604467062483	4.221719218824025	1.3143176733780761	4.1658020336169335	2.870220936056542	4.124903623747109	4.620030566961901	4.136867908316696	5.967485637452634	3.9698392090282635	7.428835205416218	4.058977009796682	8.133521391631406	3.987886129618413	7.712787093697846	3.8829366506076073	7.513840172421079	3.9491409259565615	7.320925467429353	3.9366967999814086	6.906957963191227	3.994379304784502	6.868039149510631	4.004487590438685	6.459229277342103	4.064061790095411	6.187804578402064	4.041588669117481	6.083395676654723	4.078464895507615	5.753476852733854	4.105237253629835	5.854998169168803	4.085316929660337	5.471691474013864	4.1194736724526955	5.4130958757364755	4.155223613995132	5.241922571968362	4.2740583435788535	4.896740635868394	4.278936532092024	4.83394294074616	4.242519472939909	4.615427833024327	4.305777857931874	4.4434289400822555	4.331317357100632	4.3972844112769485	4.392239310770356	4.318704388683395	4.457055851616029	4.286474973375932	4.529446064139941	4.7496594805316805	4.761904761904762	5.2907739396589415	5.466770481339115	5.410349451654788	6.016847172081829	4.761904761904762	4.661467189346333	20.971666666666668	2.6364	0.06317725050941896	20.995180130004883	-7.629401807214553e-06	20.253906764094964	-9.536843209529213e-06	18.079546115965233	-1.2404343428560524e-05	15.906842123911092	-1.4363963687899797e-05	14.230454974492012	-1.544185418064074e-05	12.981783106639643	-8.791002701768164e-06	12.0141195131175	-8.933268484421372e-06	11.235452627657722	-8.098190560546627e-06	10.586104777466446	-9.319268830877015e-06	10.03993456832087	-5.311018557761045e-06	9.551790251311038	-8.734806895256564e-06	9.119896143384201	-1.0120296592158795e-05	8.733952365476577	-9.285492926195421e-06	8.388234474357295	-6.006871861409453e-06	8.068820252735307	0.0	7.781731087527992	1.2981550620258489e-06	7.515498025996688	1.35484281791048e-06	7.273094716061709	0.0	7.049633956455853	5.954356877356623e-06	6.845262158376188	4.700713411605435e-06	6.659621726687376	4.954255705651155e-06	6.483521222416794	5.23774106703261e-06	6.318561755346703	0.0	6.166334600625844	0.0	6.024534362565453	0.0	5.890061831132109	2.237021361316979e-06	5.769365573378023	-2.394068455993431e-06	5.6557195751854525	-5.131863225581312e-06	5.5486829811452845	-1.378071031293237e-05
7	1	12	0	0	1325	4	1319	281	1315	1693	1326	3058	1365	3373	1389	3268	1419	2574	1433	2162	1413	1952	1454	1632	1487	1504	1532	1459	1549	1394	1515	1289	1577	1336	1566	1337	1618	1270	1636	1325	1614	1391	1621	1381	1645	1413	1670	1402	1687	1448	1754	1492	1753	1536	1759	1532	1767	1559	1758	1584	1776	4056	4095	423.0	575.1121529619649	641.0538158416748	39	1	0.6563510894775391	4.761904761904762	3.519061583577713			3.5555197767401925	0.06411283859592884	3.5233465113794207	0.4965366129488267	3.461072800968574	2.058408715105535	3.439510271840631	4.254549501919973	3.5080956052428682	6.21098569245217	3.510146319274216	7.989243368781322	3.5428942374912613	7.921218649022927	3.527297789592872	7.818885392933347	3.4233797698364627	7.756496860843996	3.4850554876441118	6.89684317288594	3.5142863895256773	6.42021685306924	3.5602240245404473	6.201385642028308	3.5682200363963053	5.880863989200135	3.468724242146717	5.434690952019563	3.58246251703771	5.471149514722143	3.531879383838156	5.264401307241013	3.639799338627314	4.839016955610592	3.6600371372961362	4.851702673013548	3.5972185076223586	4.894612759069637	3.621294372584501	4.623058382431709	3.6729408087168154	4.524640558455282	3.7330948921426175	4.315041088301376	3.7754005908155044	4.237015362106803	3.9372376484320633	4.191246699252767	3.951847426677788	4.128921265557377	3.999363375926515	3.9697346600331676	4.038026463127585	3.896331100669799	4.055643989203405	3.8338658146964857	4.142274052478134	4.762575736226574	4.761904761904762	4.623961521644075	5.28926405619738	4.979295669562401	4.693140794223827	4.761904761904762	4.732073498768498	20.971666666666668	2.6364	0.06317725050941896	20.995180130004883	-7.629401807214553e-06	20.253906764094964	-9.536843209529213e-06	18.079546115965233	-1.2404343428560524e-05	15.906842123911092	-1.4363963687899797e-05	14.230454974492012	-1.544185418064074e-05	12.981783106639643	-8.791002701768164e-06	12.0141195131175	-8.933268484421372e-06	11.235452627657722	-8.098190560546627e-06	10.586104777466446	-9.319268830877015e-06	10.03993456832087	-5.311018557761045e-06	9.551790251311038	-8.734806895256564e-06	9.119896143384201	-1.0120296592158795e-05	8.733952365476577	-9.285492926195421e-06	8.388234474357295	-6.006871861409453e-06	8.068820252735307	0.0	7.781731087527992	1.2981550620258489e-06	7.515498025996688	1.35484281791048e-06	7.273094716061709	0.0	7.049633956455853	5.954356877356623e-06	6.845262158376188	4.700713411605435e-06	6.659621726687376	4.954255705651155e-06	6.483521222416794	5.23774106703261e-06	6.318561755346703	0.0	6.166334600625844	0.0	6.024534362565453	0.0	5.890061831132109	2.237021361316979e-06	5.769365573378023	-2.394068455993431e-06	5.6557195751854525	-5.131863225581312e-06	5.5486829811452845	-1.378071031293237e-05
8	1	9	0	0	1197	2	1214	546	1262	2370	1244	4043	1231	4065	1258	3255	1298	2648	1297	2039	1303	1659	1338	1449	1391	1318	1410	1247	1436	1239	1448	1174	1456	1248	1484	1233	1510	1244	1516	1217	1506	1275	1530	1272	1586	1311	1582	1329	1615	1385	1600	1404	1638	1437	1676	1452	1725	1490	1731	1508	1722	4046	4095	380.0	556.6503345189519	599.7594480514526	49	1	0.6629619598388672	4.761904761904762	2.6392961876832843			3.2120431492513286	0.03205641929796442	3.242867827759376	0.9648006785411365	3.3215770911196505	2.8815290341406476	3.2268105416061426	5.624965217875229	3.1637111282446675	7.485222899442061	3.179095802481615	7.957462412907958	3.2407869769299906	8.14894599169103	3.192536799094176	7.374055187877472	3.156874621441551	6.592227608678376	3.207018048464802	6.123483920043951	3.287405761822608	5.626227268846581	3.2767074899491067	5.300293280061206	3.3079173481375688	5.226965912926088	3.3153219159263667	4.9498271355088965	3.3075874602453434	5.110774396985954	3.3469406166129136	4.854904122534157	3.3968461071243787	4.739950466755573	3.3915747555873734	4.456243134383009	3.3565124364803425	4.486435131426159	3.4180014744320086	4.258168184252812	3.541206153571349	4.198021070159147	3.5363809098021686	4.090363485272844	3.614269089607018	4.052670080468179	3.5915508765628856	3.9440418001011293	3.6925990216190625	3.8627993871132498	3.810649811286435	3.762437810945274	3.9420462076372864	3.723882835149455	3.993355941587653	3.6499177074256948	4.016326530612245	4.750833685594853	4.761904761904762	4.153913423699169	5.119472073538429	4.6585474552409485	5.896510228640193	4.761904761904762	4.779735679790451	20.971666666666668	2.6364	0.06317725050941896	20.995180130004883	-7.629401807214553e-06	20.253906764094964	-9.536843209529213e-06	18.079546115965233	-1.2404343428560524e-05	15.906842123911092	-1.4363963687899797e-05	14.230454974492012	-1.544185418064074e-05	12.981783106639643	-8.791002701768164e-06	12.0141195131175	-8.933268484421372e-06	11.235452627657722	-8.098190560546627e-06	10.586104777466446	-9.319268830877015e-06	10.03993456832087	-5.311018557761045e-06	9.551790251311038	-8.734806895256564e-06	9.119896143384201	-1.0120296592158795e-05	8.733952365476577	-9.285492926195421e-06	8.388234474357295	-6.006871861409453e-06	8.068820252735307	0.0	7.781731087527992	1.2981550620258489e-06	7.515498025996688	1.35484281791048e-06	7.273094716061709	0.0	7.049633956455853	5.954356877356623e-06	6.845262158376188	4.700713411605435e-06	6.659621726687376	4.954255705651155e-06	6.483521222416794	5.23774106703261e-06	6.318561755346703	0.0	6.166334600625844	0.0	6.024534362565453	0.0	5.890061831132109	2.237021361316979e-06	5.769365573378023	-2.394068455993431e-06	5.6557195751854525	-5.131863225581312e-06	5.5486829811452845	-1.378071031293237e-05
9	1	12	0	0	1190	5	1190	848	1184	3222	1152	4909	1130	4299	1108	3226	1139	2323	1141	1832	1197	1572	1210	1472	1219	1302	1295	1225	1302	1238	1353	1227	1371	1185	1394	1146	1472	1123	1474	1111	1519	1134	1562	1146	1534	1192	1554	1215	1580	1263	1623	1298	1645	1353	1654	1386	1700	1422	1709	1483	1669	4055	4095	352.0	539.9106294947841	567.9690542221069	40	1	0.6690378189086914	4.761904761904762	3.519061583577713			3.193259271185531	0.08014104824491104	3.1787584143605088	1.4984450098953916	3.1162815181344423	3.9174204843886784	2.988171819879643	6.8298180199232	2.904137753790799	7.916106579262341	2.8000303252381795	7.88656643442122	2.843803056027165	7.148792121864902	2.808546251169202	6.6254385013200245	2.9000605693519077	6.246523086704284	2.900218115577287	6.220682077504965	2.8809113038546075	5.55792708955861	3.0094582975064488	5.206783695328771	2.99923982400774	5.222747215659805	3.097811154867662	5.1732861118138125	3.1144934120854155	4.8527785740611815	3.143959042829112	4.512343977635154	3.311362562706679	4.278910268622595	3.2976129219893062	4.068106920541926	3.385486315414104	3.9902881874802074	3.489489086969148	3.836368505623996	3.4251010337821244	3.8169650004803226	3.473790097239298	3.739497091502262	3.5359412765195595	3.695683979517191	3.6431794204134773	3.6462722624866566	3.7083793593182897	3.6369990054030805	3.760629348369788	3.591417910447761	3.8849151031787743	3.553933819854044	3.942602717604448	3.5894084616129343	3.892711370262391	4.761401531163402	4.761904761904762	3.8478355924792305	4.965518240986514	4.411620026659447	4.813477737665464	4.761904761904762	4.823540606981863	20.971666666666668	2.6364	0.06317725050941896	20.995180130004883	-7.629401807214553e-06	20.253906764094964	-9.536843209529213e-06	18.079546115965233	-1.2404343428560524e-05	15.906842123911092	-1.4363963687899797e-05	14.230454974492012	-1.544185418064074e-05	12.981783106639643	-8.791002701768164e-06	12.0141195131175	-8.933268484421372e-06	11.235452627657722	-8.098190560546627e-06	10.586104777466446	-9.319268830877015e-06	10.03993456832087	-5.311018557761045e-06	9.551790251311038	-8.734806895256564e-06	9.119896143384201	-1.0120296592158795e-05	8.733952365476577	-9.285492926195421e-06	8.388234474357295	-6.006871861409453e-06	8.068820252735307	0.0	7.781731087527992	1.2981550620258489e-06	7.515498025996688	1.35484281791048e-06	7.273094716061709	0.0	7.049633956455853	5.954356877356623e-06	6.845262158376188	4.700713411605435e-06	6.659621726687376	4.954255705651155e-06	6.483521222416794	5.23774106703261e-06	6.318561755346703	0.0	6.166334600625844	0.0	6.024534362565453	0.0	5.890061831132109	2.237021361316979e-06	5.769365573378023	-2.394068455993431e-06	5.6557195751854525	-5.131863225581312e-06	5.5486829811452845	-1.378071031293237e-05
10	1	12	0	0	1196	24	1117	1266	1123	4164	1122	5285	1046	4239	1035	2962	1036	2157	1063	1804	1135	1516	1116	1374	1154	1300	1225	1219	1252	1196	1308	1111	1343	1122	1367	1096	1415	1033	1449	1034	1475	1063	1480	1129	1522	1135	1529	1176	1578	1228	1569	1285	1569	1335	1570	1371	1572	1413	1547	1462	1573	4057	4095	324.0	523.6959972427562	537.4294033050537	38	1	0.6745624542236328	4.761904761904762	3.519061583577713			3.2093597380990713	0.384677031575573	2.98375894860562	2.2370653095843935	2.955729852081908	5.0627370878319224	2.9103548454036106	7.352941176470589	2.688254947314315	7.805623584436629	2.615551792979707	7.241168561300575	2.5866373714171575	6.637944299122942	2.616550977206715	6.5241763408195	2.7498485766202303	6.024000635778432	2.6749119148630185	5.806533406584119	2.727294212180654	5.549389567147614	2.8467848760196137	5.181281081310835	2.884061643362281	5.045561930475869	2.994779741734591	4.6842060882030525	3.0508859609268515	4.59478275113641	3.0830645706939714	4.315470331141474	3.1831372460801295	3.9359878072013714	3.241683259133314	3.786158916147931	3.2874208790229114	3.7404553291811817	3.3063020798427276	3.7794590251740763	3.3983075445999953	3.634442345256012	3.417905443165307	3.6194638515281152	3.5314654014859905	3.5932699341623993	3.52196457832948	3.609753356930165	3.5370499785838274	3.5886132093223297	3.5696421263244056	3.552549751243781	3.5924038483511964	3.5314405678296508	3.568874431909936	3.538580695130216	3.668804664723032	4.763749941289746	4.761904761904762	3.541757761259292	4.816393463995787	4.17440756835503	4.57280385078219	4.761904761904762	4.863371393863019	20.971666666666668	2.6364	0.06317725050941896	20.995180130004883	-7.629401807214553e-06	20.253906764094964	-9.536843209529213e-06	18.079546115965233	-1.2404343428560524e-05	15.906842123911092	-1.4363963687899797e-05	14.230454974492012	-1.544185418064074e-05	12.981783106639643	-8.791002701768164e-06	12.0141195131175	-8.933268484421372e-06	11.235452627657722	-8.098190560546627e-06	10.586104777466446	-9.319268830877015e-06	10.03993456832087	-5.311018557761045e-06	9.551790251311038	-8.734806895256564e-06	9.119896143384201	-1.0120296592158795e-05	8.733952365476577	-9.285492926195421e-06	8.388234474357295	-6.006871861409453e-06	8.068820252735307	0.0	7.781731087527992	1.2981550620258489e-06	7.515498025996688	1.35484281791048e-06	7.273094716061709	0.0	7.049633956455853	5.954356877356623e-06	6.845262158376188	4.700713411605435e-06	6.659621726687376	4.954255705651155e-06	6.483521222416794	5.23774106703261e-06	6.318561755346703	0.0	6.166334600625844	0.0	6.024534362565453	0.0	5.890061831132109	2.237021361316979e-06	5.769365573378023	-2.394068455993431e-06	5.6557195751854525	-5.131863225581312e-06	5.5486829811452845	-1.378071031293237e-05
11	1	9	0	0	1095	49	1063	2008	1062	5115	1028	5565	1047	4044	1042	2739	1028	2132	1014	1679	1069	1460	1088	1363	1140	1215	1186	1114	1228	1074	1241	1049	1323	1035	1355	1044	1352	1060	1379	1034	1410	1045	1432	1094	1453	1154	1464	1176	1515	1238	1549	1273	1519	1347	1514	1353	1507	1379	1485	1417	1481	4064	4095	296.0	500.450897949849	502.43128967285156	31	1	0.6802482604980469	4.761904761904762	2.6392961876832843			2.9383352117211397	0.7853822728001283	2.8395127684581687	3.548204693242861	2.795178186029373	6.2189962065946895	2.6665283253787093	7.742500973899494	2.6908249807247495	7.446553851253062	2.6332415152510675	6.696002933626696	2.5666633376610406	6.561009386059394	2.495938561512332	6.072113124299302	2.589945487583283	5.801478184852579	2.6077994295438747	5.760047331276677	2.694207453973956	5.186544864680269	2.756152541191234	4.73498533599694	2.8287761166524614	4.5308808639892	2.8413774155142413	4.422801247997302	3.0054520672421625	4.238502805192678	3.0560003608561312	4.110721738788046	3.041414527703417	4.038864545627739	3.0850802031365356	3.786158916147931	3.142551484354105	3.6771174214434	3.199070661037017	3.6622924477771823	3.2442449818027552	3.6952832303307823	3.2726053425729296	3.6194638515281152	3.3904753379285646	3.622531089978054	3.4770701923724436	3.5760435979549414	3.424333280732208	3.620870406709497	3.442317311627484	3.505907960199005	3.443862976759067	3.4464660601819457	3.425842618866357	3.4296640526672473	3.454227405247813	4.771969376731953	4.761904761904762	3.235679930039353	4.602610000127924	3.902564625773254	3.730445246690734	4.761904761904762	4.904364169866033	20.971666666666668	2.6364	0.06317725050941896	20.995180130004883	-7.629401807214553e-06	20.253906764094964	-9.536843209529213e-06	18.079546115965233	-1.2404343428560524e-05	15.906842123911092	-1.4363963687899797e-05	14.230454974492012	-1.544185418064074e-05	12.981783106639643	-8.791002701768164e-06	12.0141195131175	-8.933268484421372e-06	11.235452627657722	-8.098190560546627e-06	10.586104777466446	-9.319268830877015e-06	10.03993456832087	-5.311018557761045e-06	9.551790251311038	-8.734806895256564e-06	9.119896143384201	-1.0120296592158795e-05	8.733952365476577	-9.285492926195421e-06	8.388234474357295	-6.006871861409453e-06	8.068820252735307	0.0	7.781731087527992	1.2981550620258489e-06	7.515498025996688	1.35484281791048e-06	7.273094716061709	0.0	7.049633956455853	5.954356877356623e-06	6.845262158376188	4.700713411605435e-06	6.659621726687376	4.954255705651155e-06	6.483521222416794	5.23774106703261e-06	6.318561755346703	0.0	6.166334600625844	0.0	6.024534362565453	0.0	5.890061831132109	2.237021361316979e-06	5.769365573378023	-2.394068455993431e-06	5.6557195751854525	-5.131863225581312e-06	5.5486829811452845	-1.378071031293237e-05
12	1	8	0	0	1266	47	1180	2612	1138	5887	1091	5597	1009	3840	1075	2767	1098	2082	1047	1586	1100	1385	1144	1204	1143	1247	1160	1209	1152	1138	1210	1085	1222	995	1251	1084	1261	1079	1269	1054	1312	1116	1319	1147	1384	1160	1383	1152	1375	1222	1389	1217	1417	1231	1417	1260	1451	1292	1433	1328	1407	4063	4095	273.0	477.7560840310672	470.11259746551514	32	1	0.6855688095092773	4.761904761904762	2.346041055718475			3.397198518757044	0.7533258535021639	3.1520461587776474	4.615493355951371	2.9952097699636786	7.157620854002529	2.8299439717783774	7.787022093605654	2.5931637111282444	7.070911668845636	2.7166359202446233	6.764454223200097	2.741436133027065	6.407139559932297	2.577167331265692	5.7357780912082745	2.6650514839491217	5.503457045219741	2.7420244001821628	5.0881122427418335	2.701297473589677	5.323145223256211	2.695730984638981	5.1387767246142735	2.6537052820713645	4.800877489031387	2.770400219800348	4.574584703600641	2.776010904134484	4.07469593349441	2.821443875594849	4.26822065598299	2.8367039344926104	4.11125928748333	2.8389896865701694	3.8593921640424753	2.924133012391905	3.926950279742426	2.946630029265241	3.83971612212105	3.090182419005515	3.714496141407025	3.091539063373198	3.545597242313256	3.0771640855787306	3.5757132406730063	3.1179151047161553	3.418731389403899	3.194391217114904	3.3090508319668825	3.2217725433131736	3.264925373134328	3.3158893027720007	3.229031290612816	3.305880453087872	3.214251137573821	3.2816326530612243	4.77079517166878	4.761904761904762	2.9842588543944033	4.3938874702622766	3.6515337135827948	3.850782190132371	4.761904761904762	4.942723562237856	20.971666666666668	2.6364	0.06317725050941896	20.995180130004883	-7.629401807214553e-06	20.253906764094964	-9.536843209529213e-06	18.079546115965233	-1.2404343428560524e-05	15.906842123911092	-1.4363963687899797e-05	14.230454974492012	-1.544185418064074e-05	12.981783106639643	-8.791002701768164e-06	12.0141195131175	-8.933268484421372e-06	11.235452627657722	-8.098190560546627e-06	10.586104777466446	-9.319268830877015e-06	10.03993456832087	-5.311018557761045e-06	9.551790251311038	-8.734806895256564e-06	9.119896143384201	-1.0120296592158795e-05	8.733952365476577	-9.285492926195421e-06	8.388234474357295	-6.006871861409453e-06	8.068820252735307	0.0	7.781731087527992	1.2981550620258489e-06	7.515498025996688	1.35484281791048e-06	7.273094716061709	0.0	7.049633956455853	5.954356877356623e-06	6.845262158376188	4.700713411605435e-06	6.659621726687376	4.954255705651155e-06	6.483521222416794	5.23774106703261e-06	6.318561755346703	0.0	6.166334600625844	0.0	6.024534362565453	0.0	5.890061831132109	2.237021361316979e-06	5.769365573378023	-2.394068455993431e-06	5.6557195751854525	-5.131863225581312e-06	5.5486829811452845	-1.378071031293237e-05
13	1	7	0	0	1166	132	1177	3008	1147	6329	1165	5357	1131	3795	1094	2523	1083	1853	1111	1528	1086	1464	1082	1208	1098	1154	1140	1161	1168	1161	1170	1126	1213	1091	1222	1091	1212	1093	1271	1086	1293	1084	1292	1116	1330	1157	1359	1180	1358	1215	1346	1216	1344	1209	1322	1260	1311	1292	1332	1299	1345	4070	4095	262.0	465.35068920276785	453.1327381134033	25	1	0.6874370574951172	4.761904761904762	2.0527859237536656			3.1288574035313688	2.1157236736656517	3.144032482102789	5.315238903025163	3.018897720692741	7.695019939694582	3.021892508819257	7.453113695809449	2.906707787201234	6.988049422726352	2.764650880695459	6.167950128346169	2.7039848197343455	5.702415756270195	2.734701915029784	5.526020758742903	2.6311326468806784	5.817372645632997	2.5934181826897724	5.105016270126358	2.5949471793538628	4.926150431144881	2.649252864214171	4.934755812470779	2.6905622998779113	4.897907526155923	2.6788167414598405	4.747449194704443	2.7555656519763745	4.467832425570252	2.756038701820068	4.295782966492105	2.726475153532945	4.164602781482187	2.8434640595986487	3.976565360673746	2.881786573950254	3.81434955487526	2.8863123561870294	3.7359400107123726	2.969611717685936	3.704889685868904	3.037889795462166	3.631774953063925	3.039119147793394	3.555230431602048	3.0213921749085277	3.4159222428226306	3.029824838251539	3.249912636757076	3.0057750898094677	3.264925373134328	2.9959551178043373	3.229031290612816	3.07287701571043	3.1440604124310196	3.1370262390670556	4.779014607110986	4.761904761904762	2.8640139921294274	4.27979596892584	3.519645035826869	3.0084235860409145	4.761904761904762	4.956193010106006	20.971666666666668	2.6364	0.06317725050941896	20.995180130004883	-7.629401807214553e-06	20.253906764094964	-9.536843209529213e-06	18.079546115965233	-1.2404343428560524e-05	15.906842123911092	-1.4363963687899797e-05	14.230454974492012	-1.544185418064074e-05	12.981783106639643	-8.791002701768164e-06	12.0141195131175	-8.933268484421372e-06	11.235452627657722	-8.098190560546627e-06	10.586104777466446	-9.319268830877015e-06	10.03993456832087	-5.311018557761045e-06	9.551790251311038	-8.734806895256564e-06	9.119896143384201	-1.0120296592158795e-05	8.733952365476577	-9.285492926195421e-06	8.388234474357295	-6.006871861409453e-06	8.068820252735307	0.0	7.781731087527992	1.2981550620258489e-06	7.515498025996688	1.35484281791048e-06	7.273094716061709	0.0	7.049633956455853	5.954356877356623e-06	6.845262158376188	4.700713411605435e-06	6.659621726687376	4.954255705651155e-06	6.483521222416794	5.23774106703261e-06	6.318561755346703	0.0	6.166334600625844	0.0	6.024534362565453	0.0	5.890061831132109	2.237021361316979e-06	5.769365573378023	-2.394068455993431e-06	5.6557195751854525	-5.131863225581312e-06	5.5486829811452845	-1.378071031293237e-05
14	1	4	0	0	1272	266	1271	4118	1245	6895	1165	5321	1152	3357	1155	2286	1071	1802	1066	1534	1080	1401	1040	1265	1066	1297	1083	1245	1097	1141	1119	1138	1114	1119	1143	1059	1159	1085	1157	1075	1170	1055	1177	1083	1176	1095	1210	1124	1210	1116	1184	1156	1198	1143	1189	1182	1200	1166	1194	1178	1178	4066	4095	242.0	444.5336585414368	422.32629776000977	29	1	0.6918954849243164	4.761904761904762	1.1730205278592376			3.413298985670585	4.263503766629268	3.3951276845816865	7.276646875883517	3.2768331841869767	8.383182569788932	3.021892508819257	7.40302743614002	2.9606784888203546	6.181523560498647	2.9188041747744564	5.588558855885588	2.67402376910017	5.545468533620557	2.623935410820657	5.5477197931358715	2.616596002422774	5.5670348883414125	2.4927494547110567	5.3458986603558305	2.5193203034528393	5.536583283531119	2.516790221003463	5.291792408721894	2.5270092833613598	4.8135335808302395	2.5620478065756935	4.7980436799055575	2.530667878237165	4.58249723575904	2.5778659870542864	4.16978383273615	2.6072481047398375	4.134120784911412	2.588424796975324	3.9362870743317466	2.607649104038513	3.71230514796439	2.6294037486316824	3.6254686663095876	2.6257619398486165	3.5063562714143903	2.704817257181178	3.459419531562587	2.707904395309283	3.2655449890270667	2.6577476486565357	3.2473734479465137	2.700692080524809	3.072498051127658	2.703378654904279	3.0628109452736316	2.742293014008547	2.914125762271319	2.754515883452142	2.85119566269726	2.7475218658892127	4.774317786858297	4.761904761904762	2.6453869698294707	4.088343273192216	3.2803603279667573	3.489771359807461	4.761904761904762	4.988336792027187	20.971666666666668	2.6364	0.06317725050941896	20.995180130004883	-7.629401807214553e-06	20.253906764094964	-9.536843209529213e-06	18.079546115965233	-1.2404343428560524e-05	15.906842123911092	-1.4363963687899797e-05	14.230454974492012	-1.544185418064074e-05	12.981783106639643	-8.791002701768164e-06	12.0141195131175	-8.933268484421372e-06	11.235452627657722	-8.098190560546627e-06	10.586104777466446	-9.319268830877015e-06	10.03993456832087	-5.311018557761045e-06	9.551790251311038	-8.734806895256564e-06	9.119896143384201	-1.0120296592158795e-05	8.733952365476577	-9.285492926195421e-06	8.388234474357295	-6.006871861409453e-06	8.068820252735307	0.0	7.781731087527992	1.2981550620258489e-06	7.515498025996688	1.35484281791048e-06	7.273094716061709	0.0	7.049633956455853	5.954356877356623e-06	6.845262158376188	4.700713411605435e-06	6.659621726687376	4.954255705651155e-06	6.483521222416794	5.23774106703261e-06	6.318561755346703	0.0	6.166334600625844	0.0	6.024534362565453	0.0	5.890061831132109	2.237021361316979e-06	5.769365573378023	-2.394068455993431e-06	5.6557195751854525	-5.131863225581312e-06	5.5486829811452845	-1.378071031293237e-05
15	1	9	0	0	1230	314	1221	5322	1158	7332	1167	5184	1131	3398	1075	2330	1087	1830	1084	1499	1099	1278	1065	1197	1002	1209	1011	1174	1055	1144	1020	1075	1038	1086	1024	1075	1046	1094	1088	1056	1100	992	1105	1027	1114	1020	1116	1038	1110	1031	1120	1038	1140	1087	1127	1098	1131	1108	1141	1117	1126	4065	4095	225.0	426.7001044170552	397.7187614440918	30	1	0.6967124938964844	4.761904761904762	2.6392961876832843			3.3005957172758014	5.032857829780413	3.2615664066673786	9.404156064461407	3.047849660472706	8.914502480303472	3.027080307117659	7.212421392398019	2.906707787201234	6.25702027362955	2.7166359202446233	5.696125168072363	2.7139718366124037	5.6316356362517315	2.6682420125043076	5.421142092510216	2.6626287098728043	5.078280219343559	2.552671316603149	5.058530194818916	2.368066551650793	5.160932297447281	2.349468987474147	4.990011476176308	2.430259611619175	4.826189672629092	2.335378697682938	4.5324226325997135	2.3580190822353475	4.4473565666079695	2.3094792394957033	4.232783399614128	2.353047038445099	4.168413031053534	2.434058927492785	3.8667154888319297	2.4516359097797986	3.4906224708821565	2.4685566204231173	3.4380021424745584	2.487328912407618	3.26619488296135	2.494690957862971	3.1947308485426733	2.48411064363083	3.0168251645940014	2.51408561359402	2.915894151356818	2.56994071101693	2.9219644633208786	2.5624118957755444	2.845149253731343	2.5846111657030555	2.769169249225232	2.6322467529471476	2.7035531029141255	2.6262390670553937	4.773143581795124	4.761904761904762	2.459554000874508	3.924329391137143	3.0892247384288094	3.6101083032490973	4.761904761904762	5.0230658278526175	20.971666666666668	2.6364	0.06317725050941896	20.995180130004883	-7.629401807214553e-06	20.253906764094964	-9.536843209529213e-06	18.079546115965233	-1.2404343428560524e-05	15.906842123911092	-1.4363963687899797e-05	14.230454974492012	-1.544185418064074e-05	12.981783106639643	-8.791002701768164e-06	12.0141195131175	-8.933268484421372e-06	11.235452627657722	-8.098190560546627e-06	10.586104777466446	-9.319268830877015e-06	10.03993456832087	-5.311018557761045e-06	9.551790251311038	-8.734806895256564e-06	9.119896143384201	-1.0120296592158795e-05	8.733952365476577	-9.285492926195421e-06	8.388234474357295	-6.006871861409453e-06	8.068820252735307	0.0	7.781731087527992	1.2981550620258489e-06	7.515498025996688	1.35484281791048e-06	7.273094716061709	0.0	7.049633956455853	5.954356877356623e-06	6.845262158376188	4.700713411605435e-06	6.659621726687376	4.954255705651155e-06	6.483521222416794	5.23774106703261e-06	6.318561755346703	0.0	6.166334600625844	0.0	6.024534362565453	0.0	5.890061831132109	2.237021361316979e-06	5.769365573378023	-2.394068455993431e-06	5.6557195751854525	-5.131863225581312e-06	5.5486829811452845	-1.378071031293237e-05
16	1	9	0	0	1311	434	1176	5695	1135	7336	1106	5063	1070	3245	1081	2277	1030	1674	1085	1338	1040	1287	1057	1204	1026	1148	1002	1108	1007	1072	1013	1051	1023	1058	1047	1054	1050	1042	1045	1039	1064	989	1079	1006	1070	1021	1078	1023	1111	1052	1115	1050	1099	1051	1121	1074	1091	1070	1056	1071	1041	4071	4095	216.0	416.3158906575403	384.7502374649048	24	1	0.6987390518188477	4.761904761904762	2.6392961876832843			3.5179520206085972	6.956242987658278	3.1413612565445024	10.063259824710206	2.9873137863873245	8.919365820445483	2.8688524590163933	7.044075908509099	2.749935749164739	5.975288636823982	2.731798539334361	5.566556655665567	2.57165684610007	5.15156177873519	2.6707034903756215	4.838884669632201	2.5196850393700787	5.1140427560995	2.53349632079768	5.0881122427418335	2.42478670857656	4.900537863911893	2.328553833282982	4.709482721979002	2.319688558199535	4.522443469456632	2.3193515889733494	4.431233662197487	2.323943661971831	4.332691756419182	2.361352308351564	4.150096468086782	2.3620453062785414	3.970280053343494	2.337859907380478	3.8044672281215672	2.3714005527324598	3.4800661529258594	2.410472935236691	3.367702196036422	2.389086118739813	3.2693970348073904	2.409746283670504	3.148564217783386	2.4863485811476145	3.0782735918068767	2.502862017104761	2.9496039103320415	2.477513018778602	2.8251928711593775	2.5487699513437314	2.7829601990049753	2.4932013985694375	2.6741977406777964	2.436154751193854	2.5922160906186464	2.42798833819242	4.780188812174158	4.761904761904762	2.3611718408395275	3.8288265430279593	2.988493545985318	2.888086642599278	4.761904761904762	5.037676637816792	20.971666666666668	2.6364	0.06317725050941896	20.995180130004883	-7.629401807214553e-06	20.253906764094964	-9.536843209529213e-06	18.079546115965233	-1.2404343428560524e-05	15.906842123911092	-1.4363963687899797e-05	14.230454974492012	-1.544185418064074e-05	12.981783106639643	-8.791002701768164e-06	12.0141195131175	-8.933268484421372e-06	11.235452627657722	-8.098190560546627e-06	10.586104777466446	-9.319268830877015e-06	10.03993456832087	-5.311018557761045e-06	9.551790251311038	-8.734806895256564e-06	9.119896143384201	-1.0120296592158795e-05	8.733952365476577	-9.285492926195421e-06	8.388234474357295	-6.006871861409453e-06	8.068820252735307	0.0	7.781731087527992	1.2981550620258489e-06	7.515498025996688	1.35484281791048e-06	7.273094716061709	0.0	7.049633956455853	5.954356877356623e-06	6.845262158376188	4.700713411605435e-06	6.659621726687376	4.954255705651155e-06	6.483521222416794	5.23774106703261e-06	6.318561755346703	0.0	6.166334600625844	0.0	6.024534362565453	0.0	5.890061831132109	2.237021361316979e-06	5.769365573378023	-2.394068455993431e-06	5.6557195751854525	-5.131863225581312e-06	5.5486829811452845	-1.378071031293237e-05
17	1	10	0	0	1165	748	1087	6676	1034	7497	1093	4740	1036	3002	999	2172	1013	1663	1035	1273	998	1159	1044	1041	1046	1070	1028	1038	1038	1042	1061	1005	1039	1022	1057	1014	1045	1044	1009	1041	998	1037	990	1055	1003	1031	1005	1041	984	1046	995	1016	997	998	1007	993	1002	1008	1023	1007	1014	4069	4095	202.0	400.0862225124886	364.55369091033936	26	1	0.7034807205200195	4.761904761904762	2.932551319648094			3.1261739923791123	11.989100817438691	2.903622181857036	11.796720384506644	2.7214823393167342	9.115115261161366	2.8351317700767797	6.59469085647504	2.6625546132099718	5.527832507779844	2.524576078441283	5.3098643197653095	2.529212024368321	5.117710416987229	2.5476295968099247	4.603811797041699	2.4179285281647487	4.605420011126123	2.5023369526137915	4.399273126822465	2.4720535060147	4.567574489883036	2.388975389835235	4.411952225103073	2.3910990301997193	4.395882551468107	2.4292517629819583	4.23728813559322	2.360290776919582	4.185265571890741	2.383905816549764	3.9925975508918374	2.350797471486739	3.9779005524861875	2.2573211928678494	3.8117905529110216	2.2243023981456718	3.648967240226609	2.2116480128677702	3.531735404392073	2.2394891374729275	3.301418553267796	2.2465630937744496	3.2039641746945304	2.202130516515979	3.0607168983174833	2.2334957013625445	2.8540929265689083	2.2475709551612977	2.68272358269939	2.289573007139284	2.5730721393034823	2.2898146666971364	2.5192442267319803	2.360024915219046	2.4373124213379804	2.3650145772594753	4.777840402047814	4.761904761904762	2.2081329252295583	3.679563482037991	2.8316197012095463	3.1287605294825513	4.761904761904762	5.071862495295319	20.971666666666668	2.6364	0.06317725050941896	20.995180130004883	-7.629401807214553e-06	20.253906764094964	-9.536843209529213e-06	18.079546115965233	-1.2404343428560524e-05	15.906842123911092	-1.4363963687899797e-05	14.230454974492012	-1.544185418064074e-05	12.981783106639643	-8.791002701768164e-06	12.0141195131175	-8.933268484421372e-06	11.235452627657722	-8.098190560546627e-06	10.586104777466446	-9.319268830877015e-06	10.03993456832087	-5.311018557761045e-06	9.551790251311038	-8.734806895256564e-06	9.119896143384201	-1.0120296592158795e-05	8.733952365476577	-9.285492926195421e-06	8.388234474357295	-6.006871861409453e-06	8.068820252735307	0.0	7.781731087527992	1.2981550620258489e-06	7.515498025996688	1.35484281791048e-06	7.273094716061709	0.0	7.049633956455853	5.954356877356623e-06	6.845262158376188	4.700713411605435e-06	6.659621726687376	4.954255705651155e-06	6.483521222416794	5.23774106703261e-06	6.318561755346703	0.0	6.166334600625844	0.0	6.024534362565453	0.0	5.890061831132109	2.237021361316979e-06	5.769365573378023	-2.394068455993431e-06	5.6557195751854525	-5.131863225581312e-06	5.5486829811452845	-1.378071031293237e-05
18	1	8	0	0	1103	1083	988	7262	971	7678	995	4721	935	2977	937	2001	917	1511	899	1220	973	982	976	970	997	1015	1006	941	1013	934	1014	916	1010	921	1017	989	1013	990	1019	1015	1001	1022	991	1023	1000	1020	1026	1030	995	1012	960	1016	969	1010	943	991	919	1006	920	1011	914	4070	4095	190.0	385.8266505488738	348.09320640563965	25	1	0.7092380523681641	4.761904761904762	2.346041055718475			2.959802500939194	17.35855104984773	2.6391708515867083	12.832202431439072	2.555666684213297	9.335181402587297	2.5809296534550734	6.568256441649507	2.402981238756104	5.4817979266024635	2.367895681180663	4.891822515584892	2.2895236192949167	4.649946145560856	2.212868606311229	4.412136993237134	2.3573591762568142	3.902090121592625	2.3393494882672994	4.099226640747157	2.356249852291258	4.332792623580637	2.3378494573679443	3.999659965146427	2.33350993987699	3.9402632467094163	2.3216411759318616	3.862045703684965	2.294411631076783	3.7716532208526146	2.2936917837569633	3.894160727644998	2.2788113288192022	3.7721470756334536	2.2796930580102464	3.7165873306481143	2.230988677899617	3.5961856504451246	2.213882000759556	3.4246116764863417	2.2327907651773953	3.26619488296135	2.2935062031966025	3.1701086454710534	2.2267478292006087	2.9612289685442574	2.154930525937732	2.8540929265689083	2.1844496043643904	2.714980780086557	2.1440589331999456	2.567889718076285	2.100139399894879	2.514245726282115	2.122407548388585	2.4469939006680224	2.1317784256559764	4.779014607110986	4.761904761904762	2.0769567118495846	3.5484192503338563	2.70376519478946	3.0084235860409145	4.761904761904762	5.113370946944127	20.971666666666668	2.6364	0.06317725050941896	20.995180130004883	-7.629401807214553e-06	20.253906764094964	-9.536843209529213e-06	18.079546115965233	-1.2404343428560524e-05	15.906842123911092	-1.4363963687899797e-05	14.230454974492012	-1.544185418064074e-05	12.981783106639643	-8.791002701768164e-06	12.0141195131175	-8.933268484421372e-06	11.235452627657722	-8.098190560546627e-06	10.586104777466446	-9.319268830877015e-06	10.03993456832087	-5.311018557761045e-06	9.551790251311038	-8.734806895256564e-06	9.119896143384201	-1.0120296592158795e-05	8.733952365476577	-9.285492926195421e-06	8.388234474357295	-6.006871861409453e-06	8.068820252735307	0.0	7.781731087527992	1.2981550620258489e-06	7.515498025996688	1.35484281791048e-06	7.273094716061709	0.0	7.049633956455853	5.954356877356623e-06	6.845262158376188	4.700713411605435e-06	6.659621726687376	4.954255705651155e-06	6.483521222416794	5.23774106703261e-06	6.318561755346703	0.0	6.166334600625844	0.0	6.024534362565453	0.0	5.890061831132109	2.237021361316979e-06	5.769365573378023	-2.394068455993431e-06	5.6557195751854525	-5.131863225581312e-06	5.5486829811452845	-1.378071031293237e-05
19	1	9	0	0	1132	1407	999	8049	889	7423	899	4570	949	2795	985	1831	876	1357	863	1138	866	999	911	913	902	868	905	987	905	950	918	869	927	844	938	903	920	912	944	912	968	907	974	917	958	926	951	932	954	930	973	949	965	969	966	957	949	957	938	946	903	4073	4095	180.0	376.69279089070255	334.29632472991943	22	1	0.7152748107910156	4.761904761904762	2.6392961876832843			3.0376214243546396	22.551690976117968	2.6685543327278554	14.222858354537744	2.339843133126283	9.02514346853419	2.33191533513177	6.358172408036062	2.4389617065021842	5.146666175631134	2.4891966338985623	4.4762254003178095	2.187156696294817	4.176027081089399	2.1242554029439273	4.115583523199884	2.098122350090854	3.969641579909402	2.1835526473478586	3.858344250517686	2.131732564460095	3.705284726372407	2.1031349492226536	4.1951800059506095	2.0847250696827992	4.007762402969963	2.101840827914644	3.6638839699806054	2.105860972285325	3.4563249928334496	2.1155190689911816	3.5555380556758673	2.0696016016916743	3.474947609068394	2.1119040694422697	3.339436103991212	2.1574396006062226	3.191526795453746	2.1759042065992005	3.0697643277986075	2.139013553039945	2.9651926094335392	2.1258522409746283	2.868486657843711	2.134992391012443	2.721287490855889	2.184111876809805	2.6658801056239114	2.175432268536261	2.6047686890137363	2.1963530535218956	2.47978855721393	2.168696725245092	2.391782465260422	2.1639329134657532	2.2896698615548456	2.1061224489795918	4.782537222300503	4.761904761904762	1.9676432006996065	3.4644158166809573	2.5965998500341527	2.6474127557160045	4.761904761904762	5.156893971449171	20.971666666666668	2.6364	0.06317725050941896	20.995180130004883	-7.629401807214553e-06	20.253906764094964	-9.536843209529213e-06	18.079546115965233	-1.2404343428560524e-05	15.906842123911092	-1.4363963687899797e-05	14.230454974492012	-1.544185418064074e-05	12.981783106639643	-8.791002701768164e-06	12.0141195131175	-8.933268484421372e-06	11.235452627657722	-8.098190560546627e-06	10.586104777466446	-9.319268830877015e-06	10.03993456832087	-5.311018557761045e-06	9.551790251311038	-8.734806895256564e-06	9.119896143384201	-1.0120296592158795e-05	8.733952365476577	-9.285492926195421e-06	8.388234474357295	-6.006871861409453e-06	8.068820252735307	0.0	7.781731087527992	1.2981550620258489e-06	7.515498025996688	1.35484281791048e-06	7.273094716061709	0.0	7.049633956455853	5.954356877356623e-06	6.845262158376188	4.700713411605435e-06	6.659621726687376	4.954255705651155e-06	6.483521222416794	5.23774106703261e-06	6.318561755346703	0.0	6.166334600625844	0.0	6.024534362565453	0.0	5.890061831132109	2.237021361316979e-06	5.769365573378023	-2.394068455993431e-06	5.6557195751854525	-5.131863225581312e-06	5.5486829811452845	-1.378071031293237e-05
20	1	9	0	0	1070	1717	964	8754	905	7438	906	4507	872	2784	883	1821	898	1313	853	1044	870	944	853	896	854	878	888	882	882	890	884	902	902	835	932	862	946	850	971	888	976	897	980	888	982	907	971	927	959	950	949	952	950	968	940	986	917	981	892	954	900	4075	4095	175.0	369.2043695253134	325.684287071228	20	1	0.7175941467285156	4.761904761904762	2.6392961876832843			2.871249932914721	27.520435967302454	2.5750614381878405	15.468617472434264	2.3819550455335055	9.043380994066725	2.3500726291761778	6.270521453614558	2.241069133898741	5.126410959913087	2.2314321093730256	4.451778511184452	2.2420852891241387	4.040621634097554	2.099640624230788	3.7756319843766954	2.107813446396124	3.7510927441786537	2.0445339277582035	3.786502134133457	2.01829225060856	3.747972338427388	2.063628546861565	3.748884260636715	2.0317431065858886	3.7546405669929124	2.023994871325213	3.8030188042836666	2.049068605179464	3.4194684467013388	2.1019869640722613	3.394101665551049	2.128090342609048	3.2387121356448847	2.172308105326741	3.2515562065177592	2.175269679950076	3.1563390689327564	2.189308133949914	2.9726834493840384	2.192600531404202	2.904351724358769	2.170559964233821	2.853097780923948	2.1461820785963655	2.7798098024871982	2.1302386136613616	2.6743075453677174	2.1416172591807747	2.6020805892314725	2.137237960984039	2.554933665008292	2.095568911538198	2.4517644706588024	2.057812536046324	2.3090328202149286	2.099125364431487	4.784885632426847	4.761904761904762	1.9129864451246177	3.395545357655493	2.5297070545147493	2.406738868832732	4.761904761904762	5.173615613723462	20.971666666666668	2.6364	0.06317725050941896	20.995180130004883	-7.629401807214553e-06	20.253906764094964	-9.536843209529213e-06	18.079546115965233	-1.2404343428560524e-05	15.906842123911092	-1.4363963687899797e-05	14.230454974492012	-1.544185418064074e-05	12.981783106639643	-8.791002701768164e-06	12.0141195131175	-8.933268484421372e-06	11.235452627657722	-8.098190560546627e-06	10.586104777466446	-9.319268830877015e-06	10.03993456832087	-5.311018557761045e-06	9.551790251311038	-8.734806895256564e-06	9.119896143384201	-1.0120296592158795e-05	8.733952365476577	-9.285492926195421e-06	8.388234474357295	-6.006871861409453e-06	8.068820252735307	0.0	7.781731087527992	1.2981550620258489e-06	7.515498025996688	1.35484281791048e-06	7.273094716061709	0.0	7.049633956455853	5.954356877356623e-06	6.845262158376188	4.700713411605435e-06	6.659621726687376	4.954255705651155e-06	6.483521222416794	5.23774106703261e-06	6.318561755346703	0.0	6.166334600625844	0.0	6.024534362565453	0.0	5.890061831132109	2.237021361316979e-06	5.769365573378023	-2.394068455993431e-06	5.6557195751854525	-5.131863225581312e-06	5.5486829811452845	-1.378071031293237e-05
