	counts(inten<0.01	MicrocoloniesPlatonic	MicrocoloniesAggregates	MicrocoloniesLarge	counts(Norminten<0.01	counts(inten<0.02	counts(Norminten<0.02	counts(inten<0.03	counts(Norminten<0.03	counts(inten<0.04	counts(Norminten<0.04	counts(inten<0.05	counts(Norminten<0.05	counts(inten<0.060000000000000005	counts(Norminten<0.060000000000000005	counts(inten<0.06999999999999999	counts(Norminten<0.06999999999999999	counts(inten<0.08	counts(Norminten<0.08	counts(inten<0.09	counts(Norminten<0.09	counts(inten<0.09999999999999999	counts(Norminten<0.09999999999999999	counts(inten<0.11	counts(Norminten<0.11	counts(inten<0.12	counts(Norminten<0.12	counts(inten<0.13	counts(Norminten<0.13	counts(inten<0.14	counts(Norminten<0.14	counts(inten<0.15000000000000002	counts(Norminten<0.15000000000000002	counts(inten<0.16	counts(Norminten<0.16	counts(inten<0.17	counts(Norminten<0.17	counts(inten<0.18000000000000002	counts(Norminten<0.18000000000000002	counts(inten<0.19	counts(Norminten<0.19	counts(inten<0.2	counts(Norminten<0.2	counts(inten<0.21000000000000002	counts(Norminten<0.21000000000000002	counts(inten<0.22	counts(Norminten<0.22	counts(inten<0.23	counts(Norminten<0.23	counts(inten<0.24000000000000002	counts(Norminten<0.24000000000000002	counts(inten<0.25	counts(Norminten<0.25	counts(inten<0.26	counts(Norminten<0.26	counts(inten<0.27	counts(Norminten<0.27	counts(inten<0.28	counts(Norminten<0.28	counts(inten<0.29000000000000004	counts(Norminten<0.29000000000000004	diff	max	med	std	mean	min	eigenLocal	minProp	counts(inten<0.01Normalized	MicrocoloniesPlatonicNormalized	MicrocoloniesAggregatesNormalized	MicrocoloniesLargeNormalized	counts(Norminten<0.01Normalized	counts(inten<0.02Normalized	counts(Norminten<0.02Normalized	counts(inten<0.03Normalized	counts(Norminten<0.03Normalized	counts(inten<0.04Normalized	counts(Norminten<0.04Normalized	counts(inten<0.05Normalized	counts(Norminten<0.05Normalized	counts(inten<0.060000000000000005Normalized	counts(Norminten<0.060000000000000005Normalized	counts(inten<0.06999999999999999Normalized	counts(Norminten<0.06999999999999999Normalized	counts(inten<0.08Normalized	counts(Norminten<0.08Normalized	counts(inten<0.09Normalized	counts(Norminten<0.09Normalized	counts(inten<0.09999999999999999Normalized	counts(Norminten<0.09999999999999999Normalized	counts(inten<0.11Normalized	counts(Norminten<0.11Normalized	counts(inten<0.12Normalized	counts(Norminten<0.12Normalized	counts(inten<0.13Normalized	counts(Norminten<0.13Normalized	counts(inten<0.14Normalized	counts(Norminten<0.14Normalized	counts(inten<0.15000000000000002Normalized	counts(Norminten<0.15000000000000002Normalized	counts(inten<0.16Normalized	counts(Norminten<0.16Normalized	counts(inten<0.17Normalized	counts(Norminten<0.17Normalized	counts(inten<0.18000000000000002Normalized	counts(Norminten<0.18000000000000002Normalized	counts(inten<0.19Normalized	counts(Norminten<0.19Normalized	counts(inten<0.2Normalized	counts(Norminten<0.2Normalized	counts(inten<0.21000000000000002Normalized	counts(Norminten<0.21000000000000002Normalized	counts(inten<0.22Normalized	counts(Norminten<0.22Normalized	counts(inten<0.23Normalized	counts(Norminten<0.23Normalized	counts(inten<0.24000000000000002Normalized	counts(Norminten<0.24000000000000002Normalized	counts(inten<0.25Normalized	counts(Norminten<0.25Normalized	counts(inten<0.26Normalized	counts(Norminten<0.26Normalized	counts(inten<0.27Normalized	counts(Norminten<0.27Normalized	counts(inten<0.28Normalized	counts(Norminten<0.28Normalized	counts(inten<0.29000000000000004Normalized	counts(Norminten<0.29000000000000004Normalized	diffNormalized	maxNormalized	medNormalized	stdNormalized	meanNormalized	minNormalized	eigenLocalNormalized	minPropNormalized	BioVolume	SubstratumCoverage	Homogenity	ThicknessThreshold=0.01	RoughnessThreshold=0.01	ThicknessThreshold=0.02	RoughnessThreshold=0.02	ThicknessThreshold=0.03	RoughnessThreshold=0.03	ThicknessThreshold=0.04	RoughnessThreshold=0.04	ThicknessThreshold=0.05	RoughnessThreshold=0.05	ThicknessThreshold=0.060000000000000005	RoughnessThreshold=0.060000000000000005	ThicknessThreshold=0.06999999999999999	RoughnessThreshold=0.06999999999999999	ThicknessThreshold=0.08	RoughnessThreshold=0.08	ThicknessThreshold=0.09	RoughnessThreshold=0.09	ThicknessThreshold=0.09999999999999999	RoughnessThreshold=0.09999999999999999	ThicknessThreshold=0.11	RoughnessThreshold=0.11	ThicknessThreshold=0.12	RoughnessThreshold=0.12	ThicknessThreshold=0.13	RoughnessThreshold=0.13	ThicknessThreshold=0.14	RoughnessThreshold=0.14	ThicknessThreshold=0.15000000000000002	RoughnessThreshold=0.15000000000000002	ThicknessThreshold=0.16	RoughnessThreshold=0.16	ThicknessThreshold=0.17	RoughnessThreshold=0.17	ThicknessThreshold=0.18000000000000002	RoughnessThreshold=0.18000000000000002	ThicknessThreshold=0.19	RoughnessThreshold=0.19	ThicknessThreshold=0.2	RoughnessThreshold=0.2	ThicknessThreshold=0.21000000000000002	RoughnessThreshold=0.21000000000000002	ThicknessThreshold=0.22	RoughnessThreshold=0.22	ThicknessThreshold=0.23	RoughnessThreshold=0.23	ThicknessThreshold=0.24000000000000002	RoughnessThreshold=0.24000000000000002	ThicknessThreshold=0.25	RoughnessThreshold=0.25	ThicknessThreshold=0.26	RoughnessThreshold=0.26	ThicknessThreshold=0.27	RoughnessThreshold=0.27	ThicknessThreshold=0.28	RoughnessThreshold=0.28	ThicknessThreshold=0.29000000000000004	RoughnessThreshold=0.29000000000000004
0	1	38	0	0	3851	1	4163	24	4536	67	4766	155	5052	145	5301	149	5563	133	5766	175	5865	220	6018	293	6163	394	6089	559	6137	757	6061	993	5997	1289	5906	1545	5777	1882	5595	2324	5416	2680	5289	3150	5096	3630	4858	4028	4650	4484	4437	4795	4217	5178	4039	5470	3829	5758	3636	5910	3424	4042	4095	829.0	466.185957364876	892.0913724899292	53	1	0.554469108581543	0.53475935828877	9.669211195928753			9.190711438867808	0.0014727757404380034	10.543778334979612	0.022253748365740355	11.747947476107845	0.09008766740171031	12.311109963061503	0.31601696297504484	12.870353858303824	0.406378744990331	13.185583165435416	0.5343182959190992	13.483445634785982	0.5579561186390904	13.729552110865061	0.8083887657058388	13.663366336633665	1.0407796385656163	13.662368325463131	1.3712092849120179	13.758846248297726	1.7655493816096075	13.485559886605245	2.3747822762224393	13.40190426275332	3.0225593930924335	13.230735647238594	3.7299977462249263	13.077896022330773	4.575952287976144	12.887317796980014	5.207455593380296	12.61766954242656	5.944784888495799	12.302110817941953	6.924910607866508	12.023265106779736	7.636633042685359	11.924247548190733	8.574461714347931	11.653860226856933	9.431021044427123	11.362679515366983	10.093973186317504	11.10819139533217	10.869512520301553	10.880066697726882	11.329537131110744	10.614947013366224	11.964784989717401	10.488457243761198	12.502285609800696	10.26816840976133	13.108708025042686	10.090470111561304	13.423580984395938	9.859195485041319	4.866830419496219	4.89891135303266	11.536320623434456	5.922689675568178	9.229435657156419	9.851301115241636	4.761904761904762	3.9337043653067743	12.490636363636364	3.7180000000000004	0.09569375352526528	20.74796962738037	-1.144410271082183e-05	17.78936589907114	-1.5261627213770567e-05	15.017026286918902	-1.721664275466284e-05	13.203610536517626	-1.928707264668783e-05	11.97500679934022	-1.5653172653516044e-05	11.080225223698143	-1.5953527374757333e-05	10.375639793717157	-1.5284754985377586e-05	9.789717657414851	-1.5681649960482243e-05	9.276354821320783	-1.6139410072283038e-05	8.814688119383883	-1.5554051997195826e-05	8.392915621005056	-1.6109248319460203e-05	8.01175121742804	-1.5558204439593475e-05	7.660882624509129	-1.6242650200784145e-05	7.340408622845434	-1.7020518890157427e-05	7.045315847740954	0.0	6.770093457943926	1.4534693586857148e-06	6.516342204515109	1.540048973557359e-06	6.288060936156271	0.0	6.078869774140317	1.749903755293459e-06	5.884698257675062	1.8752859811121196e-06	5.709659754378901	2.013291752147679e-06	5.548255423477937	0.0	5.397076345620405	0.0	5.261281438290596	-2.0476854755109616e-05	5.131564982292283	0.0	5.00962620480454	0.0	4.896576750937462	1.3440363427427077e-05	4.7961167564365965	1.1105599443239282e-05	4.702245005752751	-2.047250542521394e-05
1	1	45	0	0	3358	2	3603	41	3813	126	3982	160	4174	141	4261	179	4450	188	4513	275	4524	389	4613	572	4657	762	4691	1001	4794	1235	4818	1481	4823	1713	4792	1984	4821	2246	4815	2566	4820	2733	4737	2995	4677	3190	4542	3495	4436	3793	4318	4012	4201	4240	4096	4424	3998	4507	3887	4546	3777	4050	4095	789.0	529.7922067698303	888.9457473754883	45	1	0.5759754180908203	0.53475935828877	11.450381679389313			8.014128541084938	0.002945551480876007	9.125446394650863	0.038016820124806436	9.875424101939862	0.16941859839724627	10.2859504559192	0.326211058554885	10.633582146587523	0.39516829685266663	10.59871153893988	0.6418991608692534	10.785786998885065	0.7886898519108948	10.746005667071458	1.2703252032520325	10.539312754804893	1.8402876336455671	10.472666182346531	2.6769000374391614	10.396713772241197	3.414590428392185	10.389351523742027	4.252517099282042	10.469077568134171	4.931123976841685	10.517354289456451	5.563068139133048	10.517707606420098	6.08115304057652	10.456489482412499	6.687114496612626	10.529649448509337	7.094573251626761	10.58707124010554	7.646007151370679	10.700173156329086	7.7876560095742855	10.67974298275279	8.152543756975257	10.695664105378706	8.287866978435957	10.623567385507789	8.75830096479138	10.596975705310433	9.194482825491479	10.588264142615433	9.479479242964818	10.574672137337329	9.797351942140168	10.636474590355501	10.111537758273908	10.721373022257978	10.260671599317018	10.78703446744741	10.325482090535354	10.875637075642834	4.876462938881664	4.89891135303266	10.979682716392986	6.730779388912943	9.196891519312967	8.364312267657994	4.761904761904762	4.086281780872282	12.490636363636364	3.7180000000000004	0.09569375352526528	20.74796962738037	-1.144410271082183e-05	17.78936589907114	-1.5261627213770567e-05	15.017026286918902	-1.721664275466284e-05	13.203610536517626	-1.928707264668783e-05	11.97500679934022	-1.5653172653516044e-05	11.080225223698143	-1.5953527374757333e-05	10.375639793717157	-1.5284754985377586e-05	9.789717657414851	-1.5681649960482243e-05	9.276354821320783	-1.6139410072283038e-05	8.814688119383883	-1.5554051997195826e-05	8.392915621005056	-1.6109248319460203e-05	8.01175121742804	-1.5558204439593475e-05	7.660882624509129	-1.6242650200784145e-05	7.340408622845434	-1.7020518890157427e-05	7.045315847740954	0.0	6.770093457943926	1.4534693586857148e-06	6.516342204515109	1.540048973557359e-06	6.288060936156271	0.0	6.078869774140317	1.749903755293459e-06	5.884698257675062	1.8752859811121196e-06	5.709659754378901	2.013291752147679e-06	5.548255423477937	0.0	5.397076345620405	0.0	5.261281438290596	-2.0476854755109616e-05	5.131564982292283	0.0	5.00962620480454	0.0	4.896576750937462	1.3440363427427077e-05	4.7961167564365965	1.1105599443239282e-05	4.702245005752751	-2.047250542521394e-05
2	1	47	0	0	3237	3	3410	49	3525	133	3716	168	3843	173	3996	188	4090	268	4148	388	4213	569	4268	731	4295	996	4309	1252	4379	1495	4362	1773	4351	2022	4332	2238	4331	2443	4311	2603	4277	2823	4196	3056	4105	3347	4037	3505	3976	3723	3880	3904	3770	4051	3695	4140	3594	4204	3479	4271	3348	4051	4095	747.0	524.2499713633508	853.5458469390869	44	1	0.5830574035644531	0.53475935828877	11.959287531806616			7.7253526168826525	0.00441832722131401	8.63662842235899	0.04543473624671989	9.129522674885395	0.17883074275264885	9.598842765995919	0.3425216114826293	9.790334496726365	0.48485188195398116	9.939556749496306	0.6741734203542997	9.913228949537059	1.1243025548517012	9.876895968759673	1.7923133776792313	9.814793244030286	2.691834610653799	9.689429713040319	3.4210033695245223	9.58855178264461	4.4631654418354545	9.543320340184266	5.318832575725392	9.56280573025856	5.969255340387303	9.521938441388343	6.659905341446924	9.488398464759246	7.178103589051794	9.45273631840796	7.543226937207185	9.459429944304903	7.716848821782804	9.478891820580476	7.756257449344457	9.494738711539314	8.044110104291331	9.460038327133356	8.318588888586438	9.387577753384559	8.695765133800986	9.442391355194836	8.783360481142715	9.498100857600154	9.0247981964948	9.514234570020353	9.224298844599863	9.489767664308909	9.360630357926842	9.59515957308681	9.462424574876577	9.637972646822204	9.570859419464997	9.654770494532942	9.700865378063462	9.640358202078954	4.877667003804845	4.89891135303266	10.395212913999444	6.660367700394765	8.830649771636836	8.178438661710038	4.761904761904762	4.13652522408941	12.490636363636364	3.7180000000000004	0.09569375352526528	20.74796962738037	-1.144410271082183e-05	17.78936589907114	-1.5261627213770567e-05	15.017026286918902	-1.721664275466284e-05	13.203610536517626	-1.928707264668783e-05	11.97500679934022	-1.5653172653516044e-05	11.080225223698143	-1.5953527374757333e-05	10.375639793717157	-1.5284754985377586e-05	9.789717657414851	-1.5681649960482243e-05	9.276354821320783	-1.6139410072283038e-05	8.814688119383883	-1.5554051997195826e-05	8.392915621005056	-1.6109248319460203e-05	8.01175121742804	-1.5558204439593475e-05	7.660882624509129	-1.6242650200784145e-05	7.340408622845434	-1.7020518890157427e-05	7.045315847740954	0.0	6.770093457943926	1.4534693586857148e-06	6.516342204515109	1.540048973557359e-06	6.288060936156271	0.0	6.078869774140317	1.749903755293459e-06	5.884698257675062	1.8752859811121196e-06	5.709659754378901	2.013291752147679e-06	5.548255423477937	0.0	5.397076345620405	0.0	5.261281438290596	-2.0476854755109616e-05	5.131564982292283	0.0	5.00962620480454	0.0	4.896576750937462	1.3440363427427077e-05	4.7961167564365965	1.1105599443239282e-05	4.702245005752751	-2.047250542521394e-05
3	1	42	0	0	2977	1	3115	65	3269	155	3377	205	3400	227	3573	337	3636	459	3736	604	3839	845	3897	1075	3953	1325	3978	1509	3894	1744	3911	1890	3917	2099	3911	2270	3846	2548	3866	2697	3849	2831	3752	3017	3721	3241	3668	3375	3615	3451	3542	3622	3462	3727	3370	3845	3290	3926	3187	3953	3094	4058	4095	696.0	514.3282333320633	808.2553396224976	37	1	0.5900583267211914	0.53475935828877	10.687022900763358			7.104842366530632	0.0014727757404380034	7.889471418078667	0.06027056849054679	8.466499184170315	0.20841176786962837	8.723167928086173	0.41795791877344646	8.661758336942398	0.6361929318124492	8.887396462950527	1.2084917162733988	8.812836298414853	1.925577883122876	8.895873514774864	2.7900960827790096	8.943506115317414	3.997539975399754	8.847166727206684	5.030887308124298	8.82503962672739	5.937443986377487	8.810240963855422	6.41063766515145	8.503668763102725	6.963465761629068	8.537437240777122	7.099391480730223	8.54195743196092	7.4514537257268625	8.534083966134242	7.651083622636421	8.400131047286228	8.048518541916735	8.500439753737906	8.036352800953516	8.544598854504285	8.066906023821737	8.459023785368053	8.212428886408798	8.509421880717161	8.420368926994025	8.579314216213687	8.457586768575366	8.635722987984042	8.365452209536278	8.685417228611362	8.55799447109137	8.714476300752636	8.611964784989718	8.751201017943858	8.788169683671605	8.82274068114776	8.937962435970404	8.844424709996115	8.978581325095963	8.908980966915259	4.88609545826711	4.89891135303266	9.68549958252157	6.534316337256844	8.362081376011922	6.877323420074349	4.761904761904762	4.186193567296647	12.490636363636364	3.7180000000000004	0.09569375352526528	20.74796962738037	-1.144410271082183e-05	17.78936589907114	-1.5261627213770567e-05	15.017026286918902	-1.721664275466284e-05	13.203610536517626	-1.928707264668783e-05	11.97500679934022	-1.5653172653516044e-05	11.080225223698143	-1.5953527374757333e-05	10.375639793717157	-1.5284754985377586e-05	9.789717657414851	-1.5681649960482243e-05	9.276354821320783	-1.6139410072283038e-05	8.814688119383883	-1.5554051997195826e-05	8.392915621005056	-1.6109248319460203e-05	8.01175121742804	-1.5558204439593475e-05	7.660882624509129	-1.6242650200784145e-05	7.340408622845434	-1.7020518890157427e-05	7.045315847740954	0.0	6.770093457943926	1.4534693586857148e-06	6.516342204515109	1.540048973557359e-06	6.288060936156271	0.0	6.078869774140317	1.749903755293459e-06	5.884698257675062	1.8752859811121196e-06	5.709659754378901	2.013291752147679e-06	5.548255423477937	0.0	5.397076345620405	0.0	5.261281438290596	-2.0476854755109616e-05	5.131564982292283	0.0	5.00962620480454	0.0	4.896576750937462	1.3440363427427077e-05	4.7961167564365965	1.1105599443239282e-05	4.702245005752751	-2.047250542521394e-05
4	1	38	0	0	2500	4	2605	106	2654	303	2733	518	2848	679	2920	817	3036	1023	3118	1143	3158	1227	3266	1365	3270	1492	3297	1633	3330	1806	3313	1913	3336	2022	3343	2153	3340	2319	3390	2500	3379	2592	3325	2681	3325	2801	3263	2902	3214	3058	3160	3105	3088	3240	3031	3265	2979	3297	2887	3308	2789	4052	4095	622.0	506.704901611457	744.74427318573	43	1	0.5983467102050781	0.53475935828877	9.669211195928753			5.966444714923271	0.005891102961752014	6.597776258136413	0.09828738861535323	6.873688845147756	0.4074113913838541	7.0596440472192805	1.0561083020714404	7.2554963951799865	1.9029735713685154	7.263139566699002	2.929785555475866	7.358572882834845	4.291647438855561	7.424339833797652	5.279933481152994	7.357018054746652	5.804711893272779	7.414638576098802	6.3880569075252716	7.3002478065769205	6.685785983151102	7.302002126151666	6.937423000127447	7.272012578616352	7.21102016370533	7.232045404933421	7.185786191871385	7.274947662247035	7.178103589051794	7.294667015798202	7.256732616535778	7.294965600087365	7.3251626761008275	7.453825857519789	7.449344457687723	7.501220974115348	7.385877927850915	7.496336376958629	7.2978196368783514	7.603823637028906	7.277214861002858	7.632034429527061	7.272271645157248	7.67779078378443	7.412794221026349	7.748706505480493	7.336436452992463	7.7730510735771645	7.486655729371259	7.8708873250409	7.462515999268605	7.988736926790025	7.505976095617529	8.011877671088415	7.513571217661889	8.03075239713208	4.878871068728026	4.89891135303266	8.65571945449485	6.43746522588858	7.705005969532581	7.992565055762081	4.761904761904762	4.244995851837459	12.490636363636364	3.7180000000000004	0.09569375352526528	20.74796962738037	-1.144410271082183e-05	17.78936589907114	-1.5261627213770567e-05	15.017026286918902	-1.721664275466284e-05	13.203610536517626	-1.928707264668783e-05	11.97500679934022	-1.5653172653516044e-05	11.080225223698143	-1.5953527374757333e-05	10.375639793717157	-1.5284754985377586e-05	9.789717657414851	-1.5681649960482243e-05	9.276354821320783	-1.6139410072283038e-05	8.814688119383883	-1.5554051997195826e-05	8.392915621005056	-1.6109248319460203e-05	8.01175121742804	-1.5558204439593475e-05	7.660882624509129	-1.6242650200784145e-05	7.340408622845434	-1.7020518890157427e-05	7.045315847740954	0.0	6.770093457943926	1.4534693586857148e-06	6.516342204515109	1.540048973557359e-06	6.288060936156271	0.0	6.078869774140317	1.749903755293459e-06	5.884698257675062	1.8752859811121196e-06	5.709659754378901	2.013291752147679e-06	5.548255423477937	0.0	5.397076345620405	0.0	5.261281438290596	-2.0476854755109616e-05	5.131564982292283	0.0	5.00962620480454	0.0	4.896576750937462	1.3440363427427077e-05	4.7961167564365965	1.1105599443239282e-05	4.702245005752751	-2.047250542521394e-05
5	1	21	0	0	1848	14	1950	183	2026	673	2104	1170	2217	1571	2280	1636	2371	1724	2408	1564	2451	1575	2513	1604	2614	1642	2640	1702	2669	1766	2668	1801	2685	1852	2697	1897	2696	1963	2731	2074	2764	2208	2742	2276	2721	2384	2687	2428	2662	2499	2566	2585	2508	2637	2454	2667	2406	2663	2341	2697	2280	4068	4095	510.0	485.41651215689893	651.8814706802368	27	1	0.6143369674682617	0.53475935828877	5.343511450381679			4.410395933271282	0.02061886036613205	4.938834435073323	0.1696848312887702	5.247209344487323	0.9049104501694186	5.434866840596182	2.3854183656825967	5.647975950882735	4.402903506067655	5.671218565778673	5.866743168615075	5.746764263900334	7.232453748374376	5.733742886396647	7.2246858832224685	5.70995923121724	7.451036048822027	5.705139847439157	7.506551853238487	5.8357332618935995	7.357949453307045	5.8469170800850465	7.230553549428607	5.828529000698812	7.051307646236774	5.82405588299498	6.765081511531816	5.855286113049547	6.574603287301644	5.8850484420005245	6.393879133101891	5.888391394561538	6.200644386884831	6.004837291116974	6.179976162097735	6.135949917861741	6.29167379039152	6.181941156577612	6.195388845033618	6.2225576289791436	6.1938165757339565	6.284792066239417	6.084450570103997	6.3591409665320935	6.057741255181441	6.292145852235109	6.107790090494531	6.31308681752964	6.0933059130716085	6.372536290217871	6.0957213384530995	6.452131938857603	6.06260671599317	6.496642060276406	6.125786449224339	6.565118488870972	4.8981361074989165	4.89891135303266	7.097133314778736	6.167005503882623	6.744262163351059	5.018587360594796	4.761904761904762	4.358439403200451	12.490636363636364	3.7180000000000004	0.09569375352526528	20.74796962738037	-1.144410271082183e-05	17.78936589907114	-1.5261627213770567e-05	15.017026286918902	-1.721664275466284e-05	13.203610536517626	-1.928707264668783e-05	11.97500679934022	-1.5653172653516044e-05	11.080225223698143	-1.5953527374757333e-05	10.375639793717157	-1.5284754985377586e-05	9.789717657414851	-1.5681649960482243e-05	9.276354821320783	-1.6139410072283038e-05	8.814688119383883	-1.5554051997195826e-05	8.392915621005056	-1.6109248319460203e-05	8.01175121742804	-1.5558204439593475e-05	7.660882624509129	-1.6242650200784145e-05	7.340408622845434	-1.7020518890157427e-05	7.045315847740954	0.0	6.770093457943926	1.4534693586857148e-06	6.516342204515109	1.540048973557359e-06	6.288060936156271	0.0	6.078869774140317	1.749903755293459e-06	5.884698257675062	1.8752859811121196e-06	5.709659754378901	2.013291752147679e-06	5.548255423477937	0.0	5.397076345620405	0.0	5.261281438290596	-2.0476854755109616e-05	5.131564982292283	0.0	5.00962620480454	0.0	4.896576750937462	1.3440363427427077e-05	4.7961167564365965	1.1105599443239282e-05	4.702245005752751	-2.047250542521394e-05
6	1	20	0	0	1589	33	1629	632	1673	1664	1732	2290	1806	2058	1959	1853	2031	1708	2096	1598	2165	1551	2249	1551	2318	1523	2410	1500	2459	1492	2438	1557	2414	1630	2420	1670	2483	1733	2469	1884	2477	1971	2456	2078	2444	2168	2406	2263	2381	2335	2341	2442	2309	2452	2252	2417	2202	2420	2148	2485	2095	4068	4095	434.0	473.0262426319745	588.6477003097534	27	1	0.624720573425293	0.53475935828877	5.089058524173027			3.7922722608052317	0.04860159943445412	4.125826304992022	0.5860153736311627	4.33296210924348	2.237401172484268	4.47394931935009	4.668895775566792	4.600922222505286	5.767775566828284	4.872770688754571	6.644911425087857	4.92268166173833	7.165331207786214	4.990832678524656	7.3817442719881745	5.043680838672103	7.337496451887596	5.10579367962223	7.258517409210034	5.1749157234389305	6.82469976698333	5.337526576895819	6.372403245677387	5.369933612858141	5.957276901577161	5.321982099978171	5.848546315077755	5.26430565247732	5.786502893251447	5.280614471502139	5.628770770838249	5.4231735284481815	5.474129761829554	5.428759894459103	5.613825983313468	5.498823424943391	5.616344674303299	5.5371435012963595	5.656422680131747	5.589096231247713	5.632631852429203	5.627543621649436	5.670968550306979	5.6878717660829885	5.660194410103507	5.740418332066404	5.769912340807599	5.81216804692023	5.66582711370936	5.847983588252097	5.524318888279392	5.905068382944489	5.509391007398976	5.961036798579119	5.644263747246008	6.032422471133635	4.8981361074989165	4.89891135303266	6.039521291399944	6.009592522574522	6.090055617933123	5.018587360594796	4.761904761904762	4.432106331526347	12.490636363636364	3.7180000000000004	0.09569375352526528	20.74796962738037	-1.144410271082183e-05	17.78936589907114	-1.5261627213770567e-05	15.017026286918902	-1.721664275466284e-05	13.203610536517626	-1.928707264668783e-05	11.97500679934022	-1.5653172653516044e-05	11.080225223698143	-1.5953527374757333e-05	10.375639793717157	-1.5284754985377586e-05	9.789717657414851	-1.5681649960482243e-05	9.276354821320783	-1.6139410072283038e-05	8.814688119383883	-1.5554051997195826e-05	8.392915621005056	-1.6109248319460203e-05	8.01175121742804	-1.5558204439593475e-05	7.660882624509129	-1.6242650200784145e-05	7.340408622845434	-1.7020518890157427e-05	7.045315847740954	0.0	6.770093457943926	1.4534693586857148e-06	6.516342204515109	1.540048973557359e-06	6.288060936156271	0.0	6.078869774140317	1.749903755293459e-06	5.884698257675062	1.8752859811121196e-06	5.709659754378901	2.013291752147679e-06	5.548255423477937	0.0	5.397076345620405	0.0	5.261281438290596	-2.0476854755109616e-05	5.131564982292283	0.0	5.00962620480454	0.0	4.896576750937462	1.3440363427427077e-05	4.7961167564365965	1.1105599443239282e-05	4.702245005752751	-2.047250542521394e-05
7	1	21	0	0	1339	113	1430	1684	1481	3121	1513	3067	1526	2764	1673	2162	1728	1691	1818	1485	1909	1361	1974	1227	1990	1244	2059	1296	2122	1369	2134	1471	2138	1516	2163	1526	2164	1687	2164	1773	2157	1878	2170	1920	2167	2013	2167	2057	2129	2122	2089	2132	2057	2149	1998	2180	1964	2168	1929	2138	1851	4062	4095	351.0	451.1645722398083	517.4719247817993	33	1	0.6392822265625	0.53475935828877	5.343511450381679			3.195627789312904	0.16642365866949438	3.6218119190537696	1.5614713436627816	3.8356944912071684	4.196471790458775	3.9082478753906953	6.253058228673952	3.887600947698265	7.746419663126034	4.161380991468298	7.7529943340744465	4.188278636870425	7.094013508411294	4.328880634331023	6.859756097560976	4.44729178800233	6.438641309490017	4.481474754812932	5.742231374017222	4.4426584510972695	5.574475712493278	4.560152374202693	5.505756404265262	4.633997204751922	5.466160910361349	4.658371534599432	5.525505221245586	4.662421493370552	5.381802690901345	4.719821942916994	5.143415686406687	4.726438789996724	5.3288268368184974	4.758135444151276	5.283075089392134	4.788438485104115	5.351342109762353	4.892345846015105	5.2263385687454065	4.9556348335162825	5.229929851909587	5.068531599382514	5.15474251346949	5.085879458206923	5.143868324727899	5.122483509477452	5.037450086241523	5.177838749465099	4.965686161240382	5.18839751746345	4.982629365514719	5.266827567712523	4.935685828116107	5.3532774601765	4.856111022781475	5.329839615307092	4.890911717959832	4.89891135303266	4.884497634288895	5.731849515783316	5.353682348511244	6.133828996282528	4.761904761904762	4.535414590950308	12.490636363636364	3.7180000000000004	0.09569375352526528	20.74796962738037	-1.144410271082183e-05	17.78936589907114	-1.5261627213770567e-05	15.017026286918902	-1.721664275466284e-05	13.203610536517626	-1.928707264668783e-05	11.97500679934022	-1.5653172653516044e-05	11.080225223698143	-1.5953527374757333e-05	10.375639793717157	-1.5284754985377586e-05	9.789717657414851	-1.5681649960482243e-05	9.276354821320783	-1.6139410072283038e-05	8.814688119383883	-1.5554051997195826e-05	8.392915621005056	-1.6109248319460203e-05	8.01175121742804	-1.5558204439593475e-05	7.660882624509129	-1.6242650200784145e-05	7.340408622845434	-1.7020518890157427e-05	7.045315847740954	0.0	6.770093457943926	1.4534693586857148e-06	6.516342204515109	1.540048973557359e-06	6.288060936156271	0.0	6.078869774140317	1.749903755293459e-06	5.884698257675062	1.8752859811121196e-06	5.709659754378901	2.013291752147679e-06	5.548255423477937	0.0	5.397076345620405	0.0	5.261281438290596	-2.0476854755109616e-05	5.131564982292283	0.0	5.00962620480454	0.0	4.896576750937462	1.3440363427427077e-05	4.7961167564365965	1.1105599443239282e-05	4.702245005752751	-2.047250542521394e-05
8	1	15	0	0	1258	91	1365	1644	1440	3331	1544	3381	1589	2685	1656	2106	1707	1638	1784	1357	1844	1237	1906	1217	1942	1220	2043	1266	2108	1372	2166	1448	2229	1549	2213	1619	2232	1671	2218	1767	2215	1844	2172	1895	2194	1948	2168	2055	2103	2136	2063	2182	2027	2233	1934	2227	1904	2224	1863	2211	1783	4070	4095	339.0	440.6230204221928	504.6809720993042	25	1	0.6406335830688477	0.53475935828877	3.816793893129771			3.0023149805493903	0.1340225923798583	3.457184104551326	1.5243817630532142	3.7295071352723315	4.478836121120852	3.988324335494537	6.8932474310879135	4.048098234529845	7.525013312407164	4.1190955898813515	7.5521767195008245	4.137379417325125	6.871670092713009	4.247922470652666	6.268477457501848	4.295864880605707	5.852020058662125	4.327097711587359	5.695432422313741	4.335498850266783	5.466929557268328	4.524716513111269	5.378308339351714	4.603424178895877	5.478139349171491	4.72822527832351	5.439110510104425	4.860868806699233	5.498952749476374	4.828925547700096	5.456874178435403	4.8749590477230536	5.278286688988565	4.876868953386103	5.265196662693683	4.917195755449985	5.254459451758136	4.896854920527562	5.158287285298201	5.017380168313209	5.061054819433619	5.0708705618187775	5.1497306101992235	5.023769140727646	5.177805250527234	5.058728329369068	5.155589159558632	5.102323356910917	5.15978464311297	5.022202601989145	5.090053026147376	5.105926521855726	5.063175867956744	5.170117111616807	5.021918368274013	5.134037835814449	4.900544237345278	4.89891135303266	4.717506262176454	5.597923688271115	5.221349183526899	4.646840148698884	4.761904761904762	4.545001846409326	12.490636363636364	3.7180000000000004	0.09569375352526528	20.74796962738037	-1.144410271082183e-05	17.78936589907114	-1.5261627213770567e-05	15.017026286918902	-1.721664275466284e-05	13.203610536517626	-1.928707264668783e-05	11.97500679934022	-1.5653172653516044e-05	11.080225223698143	-1.5953527374757333e-05	10.375639793717157	-1.5284754985377586e-05	9.789717657414851	-1.5681649960482243e-05	9.276354821320783	-1.6139410072283038e-05	8.814688119383883	-1.5554051997195826e-05	8.392915621005056	-1.6109248319460203e-05	8.01175121742804	-1.5558204439593475e-05	7.660882624509129	-1.6242650200784145e-05	7.340408622845434	-1.7020518890157427e-05	7.045315847740954	0.0	6.770093457943926	1.4534693586857148e-06	6.516342204515109	1.540048973557359e-06	6.288060936156271	0.0	6.078869774140317	1.749903755293459e-06	5.884698257675062	1.8752859811121196e-06	5.709659754378901	2.013291752147679e-06	5.548255423477937	0.0	5.397076345620405	0.0	5.261281438290596	-2.0476854755109616e-05	5.131564982292283	0.0	5.00962620480454	0.0	4.896576750937462	1.3440363427427077e-05	4.7961167564365965	1.1105599443239282e-05	4.702245005752751	-2.047250542521394e-05
9	1	14	0	0	1293	271	1320	2392	1377	3716	1425	3423	1513	2776	1618	2046	1707	1510	1770	1304	1843	1244	1888	1253	1964	1277	1960	1321	2013	1359	2040	1391	2054	1500	2079	1613	2103	1703	2086	1781	2089	1833	2072	1907	2055	1951	2024	1988	2036	2018	1992	2054	1949	2086	1876	2097	1829	2092	1776	2093	1723	4068	4095	314.0	432.6302403508566	481.13693714141846	27	1	0.6466217041015625	0.53475935828877	3.5623409669211195			3.085845206558316	0.3991222256586989	3.3432110022034798	2.217956920452122	3.5663411981041673	4.996504060667993	3.6809340531604366	6.978877833958571	3.854482459939368	7.780051007539027	4.024575280451708	7.337014989600517	4.137379417325125	6.334689768007719	4.214586756196871	6.023651145602365	4.293535235876529	5.8851357744346675	4.286233200145296	5.863908648446275	4.384613667314089	5.722351675927586	4.340892983699504	5.611963125026552	4.395964360587002	5.42623278099421	4.453176162409954	5.2250018781458945	4.47923935799023	5.325002662501331	4.536527886881383	5.4366510499174225	4.5932073823304576	5.37936698464843	4.586631486367635	5.306912991656734	4.63748168538827	5.22311506240383	4.671401194904746	5.19095190135286	4.699506037321624	5.06884905170174	4.734059970996865	4.981831850645283	4.8637156303002795	4.891765447361404	4.884627645226944	4.853153131866834	4.905983336270043	4.820112299835941	4.871588459840557	4.792923752057049	4.904800214534728	4.762663631189527	4.9286784703335735	4.753901015286075	4.961271559791529	4.8981361074989165	4.89891135303266	4.3696075702755355	5.496378896413435	4.977766337133996	5.018587360594796	4.761904761904762	4.587484822434151	12.490636363636364	3.7180000000000004	0.09569375352526528	20.74796962738037	-1.144410271082183e-05	17.78936589907114	-1.5261627213770567e-05	15.017026286918902	-1.721664275466284e-05	13.203610536517626	-1.928707264668783e-05	11.97500679934022	-1.5653172653516044e-05	11.080225223698143	-1.5953527374757333e-05	10.375639793717157	-1.5284754985377586e-05	9.789717657414851	-1.5681649960482243e-05	9.276354821320783	-1.6139410072283038e-05	8.814688119383883	-1.5554051997195826e-05	8.392915621005056	-1.6109248319460203e-05	8.01175121742804	-1.5558204439593475e-05	7.660882624509129	-1.6242650200784145e-05	7.340408622845434	-1.7020518890157427e-05	7.045315847740954	0.0	6.770093457943926	1.4534693586857148e-06	6.516342204515109	1.540048973557359e-06	6.288060936156271	0.0	6.078869774140317	1.749903755293459e-06	5.884698257675062	1.8752859811121196e-06	5.709659754378901	2.013291752147679e-06	5.548255423477937	0.0	5.397076345620405	0.0	5.261281438290596	-2.0476854755109616e-05	5.131564982292283	0.0	5.00962620480454	0.0	4.896576750937462	1.3440363427427077e-05	4.7961167564365965	1.1105599443239282e-05	4.702245005752751	-2.047250542521394e-05
10	1	14	0	0	1158	916	1249	4163	1249	4841	1291	3572	1373	2637	1446	1942	1464	1483	1513	1269	1553	1203	1609	1176	1695	1254	1756	1265	1812	1325	1852	1395	1836	1454	1847	1488	1892	1560	1858	1613	1831	1687	1779	1751	1735	1801	1664	1850	1652	1853	1633	1890	1618	1872	1592	1844	1514	1786	1481	1731	1456	4071	4095	247.0	402.12362766243336	412.95007133483887	24	1	0.6676597595214844	0.53475935828877	3.5623409669211195			2.7636571919524595	1.3490625782412111	3.1633867740546564	3.860098101940712	3.2348294527466264	6.509170117786264	3.3347970965825433	7.282661882237808	3.4978218225358573	7.390487934755193	3.596746511454369	6.964067991106648	3.5484027340152213	6.221420480765197	3.6026382836869297	5.861973392461197	3.6179382644146765	5.691172296338348	3.652833272793316	5.503556720329464	3.784073404326569	5.619286610503674	3.8890857547838413	5.374060070521263	3.957023060796646	5.290477141145937	4.042785418030998	5.240027045300879	4.003838101884159	5.161702580851291	4.030287160687789	5.015335872459469	4.132357759091406	4.92766441341841	4.085312225153913	4.806317044100119	4.064733827642854	4.807089530973956	4.010821778829895	4.766311892642295	3.967709476765459	4.679137438295662	3.8920334939420878	4.636010524996868	3.946394018298655	4.491794536154947	4.004315735268875	4.465656971386717	4.0727968384222315	4.325623310303395	4.134098522423329	4.2146644724812585	4.060069723786538	4.0660216277746155	4.110007215407671	3.9316782883230745	4.192461631489533	4.901748302268459	4.89891135303266	3.4372390759810747	5.108805660557972	4.272315852988562	4.4609665427509295	4.761904761904762	4.736740189707225	12.490636363636364	3.7180000000000004	0.09569375352526528	20.74796962738037	-1.144410271082183e-05	17.78936589907114	-1.5261627213770567e-05	15.017026286918902	-1.721664275466284e-05	13.203610536517626	-1.928707264668783e-05	11.97500679934022	-1.5653172653516044e-05	11.080225223698143	-1.5953527374757333e-05	10.375639793717157	-1.5284754985377586e-05	9.789717657414851	-1.5681649960482243e-05	9.276354821320783	-1.6139410072283038e-05	8.814688119383883	-1.5554051997195826e-05	8.392915621005056	-1.6109248319460203e-05	8.01175121742804	-1.5558204439593475e-05	7.660882624509129	-1.6242650200784145e-05	7.340408622845434	-1.7020518890157427e-05	7.045315847740954	0.0	6.770093457943926	1.4534693586857148e-06	6.516342204515109	1.540048973557359e-06	6.288060936156271	0.0	6.078869774140317	1.749903755293459e-06	5.884698257675062	1.8752859811121196e-06	5.709659754378901	2.013291752147679e-06	5.548255423477937	0.0	5.397076345620405	0.0	5.261281438290596	-2.0476854755109616e-05	5.131564982292283	0.0	5.00962620480454	0.0	4.896576750937462	1.3440363427427077e-05	4.7961167564365965	1.1105599443239282e-05	4.702245005752751	-2.047250542521394e-05
11	1	19	0	0	1181	1731	1173	6143	1173	5535	1214	3615	1248	2391	1289	1729	1317	1418	1313	1216	1377	1170	1418	1166	1480	1198	1478	1248	1503	1279	1505	1317	1532	1327	1540	1381	1568	1448	1531	1481	1514	1500	1505	1497	1498	1509	1478	1544	1449	1561	1391	1532	1367	1511	1324	1504	1285	1490	1254	1484	1178	4075	4095	200.0	367.08916318707236	352.32658863067627	20	1	0.6913013458251953	0.53475935828877	4.8346055979643765			2.8185484833297534	2.549374806698184	2.9708988678671835	5.696032342114291	3.037994353940587	7.44231700102189	3.1358975021310673	7.370331104224433	3.179374824854151	6.701045374288837	3.2062283909161007	6.200243849960554	3.1921081971981193	5.948735159625792	3.1264137914612946	5.617147080561715	3.207920792079208	5.535055350553505	3.2192154013803127	5.456757768625983	3.304087692273346	5.368345581645456	3.27338766832034	5.301839500403585	3.2822327044025155	5.106807746057098	3.2853088845230296	4.947036285778679	3.3408932309839496	4.710852355426177	3.3603910273195425	4.654690080555461	3.4247024134541877	4.573883378608882	3.366314863676341	4.412991656734207	3.3610087466145715	4.274234911950761	3.3930785706233797	4.074910852818684	3.425722649103549	3.92049883086516	3.4569864807971182	3.8691893246460345	3.4614557702873796	3.783967226625942	3.410902135798534	3.6197812064362163	3.4409847207189066	3.491461977493819	3.438157313874678	3.437557140245017	3.4459640654330923	3.392145702902675	3.4800466226341786	3.3706589138483207	3.3919778859166696	4.906564561961181	4.89891135303266	2.783189535207348	4.663708038548576	3.645114929198527	3.717472118959108	4.761904761904762	4.904466416121528	12.490636363636364	3.7180000000000004	0.09569375352526528	20.74796962738037	-1.144410271082183e-05	17.78936589907114	-1.5261627213770567e-05	15.017026286918902	-1.721664275466284e-05	13.203610536517626	-1.928707264668783e-05	11.97500679934022	-1.5653172653516044e-05	11.080225223698143	-1.5953527374757333e-05	10.375639793717157	-1.5284754985377586e-05	9.789717657414851	-1.5681649960482243e-05	9.276354821320783	-1.6139410072283038e-05	8.814688119383883	-1.5554051997195826e-05	8.392915621005056	-1.6109248319460203e-05	8.01175121742804	-1.5558204439593475e-05	7.660882624509129	-1.6242650200784145e-05	7.340408622845434	-1.7020518890157427e-05	7.045315847740954	0.0	6.770093457943926	1.4534693586857148e-06	6.516342204515109	1.540048973557359e-06	6.288060936156271	0.0	6.078869774140317	1.749903755293459e-06	5.884698257675062	1.8752859811121196e-06	5.709659754378901	2.013291752147679e-06	5.548255423477937	0.0	5.397076345620405	0.0	5.261281438290596	-2.0476854755109616e-05	5.131564982292283	0.0	5.00962620480454	0.0	4.896576750937462	1.3440363427427077e-05	4.7961167564365965	1.1105599443239282e-05	4.702245005752751	-2.047250542521394e-05
12	1	14	0	0	1290	2726	1246	7198	1195	5645	1170	3509	1148	2246	1112	1594	1177	1436	1170	1265	1217	1205	1290	1164	1307	1157	1325	1139	1327	1173	1323	1170	1360	1219	1366	1297	1362	1327	1373	1341	1361	1335	1353	1330	1315	1369	1254	1380	1265	1370	1237	1367	1197	1342	1178	1316	1159	1249	1116	1261	1100	4075	4095	174.0	336.8413435891677	312.2301244735718	20	1	0.7054815292358398	0.53475935828877	3.5623409669211195			3.0786854729004083	4.014786668433998	3.155788567231467	6.674270030691629	3.094972935173914	7.590222126606788	3.022240591015938	7.1542162779318215	2.9246172267087864	6.294666629298506	2.765962739099072	5.71612995768486	2.852780066896117	6.024248017787473	2.7859132795199657	5.84349593495935	2.8351776354106	5.700633929416217	2.9286233200145295	5.447397978285286	2.9178666309467998	5.184620899802832	2.934532246633593	4.838778197884362	2.8978860936408104	4.683569574765422	2.888015717092338	4.394861392832995	2.9658060013956735	4.327452163726082	2.980710482674348	4.371566281303718	2.9747733974008956	4.1916735106450185	3.018909410729991	3.9958283671036945	3.021355947253918	3.804069071636177	3.0503889076766995	3.6203282793913494	3.007226491035492	3.556767991686152	2.9330588950741454	3.45821325648415	3.0219058312032683	3.320970596077861	3.0332752997719528	3.2299222644897574	3.0130641629118737	3.1009543175358734	3.059025162948921	3.0078624977143904	3.1080718691338163	2.843483210017075	3.0970749847366377	2.864151543371113	3.1673817270868723	4.906564561961181	4.89891135303266	2.4213748956303927	4.279422656265509	3.230283279179793	3.717472118959108	4.761904761904762	5.005068322557763	12.490636363636364	3.7180000000000004	0.09569375352526528	20.74796962738037	-1.144410271082183e-05	17.78936589907114	-1.5261627213770567e-05	15.017026286918902	-1.721664275466284e-05	13.203610536517626	-1.928707264668783e-05	11.97500679934022	-1.5653172653516044e-05	11.080225223698143	-1.5953527374757333e-05	10.375639793717157	-1.5284754985377586e-05	9.789717657414851	-1.5681649960482243e-05	9.276354821320783	-1.6139410072283038e-05	8.814688119383883	-1.5554051997195826e-05	8.392915621005056	-1.6109248319460203e-05	8.01175121742804	-1.5558204439593475e-05	7.660882624509129	-1.6242650200784145e-05	7.340408622845434	-1.7020518890157427e-05	7.045315847740954	0.0	6.770093457943926	1.4534693586857148e-06	6.516342204515109	1.540048973557359e-06	6.288060936156271	0.0	6.078869774140317	1.749903755293459e-06	5.884698257675062	1.8752859811121196e-06	5.709659754378901	2.013291752147679e-06	5.548255423477937	0.0	5.397076345620405	0.0	5.261281438290596	-2.0476854755109616e-05	5.131564982292283	0.0	5.00962620480454	0.0	4.896576750937462	1.3440363427427077e-05	4.7961167564365965	1.1105599443239282e-05	4.702245005752751	-2.047250542521394e-05
13	1	12	0	0	1403	3697	1273	7818	1150	5534	1061	3287	1068	2062	1094	1630	1098	1386	1130	1263	1150	1126	1192	1066	1202	1053	1239	1097	1280	1114	1283	1134	1303	1178	1286	1184	1300	1238	1271	1275	1242	1274	1239	1303	1229	1287	1231	1298	1190	1253	1196	1249	1176	1244	1130	1237	1062	1221	1000	1203	960	4078	4095	159.0	317.0403004754331	288.7023591995239	17	1	0.713292121887207	0.53475935828877	3.0534351145038165			3.34836877401494	5.444851912399299	3.2241724286401743	7.249158530139921	2.978425837196654	7.440972408971118	2.7406814248443676	6.701598434186919	2.7208111481924946	5.778986014965948	2.721189960948188	5.845226995625045	2.661302050511416	5.814490078449469	2.6906683810748384	5.8342572062084255	2.6790914385556204	5.326899422840382	2.7061387577188523	4.988768251591164	2.6834550041301095	4.718587560494712	2.7440644932671865	4.660350907005395	2.795248078266946	4.447993611499301	2.8006985374372406	4.259634888438134	2.8415038381018842	4.181902090951045	2.8061447150213845	3.990697360881729	2.839357868297477	3.9105439383410197	2.7946350043975374	3.7991656734207386	2.7571815477511876	3.630250185216846	2.7933716604666894	3.5468328932683675	2.8105561653860227	3.343725643024162	2.87926275904009	3.2527252224032077	2.8427414538592006	3.037354859040555	2.932738284985655	2.9511140514613805	2.960203388123946	2.874506088684521	2.9343789763431922	2.8272993234594987	2.847948511665326	2.7797381900967557	2.7751567963589943	2.7324142003770415	2.7642604163667253	4.910176756730722	4.89891135303266	2.2126356804898415	4.027859022135263	2.986868756351914	3.1598513011152414	4.761904761904762	5.060480899981449	12.490636363636364	3.7180000000000004	0.09569375352526528	20.74796962738037	-1.144410271082183e-05	17.78936589907114	-1.5261627213770567e-05	15.017026286918902	-1.721664275466284e-05	13.203610536517626	-1.928707264668783e-05	11.97500679934022	-1.5653172653516044e-05	11.080225223698143	-1.5953527374757333e-05	10.375639793717157	-1.5284754985377586e-05	9.789717657414851	-1.5681649960482243e-05	9.276354821320783	-1.6139410072283038e-05	8.814688119383883	-1.5554051997195826e-05	8.392915621005056	-1.6109248319460203e-05	8.01175121742804	-1.5558204439593475e-05	7.660882624509129	-1.6242650200784145e-05	7.340408622845434	-1.7020518890157427e-05	7.045315847740954	0.0	6.770093457943926	1.4534693586857148e-06	6.516342204515109	1.540048973557359e-06	6.288060936156271	0.0	6.078869774140317	1.749903755293459e-06	5.884698257675062	1.8752859811121196e-06	5.709659754378901	2.013291752147679e-06	5.548255423477937	0.0	5.397076345620405	0.0	5.261281438290596	-2.0476854755109616e-05	5.131564982292283	0.0	5.00962620480454	0.0	4.896576750937462	1.3440363427427077e-05	4.7961167564365965	1.1105599443239282e-05	4.702245005752751	-2.047250542521394e-05
14	3	9	0	0	1370	4791	1227	8425	1153	5347	1046	3110	1026	2125	1006	1528	1018	1244	1003	1170	1068	1056	1098	1041	1118	1023	1110	1017	1206	1005	1227	1077	1226	1101	1242	1116	1227	1140	1205	1198	1171	1231	1160	1238	1131	1251	1116	1211	1104	1175	1075	1163	1064	1141	1013	1116	949	1106	912	1079	872	4077	4095	147.0	301.4190038671537	268.42737007141113	18	1	0.7227468490600586	1.6042780748663104	2.2900763358778624			3.2696117037779526	7.056068572438474	3.107666590684598	7.811992915890103	2.986195643728471	7.1895336954767926	2.7019347506005733	6.340727450660577	2.613812956971442	5.955550573134161	2.502300823321643	5.47945205479452	2.467400261767415	5.218777530729538	2.3882658285115603	5.404656319290465	2.4880605707629586	4.995742265114958	2.4927351979658554	4.87177087233246	2.495925702676758	4.584154866463524	2.4583628632175762	4.320489400569269	2.6336477987421385	4.012777001397485	2.678454485920105	4.0455262564796035	2.673586880669923	3.9085519542759775	2.7101335428122546	3.7615019043446023	2.679917003385388	3.6009855328826834	2.649516270888302	3.5697258641239573	2.5995648892243484	3.507722117740925	2.6152632172246646	3.369899556305632	2.586443468715697	3.2501948558067033	2.6102820788698136	3.0347074301465984	2.63729963450467	2.8482777010156837	2.6360314852504843	2.747914845355953	2.6782792559216655	2.636504378769323	2.630553896491729	2.5507405375754253	2.5449182086350226	2.5179282868525896	2.5309429982794027	2.4507688463897153	2.510869878199775	4.908972691807542	4.89891135303266	2.0456443083774007	3.8293972480745078	2.777106938921519	3.3457249070631967	4.761904761904762	5.127557858782231	12.490636363636364	3.7180000000000004	0.09569375352526528	20.74796962738037	-1.144410271082183e-05	17.78936589907114	-1.5261627213770567e-05	15.017026286918902	-1.721664275466284e-05	13.203610536517626	-1.928707264668783e-05	11.97500679934022	-1.5653172653516044e-05	11.080225223698143	-1.5953527374757333e-05	10.375639793717157	-1.5284754985377586e-05	9.789717657414851	-1.5681649960482243e-05	9.276354821320783	-1.6139410072283038e-05	8.814688119383883	-1.5554051997195826e-05	8.392915621005056	-1.6109248319460203e-05	8.01175121742804	-1.5558204439593475e-05	7.660882624509129	-1.6242650200784145e-05	7.340408622845434	-1.7020518890157427e-05	7.045315847740954	0.0	6.770093457943926	1.4534693586857148e-06	6.516342204515109	1.540048973557359e-06	6.288060936156271	0.0	6.078869774140317	1.749903755293459e-06	5.884698257675062	1.8752859811121196e-06	5.709659754378901	2.013291752147679e-06	5.548255423477937	0.0	5.397076345620405	0.0	5.261281438290596	-2.0476854755109616e-05	5.131564982292283	0.0	5.00962620480454	0.0	4.896576750937462	1.3440363427427077e-05	4.7961167564365965	1.1105599443239282e-05	4.702245005752751	-2.047250542521394e-05
15	11	9	0	0	1449	5767	1239	8764	1095	5152	1045	2921	1012	1947	932	1430	955	1219	966	1075	1021	1030	1069	965	1079	958	1118	971	1153	1015	1149	1049	1145	1080	1140	1103	1157	1149	1139	1144	1110	1146	1094	1154	1079	1158	1041	1142	1001	1112	965	1096	925	1063	896	1036	829	964	807	934	754	4082	4095	137.0	281.7933338233088	247.4648551940918	13	1	0.72991943359375	5.88235294117647	2.2900763358778624			3.458151356769528	8.493497695105965	3.1380594179773578	8.126327111556186	2.8359793841133354	6.927338245576292	2.6993516389843206	5.95539063774262	2.5781468932310907	5.456685631008099	2.3182349575902297	5.128021229290684	2.314702603131514	5.1138985610605365	2.3001642974498178	4.965816703621582	2.3785672684915546	4.872741035102659	2.42689792953142	4.5160988393859975	2.408858527001987	4.29288402939595	2.4760807937632885	4.125069034368495	2.5179070580013976	4.052705130764624	2.5081859855926654	3.940350086394711	2.496946964410328	3.8340019170009585	2.4875621890547266	3.7176851258889747	2.5270285027847548	3.6294143660370204	2.504397537379068	3.4088200238379023	2.464147760067487	3.2655154727303812	2.466463758313606	3.1412472439230203	2.46752652762532	3.008573655494934	2.434859896150068	2.861796767322391	2.391247222952151	2.6955615349186726	2.3662980309457833	2.589608487111027	2.328391270420621	2.4562700741733483	2.3267288166402658	2.367891753519839	2.223116116921427	2.194649971542402	2.2395515346617083	2.121425488904536	2.1710962020213653	4.914993016423446	4.89891135303266	1.906484831617033	3.5800616524640816	2.560232089283191	2.41635687732342	4.761904761904762	5.178444060833944	12.490636363636364	3.7180000000000004	0.09569375352526528	20.74796962738037	-1.144410271082183e-05	17.78936589907114	-1.5261627213770567e-05	15.017026286918902	-1.721664275466284e-05	13.203610536517626	-1.928707264668783e-05	11.97500679934022	-1.5653172653516044e-05	11.080225223698143	-1.5953527374757333e-05	10.375639793717157	-1.5284754985377586e-05	9.789717657414851	-1.5681649960482243e-05	9.276354821320783	-1.6139410072283038e-05	8.814688119383883	-1.5554051997195826e-05	8.392915621005056	-1.6109248319460203e-05	8.01175121742804	-1.5558204439593475e-05	7.660882624509129	-1.6242650200784145e-05	7.340408622845434	-1.7020518890157427e-05	7.045315847740954	0.0	6.770093457943926	1.4534693586857148e-06	6.516342204515109	1.540048973557359e-06	6.288060936156271	0.0	6.078869774140317	1.749903755293459e-06	5.884698257675062	1.8752859811121196e-06	5.709659754378901	2.013291752147679e-06	5.548255423477937	0.0	5.397076345620405	0.0	5.261281438290596	-2.0476854755109616e-05	5.131564982292283	0.0	5.00962620480454	0.0	4.896576750937462	1.3440363427427077e-05	4.7961167564365965	1.1105599443239282e-05	4.702245005752751	-2.047250542521394e-05
16	36	6	0	0	1521	7937	1198	9314	985	4902	938	2518	958	1619	947	1228	942	1008	977	938	986	949	1013	943	1005	962	1023	998	987	997	974	1028	951	1002	957	983	956	992	932	965	905	946	887	966	849	930	825	914	776	896	741	849	715	827	677	779	647	735	601	714	575	4081	4095	119.0	249.90594546718472	213.73045825958252	14	1	0.7411470413208008	19.25133689839572	1.5267175572519083			3.6299849645593185	11.689421051856435	3.034217258060431	8.636308844937735	2.5510864779466993	6.591190232883343	2.422958696045256	5.133746534007503	2.440577790232594	4.537428883719627	2.3555456060493	4.4036434052929785	2.2831935624606134	4.22872005705416	2.3263566445222277	4.332963784183296	2.297029702970297	4.4895448954489545	2.2997638939338905	4.413141145638337	2.2436541423883196	4.310808388600107	2.2656803685329554	4.239772292790687	2.1553983228511533	3.9808344979037735	2.1261733246016155	3.861467958831042	2.073883461270063	3.557101778550889	2.088242995548573	3.3132225555293404	2.0880200939172218	3.133489165455809	2.0492524186455583	2.8754469606674613	2.009057407982951	2.69561748447028	1.9997745462743772	2.6295015924000325	1.9415477497255762	2.4162120031176926	1.929644009917201	2.290439794511966	1.8537540909199495	2.1719632511574916	1.8170226330889387	2.0060014649245095	1.7997835225413445	1.9109457679598862	1.7580305902516296	1.780490034741269	1.7350496111558058	1.6733067729083666	1.6678692346117556	1.6217321189270222	1.6556768118863197	4.913788951500265	4.89891135303266	1.6559977734483717	3.174946262748831	2.211221376321114	2.6022304832713754	4.761904761904762	5.258098795145181	12.490636363636364	3.7180000000000004	0.09569375352526528	20.74796962738037	-1.144410271082183e-05	17.78936589907114	-1.5261627213770567e-05	15.017026286918902	-1.721664275466284e-05	13.203610536517626	-1.928707264668783e-05	11.97500679934022	-1.5653172653516044e-05	11.080225223698143	-1.5953527374757333e-05	10.375639793717157	-1.5284754985377586e-05	9.789717657414851	-1.5681649960482243e-05	9.276354821320783	-1.6139410072283038e-05	8.814688119383883	-1.5554051997195826e-05	8.392915621005056	-1.6109248319460203e-05	8.01175121742804	-1.5558204439593475e-05	7.660882624509129	-1.6242650200784145e-05	7.340408622845434	-1.7020518890157427e-05	7.045315847740954	0.0	6.770093457943926	1.4534693586857148e-06	6.516342204515109	1.540048973557359e-06	6.288060936156271	0.0	6.078869774140317	1.749903755293459e-06	5.884698257675062	1.8752859811121196e-06	5.709659754378901	2.013291752147679e-06	5.548255423477937	0.0	5.397076345620405	0.0	5.261281438290596	-2.0476854755109616e-05	5.131564982292283	0.0	5.00962620480454	0.0	4.896576750937462	1.3440363427427077e-05	4.7961167564365965	1.1105599443239282e-05	4.702245005752751	-2.047250542521394e-05
17	59	4	0	0	1617	9895	1253	9357	1029	4816	963	2336	945	1502	916	1183	914	1030	887	960	892	915	872	903	878	906	880	912	871	881	825	876	811	874	846	874	817	844	813	812	778	846	755	813	735	801	717	776	674	753	642	727	613	714	580	658	539	635	494	601	464	3997	4011	108.0	229.7643999396869	192.1989336013794	14	1	0.7503948211669922	31.550802139037433	1.0178117048346056			3.8590964416123716	14.573115951634044	3.1735177164855757	8.67618014409302	2.6650436404133537	6.475555316516969	2.4875364864515794	4.762681454901322	2.4074593024736965	4.209523275692946	2.2784369325672214	4.242272107867747	2.215327936400213	4.321013550362881	2.1120556230206917	4.434589800443459	2.07804309842749	4.328697133125178	1.9796585543043952	4.225945338824411	1.9601276985243232	4.059867359741889	1.9489723600283486	3.874421173371851	1.9020789657582111	3.5176681972449586	1.8009168303863783	3.290511606941627	1.7685799023028612	3.1027015513507754	1.8460329929300863	2.9458357207860058	1.784427214153107	2.665992798028934	1.787598944591029	2.4195470798569723	1.7271233849842385	2.410668490340229	1.7021756284522602	2.213027737703133	1.6808452250274424	2.081060015588464	1.6770360668007671	1.9446184688635508	1.6100905377320178	1.8253217947785616	1.574262524214708	1.7177421260307635	1.543031187857125	1.649837095917	1.5061414214858864	1.5039312488571952	1.4454277286135693	1.4456459874786567	1.370927457401343	1.3650714334385718	1.3360592012439172	4.8126474979530895	4.798420863739682	1.5029223490119676	2.919056693659281	1.9884596418603246	2.6022304832713754	4.761904761904762	5.323707557450122	12.490636363636364	3.7180000000000004	0.09569375352526528	20.74796962738037	-1.144410271082183e-05	17.78936589907114	-1.5261627213770567e-05	15.017026286918902	-1.721664275466284e-05	13.203610536517626	-1.928707264668783e-05	11.97500679934022	-1.5653172653516044e-05	11.080225223698143	-1.5953527374757333e-05	10.375639793717157	-1.5284754985377586e-05	9.789717657414851	-1.5681649960482243e-05	9.276354821320783	-1.6139410072283038e-05	8.814688119383883	-1.5554051997195826e-05	8.392915621005056	-1.6109248319460203e-05	8.01175121742804	-1.5558204439593475e-05	7.660882624509129	-1.6242650200784145e-05	7.340408622845434	-1.7020518890157427e-05	7.045315847740954	0.0	6.770093457943926	1.4534693586857148e-06	6.516342204515109	1.540048973557359e-06	6.288060936156271	0.0	6.078869774140317	1.749903755293459e-06	5.884698257675062	1.8752859811121196e-06	5.709659754378901	2.013291752147679e-06	5.548255423477937	0.0	5.397076345620405	0.0	5.261281438290596	-2.0476854755109616e-05	5.131564982292283	0.0	5.00962620480454	0.0	4.896576750937462	1.3440363427427077e-05	4.7961167564365965	1.1105599443239282e-05	4.702245005752751	-2.047250542521394e-05
18	44	3	0	0	2099	10177	1417	11394	1204	5511	1002	2780	824	1755	795	1320	773	1099	704	888	700	797	706	789	703	740	677	690	675	694	687	718	671	670	643	669	634	689	633	669	631	635	634	631	617	625	601	630	561	634	551	602	548	588	523	554	492	547	469	530	457	3591	3605	96.0	205.65841868004273	166.33630466461182	14	1	0.7609119415283203	23.52941176470588	0.7633587786259541			5.009426982649579	14.988438710437563	3.5888863561532816	10.564967036635235	3.118282354769366	7.410046791803366	2.5882778394854444	5.6679171423911265	2.099202608717805	4.9185841204002125	1.9774643683307214	4.733558057806785	1.8735760337389114	4.610479506649327	1.676310212634236	4.1019955654102	1.6307513104251603	3.7704607815308924	1.6027969487831455	3.6924372894047175	1.5694416538298395	3.3160064527693134	1.4993798724309	2.931305493011598	1.474056603773585	2.7710121780794568	1.4996725605762933	2.6970175043197355	1.4632763433356595	2.3785011892505947	1.4030723575106923	2.254878829754963	1.3847329911543083	2.176385115926464	1.391820580474934	1.9934445768772346	1.4007903032455713	1.8094261127258222	1.4293766204486529	1.7176143942074746	1.4109952433223563	1.623798389191998	1.4057164241942275	1.5787495301340684	1.3401495425336232	1.5368579254842072	1.3511193938353645	1.422394442737991	1.3794145039897299	1.3586893731081173	1.358124074891584	1.2662278295849332	1.319388576025744	1.2453044963005122	1.3015485374923683	1.2038067549458287	1.3159031357079098	4.3237971391417425	4.312716832156957	1.335930976899527	2.6128006941586586	1.7208889904027544	2.6022304832713754	4.761904761904762	5.3983217093217215	12.490636363636364	3.7180000000000004	0.09569375352526528	20.74796962738037	-1.144410271082183e-05	17.78936589907114	-1.5261627213770567e-05	15.017026286918902	-1.721664275466284e-05	13.203610536517626	-1.928707264668783e-05	11.97500679934022	-1.5653172653516044e-05	11.080225223698143	-1.5953527374757333e-05	10.375639793717157	-1.5284754985377586e-05	9.789717657414851	-1.5681649960482243e-05	9.276354821320783	-1.6139410072283038e-05	8.814688119383883	-1.5554051997195826e-05	8.392915621005056	-1.6109248319460203e-05	8.01175121742804	-1.5558204439593475e-05	7.660882624509129	-1.6242650200784145e-05	7.340408622845434	-1.7020518890157427e-05	7.045315847740954	0.0	6.770093457943926	1.4534693586857148e-06	6.516342204515109	1.540048973557359e-06	6.288060936156271	0.0	6.078869774140317	1.749903755293459e-06	5.884698257675062	1.8752859811121196e-06	5.709659754378901	2.013291752147679e-06	5.548255423477937	0.0	5.397076345620405	0.0	5.261281438290596	-2.0476854755109616e-05	5.131564982292283	0.0	5.00962620480454	0.0	4.896576750937462	1.3440363427427077e-05	4.7961167564365965	1.1105599443239282e-05	4.702245005752751	-2.047250542521394e-05
19	5	1	0	0	2740	8120	1832	14941	1327	7695	1112	3890	930	2361	764	1568	692	1193	602	977	604	812	596	688	612	622	563	606	548	603	548	609	561	570	576	543	556	544	562	560	543	576	536	550	545	564	528	550	527	542	516	535	495	523	463	524	449	504	426	488	414	3055	3066	85.0	180.69453514938124	142.80962562561035	11	1	0.7698478698730469	2.6737967914438503	0.2544529262086514			6.539223407555905	11.958939012356588	4.639971633361194	13.853885597188608	3.436844422573878	10.34663583068897	2.8724201172732675	7.931006361115641	2.3692456627518914	6.616967013256354	1.9003556948486433	5.6228932080613925	1.6772504726356101	5.004824432604774	1.4334357215991618	4.5131189948263115	1.4071054164239953	3.841423029614911	1.3530693788594261	3.219767877199551	1.366284910588708	2.787237856246639	1.2468993621545004	2.574450911253664	1.1967155835080363	2.4076662008384906	1.1962453612748307	2.287581699346405	1.2233949755757152	2.023501011750506	1.2568735271013356	1.8301931308773465	1.2143715190564595	1.7183650262177017	1.23570800351803	1.66865315852205	1.2054344447897705	1.6413062061890922	1.2084319693382934	1.4971282358385278	1.2463410171972191	1.465315666406859	1.2349721663470086	1.378273399323393	1.258928358137646	1.3138438416600005	1.2652951129202326	1.264088084493065	1.246003977144008	1.2084941192781384	1.2023163416344231	1.1976595355640884	1.2040761598283722	1.1474103585657371	1.1822167952489315	1.1084107479501215	1.1920873045581502	3.67841834031691	3.6679028591936835	1.1828555524631226	2.295645419716505	1.4774857055901487	2.0446096654275094	4.761904761904762	5.461718028059197	12.490636363636364	3.7180000000000004	0.09569375352526528	20.74796962738037	-1.144410271082183e-05	17.78936589907114	-1.5261627213770567e-05	15.017026286918902	-1.721664275466284e-05	13.203610536517626	-1.928707264668783e-05	11.97500679934022	-1.5653172653516044e-05	11.080225223698143	-1.5953527374757333e-05	10.375639793717157	-1.5284754985377586e-05	9.789717657414851	-1.5681649960482243e-05	9.276354821320783	-1.6139410072283038e-05	8.814688119383883	-1.5554051997195826e-05	8.392915621005056	-1.6109248319460203e-05	8.01175121742804	-1.5558204439593475e-05	7.660882624509129	-1.6242650200784145e-05	7.340408622845434	-1.7020518890157427e-05	7.045315847740954	0.0	6.770093457943926	1.4534693586857148e-06	6.516342204515109	1.540048973557359e-06	6.288060936156271	0.0	6.078869774140317	1.749903755293459e-06	5.884698257675062	1.8752859811121196e-06	5.709659754378901	2.013291752147679e-06	5.548255423477937	0.0	5.397076345620405	0.0	5.261281438290596	-2.0476854755109616e-05	5.131564982292283	0.0	5.00962620480454	0.0	4.896576750937462	1.3440363427427077e-05	4.7961167564365965	1.1105599443239282e-05	4.702245005752751	-2.047250542521394e-05
20	15	1	0	0	2823	11609	1786	13510	1257	6105	979	2973	753	1817	665	1261	589	979	575	734	546	657	593	579	548	568	507	557	525	564	526	531	516	502	529	516	523	532	518	533	517	525	502	529	490	522	479	514	460	485	446	480	421	459	388	452	370	429	341	390	335	3281	3293	83.0	174.7346912232079	137.14133739471436	12	1	0.7751379013061523	8.02139037433155	0.2544529262086514			6.737309372091358	17.097453570744783	4.523465795405618	12.52700585088134	3.2555489368314725	8.208734469961813	2.5288662723116264	6.0614092317729575	1.918324714034596	5.09234606653401	1.6541054150187795	4.521982356738148	1.4276019196277085	4.107060452238117	1.369145415148701	3.3906134515890614	1.271986022131625	3.1081464660800457	1.3462586269524155	2.709659303631599	1.2234054428147254	2.5452590069905003	1.1228738483345146	2.3662857385615363	1.1464884696016773	2.251946496306648	1.1482209124645273	1.9945909398242054	1.125261688764829	1.7821008910504457	1.1543161386052194	1.739189052546429	1.1422955116304467	1.6804599153452524	1.13896218117854	1.5882002383790228	1.1477156684278293	1.4959822191827663	1.1317777026265359	1.439965157742875	1.1205634833516283	1.3561964146531567	1.120363006970108	1.288059140458589	1.0988748477102792	1.1756720723341334	1.0936465510899682	1.1341351038442453	1.0597326755103582	1.0606095616609283	1.0075566750629723	1.033095629914061	0.9922231161169214	0.9766647694934547	0.946328467558417	0.8858200649601381	0.9646117077946385	3.9505370129557384	3.939466443354468	1.1550236571110493	2.2199281967244855	1.4188424957951093	2.2304832713754648	4.761904761904762	5.499248378116484	12.490636363636364	3.7180000000000004	0.09569375352526528	20.74796962738037	-1.144410271082183e-05	17.78936589907114	-1.5261627213770567e-05	15.017026286918902	-1.721664275466284e-05	13.203610536517626	-1.928707264668783e-05	11.97500679934022	-1.5653172653516044e-05	11.080225223698143	-1.5953527374757333e-05	10.375639793717157	-1.5284754985377586e-05	9.789717657414851	-1.5681649960482243e-05	9.276354821320783	-1.6139410072283038e-05	8.814688119383883	-1.5554051997195826e-05	8.392915621005056	-1.6109248319460203e-05	8.01175121742804	-1.5558204439593475e-05	7.660882624509129	-1.6242650200784145e-05	7.340408622845434	-1.7020518890157427e-05	7.045315847740954	0.0	6.770093457943926	1.4534693586857148e-06	6.516342204515109	1.540048973557359e-06	6.288060936156271	0.0	6.078869774140317	1.749903755293459e-06	5.884698257675062	1.8752859811121196e-06	5.709659754378901	2.013291752147679e-06	5.548255423477937	0.0	5.397076345620405	0.0	5.261281438290596	-2.0476854755109616e-05	5.131564982292283	0.0	5.00962620480454	0.0	4.896576750937462	1.3440363427427077e-05	4.7961167564365965	1.1105599443239282e-05	4.702245005752751	-2.047250542521394e-05
