	counts(inten<0.01	MicrocoloniesPlatonic	MicrocoloniesAggregates	MicrocoloniesLarge	counts(Norminten<0.01	counts(inten<0.02	counts(Norminten<0.02	counts(inten<0.03	counts(Norminten<0.03	counts(inten<0.04	counts(Norminten<0.04	counts(inten<0.05	counts(Norminten<0.05	counts(inten<0.060000000000000005	counts(Norminten<0.060000000000000005	counts(inten<0.06999999999999999	counts(Norminten<0.06999999999999999	counts(inten<0.08	counts(Norminten<0.08	counts(inten<0.09	counts(Norminten<0.09	counts(inten<0.09999999999999999	counts(Norminten<0.09999999999999999	counts(inten<0.11	counts(Norminten<0.11	counts(inten<0.12	counts(Norminten<0.12	counts(inten<0.13	counts(Norminten<0.13	counts(inten<0.14	counts(Norminten<0.14	counts(inten<0.15000000000000002	counts(Norminten<0.15000000000000002	counts(inten<0.16	counts(Norminten<0.16	counts(inten<0.17	counts(Norminten<0.17	counts(inten<0.18000000000000002	counts(Norminten<0.18000000000000002	counts(inten<0.19	counts(Norminten<0.19	counts(inten<0.2	counts(Norminten<0.2	counts(inten<0.21000000000000002	counts(Norminten<0.21000000000000002	counts(inten<0.22	counts(Norminten<0.22	counts(inten<0.23	counts(Norminten<0.23	counts(inten<0.24000000000000002	counts(Norminten<0.24000000000000002	counts(inten<0.25	counts(Norminten<0.25	counts(inten<0.26	counts(Norminten<0.26	counts(inten<0.27	counts(Norminten<0.27	counts(inten<0.28	counts(Norminten<0.28	counts(inten<0.29000000000000004	counts(Norminten<0.29000000000000004	diff	max	med	std	mean	min	eigenLocal	minProp	counts(inten<0.01Normalized	MicrocoloniesPlatonicNormalized	MicrocoloniesAggregatesNormalized	MicrocoloniesLargeNormalized	counts(Norminten<0.01Normalized	counts(inten<0.02Normalized	counts(Norminten<0.02Normalized	counts(inten<0.03Normalized	counts(Norminten<0.03Normalized	counts(inten<0.04Normalized	counts(Norminten<0.04Normalized	counts(inten<0.05Normalized	counts(Norminten<0.05Normalized	counts(inten<0.060000000000000005Normalized	counts(Norminten<0.060000000000000005Normalized	counts(inten<0.06999999999999999Normalized	counts(Norminten<0.06999999999999999Normalized	counts(inten<0.08Normalized	counts(Norminten<0.08Normalized	counts(inten<0.09Normalized	counts(Norminten<0.09Normalized	counts(inten<0.09999999999999999Normalized	counts(Norminten<0.09999999999999999Normalized	counts(inten<0.11Normalized	counts(Norminten<0.11Normalized	counts(inten<0.12Normalized	counts(Norminten<0.12Normalized	counts(inten<0.13Normalized	counts(Norminten<0.13Normalized	counts(inten<0.14Normalized	counts(Norminten<0.14Normalized	counts(inten<0.15000000000000002Normalized	counts(Norminten<0.15000000000000002Normalized	counts(inten<0.16Normalized	counts(Norminten<0.16Normalized	counts(inten<0.17Normalized	counts(Norminten<0.17Normalized	counts(inten<0.18000000000000002Normalized	counts(Norminten<0.18000000000000002Normalized	counts(inten<0.19Normalized	counts(Norminten<0.19Normalized	counts(inten<0.2Normalized	counts(Norminten<0.2Normalized	counts(inten<0.21000000000000002Normalized	counts(Norminten<0.21000000000000002Normalized	counts(inten<0.22Normalized	counts(Norminten<0.22Normalized	counts(inten<0.23Normalized	counts(Norminten<0.23Normalized	counts(inten<0.24000000000000002Normalized	counts(Norminten<0.24000000000000002Normalized	counts(inten<0.25Normalized	counts(Norminten<0.25Normalized	counts(inten<0.26Normalized	counts(Norminten<0.26Normalized	counts(inten<0.27Normalized	counts(Norminten<0.27Normalized	counts(inten<0.28Normalized	counts(Norminten<0.28Normalized	counts(inten<0.29000000000000004Normalized	counts(Norminten<0.29000000000000004Normalized	diffNormalized	maxNormalized	medNormalized	stdNormalized	meanNormalized	minNormalized	eigenLocalNormalized	minPropNormalized	BioVolume	SubstratumCoverage	Homogenity	ThicknessThreshold=0.01	RoughnessThreshold=0.01	ThicknessThreshold=0.02	RoughnessThreshold=0.02	ThicknessThreshold=0.03	RoughnessThreshold=0.03	ThicknessThreshold=0.04	RoughnessThreshold=0.04	ThicknessThreshold=0.05	RoughnessThreshold=0.05	ThicknessThreshold=0.060000000000000005	RoughnessThreshold=0.060000000000000005	ThicknessThreshold=0.06999999999999999	RoughnessThreshold=0.06999999999999999	ThicknessThreshold=0.08	RoughnessThreshold=0.08	ThicknessThreshold=0.09	RoughnessThreshold=0.09	ThicknessThreshold=0.09999999999999999	RoughnessThreshold=0.09999999999999999	ThicknessThreshold=0.11	RoughnessThreshold=0.11	ThicknessThreshold=0.12	RoughnessThreshold=0.12	ThicknessThreshold=0.13	RoughnessThreshold=0.13	ThicknessThreshold=0.14	RoughnessThreshold=0.14	ThicknessThreshold=0.15000000000000002	RoughnessThreshold=0.15000000000000002	ThicknessThreshold=0.16	RoughnessThreshold=0.16	ThicknessThreshold=0.17	RoughnessThreshold=0.17	ThicknessThreshold=0.18000000000000002	RoughnessThreshold=0.18000000000000002	ThicknessThreshold=0.19	RoughnessThreshold=0.19	ThicknessThreshold=0.2	RoughnessThreshold=0.2	ThicknessThreshold=0.21000000000000002	RoughnessThreshold=0.21000000000000002	ThicknessThreshold=0.22	RoughnessThreshold=0.22	ThicknessThreshold=0.23	RoughnessThreshold=0.23	ThicknessThreshold=0.24000000000000002	RoughnessThreshold=0.24000000000000002	ThicknessThreshold=0.25	RoughnessThreshold=0.25	ThicknessThreshold=0.26	RoughnessThreshold=0.26	ThicknessThreshold=0.27	RoughnessThreshold=0.27	ThicknessThreshold=0.28	RoughnessThreshold=0.28	ThicknessThreshold=0.29000000000000004	RoughnessThreshold=0.29000000000000004
0	1	18	0	0	2142	112	2378	422	2664	543	2961	546	3202	569	3481	746	3704	755	3922	868	4082	1012	4253	1085	4375	1272	4451	1543	4516	1869	4522	2171	4468	2459	4468	2803	4361	3109	4252	3416	4077	3701	3929	3939	3771	4104	3565	4320	3354	4420	3130	4489	2938	4528	2740	4480	2529	4432	2338	4307	2131	4065	4095	488.0	373.9295205245261	574.2501754760742	30	1	0.5898075103759766	4.166666666666666	4.157043879907621			7.07537821232741	0.15757115322387766	8.294095078650901	0.33545043362135435	9.068627450980392	0.8857352581355518	9.64683651527986	1.7231041120964432	10.022536622010767	2.5389317745749858	10.33673832996793	3.9076004399979047	10.442333173578417	4.086382333838493	10.632472144658008	4.567699836867863	10.692301647588863	5.094130675526024	10.737729751565341	5.177761870675257	10.804603378445126	5.6171340251711195	10.769938056523422	6.224535076041793	10.743939285799254	6.952349068184355	10.637997553401712	7.4710072610895075	10.486047548639958	7.846954079841721	10.534257556467203	8.428300808852272	10.385558810221237	8.806118113581645	10.270531400966183	9.245676238936856	10.003189636136124	9.590567504534855	9.840212382288119	9.874160232628096	9.660808525900496	10.008047406540346	9.374178280305022	10.347057555507652	9.107942973523421	10.513796384395814	8.78103520830411	10.64349393019727	8.559608437245076	10.780952380952382	8.322449351517177	10.79050050580471	8.069044732308086	10.89746742070322	7.844058243306717	10.80613192161979	7.492704194648571	5.426801591327798	5.435215417695309	9.779559118236474	5.747318897658683	8.007909216050923	6.8807339449541285	4.761904761904762	4.116139590867206	2.5519565217391302	17.102800000000002	0.10520195956954667	20.851831576939585	-7.629590987164167e-06	16.896237813335333	-1.2495458381472888e-05	13.915567048760474	-9.946052610639889e-06	12.4461602928437	-7.3148302959371345e-06	11.496244373189311	-4.419689273745609e-06	10.762121633141334	-5.887152702144219e-06	10.115862822099228	-2.527882544465454e-06	9.535655700790711	0.0	8.99971869771849	-8.883243094388899e-06	8.50063461498143	-9.676482921007645e-06	8.035876941053907	0.0	7.6088515227205376	0.0	7.210528537299825	-1.2662635727626706e-05	6.82841079355949	-1.3916431826879588e-05	6.476782479618402	-1.5329351108567576e-05	6.1552686375974135	-1.692921050626804e-05	5.8592016838213254	-1.5614118910883977e-05	5.57779853974186	-6.9206786417476095e-06	5.331823386123854	-1.5368478482209064e-05	5.097908329834363	-2.142235894447753e-05	4.891328095558386	-2.3851547965462958e-05	4.705026129890671	-2.13742579124831e-05	4.535951592784494	-1.7990896606317205e-05	4.380568058357908	-2.6992738953221582e-05	4.238357810515428	-7.605603808886388e-06	4.113998417285989	-1.7203561137155392e-05	4.005036428536502	-1.9559137050873316e-05	3.9042985041428016	-2.2243477100340324e-05	3.807440408194349	-2.5385542933299486e-05
1	1	34	0	0	2087	159	2352	556	2588	605	2807	549	2962	583	3195	694	3401	810	3590	880	3736	980	3883	1169	3948	1321	4021	1498	4067	1723	4084	1991	4052	2344	3997	2600	3957	2852	3879	3077	3802	3314	3695	3536	3578	3712	3479	3887	3336	3972	3236	4056	3099	4061	2979	4041	2847	3988	2669	3962	2545	4065	4095	485.0	413.93599836063544	588.5343818664551	30	1	0.5972433090209961	4.166666666666666	7.852193995381063			6.893704168593513	0.2236947621660406	8.203411112273725	0.4419678698897465	8.8099128540305	0.9868689340184325	9.145109793444973	1.7325717171079624	9.271315888318519	2.601401097675249	9.487468820525002	3.63522078466293	9.58811423416312	4.384065815111496	9.732426057960799	4.630847760879861	9.785996804358646	4.933051444679352	9.803575035346395	5.5786208542114055	9.75007408870888	5.8335173327445355	9.729481223383662	6.043002944854573	9.675730973282896	6.409254919465833	9.607603274677707	6.851577824426168	9.509727991738833	7.479975747518908	9.423775168576414	7.817902997865112	9.423447881688933	8.078175895765472	9.369565217391305	8.328145722250792	9.328458915033	8.587717025136046	9.254157483470246	8.863932618068786	9.1663677819337	9.052113053868851	9.148041020247174	9.309956647744965	9.059063136456212	9.44814462416746	9.078412119511853	9.616843702579667	9.028667987414055	9.66904761904762	9.048385627069223	9.733127799990365	9.083657711696764	9.805753626751905	8.954572904784271	9.94053742128108	8.948349214162652	5.426801591327798	5.435215417695309	9.719438877755511	6.3622208336537405	8.207102238330236	6.8807339449541285	4.761904761904762	4.168032428198103	2.5519565217391302	17.102800000000002	0.10520195956954667	20.851831576939585	-7.629590987164167e-06	16.896237813335333	-1.2495458381472888e-05	13.915567048760474	-9.946052610639889e-06	12.4461602928437	-7.3148302959371345e-06	11.496244373189311	-4.419689273745609e-06	10.762121633141334	-5.887152702144219e-06	10.115862822099228	-2.527882544465454e-06	9.535655700790711	0.0	8.99971869771849	-8.883243094388899e-06	8.50063461498143	-9.676482921007645e-06	8.035876941053907	0.0	7.6088515227205376	0.0	7.210528537299825	-1.2662635727626706e-05	6.82841079355949	-1.3916431826879588e-05	6.476782479618402	-1.5329351108567576e-05	6.1552686375974135	-1.692921050626804e-05	5.8592016838213254	-1.5614118910883977e-05	5.57779853974186	-6.9206786417476095e-06	5.331823386123854	-1.5368478482209064e-05	5.097908329834363	-2.142235894447753e-05	4.891328095558386	-2.3851547965462958e-05	4.705026129890671	-2.13742579124831e-05	4.535951592784494	-1.7990896606317205e-05	4.380568058357908	-2.6992738953221582e-05	4.238357810515428	-7.605603808886388e-06	4.113998417285989	-1.7203561137155392e-05	4.005036428536502	-1.9559137050873316e-05	3.9042985041428016	-2.2243477100340324e-05	3.807440408194349	-2.5385542933299486e-05
2	1	37	0	0	1996	174	2199	589	2341	607	2520	579	2740	604	2941	650	3067	819	3209	918	3315	1017	3419	1081	3465	1245	3606	1430	3657	1640	3668	1857	3616	2102	3569	2288	3530	2507	3529	2740	3489	2952	3423	3106	3362	3280	3262	3380	3193	3447	3120	3602	3019	3678	2904	3661	2802	3566	2681	3536	2586	3847	3876	466.0	415.5779780134695	571.4767417907715	29	1	0.600982666015625	4.166666666666666	8.545034642032332			6.5931162053247006	0.24479804161566704	7.6697708485926555	0.4681997758364401	7.969090413943356	0.9901313106598157	8.210073630025413	1.8272477672231515	8.576436709653185	2.6951050823256435	8.733222472977788	3.4047456916871823	8.646499957711933	4.432777657501624	8.699541844010085	4.830816186917855	8.68323859915656	5.119299305345817	8.63209452635831	5.158673347649725	8.557245875728539	5.497902406712298	8.725319396051104	5.768687724393884	8.700306901720078	6.100509615742291	8.628963959725228	6.390447021576792	8.486469994602079	6.707725691674378	8.414674399962276	6.879754638121298	8.40656331118573	7.100977198697069	8.524154589371982	7.4160283649552055	8.560492676104719	7.649650168437419	8.572931276297336	7.786022260102277	8.613004047753241	7.998634379496183	8.577438864054693	8.095614476299968	8.670739986422268	8.199333967649858	8.752980782718474	8.540402124430955	8.795594919007108	8.757142857142858	8.820581356498497	8.817862132087287	8.940080403292706	8.768133759527908	8.994833255049318	8.871716386080235	9.092507295805351	5.13577016527381	5.144540893525524	9.338677354709418	6.387458158257228	7.969233729099215	6.651376146788992	4.761904761904762	4.194128595336034	2.5519565217391302	17.102800000000002	0.10520195956954667	20.851831576939585	-7.629590987164167e-06	16.896237813335333	-1.2495458381472888e-05	13.915567048760474	-9.946052610639889e-06	12.4461602928437	-7.3148302959371345e-06	11.496244373189311	-4.419689273745609e-06	10.762121633141334	-5.887152702144219e-06	10.115862822099228	-2.527882544465454e-06	9.535655700790711	0.0	8.99971869771849	-8.883243094388899e-06	8.50063461498143	-9.676482921007645e-06	8.035876941053907	0.0	7.6088515227205376	0.0	7.210528537299825	-1.2662635727626706e-05	6.82841079355949	-1.3916431826879588e-05	6.476782479618402	-1.5329351108567576e-05	6.1552686375974135	-1.692921050626804e-05	5.8592016838213254	-1.5614118910883977e-05	5.57779853974186	-6.9206786417476095e-06	5.331823386123854	-1.5368478482209064e-05	5.097908329834363	-2.142235894447753e-05	4.891328095558386	-2.3851547965462958e-05	4.705026129890671	-2.13742579124831e-05	4.535951592784494	-1.7990896606317205e-05	4.380568058357908	-2.6992738953221582e-05	4.238357810515428	-7.605603808886388e-06	4.113998417285989	-1.7203561137155392e-05	4.005036428536502	-1.9559137050873316e-05	3.9042985041428016	-2.2243477100340324e-05	3.807440408194349	-2.5385542933299486e-05
3	1	33	0	0	1897	255	2066	755	2232	705	2335	658	2468	693	2616	767	2771	860	2885	950	2959	1038	3042	1139	3118	1290	3153	1515	3210	1681	3205	1903	3198	2100	3186	2266	3198	2409	3170	2611	3129	2749	3054	2882	3013	2988	2967	3087	2840	3152	2764	3195	2702	3229	2570	3197	2475	3174	2412	3203	2336	3843	3868	438.0	409.2252951049414	545.010326385498	25	1	0.6051969528198242	4.166666666666666	7.621247113163972			6.266102926603686	0.35875575064365	7.205887482124796	0.6001542118107169	7.598039215686274	1.1499877660875948	7.607349970678308	2.0765613658598165	7.725053211468637	3.0922314934630317	7.768143484974463	4.017599916190876	7.812015449240224	4.6546871617233165	7.82118361482365	4.99921065094985	7.750739974330094	5.225007550588947	7.680266612805493	5.435456931519924	7.700286476341006	5.696621770810333	7.629210220673635	6.111581749969744	7.636856755406467	6.2530223561358484	7.5397572221699445	6.548745655390757	7.505456593677392	6.7013434598078945	7.511670674777196	6.813603151216285	7.615917696649283	6.8233961195298125	7.657004830917874	7.066879584269358	7.677208823024266	7.123607152111947	7.648767782007614	7.224506166649955	7.718911717989445	7.286560831077621	7.8017354719957925	7.393834878206509	7.712152070604208	7.4976213130352045	7.754243231869827	7.575398330804249	7.872042885444587	7.688095238095238	7.806093004890198	7.700274579700371	7.896751962223216	7.804278337841161	8.09233040327451	8.036229520535915	8.213494602862065	5.130430139107681	5.1339226460672664	8.77755511022044	6.289817045354986	7.600160003237459	5.73394495412844	4.761904761904762	4.223539195331575	2.5519565217391302	17.102800000000002	0.10520195956954667	20.851831576939585	-7.629590987164167e-06	16.896237813335333	-1.2495458381472888e-05	13.915567048760474	-9.946052610639889e-06	12.4461602928437	-7.3148302959371345e-06	11.496244373189311	-4.419689273745609e-06	10.762121633141334	-5.887152702144219e-06	10.115862822099228	-2.527882544465454e-06	9.535655700790711	0.0	8.99971869771849	-8.883243094388899e-06	8.50063461498143	-9.676482921007645e-06	8.035876941053907	0.0	7.6088515227205376	0.0	7.210528537299825	-1.2662635727626706e-05	6.82841079355949	-1.3916431826879588e-05	6.476782479618402	-1.5329351108567576e-05	6.1552686375974135	-1.692921050626804e-05	5.8592016838213254	-1.5614118910883977e-05	5.57779853974186	-6.9206786417476095e-06	5.331823386123854	-1.5368478482209064e-05	5.097908329834363	-2.142235894447753e-05	4.891328095558386	-2.3851547965462958e-05	4.705026129890671	-2.13742579124831e-05	4.535951592784494	-1.7990896606317205e-05	4.380568058357908	-2.6992738953221582e-05	4.238357810515428	-7.605603808886388e-06	4.113998417285989	-1.7203561137155392e-05	4.005036428536502	-1.9559137050873316e-05	3.9042985041428016	-2.2243477100340324e-05	3.807440408194349	-2.5385542933299486e-05
4	1	23	0	0	1697	461	1833	1065	1984	925	2133	860	2253	859	2392	849	2463	884	2552	1047	2639	1195	2724	1353	2788	1439	2872	1597	2852	1777	2912	1931	2903	2066	2888	2220	2850	2393	2821	2448	2801	2572	2675	2692	2643	2757	2581	2864	2514	2840	2435	2915	2360	2896	2255	2882	2153	2855	2077	2787	1952	3992	4015	404.0	401.0336390853077	513.9012794494629	23	1	0.6102027893066406	4.166666666666666	5.311778290993072			5.605470040298606	0.6485741217518536	6.393219629590876	0.8465751464614748	6.753812636165578	1.508849196639752	6.949240893985794	2.714046769968757	7.052084637535996	3.8329391816518674	7.102981351704478	4.447121680372951	6.943700487722365	4.784585408096991	6.918426545937593	5.509656370046835	6.912538963250124	6.0153025269304345	6.8773985053524544	6.456692913385827	6.885310678652573	6.354603665268272	6.94928377855207	6.442373633466457	6.785145005115028	6.610125358032957	6.850475204667357	6.645101345538388	6.813114600201835	6.592845518077672	6.809072476069222	6.675286405869441	6.787168679002644	6.77807675966577	6.814009661835748	6.625707093945381	6.8724390902176316	6.664939103394661	6.69955920657183	6.748220194525219	6.771020136291438	6.723242373253346	6.786747304759401	6.859715934947666	6.826883910386966	6.755470980019029	6.831252630102398	6.911513657056146	6.875655518004894	6.895238095238095	6.8493150684931505	6.941567512885976	6.869376555420841	7.019916400295058	6.968395625041938	6.992498180997064	6.863331106501177	5.329346113795958	5.32903294311274	8.09619238476954	6.163910806717503	7.166344857329827	5.275229357798166	4.761904761904762	4.258473850089799	2.5519565217391302	17.102800000000002	0.10520195956954667	20.851831576939585	-7.629590987164167e-06	16.896237813335333	-1.2495458381472888e-05	13.915567048760474	-9.946052610639889e-06	12.4461602928437	-7.3148302959371345e-06	11.496244373189311	-4.419689273745609e-06	10.762121633141334	-5.887152702144219e-06	10.115862822099228	-2.527882544465454e-06	9.535655700790711	0.0	8.99971869771849	-8.883243094388899e-06	8.50063461498143	-9.676482921007645e-06	8.035876941053907	0.0	7.6088515227205376	0.0	7.210528537299825	-1.2662635727626706e-05	6.82841079355949	-1.3916431826879588e-05	6.476782479618402	-1.5329351108567576e-05	6.1552686375974135	-1.692921050626804e-05	5.8592016838213254	-1.5614118910883977e-05	5.57779853974186	-6.9206786417476095e-06	5.331823386123854	-1.5368478482209064e-05	5.097908329834363	-2.142235894447753e-05	4.891328095558386	-2.3851547965462958e-05	4.705026129890671	-2.13742579124831e-05	4.535951592784494	-1.7990896606317205e-05	4.380568058357908	-2.6992738953221582e-05	4.238357810515428	-7.605603808886388e-06	4.113998417285989	-1.7203561137155392e-05	4.005036428536502	-1.9559137050873316e-05	3.9042985041428016	-2.2243477100340324e-05	3.807440408194349	-2.5385542933299486e-05
5	1	23	0	0	1493	676	1714	1397	1887	1132	1950	930	2031	959	2111	959	2251	997	2339	1110	2438	1150	2520	1308	2589	1423	2642	1567	2722	1791	2763	1921	2746	2003	2714	2077	2674	2252	2628	2345	2555	2475	2529	2557	2462	2614	2406	2688	2318	2756	2261	2748	2179	2714	2108	2670	2013	2623	1895	2557	1810	4069	4095	372.0	393.57146499235006	486.6898307800293	26	1	0.6148748397827148	4.166666666666666	5.311778290993072			4.931624496267424	0.951054460529833	5.978166091172265	1.1104840184100284	6.423611111111111	1.846505179022918	6.353033166091093	2.934957553570865	6.357205458870665	4.279148632368034	6.268559211307756	5.02330941281232	6.346029150573708	5.396189651439705	6.340987339713178	5.841182971109824	6.386043953165518	5.7887848585523	6.3623510401939	6.241947029348604	6.3938555764101555	6.283947891366748	6.392760356174991	6.321352212674977	6.475864201936574	6.662202879142953	6.4999529500329345	6.610688599057091	6.444647844352132	6.391805214283434	6.398830574810205	6.24530174098686	6.368031244790551	6.3786999008639	6.347826086956522	6.34692938533575	6.268861790612655	6.413578647317958	6.333901021839311	6.40980647748922	6.307321822001333	6.374521423171653	6.326584275571917	6.438169145649206	6.2946367956551255	6.555661274976213	6.34310562491233	6.515553869499241	6.348327700734179	6.461904761904762	6.402818698174528	6.430945613950575	6.422691595941549	6.449471354806984	6.357780312688719	6.415435180771258	6.364051896909391	5.432141617493926	5.435215417695309	7.454909819639279	6.049216748537998	6.786881654899977	5.963302752293578	4.761904761904762	4.291079084164965	2.5519565217391302	17.102800000000002	0.10520195956954667	20.851831576939585	-7.629590987164167e-06	16.896237813335333	-1.2495458381472888e-05	13.915567048760474	-9.946052610639889e-06	12.4461602928437	-7.3148302959371345e-06	11.496244373189311	-4.419689273745609e-06	10.762121633141334	-5.887152702144219e-06	10.115862822099228	-2.527882544465454e-06	9.535655700790711	0.0	8.99971869771849	-8.883243094388899e-06	8.50063461498143	-9.676482921007645e-06	8.035876941053907	0.0	7.6088515227205376	0.0	7.210528537299825	-1.2662635727626706e-05	6.82841079355949	-1.3916431826879588e-05	6.476782479618402	-1.5329351108567576e-05	6.1552686375974135	-1.692921050626804e-05	5.8592016838213254	-1.5614118910883977e-05	5.57779853974186	-6.9206786417476095e-06	5.331823386123854	-1.5368478482209064e-05	5.097908329834363	-2.142235894447753e-05	4.891328095558386	-2.3851547965462958e-05	4.705026129890671	-2.13742579124831e-05	4.535951592784494	-1.7990896606317205e-05	4.380568058357908	-2.6992738953221582e-05	4.238357810515428	-7.605603808886388e-06	4.113998417285989	-1.7203561137155392e-05	4.005036428536502	-1.9559137050873316e-05	3.9042985041428016	-2.2243477100340324e-05	3.807440408194349	-2.5385542933299486e-05
6	1	22	0	0	1359	1041	1504	2108	1604	1468	1753	1131	1823	997	1940	904	2109	966	2168	1062	2233	1114	2390	1211	2381	1360	2442	1502	2453	1647	2458	1768	2454	1886	2432	2042	2450	2183	2427	2231	2369	2377	2332	2384	2277	2454	2251	2449	2221	2468	2178	2442	2117	2456	2052	2442	1918	2375	1813	2334	1759	4001	4024	329.0	383.44381850875834	450.16998195648193	23	1	0.6220216751098633	4.166666666666666	5.080831408775981			4.489000462443021	1.4645675938040772	5.245718670433539	1.675662355625154	5.4602396514161216	2.3945844547753037	5.711213918029583	3.569287089342633	5.706147489670714	4.448708223640177	5.760779189927545	4.735215546592635	5.945702122860928	5.228404416540377	5.877409385420338	5.588591275061832	5.849071430442413	5.607570723849794	6.034134518279136	5.7790503459794795	5.880173861503507	6.005740781629499	5.9088269454123115	6.059139134293436	5.835890847667309	6.126548376297288	5.782440952291333	6.084173577893251	5.75934661691192	6.018444650094138	5.733955769321451	6.1400607390925215	5.834583601247886	6.183260161450219	5.86231884057971	6.038379300078491	5.812498466521088	6.159626846333247	5.840512923261872	5.976135566028276	5.833376031152328	5.984344136366962	5.919011306863003	5.865727766999592	6.03122878479294	5.870599429115128	6.11025389255155	5.790022761760243	6.1676960727187975	5.847619047619047	6.2327248428150535	5.881786213208729	6.119583944866314	5.839685271699041	6.082667919210897	5.855934967508844	6.184733307548961	5.341361172669746	5.340978471503279	6.593186372745491	5.893554221700577	6.277612966004198	5.275229357798166	4.761904761904762	4.340955308733098	2.5519565217391302	17.102800000000002	0.10520195956954667	20.851831576939585	-7.629590987164167e-06	16.896237813335333	-1.2495458381472888e-05	13.915567048760474	-9.946052610639889e-06	12.4461602928437	-7.3148302959371345e-06	11.496244373189311	-4.419689273745609e-06	10.762121633141334	-5.887152702144219e-06	10.115862822099228	-2.527882544465454e-06	9.535655700790711	0.0	8.99971869771849	-8.883243094388899e-06	8.50063461498143	-9.676482921007645e-06	8.035876941053907	0.0	7.6088515227205376	0.0	7.210528537299825	-1.2662635727626706e-05	6.82841079355949	-1.3916431826879588e-05	6.476782479618402	-1.5329351108567576e-05	6.1552686375974135	-1.692921050626804e-05	5.8592016838213254	-1.5614118910883977e-05	5.57779853974186	-6.9206786417476095e-06	5.331823386123854	-1.5368478482209064e-05	5.097908329834363	-2.142235894447753e-05	4.891328095558386	-2.3851547965462958e-05	4.705026129890671	-2.13742579124831e-05	4.535951592784494	-1.7990896606317205e-05	4.380568058357908	-2.6992738953221582e-05	4.238357810515428	-7.605603808886388e-06	4.113998417285989	-1.7203561137155392e-05	4.005036428536502	-1.9559137050873316e-05	3.9042985041428016	-2.2243477100340324e-05	3.807440408194349	-2.5385542933299486e-05
7	1	23	0	0	1275	1527	1375	2544	1494	1638	1615	1225	1692	1056	1849	915	1989	981	2044	1027	2148	1115	2196	1239	2246	1372	2325	1494	2342	1601	2375	1717	2360	1903	2348	2038	2273	2114	2259	2162	2218	2232	2197	2305	2175	2343	2144	2353	2067	2382	1986	2310	1899	2272	1804	2240	1741	2195	1647	2190	1557	4072	4095	295.0	373.21759294682585	421.93658351898193	23	1	0.6286048889160156	4.166666666666666	5.311778290993072			4.211534650194887	2.1483138479719748	4.7957866834083225	2.022241476617833	5.08578431372549	2.67188646929288	5.261614647813905	3.865938713036892	5.2961061725303615	4.711971799562715	5.490557073286614	4.792834319836572	5.607397592399424	5.3095908205239235	5.541247594003307	5.404409830026838	5.626424286874296	5.612604449813753	5.544334477883256	5.912670007158196	5.546774671540057	6.058732612055642	5.625725900116144	6.026866755415709	5.571812623414936	5.955436521221589	5.587183588971488	5.908668570838638	5.538735947804454	6.0726936209592495	5.535907954920545	6.128033196018883	5.413064704341407	5.987820422036539	5.456521739130435	5.851625301106991	5.44200996147901	5.783881834672195	5.502404327790022	5.77810087235536	5.572065378900446	5.713658643646206	5.637654483302656	5.635793154654978	5.6130346232179225	5.666032350142721	5.571608921307336	5.477048558421852	5.532571961309871	5.409523809523809	5.47945205479452	5.395250252902355	5.55484653181035	5.397098598475535	5.525733073877743	5.494643349976164	5.474491051650785	5.436146637118522	5.435215417695309	5.911823647294589	5.736376528585117	5.883898690931219	5.275229357798166	4.761904761904762	4.386898140090694	2.5519565217391302	17.102800000000002	0.10520195956954667	20.851831576939585	-7.629590987164167e-06	16.896237813335333	-1.2495458381472888e-05	13.915567048760474	-9.946052610639889e-06	12.4461602928437	-7.3148302959371345e-06	11.496244373189311	-4.419689273745609e-06	10.762121633141334	-5.887152702144219e-06	10.115862822099228	-2.527882544465454e-06	9.535655700790711	0.0	8.99971869771849	-8.883243094388899e-06	8.50063461498143	-9.676482921007645e-06	8.035876941053907	0.0	7.6088515227205376	0.0	7.210528537299825	-1.2662635727626706e-05	6.82841079355949	-1.3916431826879588e-05	6.476782479618402	-1.5329351108567576e-05	6.1552686375974135	-1.692921050626804e-05	5.8592016838213254	-1.5614118910883977e-05	5.57779853974186	-6.9206786417476095e-06	5.331823386123854	-1.5368478482209064e-05	5.097908329834363	-2.142235894447753e-05	4.891328095558386	-2.3851547965462958e-05	4.705026129890671	-2.13742579124831e-05	4.535951592784494	-1.7990896606317205e-05	4.380568058357908	-2.6992738953221582e-05	4.238357810515428	-7.605603808886388e-06	4.113998417285989	-1.7203561137155392e-05	4.005036428536502	-1.9559137050873316e-05	3.9042985041428016	-2.2243477100340324e-05	3.807440408194349	-2.5385542933299486e-05
8	3	19	0	0	1134	2108	1232	2943	1396	1790	1505	1153	1588	1078	1689	942	1818	968	1898	1024	1993	1109	2112	1176	2151	1342	2195	1473	2253	1583	2274	1684	2256	1819	2266	1922	2246	2001	2166	2137	2130	2187	2094	2227	2024	2278	1954	2275	1868	2271	1789	2241	1701	2158	1608	2118	1526	2070	1466	1985	1384	4076	4095	260.0	361.7793534803356	393.37393951416016	19	1	0.6373205184936523	12.5	4.387990762124711			3.745788465349805	2.96571420532084	4.297024868333856	2.3394090667005827	4.7521786492374725	2.919827094038007	4.903238417931844	3.6387161927604383	4.970577187930387	4.810137878720271	5.015441263808054	4.934262217798962	5.125313636491782	5.2392292704048495	5.145444194431643	5.388622849023839	5.220420672132436	5.582402094030002	5.332256109876793	5.612025769506084	5.312160426750963	5.926253035990285	5.311169183120403	5.942151760861672	5.360074227392763	5.888479708365882	5.3495812552931215	5.79510650745036	5.294656058579173	5.804639882566934	5.3425755646720425	5.779234446883363	5.34876521159296	5.667752442996743	5.231884057971015	5.783960808726013	5.22609613072601	5.667271313811868	5.244439991985574	5.582572946956783	5.18522313880207	5.555149120881801	5.138048908756245	5.44897128212498	5.072640868974881	5.401998097050428	5.018936737270304	5.313448406676783	4.95571611700268	5.1380952380952385	4.884123561036358	5.101401801628209	4.8688660583242935	5.089746742070322	4.918472790713279	4.980304588905336	4.866214268134032	5.441486663284651	5.435215417695309	5.210420841683367	5.5605701099062985	5.485593091857834	4.3577981651376145	4.761904761904762	4.447722641869207	2.5519565217391302	17.102800000000002	0.10520195956954667	20.851831576939585	-7.629590987164167e-06	16.896237813335333	-1.2495458381472888e-05	13.915567048760474	-9.946052610639889e-06	12.4461602928437	-7.3148302959371345e-06	11.496244373189311	-4.419689273745609e-06	10.762121633141334	-5.887152702144219e-06	10.115862822099228	-2.527882544465454e-06	9.535655700790711	0.0	8.99971869771849	-8.883243094388899e-06	8.50063461498143	-9.676482921007645e-06	8.035876941053907	0.0	7.6088515227205376	0.0	7.210528537299825	-1.2662635727626706e-05	6.82841079355949	-1.3916431826879588e-05	6.476782479618402	-1.5329351108567576e-05	6.1552686375974135	-1.692921050626804e-05	5.8592016838213254	-1.5614118910883977e-05	5.57779853974186	-6.9206786417476095e-06	5.331823386123854	-1.5368478482209064e-05	5.097908329834363	-2.142235894447753e-05	4.891328095558386	-2.3851547965462958e-05	4.705026129890671	-2.13742579124831e-05	4.535951592784494	-1.7990896606317205e-05	4.380568058357908	-2.6992738953221582e-05	4.238357810515428	-7.605603808886388e-06	4.113998417285989	-1.7203561137155392e-05	4.005036428536502	-1.9559137050873316e-05	3.9042985041428016	-2.2243477100340324e-05	3.807440408194349	-2.5385542933299486e-05
9	2	19	0	0	1096	2872	1149	3506	1232	1864	1405	1208	1494	1056	1568	938	1683	925	1767	986	1841	1097	1937	1183	1974	1279	2032	1446	2083	1548	2087	1649	2141	1765	2134	1833	2090	1943	2035	1983	1992	2039	1935	2089	1893	2094	1805	2133	1753	2101	1688	2036	1601	1993	1514	1936	1433	1893	1347	1794	1252	4072	4095	224.0	349.06972882920263	362.87177658081055	23	1	0.6484336853027344	8.333333333333332	4.387990762124711			3.62026821695184	4.0405745719551485	4.007533744899027	2.7869412802759914	4.193899782135077	3.040535029769187	4.577441845311787	3.8122889513049514	4.676349067234256	4.711971799562715	4.656134932889891	4.913309936619349	4.74472103972259	5.006494912318684	4.7903055276926825	5.188654422985844	4.82227519186945	5.521997382462499	4.890426176529994	5.645430684800763	4.87503704435444	5.648045926253036	4.916763453348819	5.833232482149341	4.955630100159398	5.758285905590894	4.909664063235156	5.674661894765822	5.024760027224295	5.632319622171873	5.031357570613477	5.511621613494904	4.977257031268605	5.503469763489591	4.915458937198068	5.367147535659187	4.88750398704517	5.283752267426794	4.8462232017631734	5.236638925097764	4.849618281498181	5.106445241056405	4.746252958190902	5.108859668031903	4.760353021045486	4.9976213130352045	4.735587038855379	4.827389984825493	4.664374781493998	4.745238095238095	4.5986088752543814	4.6630377185798935	4.572139620955905	4.654536513400541	4.51922431725156	4.501091401761297	4.402095566259977	5.436146637118522	5.435215417695309	4.488977955911824	5.3652224255695815	5.060240933347899	5.275229357798166	4.761904761904762	4.525279039639752	2.5519565217391302	17.102800000000002	0.10520195956954667	20.851831576939585	-7.629590987164167e-06	16.896237813335333	-1.2495458381472888e-05	13.915567048760474	-9.946052610639889e-06	12.4461602928437	-7.3148302959371345e-06	11.496244373189311	-4.419689273745609e-06	10.762121633141334	-5.887152702144219e-06	10.115862822099228	-2.527882544465454e-06	9.535655700790711	0.0	8.99971869771849	-8.883243094388899e-06	8.50063461498143	-9.676482921007645e-06	8.035876941053907	0.0	7.6088515227205376	0.0	7.210528537299825	-1.2662635727626706e-05	6.82841079355949	-1.3916431826879588e-05	6.476782479618402	-1.5329351108567576e-05	6.1552686375974135	-1.692921050626804e-05	5.8592016838213254	-1.5614118910883977e-05	5.57779853974186	-6.9206786417476095e-06	5.331823386123854	-1.5368478482209064e-05	5.097908329834363	-2.142235894447753e-05	4.891328095558386	-2.3851547965462958e-05	4.705026129890671	-2.13742579124831e-05	4.535951592784494	-1.7990896606317205e-05	4.380568058357908	-2.6992738953221582e-05	4.238357810515428	-7.605603808886388e-06	4.113998417285989	-1.7203561137155392e-05	4.005036428536502	-1.9559137050873316e-05	3.9042985041428016	-2.2243477100340324e-05	3.807440408194349	-2.5385542933299486e-05
10	1	18	0	0	1039	3621	1103	3841	1142	1975	1270	1222	1353	989	1469	949	1565	953	1668	1021	1742	1093	1833	1142	1847	1265	1864	1370	1873	1507	1933	1588	1972	1690	1977	1806	1956	1851	1918	1858	1872	1865	1832	1914	1758	1981	1716	1974	1652	1956	1546	1892	1452	1857	1397	1823	1328	1734	1240	1675	1167	4077	4095	197.0	337.5143048265876	338.0838956832886	18	1	0.6602029800415039	4.166666666666666	4.157043879907621			3.4319878443548917	5.09433165913983	3.8470928813086394	3.0532348709469717	3.887527233115468	3.221596933365957	4.137616472274712	3.856471108025373	4.235006886190059	4.4130114675828835	4.362157025775033	4.970928709863286	4.412054918102112	5.158042866421304	4.521918290996829	5.372835868020839	4.562956754066585	5.5018624786066646	4.627852958998182	5.449773323789072	4.5613948434258615	5.586222124089203	4.510259388308169	5.526644882810924	4.456022648871126	5.605773165197336	4.547379316834478	5.464744141229912	4.628130207233213	5.392985927178735	4.66119677464988	5.430435697747842	4.6581410302207615	5.2428834442713494	4.632850241545894	5.028825073754296	4.593076036018353	4.832858253433532	4.588258865958726	4.797954477088138	4.503765947635395	4.830882532250591	4.512227189061267	4.728030466336135	4.4860828241683635	4.652711703139866	4.337214195539346	4.485963581183611	4.2302761915860625	4.421428571428572	4.243234213164049	4.390866612071872	4.237125901346436	4.26358495205311	4.160236194054889	4.202524023383596	4.10323125065926	5.442821669826182	5.435215417695309	3.947895791583166	5.1876148736236205	4.7145743434838625	4.128440366972478	4.761904761904762	4.607414412924425	2.5519565217391302	17.102800000000002	0.10520195956954667	20.851831576939585	-7.629590987164167e-06	16.896237813335333	-1.2495458381472888e-05	13.915567048760474	-9.946052610639889e-06	12.4461602928437	-7.3148302959371345e-06	11.496244373189311	-4.419689273745609e-06	10.762121633141334	-5.887152702144219e-06	10.115862822099228	-2.527882544465454e-06	9.535655700790711	0.0	8.99971869771849	-8.883243094388899e-06	8.50063461498143	-9.676482921007645e-06	8.035876941053907	0.0	7.6088515227205376	0.0	7.210528537299825	-1.2662635727626706e-05	6.82841079355949	-1.3916431826879588e-05	6.476782479618402	-1.5329351108567576e-05	6.1552686375974135	-1.692921050626804e-05	5.8592016838213254	-1.5614118910883977e-05	5.57779853974186	-6.9206786417476095e-06	5.331823386123854	-1.5368478482209064e-05	5.097908329834363	-2.142235894447753e-05	4.891328095558386	-2.3851547965462958e-05	4.705026129890671	-2.13742579124831e-05	4.535951592784494	-1.7990896606317205e-05	4.380568058357908	-2.6992738953221582e-05	4.238357810515428	-7.605603808886388e-06	4.113998417285989	-1.7203561137155392e-05	4.005036428536502	-1.9559137050873316e-05	3.9042985041428016	-2.2243477100340324e-05	3.807440408194349	-2.5385542933299486e-05
11	1	25	0	0	990	3628	1009	5282	1079	2542	1146	1498	1187	1095	1286	994	1370	975	1404	988	1488	1011	1544	1100	1625	1141	1640	1204	1700	1319	1733	1404	1781	1465	1758	1514	1717	1599	1720	1645	1700	1691	1708	1734	1682	1780	1697	1751	1637	1716	1582	1725	1544	1704	1475	1714	1372	1701	1292	1660	1220	3667	3686	163.0	317.1228106213485	301.42730236053467	19	1	0.679046630859375	4.166666666666666	5.773672055427252			3.2701327872101476	5.104179856216322	3.5192354644065436	4.198694763952592	3.673066448801743	4.146480711198108	3.733628722225842	4.727490769085114	3.7154125453862528	4.88599348534202	3.8187433186839295	5.206641873133937	3.862310056102168	5.277116258930505	3.8062189931412154	5.1991790769878445	3.8976347015218584	5.089096949562066	3.8982023833568977	5.2493438320209975	4.01313839770819	5.038639876352396	3.968253968253968	4.856993021098067	4.044441272333643	4.90644645314883	4.076879646184247	4.831549605974052	4.179868102982938	4.674984842199318	4.144857829961805	4.552425053372222	4.088971446262294	4.5291035264126895	4.154589371980676	4.452323598668363	4.171062639546581	4.381964239440269	4.277699859747545	4.346736187706808	4.3090638930163445	4.340722315702197	4.462266631606626	4.193911523077292	4.445349626612356	4.081826831588963	4.438210127647636	4.090003793626707	4.49831022025405	4.057142857142857	4.480150654557604	4.128329881015463	4.377512602897071	4.182444061962134	4.334697711870093	4.164889479890609	4.289581941563236	4.89546898779804	4.892357516391919	3.266533066132264	4.874196398845614	4.203398754804322	4.3577981651376145	4.761904761904762	4.738920193714624	2.5519565217391302	17.102800000000002	0.10520195956954667	20.851831576939585	-7.629590987164167e-06	16.896237813335333	-1.2495458381472888e-05	13.915567048760474	-9.946052610639889e-06	12.4461602928437	-7.3148302959371345e-06	11.496244373189311	-4.419689273745609e-06	10.762121633141334	-5.887152702144219e-06	10.115862822099228	-2.527882544465454e-06	9.535655700790711	0.0	8.99971869771849	-8.883243094388899e-06	8.50063461498143	-9.676482921007645e-06	8.035876941053907	0.0	7.6088515227205376	0.0	7.210528537299825	-1.2662635727626706e-05	6.82841079355949	-1.3916431826879588e-05	6.476782479618402	-1.5329351108567576e-05	6.1552686375974135	-1.692921050626804e-05	5.8592016838213254	-1.5614118910883977e-05	5.57779853974186	-6.9206786417476095e-06	5.331823386123854	-1.5368478482209064e-05	5.097908329834363	-2.142235894447753e-05	4.891328095558386	-2.3851547965462958e-05	4.705026129890671	-2.13742579124831e-05	4.535951592784494	-1.7990896606317205e-05	4.380568058357908	-2.6992738953221582e-05	4.238357810515428	-7.605603808886388e-06	4.113998417285989	-1.7203561137155392e-05	4.005036428536502	-1.9559137050873316e-05	3.9042985041428016	-2.2243477100340324e-05	3.807440408194349	-2.5385542933299486e-05
12	1	22	0	0	998	3081	965	6426	978	3828	1039	1984	1063	1312	1133	1065	1191	1042	1249	1002	1315	985	1381	978	1394	1044	1436	1080	1463	1128	1527	1232	1598	1284	1606	1303	1597	1413	1585	1426	1612	1479	1608	1527	1586	1589	1584	1612	1582	1593	1540	1588	1496	1616	1444	1613	1386	1594	1334	1579	1297	3274	3293	141.0	298.80506780766467	272.37400341033936	19	1	0.6956796646118164	4.166666666666666	5.080831408775981			3.2965581026623503	4.334613598953277	3.3657702905374767	5.10806750343797	3.329248366013072	6.2441888916075365	3.385026389522382	6.261242780951179	3.3272818329785903	5.8542679933961	3.3644138258700558	5.578544864072075	3.357672464830425	5.639748863390344	3.386016753869927	5.272851655001841	3.44448227990675	4.9582200744991445	3.486669359725308	4.667143879742305	3.4426553393262864	4.61028924707441	3.474641889276035	4.356771148493284	3.4805985773083052	4.195960272291039	3.59226498541451	4.23965036649575	3.7503813748269144	4.097392858282541	3.7864855943792146	3.9179721562377847	3.8031959229358674	4.0022659679932024	3.828502415458937	3.8595826454109945	3.9551488087935813	3.8325991189427313	4.027249048286916	3.827835154918279	4.063124455602807	3.8749481795790963	4.165132789902708	3.8609853656199853	4.295994568906993	3.789248334919124	4.320381540187965	3.765174506828528	4.358466379209882	3.8476190476190477	4.385991556055037	3.8850619008622767	4.422181098845	3.919350872879272	4.475608937797759	3.961662945028477	4.560317850989768	4.370811416975943	4.370736110005043	2.8256513026052104	4.592651605891426	3.7982509806184956	4.3577981651376145	4.761904761904762	4.854998554095304	2.5519565217391302	17.102800000000002	0.10520195956954667	20.851831576939585	-7.629590987164167e-06	16.896237813335333	-1.2495458381472888e-05	13.915567048760474	-9.946052610639889e-06	12.4461602928437	-7.3148302959371345e-06	11.496244373189311	-4.419689273745609e-06	10.762121633141334	-5.887152702144219e-06	10.115862822099228	-2.527882544465454e-06	9.535655700790711	0.0	8.99971869771849	-8.883243094388899e-06	8.50063461498143	-9.676482921007645e-06	8.035876941053907	0.0	7.6088515227205376	0.0	7.210528537299825	-1.2662635727626706e-05	6.82841079355949	-1.3916431826879588e-05	6.476782479618402	-1.5329351108567576e-05	6.1552686375974135	-1.692921050626804e-05	5.8592016838213254	-1.5614118910883977e-05	5.57779853974186	-6.9206786417476095e-06	5.331823386123854	-1.5368478482209064e-05	5.097908329834363	-2.142235894447753e-05	4.891328095558386	-2.3851547965462958e-05	4.705026129890671	-2.13742579124831e-05	4.535951592784494	-1.7990896606317205e-05	4.380568058357908	-2.6992738953221582e-05	4.238357810515428	-7.605603808886388e-06	4.113998417285989	-1.7203561137155392e-05	4.005036428536502	-1.9559137050873316e-05	3.9042985041428016	-2.2243477100340324e-05	3.807440408194349	-2.5385542933299486e-05
13	1	24	0	0	1004	3293	972	7394	944	4128	987	2117	1021	1440	1034	1130	1076	1019	1142	1000	1203	982	1246	978	1333	992	1367	1041	1429	1060	1448	1136	1516	1206	1492	1246	1502	1326	1488	1376	1499	1453	1478	1473	1439	1494	1379	1492	1324	1504	1316	1499	1281	1491	1243	1449	1208	1386	1175	1324	1156	3170	3189	126.0	281.22269681998	248.27672958374023	19	1	0.7100152969360352	4.166666666666666	5.542725173210162			3.3163770892515028	4.632873281841332	3.390185204562101	5.877536744540982	3.213507625272331	6.733545387815024	3.215612171759953	6.680973269795184	3.1958182045824466	6.425416090312792	3.0704359187551966	5.919019433240794	3.0334639564714836	5.515263043948907	3.0959416596632963	5.262327000999842	3.151111926028761	4.9431188966072686	3.1458291254292057	4.667143879742305	3.2920082979353946	4.3806579818944575	3.307684862562911	4.199443301464359	3.3997097518616326	3.943012312613919	3.406417615507669	3.9092880002753017	3.5579337698608278	3.8484858154896764	3.5177064176922714	3.7465796674384344	3.5769569669691124	3.7558419487324737	3.5942028985507246	3.7242536606490377	3.6778958215766613	3.7652241513345426	3.7016629933880987	3.69246966810388	3.686529692063329	3.6432804155388103	3.62608466999737	3.573567100189217	3.595383570943653	3.5775451950523314	3.6919624070697155	3.5541540212443095	3.7320825078662163	3.55	3.775476110925493	3.490052507346211	3.8542530789356135	3.4079173838209984	3.942159296785882	3.321875705647691	4.064554692169755	4.23197073665661	4.2326988930477025	2.525050100200401	4.322409521496973	3.4622148949564453	4.3577981651376145	4.761904761904762	4.955043844688871	2.5519565217391302	17.102800000000002	0.10520195956954667	20.851831576939585	-7.629590987164167e-06	16.896237813335333	-1.2495458381472888e-05	13.915567048760474	-9.946052610639889e-06	12.4461602928437	-7.3148302959371345e-06	11.496244373189311	-4.419689273745609e-06	10.762121633141334	-5.887152702144219e-06	10.115862822099228	-2.527882544465454e-06	9.535655700790711	0.0	8.99971869771849	-8.883243094388899e-06	8.50063461498143	-9.676482921007645e-06	8.035876941053907	0.0	7.6088515227205376	0.0	7.210528537299825	-1.2662635727626706e-05	6.82841079355949	-1.3916431826879588e-05	6.476782479618402	-1.5329351108567576e-05	6.1552686375974135	-1.692921050626804e-05	5.8592016838213254	-1.5614118910883977e-05	5.57779853974186	-6.9206786417476095e-06	5.331823386123854	-1.5368478482209064e-05	5.097908329834363	-2.142235894447753e-05	4.891328095558386	-2.3851547965462958e-05	4.705026129890671	-2.13742579124831e-05	4.535951592784494	-1.7990896606317205e-05	4.380568058357908	-2.6992738953221582e-05	4.238357810515428	-7.605603808886388e-06	4.113998417285989	-1.7203561137155392e-05	4.005036428536502	-1.9559137050873316e-05	3.9042985041428016	-2.2243477100340324e-05	3.807440408194349	-2.5385542933299486e-05
14	1	20	0	0	1008	4871	954	8413	974	4103	940	2007	952	1403	1024	1088	1052	1001	1082	958	1156	951	1178	945	1180	988	1193	1032	1230	1084	1257	1109	1273	1176	1297	1183	1294	1191	1286	1220	1279	1256	1284	1270	1242	1294	1167	1293	1146	1282	1126	1286	1109	1277	1075	1201	1029	1167	961	1134	936	3209	3224	112.0	262.69660001438547	222.8737506866455	15	1	0.7260475158691406	4.166666666666666	4.618937644341801			3.329589746977604	6.852938279942037	3.32740399707021	6.687546203925248	3.3156318082788667	6.692765679797732	3.062487782628527	6.333827752706157	2.9798422436459244	6.260318593547812	3.040741180662786	5.699020480854853	2.965803050379183	5.417839359168651	2.933282728332475	5.041309266957849	3.02800115252639	4.7870733917245545	2.9741466370430216	4.5096635647816745	2.9141558826434855	4.362994038419076	2.8866627951993804	4.163136875226916	2.926272214688459	4.032288063088197	2.957090430036699	3.8163735847758007	2.9876317209979115	3.7527523374924208	3.057952562833027	3.5571458640286253	3.0816127265366386	3.3734598498796204	3.106280193236715	3.3020272281917338	3.138111244694163	3.254729204457113	3.2157884191544777	3.183595708412714	3.1818414715376337	3.1555588070329454	3.068630028924533	3.0969318100165264	3.1120162932790225	3.049476688867745	3.1589283209426284	3.0491274658573597	3.2309754107912827	3.0404761904761903	3.265194544847067	2.8927212293463076	3.2831344521728036	2.8694369313990657	3.2241830503925386	2.8451714880698495	3.291023522379663	4.28403599177636	4.279153725677578	2.244488977955912	4.037662315335528	3.1079707736437343	3.4403669724770642	4.761904761904762	5.0669292478400445	2.5519565217391302	17.102800000000002	0.10520195956954667	20.851831576939585	-7.629590987164167e-06	16.896237813335333	-1.2495458381472888e-05	13.915567048760474	-9.946052610639889e-06	12.4461602928437	-7.3148302959371345e-06	11.496244373189311	-4.419689273745609e-06	10.762121633141334	-5.887152702144219e-06	10.115862822099228	-2.527882544465454e-06	9.535655700790711	0.0	8.99971869771849	-8.883243094388899e-06	8.50063461498143	-9.676482921007645e-06	8.035876941053907	0.0	7.6088515227205376	0.0	7.210528537299825	-1.2662635727626706e-05	6.82841079355949	-1.3916431826879588e-05	6.476782479618402	-1.5329351108567576e-05	6.1552686375974135	-1.692921050626804e-05	5.8592016838213254	-1.5614118910883977e-05	5.57779853974186	-6.9206786417476095e-06	5.331823386123854	-1.5368478482209064e-05	5.097908329834363	-2.142235894447753e-05	4.891328095558386	-2.3851547965462958e-05	4.705026129890671	-2.13742579124831e-05	4.535951592784494	-1.7990896606317205e-05	4.380568058357908	-2.6992738953221582e-05	4.238357810515428	-7.605603808886388e-06	4.113998417285989	-1.7203561137155392e-05	4.005036428536502	-1.9559137050873316e-05	3.9042985041428016	-2.2243477100340324e-05	3.807440408194349	-2.5385542933299486e-05
15	1	20	0	0	1057	5214	941	10168	904	4770	919	2316	920	1439	896	1100	948	948	935	923	922	918	935	911	980	888	990	956	1016	919	1039	919	1043	943	1052	991	1058	995	1052	1035	1041	1041	1026	1051	1009	1039	1011	1052	978	1040	973	1032	946	1008	945	1012	909	976	873	968	852	3056	3074	99.0	237.04101973821543	193.51804065704346	18	1	0.7472114562988281	4.166666666666666	4.618937644341801			3.491444804122349	7.335499936690161	3.2820620138816223	8.082606656544861	3.077342047930283	7.780768289699045	2.994070502378315	7.308991068892606	2.8796794791536247	6.420953995805631	2.6606485330799385	5.761877324393693	2.6726057906458798	5.130980731760122	2.534768346571963	4.857127821922854	2.4150666631741626	4.620960434913924	2.3606342153100384	4.347411119064662	2.420231156771708	3.9213954515345555	2.3954703832752613	3.856549275888499	2.4171484309946947	3.4185172785775397	2.4442457890279474	3.1625314016311643	2.447839658288155	3.009222325047069	2.4803131041637196	2.9798237964939713	2.5195875306613322	2.818297691545107	2.5410628019323673	2.801309984572496	2.554162475157642	2.6975900492355533	2.569625325586055	2.6346134563320964	2.584925961981862	2.533713756187968	2.6584275571916907	2.5197001269430674	2.655804480651731	2.47383444338725	2.7296956094823956	2.4468892261001516	2.7560890339121316	2.4	2.870333809191143	2.437496989257671	2.9002616297619808	2.3998032948119006	2.928940481782192	2.4286825400807888	2.995675257550719	4.079779990921955	4.080061585835258	1.9839679358717432	3.643334525583074	2.6986058819484366	4.128440366972478	4.761904761904762	5.214627830121339	2.5519565217391302	17.102800000000002	0.10520195956954667	20.851831576939585	-7.629590987164167e-06	16.896237813335333	-1.2495458381472888e-05	13.915567048760474	-9.946052610639889e-06	12.4461602928437	-7.3148302959371345e-06	11.496244373189311	-4.419689273745609e-06	10.762121633141334	-5.887152702144219e-06	10.115862822099228	-2.527882544465454e-06	9.535655700790711	0.0	8.99971869771849	-8.883243094388899e-06	8.50063461498143	-9.676482921007645e-06	8.035876941053907	0.0	7.6088515227205376	0.0	7.210528537299825	-1.2662635727626706e-05	6.82841079355949	-1.3916431826879588e-05	6.476782479618402	-1.5329351108567576e-05	6.1552686375974135	-1.692921050626804e-05	5.8592016838213254	-1.5614118910883977e-05	5.57779853974186	-6.9206786417476095e-06	5.331823386123854	-1.5368478482209064e-05	5.097908329834363	-2.142235894447753e-05	4.891328095558386	-2.3851547965462958e-05	4.705026129890671	-2.13742579124831e-05	4.535951592784494	-1.7990896606317205e-05	4.380568058357908	-2.6992738953221582e-05	4.238357810515428	-7.605603808886388e-06	4.113998417285989	-1.7203561137155392e-05	4.005036428536502	-1.9559137050873316e-05	3.9042985041428016	-2.2243477100340324e-05	3.807440408194349	-2.5385542933299486e-05
16	1	15	0	0	1132	8085	911	9498	803	4177	769	1984	774	1187	777	977	812	826	846	777	816	770	819	777	846	809	849	846	867	804	882	810	880	853	873	850	890	867	852	881	867	869	858	875	834	880	827	854	814	870	798	847	776	822	737	824	719	796	694	774	661	3220	3235	90.0	217.61635933211792	171.77587413787842	15	1	0.7648820877075195	4.166666666666666	3.4642032332563506			3.7391821364867543	11.374667623348667	3.177426668061804	7.5500194752029	2.7335239651416123	6.813473615528913	2.5053756434482306	6.261242780951179	2.4226868661575063	5.296506180000892	2.307281149780259	5.1175946781205806	2.2891939894561752	4.470664646027279	2.2934909317645786	4.088828079776877	2.1374125782539224	3.875968992248062	2.0677640880630177	3.707945597709377	2.0893015904376173	3.572532567895783	2.0542973286875728	3.4128040663197385	2.0626650488901577	2.9907376408882937	2.074903547567517	2.7874324649850304	2.065291370367763	2.722021891055302	2.058282642523695	2.5558529031482093	2.1195017980043342	2.4557428126327716	2.0579710144927534	2.3844967115056703	2.1272419461687564	2.2518787250583054	2.148867962332198	2.1934222400481302	2.136598862530102	2.1459750774258053	2.174599000788851	2.0454599889822997	2.2104548540393756	2.0694576593720266	2.2387431617337636	2.008251138088012	2.260808763547372	1.9571428571428573	2.238556632141664	1.9846813430319379	2.294046327611512	1.9572166215883944	2.328390256995236	1.9419424442381514	2.3241095601420487	4.298721063733212	4.29375381593268	1.8036072144288577	3.3447763436134745	2.3954117288053527	3.4403669724770642	4.761904761904762	5.337947361082502	2.5519565217391302	17.102800000000002	0.10520195956954667	20.851831576939585	-7.629590987164167e-06	16.896237813335333	-1.2495458381472888e-05	13.915567048760474	-9.946052610639889e-06	12.4461602928437	-7.3148302959371345e-06	11.496244373189311	-4.419689273745609e-06	10.762121633141334	-5.887152702144219e-06	10.115862822099228	-2.527882544465454e-06	9.535655700790711	0.0	8.99971869771849	-8.883243094388899e-06	8.50063461498143	-9.676482921007645e-06	8.035876941053907	0.0	7.6088515227205376	0.0	7.210528537299825	-1.2662635727626706e-05	6.82841079355949	-1.3916431826879588e-05	6.476782479618402	-1.5329351108567576e-05	6.1552686375974135	-1.692921050626804e-05	5.8592016838213254	-1.5614118910883977e-05	5.57779853974186	-6.9206786417476095e-06	5.331823386123854	-1.5368478482209064e-05	5.097908329834363	-2.142235894447753e-05	4.891328095558386	-2.3851547965462958e-05	4.705026129890671	-2.13742579124831e-05	4.535951592784494	-1.7990896606317205e-05	4.380568058357908	-2.6992738953221582e-05	4.238357810515428	-7.605603808886388e-06	4.113998417285989	-1.7203561137155392e-05	4.005036428536502	-1.9559137050873316e-05	3.9042985041428016	-2.2243477100340324e-05	3.807440408194349	-2.5385542933299486e-05
17	1	11	0	0	1336	6190	869	12924	806	5971	739	2653	717	1482	683	960	697	805	707	734	675	717	688	681	698	699	699	709	710	678	735	686	734	693	751	708	753	711	744	745	733	739	734	742	749	746	722	729	715	743	700	746	675	721	654	711	637	700	615	676	590	2850	2866	83.0	196.88691256542324	151.05337524414062	16	1	0.7825870513916016	4.166666666666666	2.5404157043879905			4.413027680517937	8.708619986212524	3.0309371839140598	10.27336825621418	2.7437363834422657	9.739825462849685	2.4076366716622144	8.372518698519897	2.2442719419055965	6.612824059613582	2.0281506117116046	5.028547483107223	1.9649854810972343	4.357003680450314	1.9166644075148427	3.862548018733884	1.768080257746811	3.60918151615826	1.7370228236719853	3.2498210450966356	1.7237972932925023	3.0867741223228085	1.6913472706155632	2.860139578038646	1.6891490019746391	2.5220399508983373	1.729086289639597	2.3607144086169516	1.7226407566476567	2.2114433417366053	1.770641769227142	2.128875124034038	1.79324140887333	2.013879053958363	1.7971014492753623	2.016401872953149	1.7984640675221435	1.9150038870173622	1.8383089561210177	1.8600220595608143	1.9188399856535328	1.819201599726876	1.8985011832763607	1.7460659624919166	1.9416157501697215	1.7673644148430065	1.9638097909945293	1.7687784522003036	1.9665540146836031	1.7166666666666668	1.9864532393767276	1.712510236523917	2.032416565630783	1.7211703958691909	2.0633429510836745	1.6960634267506336	2.074469955346155	3.804768643366353	3.803987151920576	1.6633266533066133	3.026163517931476	2.1064368238639752	3.669724770642202	4.761904761904762	5.4615064895996355	2.5519565217391302	17.102800000000002	0.10520195956954667	20.851831576939585	-7.629590987164167e-06	16.896237813335333	-1.2495458381472888e-05	13.915567048760474	-9.946052610639889e-06	12.4461602928437	-7.3148302959371345e-06	11.496244373189311	-4.419689273745609e-06	10.762121633141334	-5.887152702144219e-06	10.115862822099228	-2.527882544465454e-06	9.535655700790711	0.0	8.99971869771849	-8.883243094388899e-06	8.50063461498143	-9.676482921007645e-06	8.035876941053907	0.0	7.6088515227205376	0.0	7.210528537299825	-1.2662635727626706e-05	6.82841079355949	-1.3916431826879588e-05	6.476782479618402	-1.5329351108567576e-05	6.1552686375974135	-1.692921050626804e-05	5.8592016838213254	-1.5614118910883977e-05	5.57779853974186	-6.9206786417476095e-06	5.331823386123854	-1.5368478482209064e-05	5.097908329834363	-2.142235894447753e-05	4.891328095558386	-2.3851547965462958e-05	4.705026129890671	-2.13742579124831e-05	4.535951592784494	-1.7990896606317205e-05	4.380568058357908	-2.6992738953221582e-05	4.238357810515428	-7.605603808886388e-06	4.113998417285989	-1.7203561137155392e-05	4.005036428536502	-1.9559137050873316e-05	3.9042985041428016	-2.2243477100340324e-05	3.807440408194349	-2.5385542933299486e-05
18	1	12	0	0	1612	5772	1019	14928	826	6767	707	2835	626	1408	589	953	567	758	557	662	548	631	558	564	580	557	578	549	583	563	613	588	638	588	637	573	635	607	620	624	609	640	586	638	595	620	588	606	586	585	564	590	547	589	564	582	518	561	496	556	492	2720	2736	76.0	176.03065793129835	132.51332759857178	16	1	0.7961759567260742	4.166666666666666	2.771362586605081			5.324701063618947	8.120541932216266	3.5541139130131487	11.86636036279521	2.8118191721132897	11.03825136612022	2.3033817684237965	8.946886735885379	1.9594340803806187	6.2826290660836195	1.7490200736429504	4.991880991042899	1.5984889064306051	4.102619614635202	1.5100170791877898	3.4836604746618955	1.435419231474448	3.176281083257827	1.4088063017572208	2.6914817465998566	1.4323817050281538	2.4597041289467874	1.3985675571041425	2.2146920004840855	1.3870054481003022	2.0942603132090913	1.4420814905429566	2.023469493100244	1.497336243516628	1.8763761687462104	1.501862592540199	1.722945545298734	1.5122288109356767	1.7193032148420904	1.497584541062802	1.6889057298292147	1.4942218514610988	1.6584607411246437	1.4676417551592869	1.5993181590293792	1.5243121381359839	1.511936986368181	1.5461477780699446	1.451462240425379	1.5913102511880515	1.3915318744053282	1.5822696030298777	1.3988998482549317	1.5936371052324902	1.4023809523809523	1.7130881146918568	1.4018016282094514	1.652734350073384	1.3793951315465947	1.6640944776219553	1.394987078806734	1.729896979712387	3.6312177929671856	3.6314406307238993	1.5230460921843687	2.705601647809683	1.8478961655456916	3.669724770642202	4.761904761904762	5.556340533350815	2.5519565217391302	17.102800000000002	0.10520195956954667	20.851831576939585	-7.629590987164167e-06	16.896237813335333	-1.2495458381472888e-05	13.915567048760474	-9.946052610639889e-06	12.4461602928437	-7.3148302959371345e-06	11.496244373189311	-4.419689273745609e-06	10.762121633141334	-5.887152702144219e-06	10.115862822099228	-2.527882544465454e-06	9.535655700790711	0.0	8.99971869771849	-8.883243094388899e-06	8.50063461498143	-9.676482921007645e-06	8.035876941053907	0.0	7.6088515227205376	0.0	7.210528537299825	-1.2662635727626706e-05	6.82841079355949	-1.3916431826879588e-05	6.476782479618402	-1.5329351108567576e-05	6.1552686375974135	-1.692921050626804e-05	5.8592016838213254	-1.5614118910883977e-05	5.57779853974186	-6.9206786417476095e-06	5.331823386123854	-1.5368478482209064e-05	5.097908329834363	-2.142235894447753e-05	4.891328095558386	-2.3851547965462958e-05	4.705026129890671	-2.13742579124831e-05	4.535951592784494	-1.7990896606317205e-05	4.380568058357908	-2.6992738953221582e-05	4.238357810515428	-7.605603808886388e-06	4.113998417285989	-1.7203561137155392e-05	4.005036428536502	-1.9559137050873316e-05	3.9042985041428016	-2.2243477100340324e-05	3.807440408194349	-2.5385542933299486e-05
19	1	8	0	0	1834	10497	1032	14024	720	4703	600	1834	547	1032	502	730	479	588	489	531	475	487	481	487	501	488	511	476	521	491	516	517	527	528	519	513	508	516	505	527	504	507	491	503	479	489	473	491	470	473	459	477	450	469	440	466	407	451	397	440	380	2913	2928	72.0	157.8817623054097	118.87137985229492	15	1	0.8033218383789062	4.166666666666666	1.8475750577367205			6.058003567417586	14.768074958848604	3.599455896201737	11.147765121103966	2.450980392156863	7.671478672212707	1.954779435720336	5.787862530375232	1.7121572555402527	4.604881531390835	1.4906758522389831	3.8237913152794514	1.3503989174255024	3.182507036155012	1.3256702903461923	2.794295637530916	1.24420462582183	2.4514245444478004	1.2144011310846292	2.324027678358387	1.2372814383088018	2.155001103996467	1.236449864498645	1.9202065432248177	1.239502295815193	1.826433061786259	1.2138891502775948	1.779138993083038	1.236827900208876	1.6849092127516994	1.223652567548451	1.5425323991941546	1.2097830487485413	1.461549355615352	1.219806763285024	1.4263674993910196	1.2365973943126334	1.3138118683596787	1.229713484271689	1.2609044419933821	1.2271353179279603	1.1924793327968395	1.2437549303181699	1.1760197360542262	1.276306856754922	1.1251189343482397	1.2876981343806986	1.1309749620637328	1.3110360097890688	1.1166666666666667	1.3364517206815905	1.1224047401127222	1.2985769893433732	1.1089254979100074	1.331946587935315	1.1039466091276313	1.3360992932737947	3.8888740554828716	3.886278569722067	1.4428857715430863	2.4266520461414633	1.6576594294546165	3.4403669724770642	4.761904761904762	5.606210102431283	2.5519565217391302	17.102800000000002	0.10520195956954667	20.851831576939585	-7.629590987164167e-06	16.896237813335333	-1.2495458381472888e-05	13.915567048760474	-9.946052610639889e-06	12.4461602928437	-7.3148302959371345e-06	11.496244373189311	-4.419689273745609e-06	10.762121633141334	-5.887152702144219e-06	10.115862822099228	-2.527882544465454e-06	9.535655700790711	0.0	8.99971869771849	-8.883243094388899e-06	8.50063461498143	-9.676482921007645e-06	8.035876941053907	0.0	7.6088515227205376	0.0	7.210528537299825	-1.2662635727626706e-05	6.82841079355949	-1.3916431826879588e-05	6.476782479618402	-1.5329351108567576e-05	6.1552686375974135	-1.692921050626804e-05	5.8592016838213254	-1.5614118910883977e-05	5.57779853974186	-6.9206786417476095e-06	5.331823386123854	-1.5368478482209064e-05	5.097908329834363	-2.142235894447753e-05	4.891328095558386	-2.3851547965462958e-05	4.705026129890671	-2.13742579124831e-05	4.535951592784494	-1.7990896606317205e-05	4.380568058357908	-2.6992738953221582e-05	4.238357810515428	-7.605603808886388e-06	4.113998417285989	-1.7203561137155392e-05	4.005036428536502	-1.9559137050873316e-05	3.9042985041428016	-2.2243477100340324e-05	3.807440408194349	-2.5385542933299486e-05
20	1	7	0	0	2088	7442	1094	17018	778	7064	594	2398	535	1170	501	781	458	596	434	535	453	494	469	448	473	431	462	461	486	470	477	478	453	464	450	481	452	466	464	460	479	452	460	448	463	471	452	461	457	469	454	460	433	461	415	456	392	433	384	416	378	2648	2663	70.0	148.55319592012805	112.05483627319336	15	1	0.8092832565307617	4.166666666666666	1.6166281755196306			6.897007333025037	10.470040377608015	3.8157022775626945	13.527714406085803	2.648420479302832	11.522714297365631	1.9352316413631327	7.567772272540789	1.6745962188556403	5.220650573379144	1.4877063784297424	4.0909329003195225	1.2911956245947394	3.225806451612903	1.1765662699596062	2.8153449455349153	1.1865783063100819	2.4866606261955098	1.1841042213694202	2.1379145788594607	1.1681319766867528	1.90328990947229	1.1178861788617886	1.8596958328290774	1.1562343872671472	1.7483167801212662	1.1221417145007997	1.6449292818059809	1.0631556713370416	1.4806777930242205	1.0609704342905644	1.4463120546050456	1.0764211378628754	1.319926356040221	1.1207729468599035	1.2450266598099982	1.175258237848713	1.1712878984192796	1.1520737327188941	1.1230321869046425	1.1861454116923706	1.1485843880313116	1.188535366815672	1.1041651696965342	1.2410047522063814	1.1156041864890582	1.2736709215878805	1.0906676783004552	1.261507982752593	1.0976190476190477	1.2605169638246818	1.0983188014836938	1.2507178865420203	1.0646668305876568	1.288331208481514	1.0437313395388514	1.3290671917302486	3.5350973219768775	3.5345491226673036	1.402805611222445	2.283271427785935	1.5626028417862783	3.4403669724770642	4.761904761904762	5.647813555830723	2.5519565217391302	17.102800000000002	0.10520195956954667	20.851831576939585	-7.629590987164167e-06	16.896237813335333	-1.2495458381472888e-05	13.915567048760474	-9.946052610639889e-06	12.4461602928437	-7.3148302959371345e-06	11.496244373189311	-4.419689273745609e-06	10.762121633141334	-5.887152702144219e-06	10.115862822099228	-2.527882544465454e-06	9.535655700790711	0.0	8.99971869771849	-8.883243094388899e-06	8.50063461498143	-9.676482921007645e-06	8.035876941053907	0.0	7.6088515227205376	0.0	7.210528537299825	-1.2662635727626706e-05	6.82841079355949	-1.3916431826879588e-05	6.476782479618402	-1.5329351108567576e-05	6.1552686375974135	-1.692921050626804e-05	5.8592016838213254	-1.5614118910883977e-05	5.57779853974186	-6.9206786417476095e-06	5.331823386123854	-1.5368478482209064e-05	5.097908329834363	-2.142235894447753e-05	4.891328095558386	-2.3851547965462958e-05	4.705026129890671	-2.13742579124831e-05	4.535951592784494	-1.7990896606317205e-05	4.380568058357908	-2.6992738953221582e-05	4.238357810515428	-7.605603808886388e-06	4.113998417285989	-1.7203561137155392e-05	4.005036428536502	-1.9559137050873316e-05	3.9042985041428016	-2.2243477100340324e-05	3.807440408194349	-2.5385542933299486e-05
