	counts(inten<0.01	MicrocoloniesPlatonic	MicrocoloniesAggregates	MicrocoloniesLarge	counts(Norminten<0.01	counts(inten<0.02	counts(Norminten<0.02	counts(inten<0.03	counts(Norminten<0.03	counts(inten<0.04	counts(Norminten<0.04	counts(inten<0.05	counts(Norminten<0.05	counts(inten<0.060000000000000005	counts(Norminten<0.060000000000000005	counts(inten<0.06999999999999999	counts(Norminten<0.06999999999999999	counts(inten<0.08	counts(Norminten<0.08	counts(inten<0.09	counts(Norminten<0.09	counts(inten<0.09999999999999999	counts(Norminten<0.09999999999999999	counts(inten<0.11	counts(Norminten<0.11	counts(inten<0.12	counts(Norminten<0.12	counts(inten<0.13	counts(Norminten<0.13	counts(inten<0.14	counts(Norminten<0.14	counts(inten<0.15000000000000002	counts(Norminten<0.15000000000000002	counts(inten<0.16	counts(Norminten<0.16	counts(inten<0.17	counts(Norminten<0.17	counts(inten<0.18000000000000002	counts(Norminten<0.18000000000000002	counts(inten<0.19	counts(Norminten<0.19	counts(inten<0.2	counts(Norminten<0.2	counts(inten<0.21000000000000002	counts(Norminten<0.21000000000000002	counts(inten<0.22	counts(Norminten<0.22	counts(inten<0.23	counts(Norminten<0.23	counts(inten<0.24000000000000002	counts(Norminten<0.24000000000000002	counts(inten<0.25	counts(Norminten<0.25	counts(inten<0.26	counts(Norminten<0.26	counts(inten<0.27	counts(Norminten<0.27	counts(inten<0.28	counts(Norminten<0.28	counts(inten<0.29000000000000004	counts(Norminten<0.29000000000000004	diff	max	med	std	mean	min	eigenLocal	minProp	counts(inten<0.01Normalized	MicrocoloniesPlatonicNormalized	MicrocoloniesAggregatesNormalized	MicrocoloniesLargeNormalized	counts(Norminten<0.01Normalized	counts(inten<0.02Normalized	counts(Norminten<0.02Normalized	counts(inten<0.03Normalized	counts(Norminten<0.03Normalized	counts(inten<0.04Normalized	counts(Norminten<0.04Normalized	counts(inten<0.05Normalized	counts(Norminten<0.05Normalized	counts(inten<0.060000000000000005Normalized	counts(Norminten<0.060000000000000005Normalized	counts(inten<0.06999999999999999Normalized	counts(Norminten<0.06999999999999999Normalized	counts(inten<0.08Normalized	counts(Norminten<0.08Normalized	counts(inten<0.09Normalized	counts(Norminten<0.09Normalized	counts(inten<0.09999999999999999Normalized	counts(Norminten<0.09999999999999999Normalized	counts(inten<0.11Normalized	counts(Norminten<0.11Normalized	counts(inten<0.12Normalized	counts(Norminten<0.12Normalized	counts(inten<0.13Normalized	counts(Norminten<0.13Normalized	counts(inten<0.14Normalized	counts(Norminten<0.14Normalized	counts(inten<0.15000000000000002Normalized	counts(Norminten<0.15000000000000002Normalized	counts(inten<0.16Normalized	counts(Norminten<0.16Normalized	counts(inten<0.17Normalized	counts(Norminten<0.17Normalized	counts(inten<0.18000000000000002Normalized	counts(Norminten<0.18000000000000002Normalized	counts(inten<0.19Normalized	counts(Norminten<0.19Normalized	counts(inten<0.2Normalized	counts(Norminten<0.2Normalized	counts(inten<0.21000000000000002Normalized	counts(Norminten<0.21000000000000002Normalized	counts(inten<0.22Normalized	counts(Norminten<0.22Normalized	counts(inten<0.23Normalized	counts(Norminten<0.23Normalized	counts(inten<0.24000000000000002Normalized	counts(Norminten<0.24000000000000002Normalized	counts(inten<0.25Normalized	counts(Norminten<0.25Normalized	counts(inten<0.26Normalized	counts(Norminten<0.26Normalized	counts(inten<0.27Normalized	counts(Norminten<0.27Normalized	counts(inten<0.28Normalized	counts(Norminten<0.28Normalized	counts(inten<0.29000000000000004Normalized	counts(Norminten<0.29000000000000004Normalized	diffNormalized	maxNormalized	medNormalized	stdNormalized	meanNormalized	minNormalized	eigenLocalNormalized	minPropNormalized	BioVolume	SubstratumCoverage	Homogenity	ThicknessThreshold=0.01	RoughnessThreshold=0.01	ThicknessThreshold=0.02	RoughnessThreshold=0.02	ThicknessThreshold=0.03	RoughnessThreshold=0.03	ThicknessThreshold=0.04	RoughnessThreshold=0.04	ThicknessThreshold=0.05	RoughnessThreshold=0.05	ThicknessThreshold=0.060000000000000005	RoughnessThreshold=0.060000000000000005	ThicknessThreshold=0.06999999999999999	RoughnessThreshold=0.06999999999999999	ThicknessThreshold=0.08	RoughnessThreshold=0.08	ThicknessThreshold=0.09	RoughnessThreshold=0.09	ThicknessThreshold=0.09999999999999999	RoughnessThreshold=0.09999999999999999	ThicknessThreshold=0.11	RoughnessThreshold=0.11	ThicknessThreshold=0.12	RoughnessThreshold=0.12	ThicknessThreshold=0.13	RoughnessThreshold=0.13	ThicknessThreshold=0.14	RoughnessThreshold=0.14	ThicknessThreshold=0.15000000000000002	RoughnessThreshold=0.15000000000000002	ThicknessThreshold=0.16	RoughnessThreshold=0.16	ThicknessThreshold=0.17	RoughnessThreshold=0.17	ThicknessThreshold=0.18000000000000002	RoughnessThreshold=0.18000000000000002	ThicknessThreshold=0.19	RoughnessThreshold=0.19	ThicknessThreshold=0.2	RoughnessThreshold=0.2	ThicknessThreshold=0.21000000000000002	RoughnessThreshold=0.21000000000000002	ThicknessThreshold=0.22	RoughnessThreshold=0.22	ThicknessThreshold=0.23	RoughnessThreshold=0.23	ThicknessThreshold=0.24000000000000002	RoughnessThreshold=0.24000000000000002	ThicknessThreshold=0.25	RoughnessThreshold=0.25	ThicknessThreshold=0.26	RoughnessThreshold=0.26	ThicknessThreshold=0.27	RoughnessThreshold=0.27	ThicknessThreshold=0.28	RoughnessThreshold=0.28	ThicknessThreshold=0.29000000000000004	RoughnessThreshold=0.29000000000000004
0	1	24	0	0	2126	63	2402	131	2701	213	2928	299	3164	416	3377	500	3537	554	3684	725	3822	785	3810	1003	3767	1184	3688	1376	3601	1755	3387	2126	3313	2463	3142	2758	2979	3028	2779	3323	2581	3504	2413	3692	2262	3826	2023	3809	1812	3737	1588	3628	1401	3441	1230	3314	1109	3150	966	2894	837	3796	3821	493.0	287.02809868153616	540.830620765686	25	1	0.5652704238891602	0.13175230566534915	4.8582995951417			6.980103749425439	0.08915304606240713	7.2421382699671355	0.36131950573698146	7.506948304613674	1.1020281456953642	7.509617850730957	2.035121154369725	7.5390773922988945	3.0051289460377086	7.569542510030708	3.3827210608213245	7.504774029280712	3.470960466136207	7.449346867796336	4.03899721448468	7.411141920846988	3.946111697582064	7.163673968224122	4.5257648226694345	6.913575715308238	4.748155277510427	6.627372052903969	4.9186773905272565	6.399957345466179	5.603627191161915	5.9840989399293285	6.1176335174953955	5.874530108518335	6.431816994829477	5.619143000214607	6.613433086348704	5.3983038561902	6.758174310902801	5.100860850571759	6.9878453968120455	4.8353254149649665	6.958179435243656	4.634057344779244	7.080121198174356	4.462682739163888	7.136062669029189	4.123102007541017	6.950983612540604	3.8185956334822557	6.743296401891083	3.4808531158896123	6.532111413190256	3.199068365529525	6.2258006151619325	2.936542042687294	6.037089663715524	2.7693152874194675	5.841229810669979	2.5418377012946003	5.493128843671704	2.3158651983841514	4.758860180275051	4.7676681972449595	7.626856435643564	3.8970954365842254	6.178443750861844	6.631299734748011	4.761904761904762	4.168843474373593	3.2947133757961784	13.2665	0.08522197340120724	20.476554713616054	0.0	17.256023911769326	4.788487709388596e-06	15.287698983040313	1.262460730187864e-05	14.052285701773942	-2.985766849428773e-06	13.083516601294797	-3.0916838856283073e-06	12.254147298231313	-2.1565434920908767e-06	11.519672364916124	-2.281583966853148e-06	10.853617137505854	-2.438741853077997e-06	10.247734806629834	-3.946335104360832e-06	9.724628760814358	-1.4347428725560948e-06	9.245511411984353	-1.5728760668031922e-06	8.809937709248501	1.7356048930173144e-06	8.420017731863387	0.0	8.06605572179173	0.0	7.747281571571304	-9.723890139489204e-06	7.451991829800336	5.4981306355839015e-06	7.184440740206922	0.0	6.934814873236205	-2.867969441785598e-05	6.704548737057991	2.063302108694755e-05	6.502714211727697	-4.795450076966974e-05	6.313894630984971	-6.145629061003749e-05	6.124448684356684	-8.494400230002221e-05	5.948542707407521	-0.00010726736390453205	5.781588857129894	-0.00012703713113861566	5.637782931752781	1.0737563217403443e-05	5.5024221895571035	1.2782166321548175e-05	5.366860208171413	0.0	5.213642073070832	0.0	5.086386458812954	0.0
1	1	31	0	0	2190	90	2545	175	2847	255	3123	296	3397	383	3669	483	3943	559	4099	694	4217	782	4373	891	4467	1165	4497	1413	4502	1678	4505	2009	4427	2448	4310	2802	4098	3131	3963	3438	3792	3778	3629	4048	3432	4194	3202	4338	3003	4458	2837	4508	2612	4483	2434	4469	2240	4336	2041	4102	1860	4070	4095	520.0	358.5703387672795	596.5391798019409	25	1	0.5828065872192383	0.13175230566534915	6.275303643724696			7.19022916803467	0.12736149437486732	7.673289715681249	0.48267872903795234	7.912729294052251	1.3193294701986755	8.009746088740703	2.0147018785733732	8.094262295081968	2.7667413132991405	8.224060251496201	3.2677085447533996	8.366221090600467	3.502286824133826	8.288510535042667	3.8662952646239557	8.177076263791665	3.931031015935254	8.222243113659866	4.020395271184911	8.198285829647439	4.671960218158485	8.08115296147211	5.050938337801609	8.001279636014646	5.357770043743415	7.959363957597174	5.780962246777164	7.849847506915385	6.392646367577166	7.707990557264469	6.718941083375296	7.426065526239489	6.988059368374065	7.274095556248968	7.229675737056819	7.104050357825321	7.50228364907264	6.9693303374239015	7.762819775246424	6.770966914593486	7.822437750629488	6.526036889840007	7.9163473119456915	6.328500379330693	8.044317730701216	6.218627386510598	8.116526529950848	5.964287345298443	8.111091007779988	5.811010838943799	8.141144751703283	5.593567397492883	8.040499193353979	5.370487317124513	7.786045099081315	5.146367107520336	5.102360625321248	5.109552804951088	8.044554455445544	4.868453079413841	6.814857787403958	6.631299734748011	4.761904761904762	4.298171875391228	3.2947133757961784	13.2665	0.08522197340120724	20.476554713616054	0.0	17.256023911769326	4.788487709388596e-06	15.287698983040313	1.262460730187864e-05	14.052285701773942	-2.985766849428773e-06	13.083516601294797	-3.0916838856283073e-06	12.254147298231313	-2.1565434920908767e-06	11.519672364916124	-2.281583966853148e-06	10.853617137505854	-2.438741853077997e-06	10.247734806629834	-3.946335104360832e-06	9.724628760814358	-1.4347428725560948e-06	9.245511411984353	-1.5728760668031922e-06	8.809937709248501	1.7356048930173144e-06	8.420017731863387	0.0	8.06605572179173	0.0	7.747281571571304	-9.723890139489204e-06	7.451991829800336	5.4981306355839015e-06	7.184440740206922	0.0	6.934814873236205	-2.867969441785598e-05	6.704548737057991	2.063302108694755e-05	6.502714211727697	-4.795450076966974e-05	6.313894630984971	-6.145629061003749e-05	6.124448684356684	-8.494400230002221e-05	5.948542707407521	-0.00010726736390453205	5.781588857129894	-0.00012703713113861566	5.637782931752781	1.0737563217403443e-05	5.5024221895571035	1.2782166321548175e-05	5.366860208171413	0.0	5.213642073070832	0.0	5.086386458812954	0.0
2	2	39	0	0	2327	128	2670	177	2938	262	3211	288	3495	384	3773	444	3940	509	4182	630	4346	726	4476	884	4602	1054	4733	1240	4826	1474	4826	1807	4822	2202	4764	2490	4724	2859	4711	3173	4599	3513	4495	3792	4369	4021	4240	4271	4093	4452	3918	4598	3751	4762	3557	4821	3391	4843	3222	4799	3043	4070	4095	544.0	427.032712658414	645.2583627700806	25	1	0.593693733215332	0.2635046113306983	7.894736842105263			7.640028892245058	0.18113634755536687	8.050170350046733	0.48819505736981467	8.165647581989994	1.355546357615894	8.23544498589382	1.9602504764497688	8.327773541746092	2.7739651809578847	8.457176159415416	3.003856302009336	8.359855718226184	3.1890232441576343	8.456343268491933	3.50974930362117	8.427216846677396	3.6495249585281253	8.415906740622356	3.9888096742171286	8.446051351698571	4.2268206608918835	8.50524726854514	4.432529043789097	8.57711584260477	4.706408250582713	8.526501766784452	5.19970073664825	8.550251790907156	5.750248080639265	8.519922741254739	5.97079346809582	8.560452305015946	6.380984265148978	8.647051265578826	6.672414518231904	8.615909176065045	6.976051471464316	8.632444162777746	7.271890461396848	8.619567147394795	7.4997668562902176	8.641597880362784	7.794080075915179	8.625558459074432	8.033490923526653	8.58815019398961	8.27856898507409	8.56510024204229	8.615885652252578	8.49209759824285	8.78238058804241	8.467762073615342	8.980659039071337	8.478054941585096	9.109027408700934	8.419567262464723	5.102360625321248	5.109552804951088	8.415841584158416	5.797994145582728	7.371425259730952	6.631299734748011	4.761904761904762	4.378464078241854	3.2947133757961784	13.2665	0.08522197340120724	20.476554713616054	0.0	17.256023911769326	4.788487709388596e-06	15.287698983040313	1.262460730187864e-05	14.052285701773942	-2.985766849428773e-06	13.083516601294797	-3.0916838856283073e-06	12.254147298231313	-2.1565434920908767e-06	11.519672364916124	-2.281583966853148e-06	10.853617137505854	-2.438741853077997e-06	10.247734806629834	-3.946335104360832e-06	9.724628760814358	-1.4347428725560948e-06	9.245511411984353	-1.5728760668031922e-06	8.809937709248501	1.7356048930173144e-06	8.420017731863387	0.0	8.06605572179173	0.0	7.747281571571304	-9.723890139489204e-06	7.451991829800336	5.4981306355839015e-06	7.184440740206922	0.0	6.934814873236205	-2.867969441785598e-05	6.704548737057991	2.063302108694755e-05	6.502714211727697	-4.795450076966974e-05	6.313894630984971	-6.145629061003749e-05	6.124448684356684	-8.494400230002221e-05	5.948542707407521	-0.00010726736390453205	5.781588857129894	-0.00012703713113861566	5.637782931752781	1.0737563217403443e-05	5.5024221895571035	1.2782166321548175e-05	5.366860208171413	0.0	5.213642073070832	0.0	5.086386458812954	0.0
3	2	38	0	0	2357	184	2677	222	2884	232	3173	298	3405	334	3532	422	3689	482	3844	641	3979	778	4074	893	4175	1073	4249	1289	4318	1564	4333	1856	4333	2157	4350	2430	4316	2740	4305	3081	4259	3362	4182	3522	4105	3732	4035	3891	3948	4034	3830	4172	3718	4235	3561	4318	3401	4332	3275	4339	3162	4073	4095	544.0	455.91925954159126	654.8527927398682	22	1	0.5969152450561523	0.2635046113306983	7.6923076923076925			7.738525182218137	0.26038349961083984	8.071275665571202	0.6123124448367167	8.01556420233463	1.2003311258278146	8.137984098486791	2.0283147291042742	8.113324437666794	2.4127717980206604	7.916974872794926	2.855016575333198	7.827286229577764	3.0198609109704906	7.7728798479395	3.571030640668524	7.7155765837389225	3.910923440406173	7.660054526652252	4.029419727461421	7.6623781819516585	4.303015720243824	7.635494537090281	4.607685433422699	7.674261543383215	4.993773747565376	7.65547703180212	5.3406998158379375	7.683169019079367	5.6327361988823315	7.779526432505901	5.826918926695921	7.821107567410844	6.115388907488003	7.9018373377874855	6.478950246036086	7.978942635542732	6.676198419317686	8.03134182174339	6.7541134506961225	8.098723538579913	6.9607385992725925	8.223784775298073	7.100624110368992	8.319986512686505	7.279223357032011	8.395256570439052	7.511568030824075	8.489747453989132	7.662384657137687	8.50164732846297	7.866069151455532	8.492733356639864	8.033081758673763	8.617513945900432	8.235897046541645	8.748824082784571	5.106121579099126	5.109552804951088	8.415841584158416	6.190198360271859	7.4810319343789065	5.835543766578249	4.761904761904762	4.402222580451859	3.2947133757961784	13.2665	0.08522197340120724	20.476554713616054	0.0	17.256023911769326	4.788487709388596e-06	15.287698983040313	1.262460730187864e-05	14.052285701773942	-2.985766849428773e-06	13.083516601294797	-3.0916838856283073e-06	12.254147298231313	-2.1565434920908767e-06	11.519672364916124	-2.281583966853148e-06	10.853617137505854	-2.438741853077997e-06	10.247734806629834	-3.946335104360832e-06	9.724628760814358	-1.4347428725560948e-06	9.245511411984353	-1.5728760668031922e-06	8.809937709248501	1.7356048930173144e-06	8.420017731863387	0.0	8.06605572179173	0.0	7.747281571571304	-9.723890139489204e-06	7.451991829800336	5.4981306355839015e-06	7.184440740206922	0.0	6.934814873236205	-2.867969441785598e-05	6.704548737057991	2.063302108694755e-05	6.502714211727697	-4.795450076966974e-05	6.313894630984971	-6.145629061003749e-05	6.124448684356684	-8.494400230002221e-05	5.948542707407521	-0.00010726736390453205	5.781588857129894	-0.00012703713113861566	5.637782931752781	1.0737563217403443e-05	5.5024221895571035	1.2782166321548175e-05	5.366860208171413	0.0	5.213642073070832	0.0	5.086386458812954	0.0
4	5	38	0	0	2217	292	2401	221	2627	246	2811	315	3025	397	3161	494	3270	577	3378	720	3450	870	3534	1029	3599	1229	3693	1453	3739	1672	3806	1911	3805	2163	3804	2385	3815	2630	3773	2852	3719	3070	3651	3245	3566	3351	3472	3445	3428	3540	3321	3626	3230	3701	3137	3767	3046	3825	2947	3806	2822	4075	4095	522.0	455.702620545299	632.306191444397	20	1	0.5999269485473633	0.6587615283267457	7.6923076923076925			7.278875829010441	0.4132172928606807	7.239123224892212	0.6095542806707854	7.301278488048917	1.2727649006622517	7.209540907925109	2.1440239586169345	7.2078726648875335	2.8678754605215633	7.085378701275413	3.342128408091469	6.938255887969447	3.6150617129252556	6.830590043272536	4.011142061281337	6.689806286478834	4.373397677575026	6.644730657140172	4.643082754264056	6.60524528786683	4.928617260186076	6.636357101782633	5.193923145665773	6.645220914939751	5.33861234394457	6.724381625441696	5.4989640883977895	6.746932406553656	5.648404449783255	6.803061735460333	5.719013020645996	6.913235720498695	5.869880593683741	6.925350122060903	5.9973924380704045	6.967289894713177	6.09635013304738	7.011580342225039	6.2229125915698225	7.035334503916192	6.250116571854891	7.076327320900846	6.28672579291215	7.2241422911573805	6.387816232992891	7.279542316038666	6.528510469743072	7.375439557930311	6.696218563415958	7.4893759251301155	6.862316464458774	7.60625280926934	7.092921912956404	7.754446900326281	7.224204692126642	7.808090310442145	5.108628881617712	5.109552804951088	8.075495049504951	6.187256965865824	7.223459780494649	5.305039787798409	4.761904761904762	4.424433755697328	3.2947133757961784	13.2665	0.08522197340120724	20.476554713616054	0.0	17.256023911769326	4.788487709388596e-06	15.287698983040313	1.262460730187864e-05	14.052285701773942	-2.985766849428773e-06	13.083516601294797	-3.0916838856283073e-06	12.254147298231313	-2.1565434920908767e-06	11.519672364916124	-2.281583966853148e-06	10.853617137505854	-2.438741853077997e-06	10.247734806629834	-3.946335104360832e-06	9.724628760814358	-1.4347428725560948e-06	9.245511411984353	-1.5728760668031922e-06	8.809937709248501	1.7356048930173144e-06	8.420017731863387	0.0	8.06605572179173	0.0	7.747281571571304	-9.723890139489204e-06	7.451991829800336	5.4981306355839015e-06	7.184440740206922	0.0	6.934814873236205	-2.867969441785598e-05	6.704548737057991	2.063302108694755e-05	6.502714211727697	-4.795450076966974e-05	6.313894630984971	-6.145629061003749e-05	6.124448684356684	-8.494400230002221e-05	5.948542707407521	-0.00010726736390453205	5.781588857129894	-0.00012703713113861566	5.637782931752781	1.0737563217403443e-05	5.5024221895571035	1.2782166321548175e-05	5.366860208171413	0.0	5.213642073070832	0.0	5.086386458812954	0.0
5	21	37	0	0	1890	350	2049	248	2201	278	2417	404	2507	505	2702	611	2848	666	2962	810	3046	961	3161	1114	3281	1237	3326	1352	3352	1609	3405	1784	3387	1968	3395	2188	3350	2417	3315	2553	3274	2768	3216	2910	3175	3024	3098	3172	3042	3290	2943	3332	2866	3369	2775	3409	2709	3391	2605	3363	2532	4076	4095	485.0	447.2500438167673	597.0928659439087	19	1	0.602931022644043	2.766798418972332	7.489878542510121			6.205266268303894	0.49529470034670625	6.17782735851901	0.6840247131509267	6.117287381878821	1.4383278145695364	6.19902539112593	2.7497958072420365	5.973598932520016	3.648053167665968	6.05653060767041	4.133685136323659	6.042860173986845	4.172670885282876	5.989404294900312	4.512534818941504	5.906420274960734	4.83084502086161	5.9434050954216415	5.026622146015702	6.021619835924166	4.960699390439525	5.976854514088557	4.832886505808758	5.957416557068211	5.137456496056707	6.0159010600706715	5.133517495395949	6.005745088304136	5.139186295503212	6.071607411116675	5.246624943049661	6.070600173963467	5.394487222408213	6.084690075439144	5.368633553433991	6.133613099029563	5.496644028754121	6.176182520020741	5.58048555977448	6.263933552982028	5.640212627063322	6.314073168246203	5.78853242819081	6.410688695945376	5.936699267386048	6.450976523969225	5.999171783007148	6.54427547152578	6.095531029491587	6.625125340209139	6.210150471818414	6.764720571342956	6.288130250152984	6.854541627197137	6.3833421911775865	7.005699739914781	5.109882532877004	5.109552804951088	7.5030940594059405	6.072492946776922	6.821183092503984	5.039787798408488	4.761904761904762	4.446588664507724	3.2947133757961784	13.2665	0.08522197340120724	20.476554713616054	0.0	17.256023911769326	4.788487709388596e-06	15.287698983040313	1.262460730187864e-05	14.052285701773942	-2.985766849428773e-06	13.083516601294797	-3.0916838856283073e-06	12.254147298231313	-2.1565434920908767e-06	11.519672364916124	-2.281583966853148e-06	10.853617137505854	-2.438741853077997e-06	10.247734806629834	-3.946335104360832e-06	9.724628760814358	-1.4347428725560948e-06	9.245511411984353	-1.5728760668031922e-06	8.809937709248501	1.7356048930173144e-06	8.420017731863387	0.0	8.06605572179173	0.0	7.747281571571304	-9.723890139489204e-06	7.451991829800336	5.4981306355839015e-06	7.184440740206922	0.0	6.934814873236205	-2.867969441785598e-05	6.704548737057991	2.063302108694755e-05	6.502714211727697	-4.795450076966974e-05	6.313894630984971	-6.145629061003749e-05	6.124448684356684	-8.494400230002221e-05	5.948542707407521	-0.00010726736390453205	5.781588857129894	-0.00012703713113861566	5.637782931752781	1.0737563217403443e-05	5.5024221895571035	1.2782166321548175e-05	5.366860208171413	0.0	5.213642073070832	0.0	5.086386458812954	0.0
6	11	35	0	0	1605	453	1784	371	1997	394	2127	498	2272	521	2427	615	2596	719	2691	855	2811	975	2942	1129	3027	1242	3142	1345	3159	1512	3226	1680	3231	1923	3205	2121	3196	2274	3202	2442	3173	2629	3109	2724	3060	2858	2999	3006	2918	3132	2835	3166	2734	3231	2610	3224	2555	3186	2432	3218	2358	4075	4095	449.0	435.09697498783925	562.0809488296509	20	1	0.6054477691650391	1.4492753623188406	7.08502024291498			5.269551513559656	0.6410528550201655	5.378840413664184	1.023278905560459	5.5503057254030015	2.0384933774834435	5.455244934598615	3.3895997821943915	5.413648494090736	3.76363505020588	5.440118351153251	4.160746904810229	5.508168894546998	4.5047302800576405	5.441420309782828	4.763231197771588	5.450737817765798	4.901221535213391	5.531634859452853	5.094305568089522	5.55545359443537	4.98075072184793	5.646204715353652	4.807864164432529	5.614403014253724	4.827740349308726	5.69964664310954	4.834254143646409	5.729129725512448	5.021674413746278	5.731812003719865	5.08596503848644	5.79153377790664	5.075326414462671	5.877278317211505	5.135214703284687	5.944396567874405	5.220620358235037	5.97069386030612	5.223794730180646	6.037050920354332	5.330597780471883	6.112300010190563	5.485601664294317	6.149371996965355	5.6515933451225235	6.2142434405208125	5.700293476890946	6.242864319313148	5.8458476569567575	6.231198968629136	5.8731373191969976	6.380162812765319	5.9079867227919225	6.399326386696138	6.108116316149116	6.524265397598363	5.108628881617712	5.109552804951088	6.946163366336634	5.9074858645739425	6.421207291958477	5.305039787798409	4.761904761904762	4.465149554777765	3.2947133757961784	13.2665	0.08522197340120724	20.476554713616054	0.0	17.256023911769326	4.788487709388596e-06	15.287698983040313	1.262460730187864e-05	14.052285701773942	-2.985766849428773e-06	13.083516601294797	-3.0916838856283073e-06	12.254147298231313	-2.1565434920908767e-06	11.519672364916124	-2.281583966853148e-06	10.853617137505854	-2.438741853077997e-06	10.247734806629834	-3.946335104360832e-06	9.724628760814358	-1.4347428725560948e-06	9.245511411984353	-1.5728760668031922e-06	8.809937709248501	1.7356048930173144e-06	8.420017731863387	0.0	8.06605572179173	0.0	7.747281571571304	-9.723890139489204e-06	7.451991829800336	5.4981306355839015e-06	7.184440740206922	0.0	6.934814873236205	-2.867969441785598e-05	6.704548737057991	2.063302108694755e-05	6.502714211727697	-4.795450076966974e-05	6.313894630984971	-6.145629061003749e-05	6.124448684356684	-8.494400230002221e-05	5.948542707407521	-0.00010726736390453205	5.781588857129894	-0.00012703713113861566	5.637782931752781	1.0737563217403443e-05	5.5024221895571035	1.2782166321548175e-05	5.366860208171413	0.0	5.213642073070832	0.0	5.086386458812954	0.0
7	30	35	0	0	1480	607	1659	480	1775	535	1960	508	2182	569	2341	661	2477	740	2632	840	2808	934	2940	988	3003	1194	3069	1355	3118	1497	3142	1684	3105	1845	3085	2076	3093	2301	3071	2444	3052	2640	3030	2841	2968	2973	2913	3070	2841	3124	2758	3141	2633	3107	2563	3097	2473	3092	2338	3052	2234	4077	4095	419.0	425.05125822807537	533.3051681518555	18	1	0.6068859100341797	3.9525691699604746	7.08502024291498			4.859150305338499	0.8589825231727164	5.0019597792987005	1.323918799646955	4.933296275708727	2.768004966887417	5.026929982046679	3.4576640348488974	5.1991993900114375	4.110380697825615	5.247349427296976	4.471957242405791	5.25567579036707	4.636300983647641	5.322117523355037	4.67966573816156	5.444920594907991	4.695118886040316	5.5278744006768825	4.458081400595614	5.511406390515169	4.788257940327237	5.51502300172513	4.84361036639857	5.5415348523086765	4.779846099811616	5.551236749116608	4.845764272559853	5.505709624796085	4.817987152034261	5.517204377995564	4.978059132436515	5.604885474050449	5.135587546032809	5.63682751785026	5.139420448332422	5.717711416688523	5.242463958060288	5.818977933974765	5.448164768150961	5.855544814252175	5.545089993471976	5.937022317334149	5.602394247965254	5.987102756469696	5.6371576022231045	6.045461519914075	5.655281683801157	6.0122391195140885	5.621494481635607	6.118989638542711	5.641782344154188	6.175398291964241	5.7336770078068495	6.151984001684033	5.793030141978589	6.181174257097006	5.111136184136297	5.109552804951088	6.482054455445545	5.771091145305951	6.092473053402995	4.774535809018567	4.761904761904762	4.475755777789218	3.2947133757961784	13.2665	0.08522197340120724	20.476554713616054	0.0	17.256023911769326	4.788487709388596e-06	15.287698983040313	1.262460730187864e-05	14.052285701773942	-2.985766849428773e-06	13.083516601294797	-3.0916838856283073e-06	12.254147298231313	-2.1565434920908767e-06	11.519672364916124	-2.281583966853148e-06	10.853617137505854	-2.438741853077997e-06	10.247734806629834	-3.946335104360832e-06	9.724628760814358	-1.4347428725560948e-06	9.245511411984353	-1.5728760668031922e-06	8.809937709248501	1.7356048930173144e-06	8.420017731863387	0.0	8.06605572179173	0.0	7.747281571571304	-9.723890139489204e-06	7.451991829800336	5.4981306355839015e-06	7.184440740206922	0.0	6.934814873236205	-2.867969441785598e-05	6.704548737057991	2.063302108694755e-05	6.502714211727697	-4.795450076966974e-05	6.313894630984971	-6.145629061003749e-05	6.124448684356684	-8.494400230002221e-05	5.948542707407521	-0.00010726736390453205	5.781588857129894	-0.00012703713113861566	5.637782931752781	1.0737563217403443e-05	5.5024221895571035	1.2782166321548175e-05	5.366860208171413	0.0	5.213642073070832	0.0	5.086386458812954	0.0
8	32	29	0	0	1440	915	1631	728	1813	588	1937	574	2097	543	2265	645	2403	699	2532	777	2700	903	2785	1021	2873	1171	2980	1404	3010	1631	3042	1820	2991	1967	3031	2158	3007	2354	2969	2487	2941	2669	2845	2792	2772	2872	2717	3011	2664	3018	2578	3030	2504	3031	2411	3020	2317	2966	2227	2939	2095	4078	4095	386.0	415.06962000562396	502.0734176635742	17	1	0.6090126037597656	4.216073781291173	5.870445344129554			4.727821918707729	1.294841859477818	4.917538517200832	2.007943512797882	5.038910505836576	3.0422185430463577	4.967940497563478	3.9068881023686357	4.996664125047656	3.922560138698259	5.07699549458678	4.363710168459509	5.0986632718014	4.379424848067163	5.11990941076556	4.328690807799443	5.235500572026915	4.539285175689941	5.236438845539156	4.606984929158018	5.272817369280746	4.696021815848573	5.355089131684877	5.018766756032171	5.349589450111968	5.207701395319135	5.374558303886926	5.237108655616943	5.303567628909852	5.136574920353057	5.420630946419629	5.1746876723497115	5.449043200927805	5.253877915411227	5.449606284759825	5.229843966858729	5.509760575518004	5.30005163032686	5.463693802692478	5.35419782917194	5.468857892556277	5.356709875967546	5.537552226638133	5.4947260848936095	5.614094242603052	5.445884008805804	5.650906380833389	5.45542932248249	5.717678220760835	5.4839876967613534	5.756099890178103	5.501512004955004	5.785846276781701	5.500027815380051	5.859909483212293	5.578543770404678	5.796580156051132	5.112389835395589	5.109552804951088	5.971534653465346	5.635566445999387	5.735681839622223	4.509283819628647	4.761904761904762	4.491440046566102	3.2947133757961784	13.2665	0.08522197340120724	20.476554713616054	0.0	17.256023911769326	4.788487709388596e-06	15.287698983040313	1.262460730187864e-05	14.052285701773942	-2.985766849428773e-06	13.083516601294797	-3.0916838856283073e-06	12.254147298231313	-2.1565434920908767e-06	11.519672364916124	-2.281583966853148e-06	10.853617137505854	-2.438741853077997e-06	10.247734806629834	-3.946335104360832e-06	9.724628760814358	-1.4347428725560948e-06	9.245511411984353	-1.5728760668031922e-06	8.809937709248501	1.7356048930173144e-06	8.420017731863387	0.0	8.06605572179173	0.0	7.747281571571304	-9.723890139489204e-06	7.451991829800336	5.4981306355839015e-06	7.184440740206922	0.0	6.934814873236205	-2.867969441785598e-05	6.704548737057991	2.063302108694755e-05	6.502714211727697	-4.795450076966974e-05	6.313894630984971	-6.145629061003749e-05	6.124448684356684	-8.494400230002221e-05	5.948542707407521	-0.00010726736390453205	5.781588857129894	-0.00012703713113861566	5.637782931752781	1.0737563217403443e-05	5.5024221895571035	1.2782166321548175e-05	5.366860208171413	0.0	5.213642073070832	0.0	5.086386458812954	0.0
9	45	25	0	0	1341	1317	1523	944	1662	694	1844	547	2048	544	2166	629	2317	737	2427	882	2526	1000	2662	1093	2739	1307	2772	1516	2838	1706	2875	1900	2870	2086	2868	2251	2847	2379	2824	2513	2739	2649	2686	2735	2650	2768	2572	2857	2448	2871	2372	2887	2264	2871	2189	2809	2116	2751	2016	2686	1911	4079	4095	343.0	398.4217016579544	461.2906551361084	16	1	0.6131038665771484	5.928853754940711	5.060728744939271			4.402784161796572	1.863723201018892	4.591913649109054	2.6037069726390114	4.619232907170651	3.5906456953642385	4.729417799435753	3.7231146202014704	4.879908501715593	3.929784006357004	4.855087082240603	4.255463094513226	4.9161892637385955	4.617505168849069	4.907590892546609	4.913649025069637	4.8981016462740685	5.026893882270145	5.005170630816959	4.931865355112355	5.026887147392956	5.241418030157202	4.981311098332375	5.419124218051833	5.043898624391284	5.447172642804688	5.079505300353357	5.46731123388582	5.0890134052060425	5.447328563221392	5.129122254810787	5.397693211519555	5.159104088141491	5.3096752594576495	5.183458453405774	5.284518652479287	5.1313275132076885	5.260335994280949	5.158341495266079	5.2448893491351205	5.228165012725157	5.162734309428331	5.242025884031387	5.213693930435418	5.158897412121723	5.1806272330289795	5.199359943885491	5.197961866008894	5.169657944010595	5.19449972860503	5.226089862961372	5.117134841694903	5.283923487988813	5.101340701318449	5.304704767919166	5.098322071217068	5.2874771733717	5.113643486654882	5.109552804951088	5.306311881188119	5.409530991911966	5.26977995721037	4.244031830238726	4.761904761904762	4.521612922374545	3.2947133757961784	13.2665	0.08522197340120724	20.476554713616054	0.0	17.256023911769326	4.788487709388596e-06	15.287698983040313	1.262460730187864e-05	14.052285701773942	-2.985766849428773e-06	13.083516601294797	-3.0916838856283073e-06	12.254147298231313	-2.1565434920908767e-06	11.519672364916124	-2.281583966853148e-06	10.853617137505854	-2.438741853077997e-06	10.247734806629834	-3.946335104360832e-06	9.724628760814358	-1.4347428725560948e-06	9.245511411984353	-1.5728760668031922e-06	8.809937709248501	1.7356048930173144e-06	8.420017731863387	0.0	8.06605572179173	0.0	7.747281571571304	-9.723890139489204e-06	7.451991829800336	5.4981306355839015e-06	7.184440740206922	0.0	6.934814873236205	-2.867969441785598e-05	6.704548737057991	2.063302108694755e-05	6.502714211727697	-4.795450076966974e-05	6.313894630984971	-6.145629061003749e-05	6.124448684356684	-8.494400230002221e-05	5.948542707407521	-0.00010726736390453205	5.781588857129894	-0.00012703713113861566	5.637782931752781	1.0737563217403443e-05	5.5024221895571035	1.2782166321548175e-05	5.366860208171413	0.0	5.213642073070832	0.0	5.086386458812954	0.0
10	49	22	0	0	1255	1802	1373	1101	1535	667	1754	597	1910	557	2049	728	2203	818	2308	868	2455	1081	2574	1222	2635	1306	2685	1513	2735	1734	2780	1910	2809	2060	2783	2231	2720	2388	2699	2504	2628	2627	2557	2694	2477	2727	2395	2764	2346	2810	2245	2784	2156	2714	2069	2683	1969	2583	1872	2505	1763	4077	4095	310.0	386.92912416788613	431.767972946167	18	1	0.6184444427490234	6.455862977602108	4.4534412955465585			4.120428130540416	2.550060142927899	4.139656887870474	3.036738746690203	4.266259032795998	3.4509519867549665	4.498589381892793	4.063435883474	4.551086542127336	4.023694285920683	4.592831685831484	4.925241864555849	4.674305113515807	5.1249921684105	4.666963238565131	4.835654596100278	4.760427371972621	5.434072286734027	4.83971044467425	5.513942784947207	4.836015930405417	5.237407763875521	4.824971247843588	5.408400357462019	4.860839583407387	5.536575241865959	4.911660777385159	5.49608655616943	4.980849705652883	5.379432809317387	4.977108519922742	5.349735031052922	4.928964917367353	5.329762303314363	4.9540206677557315	5.2655927997644785	4.923376672037169	5.216648794630446	4.910602830750321	5.1662639512138995	4.886854617554797	5.086263172619603	4.881279934780394	5.043979707288587	4.943943353283318	5.0705546934209105	4.920979373534118	5.012513278478962	4.923048819472988	4.9104396598516376	4.9395979563577335	4.8876015593689655	4.9168456275283425	4.789808444749384	4.925797284496369	4.754764254802217	4.877981295999115	5.111136184136297	5.109552804951088	4.795792079207921	5.253491665111322	4.932513123045391	4.774535809018567	4.761904761904762	4.560999426926358	3.2947133757961784	13.2665	0.08522197340120724	20.476554713616054	0.0	17.256023911769326	4.788487709388596e-06	15.287698983040313	1.262460730187864e-05	14.052285701773942	-2.985766849428773e-06	13.083516601294797	-3.0916838856283073e-06	12.254147298231313	-2.1565434920908767e-06	11.519672364916124	-2.281583966853148e-06	10.853617137505854	-2.438741853077997e-06	10.247734806629834	-3.946335104360832e-06	9.724628760814358	-1.4347428725560948e-06	9.245511411984353	-1.5728760668031922e-06	8.809937709248501	1.7356048930173144e-06	8.420017731863387	0.0	8.06605572179173	0.0	7.747281571571304	-9.723890139489204e-06	7.451991829800336	5.4981306355839015e-06	7.184440740206922	0.0	6.934814873236205	-2.867969441785598e-05	6.704548737057991	2.063302108694755e-05	6.502714211727697	-4.795450076966974e-05	6.313894630984971	-6.145629061003749e-05	6.124448684356684	-8.494400230002221e-05	5.948542707407521	-0.00010726736390453205	5.781588857129894	-0.00012703713113861566	5.637782931752781	1.0737563217403443e-05	5.5024221895571035	1.2782166321548175e-05	5.366860208171413	0.0	5.213642073070832	0.0	5.086386458812954	0.0
11	73	22	0	0	1147	2238	1299	1094	1478	732	1646	604	1810	706	1997	750	2146	844	2284	947	2392	1030	2475	1199	2586	1394	2634	1602	2631	1781	2656	1963	2615	2142	2602	2292	2557	2395	2549	2492	2488	2595	2444	2653	2377	2660	2307	2628	2201	2588	2119	2568	1993	2547	1904	2482	1827	2415	1733	2358	1639	4080	4095	273.0	373.0467180384673	399.93680477142334	15	1	0.6263256072998047	9.617918313570488	4.4534412955465585			3.765841486637337	3.1670558267883675	3.9165435523261074	3.017431597528685	4.107837687604224	3.787251655629139	4.221595280841242	4.111080860332153	4.312809759817003	5.100050567073612	4.476273731871876	5.0740815912319865	4.553363038404414	5.28788922999812	4.618433291543657	5.275766016713092	4.638265691958659	5.177700698738249	4.653567735263702	5.410161537767349	4.746086222401673	5.590311196663459	4.733323749281196	5.726541554959786	4.676003270180926	5.686643890290239	4.692579505300353	5.64859576427256	4.636853677565784	5.59356557163002	4.653408684455254	5.496007481476153	4.633589446216294	5.345385559647361	4.6786953249756795	5.240358329478067	4.661096331822099	5.153103776956988	4.693591442453573	5.0876385532926784	4.689565371791583	4.9612981441760695	4.701926016508713	4.795795466987847	4.638371406895389	4.669962827962034	4.644790776177637	4.62361138618318	4.550851714846782	4.608286593088475	4.54567158477773	4.52144132327759	4.562253408580133	4.478276188180318	4.5600463109146405	4.475742160807836	4.5348901554977585	5.114897137914174	5.109552804951088	4.223391089108911	5.065004677864149	4.568874167445125	3.978779840848806	4.761904761904762	4.619122654357821	3.2947133757961784	13.2665	0.08522197340120724	20.476554713616054	0.0	17.256023911769326	4.788487709388596e-06	15.287698983040313	1.262460730187864e-05	14.052285701773942	-2.985766849428773e-06	13.083516601294797	-3.0916838856283073e-06	12.254147298231313	-2.1565434920908767e-06	11.519672364916124	-2.281583966853148e-06	10.853617137505854	-2.438741853077997e-06	10.247734806629834	-3.946335104360832e-06	9.724628760814358	-1.4347428725560948e-06	9.245511411984353	-1.5728760668031922e-06	8.809937709248501	1.7356048930173144e-06	8.420017731863387	0.0	8.06605572179173	0.0	7.747281571571304	-9.723890139489204e-06	7.451991829800336	5.4981306355839015e-06	7.184440740206922	0.0	6.934814873236205	-2.867969441785598e-05	6.704548737057991	2.063302108694755e-05	6.502714211727697	-4.795450076966974e-05	6.313894630984971	-6.145629061003749e-05	6.124448684356684	-8.494400230002221e-05	5.948542707407521	-0.00010726736390453205	5.781588857129894	-0.00012703713113861566	5.637782931752781	1.0737563217403443e-05	5.5024221895571035	1.2782166321548175e-05	5.366860208171413	0.0	5.213642073070832	0.0	5.086386458812954	0.0
12	91	19	0	0	1181	2854	1253	1295	1427	868	1608	679	1773	697	1877	733	2005	909	2149	1066	2292	1219	2352	1322	2382	1494	2464	1681	2473	1813	2472	1957	2473	2125	2465	2282	2412	2356	2378	2377	2325	2453	2252	2468	2194	2446	2101	2465	2004	2444	1919	2377	1848	2328	1755	2259	1653	2198	1551	2097	1465	4078	4095	236.0	355.62568482244217	366.1463317871094	17	1	0.6370439529418945	11.989459815546773	3.8461538461538463			3.8774706152734915	4.038774499398571	3.777851478879609	3.5718225948808477	3.9660922734852693	4.4908940397351	4.124134393434214	4.621562755240947	4.22464735036218	5.035035758144911	4.207293838118934	4.959069075164062	4.254190536813071	5.6951318839671705	4.345452339547863	5.938718662952646	4.44435826336507	6.127783642487307	4.422299520541506	5.965165598772674	4.371684989079964	5.991337824831569	4.427832087406555	6.00893655049151	4.395194255856112	5.788818289217408	4.3674911660777385	5.631330570902394	4.385062770409249	5.549172194077402	4.408398311753344	5.472028391242836	4.370832125253696	5.25834170293494	4.364824434206421	4.998527989233292	4.355727078571696	4.871122761031018	4.324864127825469	4.73286541633107	4.328526052044903	4.56215611302807	4.28207479873637	4.498339355450929	4.223215038354548	4.4101194557724925	4.206396177199097	4.279721286977188	4.2197561309768465	4.212049936674507	4.189944134078212	4.115203847415018	4.127753083953453	4.075880356778608	4.081149352699716	3.9803355857565865	4.0534558131813405	5.112389835395589	5.109552804951088	3.650990099009901	4.828472333614185	4.18285213275887	4.509283819628647	4.761904761904762	4.698169962332435	3.2947133757961784	13.2665	0.08522197340120724	20.476554713616054	0.0	17.256023911769326	4.788487709388596e-06	15.287698983040313	1.262460730187864e-05	14.052285701773942	-2.985766849428773e-06	13.083516601294797	-3.0916838856283073e-06	12.254147298231313	-2.1565434920908767e-06	11.519672364916124	-2.281583966853148e-06	10.853617137505854	-2.438741853077997e-06	10.247734806629834	-3.946335104360832e-06	9.724628760814358	-1.4347428725560948e-06	9.245511411984353	-1.5728760668031922e-06	8.809937709248501	1.7356048930173144e-06	8.420017731863387	0.0	8.06605572179173	0.0	7.747281571571304	-9.723890139489204e-06	7.451991829800336	5.4981306355839015e-06	7.184440740206922	0.0	6.934814873236205	-2.867969441785598e-05	6.704548737057991	2.063302108694755e-05	6.502714211727697	-4.795450076966974e-05	6.313894630984971	-6.145629061003749e-05	6.124448684356684	-8.494400230002221e-05	5.948542707407521	-0.00010726736390453205	5.781588857129894	-0.00012703713113861566	5.637782931752781	1.0737563217403443e-05	5.5024221895571035	1.2782166321548175e-05	5.366860208171413	0.0	5.213642073070832	0.0	5.086386458812954	0.0
13	90	26	0	0	1101	3654	1230	1607	1421	925	1471	770	1574	697	1677	824	1778	917	1888	1057	2009	1160	2080	1314	2144	1414	2213	1566	2278	1666	2303	1770	2325	1887	2303	2020	2261	2082	2220	2160	2176	2223	2115	2277	2025	2308	1958	2317	1886	2266	1826	2223	1778	2175	1702	2105	1606	2017	1530	1944	1467	3826	3841	200.0	340.80518302258395	334.9049005508423	15	1	0.648961067199707	11.857707509881422	5.263157894736842			3.614813842011951	5.170876671619613	3.70850544215636	4.432369814651368	3.949416342412451	4.78580298013245	3.7727622467299304	5.2409474543969505	3.7504765535646203	5.035035758144911	3.7589940151973638	5.574724308233543	3.772544027158922	5.745254056763361	3.8176891656893273	5.888579387186629	3.8956002404452112	5.831196903433368	3.9108771270094955	5.929067773666636	3.934883550204636	5.67051652229708	3.9767826336975274	5.597855227882038	4.0486261685565	5.319454644145726	4.068904593639576	5.093232044198895	4.122632810837648	4.9276649083407325	4.118678017025538	4.843776227129943	4.0972020875616115	4.64680281218614	4.074815073144766	4.542204651554023	4.0765858593428	4.414392946503038	4.0617618252002075	4.366586123576114	3.9951072267050725	4.304765457427958	3.9906246815448894	4.2282565057118875	3.974542695776785	4.088924176260421	4.002542688674075	4.002448641544085	4.0599168835913595	3.9352270671250222	4.0634102086616055	3.83466316901665	4.0103880537382	3.740241437498841	4.025892011367224	3.689924834864475	4.0589895412539425	4.7964697180538325	4.792623278099422	3.094059405940594	4.627248445787794	3.825950326207274	3.978779840848806	4.761904761904762	4.786058133918054	3.2947133757961784	13.2665	0.08522197340120724	20.476554713616054	0.0	17.256023911769326	4.788487709388596e-06	15.287698983040313	1.262460730187864e-05	14.052285701773942	-2.985766849428773e-06	13.083516601294797	-3.0916838856283073e-06	12.254147298231313	-2.1565434920908767e-06	11.519672364916124	-2.281583966853148e-06	10.853617137505854	-2.438741853077997e-06	10.247734806629834	-3.946335104360832e-06	9.724628760814358	-1.4347428725560948e-06	9.245511411984353	-1.5728760668031922e-06	8.809937709248501	1.7356048930173144e-06	8.420017731863387	0.0	8.06605572179173	0.0	7.747281571571304	-9.723890139489204e-06	7.451991829800336	5.4981306355839015e-06	7.184440740206922	0.0	6.934814873236205	-2.867969441785598e-05	6.704548737057991	2.063302108694755e-05	6.502714211727697	-4.795450076966974e-05	6.313894630984971	-6.145629061003749e-05	6.124448684356684	-8.494400230002221e-05	5.948542707407521	-0.00010726736390453205	5.781588857129894	-0.00012703713113861566	5.637782931752781	1.0737563217403443e-05	5.5024221895571035	1.2782166321548175e-05	5.366860208171413	0.0	5.213642073070832	0.0	5.086386458812954	0.0
14	33	23	0	0	1060	4481	1101	2296	1192	1227	1271	900	1404	882	1484	910	1582	961	1642	1072	1730	1086	1821	1191	1884	1270	1933	1411	1990	1482	1968	1600	1983	1674	1962	1789	1963	1857	1969	1934	1951	1970	1922	1958	1892	1983	1824	1964	1768	1967	1722	1986	1669	1938	1608	1912	1551	1860	1483	1805	1414	3549	3565	162.0	320.29119979286014	297.8107442855835	16	1	0.6668243408203125	4.3478260869565215	4.65587044534413			3.4802022457154114	6.3411872921531165	3.319564627491181	6.332744924977934	3.312951639799889	6.34830298013245	3.259810207745576	6.125782738905527	3.345406023637057	6.371451275012642	3.3263846860780486	6.156552330694811	3.356673032039041	6.0209260071424096	3.3202572087192137	5.972144846796657	3.3545985146690973	5.459206756145378	3.4238977155212935	5.374063712661313	3.45770550773579	5.093038177735002	3.4736198964922367	5.043789097408401	3.5367717626986104	4.7319518503145055	3.477031802120141	4.6040515653775325	3.516206823178949	4.371442001357915	3.508834680592317	4.289859242740331	3.557190489997101	4.144626715768329	3.6141039995594793	4.066955461159945	3.6550638839971525	3.9119901505222607	3.691114055808416	3.754842173896368	3.732712529839998	3.698591811992912	3.7175175787221035	3.5840724114018756	3.725870353199022	3.549388285394637	3.7745774972052346	3.57573684305288	3.8110243412339586	3.5064230142934685	3.838991548488755	3.4830764746602543	3.8730459971033313	3.4491071263003694	3.9022208188611724	3.4260876167337333	3.912345747329976	4.449208319229757	4.448243162307846	2.5061881188118815	4.348721880625884	3.402187045855079	4.244031830238726	4.761904761904762	4.917798958339487	3.2947133757961784	13.2665	0.08522197340120724	20.476554713616054	0.0	17.256023911769326	4.788487709388596e-06	15.287698983040313	1.262460730187864e-05	14.052285701773942	-2.985766849428773e-06	13.083516601294797	-3.0916838856283073e-06	12.254147298231313	-2.1565434920908767e-06	11.519672364916124	-2.281583966853148e-06	10.853617137505854	-2.438741853077997e-06	10.247734806629834	-3.946335104360832e-06	9.724628760814358	-1.4347428725560948e-06	9.245511411984353	-1.5728760668031922e-06	8.809937709248501	1.7356048930173144e-06	8.420017731863387	0.0	8.06605572179173	0.0	7.747281571571304	-9.723890139489204e-06	7.451991829800336	5.4981306355839015e-06	7.184440740206922	0.0	6.934814873236205	-2.867969441785598e-05	6.704548737057991	2.063302108694755e-05	6.502714211727697	-4.795450076966974e-05	6.313894630984971	-6.145629061003749e-05	6.124448684356684	-8.494400230002221e-05	5.948542707407521	-0.00010726736390453205	5.781588857129894	-0.00012703713113861566	5.637782931752781	1.0737563217403443e-05	5.5024221895571035	1.2782166321548175e-05	5.366860208171413	0.0	5.213642073070832	0.0	5.086386458812954	0.0
15	83	15	0	0	976	5656	1058	2405	1123	1354	1211	992	1271	932	1311	936	1390	977	1468	1051	1570	1127	1607	1216	1651	1294	1715	1325	1746	1420	1785	1498	1760	1598	1774	1648	1766	1712	1725	1745	1702	1784	1672	1755	1642	1773	1567	1762	1541	1730	1476	1689	1436	1657	1361	1632	1301	1556	1218	1501	1161	3624	3640	131.0	295.21420007672657	260.655553817749	16	1	0.6863794326782227	10.935441370223979	3.0364372469635628			3.2044126337907937	8.003962357602774	3.1899176892694543	6.633384819064431	3.121178432462479	7.005380794701986	3.1059245960502695	6.751973863326981	3.0284979031643156	6.732644657949867	2.938605339250891	6.33245382585752	2.9492892000848716	6.121170352734791	2.968415092813524	5.855153203342618	3.044346628919354	5.665309405318453	3.021528626492432	5.486869416117679	3.0300805696771707	5.189284568495348	3.0818717653824037	4.736371760500447	3.103117335513454	4.533988952393115	3.153710247349823	4.310543278084714	3.1207887084190364	4.172977489946206	3.1726160669575796	3.9517540704505674	3.2002029573789503	3.821002120299074	3.166241441970595	3.6695125541489673	3.1885795646146353	3.5426347352952856	3.211000364886405	3.3655505695547117	3.2394894154319647	3.30691037955796	3.193722612860491	3.2154458191904816	3.2474922026468853	3.1217294019993505	3.2353521404616297	3.0409967411461802	3.278987989222268	2.9980097702189252	3.249295707396266	2.9730025139359495	3.2487639214902866	2.8853820906039647	3.204925797284496	2.84906233391542	3.2123291461457586	4.543232163676708	4.541824715512078	2.026608910891089	4.00824141336195	2.9777265113663516	4.244031830238726	4.761904761904762	5.062016864738585	3.2947133757961784	13.2665	0.08522197340120724	20.476554713616054	0.0	17.256023911769326	4.788487709388596e-06	15.287698983040313	1.262460730187864e-05	14.052285701773942	-2.985766849428773e-06	13.083516601294797	-3.0916838856283073e-06	12.254147298231313	-2.1565434920908767e-06	11.519672364916124	-2.281583966853148e-06	10.853617137505854	-2.438741853077997e-06	10.247734806629834	-3.946335104360832e-06	9.724628760814358	-1.4347428725560948e-06	9.245511411984353	-1.5728760668031922e-06	8.809937709248501	1.7356048930173144e-06	8.420017731863387	0.0	8.06605572179173	0.0	7.747281571571304	-9.723890139489204e-06	7.451991829800336	5.4981306355839015e-06	7.184440740206922	0.0	6.934814873236205	-2.867969441785598e-05	6.704548737057991	2.063302108694755e-05	6.502714211727697	-4.795450076966974e-05	6.313894630984971	-6.145629061003749e-05	6.124448684356684	-8.494400230002221e-05	5.948542707407521	-0.00010726736390453205	5.781588857129894	-0.00012703713113861566	5.637782931752781	1.0737563217403443e-05	5.5024221895571035	1.2782166321548175e-05	5.366860208171413	0.0	5.213642073070832	0.0	5.086386458812954	0.0
16	163	11	0	0	964	5970	1003	2496	1041	1304	1120	1011	1162	915	1236	950	1305	983	1408	1039	1489	1126	1488	1171	1521	1237	1568	1332	1561	1420	1583	1479	1599	1493	1595	1523	1607	1554	1543	1579	1495	1595	1448	1576	1404	1609	1358	1543	1330	1501	1268	1452	1180	1402	1121	1354	1057	1313	969	1230	916	3756	3772	113.0	277.2187142930335	235.01384353637695	16	1	0.7035017013549805	21.47562582345191	2.2267206477732793			3.165014117801563	8.448312460199533	3.0240902101486418	6.884377758164166	2.8932740411339632	6.746688741721854	2.872531418312388	6.881295943370541	2.7687762104460543	6.60983890775121	2.7704929056553023	6.427170015560517	2.7689369828134947	6.158761982331934	2.8470902252598376	5.788300835654596	2.8872816117585467	5.660282511436184	2.7977813293221776	5.283819149896219	2.791491548442748	4.960699390439525	2.8177113283496262	4.761394101876676	2.7743219706394626	4.533988952393115	2.796819787985866	4.255870165745856	2.835307468614795	3.898783099180028	2.852493025252164	3.6520154425341103	2.91207596404755	3.468362905925678	2.8321800260641328	3.320435715186945	2.800779347296639	3.1673219746614247	2.7808184978202837	3.022283588386453	2.7699410105155167	3.001025832323044	2.76775705696525	2.8157961969414944	2.802832335834106	2.7085062615034827	2.7794217575239473	2.6142849426549755	2.694433027355345	2.536638320969785	2.676311894188989	2.466571938645389	2.6394646156919546	2.434772933780852	2.549731607199242	2.3346746640346216	2.5344474572519506	4.708714129903344	4.7065282491515275	1.7481435643564358	3.7639094965604607	2.6847958625338944	4.244031830238726	4.761904761904762	5.188292811653454	3.2947133757961784	13.2665	0.08522197340120724	20.476554713616054	0.0	17.256023911769326	4.788487709388596e-06	15.287698983040313	1.262460730187864e-05	14.052285701773942	-2.985766849428773e-06	13.083516601294797	-3.0916838856283073e-06	12.254147298231313	-2.1565434920908767e-06	11.519672364916124	-2.281583966853148e-06	10.853617137505854	-2.438741853077997e-06	10.247734806629834	-3.946335104360832e-06	9.724628760814358	-1.4347428725560948e-06	9.245511411984353	-1.5728760668031922e-06	8.809937709248501	1.7356048930173144e-06	8.420017731863387	0.0	8.06605572179173	0.0	7.747281571571304	-9.723890139489204e-06	7.451991829800336	5.4981306355839015e-06	7.184440740206922	0.0	6.934814873236205	-2.867969441785598e-05	6.704548737057991	2.063302108694755e-05	6.502714211727697	-4.795450076966974e-05	6.313894630984971	-6.145629061003749e-05	6.124448684356684	-8.494400230002221e-05	5.948542707407521	-0.00010726736390453205	5.781588857129894	-0.00012703713113861566	5.637782931752781	1.0737563217403443e-05	5.5024221895571035	1.2782166321548175e-05	5.366860208171413	0.0	5.213642073070832	0.0	5.086386458812954	0.0
17	2	8	0	0	914	7575	957	4360	926	1984	986	1319	1042	997	1095	894	1141	910	1171	914	1207	952	1235	990	1311	1091	1367	1139	1410	1152	1438	1192	1438	1221	1406	1314	1410	1366	1405	1403	1390	1449	1357	1416	1354	1394	1358	1409	1347	1400	1297	1365	1295	1364	1251	1370	1195	1349	1146	1308	1104	3134	3149	100.0	261.15433131096813	213.29437828063965	15	1	0.7186689376831055	0.2635046113306983	1.6194331983805668			3.0008536345131	10.719592443218	2.8853981367021437	12.025595763459842	2.573652028904947	10.264900662251655	2.52885355219287	8.977674925129323	2.4828440716736564	7.202196055768257	2.454441530495595	6.048305256748528	2.4209632930193083	5.701397155566694	2.367856998422777	5.09192200557103	2.3404626631246246	4.7856029759211784	2.322083294161888	4.467105856872124	2.406078514140988	4.375200513314084	2.4565123634272568	4.071492403932083	2.505953862012583	3.678278361378077	2.540636042402827	3.430018416206262	2.549826228810554	3.188489058338121	2.5144860147363906	3.1508524566577947	2.5550884314294	3.0487668786965743	2.5788807107064846	2.950330150986247	2.6040690921353367	2.8773978315262716	2.6060571143246722	2.715452767230468	2.67129638763391	2.6000186514967827	2.76775705696525	2.57126172488047	2.8386580123071736	2.5262550073983183	2.8429889743758356	2.4576439027025083	2.957026076631502	2.4678849285326576	2.9866781263429307	2.4957190221153494	2.984068321430355	2.5015298459027946	3.0154720555730976	2.4827272037051094	3.0546178960765866	3.928943046623291	3.9291774805350372	1.547029702970297	3.5457969358093653	2.436672902721843	3.978779840848806	4.761904761904762	5.300150484580605	3.2947133757961784	13.2665	0.08522197340120724	20.476554713616054	0.0	17.256023911769326	4.788487709388596e-06	15.287698983040313	1.262460730187864e-05	14.052285701773942	-2.985766849428773e-06	13.083516601294797	-3.0916838856283073e-06	12.254147298231313	-2.1565434920908767e-06	11.519672364916124	-2.281583966853148e-06	10.853617137505854	-2.438741853077997e-06	10.247734806629834	-3.946335104360832e-06	9.724628760814358	-1.4347428725560948e-06	9.245511411984353	-1.5728760668031922e-06	8.809937709248501	1.7356048930173144e-06	8.420017731863387	0.0	8.06605572179173	0.0	7.747281571571304	-9.723890139489204e-06	7.451991829800336	5.4981306355839015e-06	7.184440740206922	0.0	6.934814873236205	-2.867969441785598e-05	6.704548737057991	2.063302108694755e-05	6.502714211727697	-4.795450076966974e-05	6.313894630984971	-6.145629061003749e-05	6.124448684356684	-8.494400230002221e-05	5.948542707407521	-0.00010726736390453205	5.781588857129894	-0.00012703713113861566	5.637782931752781	1.0737563217403443e-05	5.5024221895571035	1.2782166321548175e-05	5.366860208171413	0.0	5.213642073070832	0.0	5.086386458812954	0.0
18	7	7	0	0	936	8950	899	4738	889	2029	893	1217	955	999	977	936	999	890	1069	882	1063	928	1106	960	1106	990	1129	1017	1149	1073	1227	1076	1246	1094	1242	1117	1258	1144	1240	1197	1247	1244	1235	1240	1189	1258	1170	1239	1146	1246	1115	1234	1097	1177	1067	1168	1019	1120	977	1113	940	3099	3114	88.0	240.85218288064843	188.59234523773193	15	1	0.7372331619262695	0.922266139657444	1.417004048582996			3.0730842471600237	12.665393051722917	2.710525522356559	13.068181818181818	2.470817120622568	10.497723509933774	2.290330854065145	8.283419548053363	2.275543271063668	7.2166437910857475	2.189944634971869	6.33245382585752	2.119669000636537	5.576091723576217	2.16160472358151	4.913649025069637	2.0612359659498556	4.664957522746695	2.0795337031117795	4.3317390127244835	2.0298419806559362	3.9701636188642926	2.02882403680276	3.6353887399463805	2.042085806703871	3.4260353140266293	2.1678445229681977	3.0962246777163904	2.209376551528477	2.856844414268554	2.2211889262465125	2.6784643790614586	2.279646274282401	2.5532864635643344	2.276022833648428	2.5171384110695207	2.336168458915658	2.4703125620556814	2.371761633154731	2.3779388639588848	2.345769132124608	2.3463582952531943	2.3845918679302964	2.261031424504544	2.415072072831493	2.248366956584503	2.4440498893053637	2.221782106912011	2.504909348312554	2.1295458657499546	2.547390536217352	2.127737093307101	2.5445737401987714	2.0768817104604373	2.570782022944953	2.112595854528889	2.600852194123181	3.8850652525480465	3.885506089039729	1.3613861386138615	3.2701465365484927	2.1544771175211777	3.978779840848806	4.761904761904762	5.437060787724465	3.2947133757961784	13.2665	0.08522197340120724	20.476554713616054	0.0	17.256023911769326	4.788487709388596e-06	15.287698983040313	1.262460730187864e-05	14.052285701773942	-2.985766849428773e-06	13.083516601294797	-3.0916838856283073e-06	12.254147298231313	-2.1565434920908767e-06	11.519672364916124	-2.281583966853148e-06	10.853617137505854	-2.438741853077997e-06	10.247734806629834	-3.946335104360832e-06	9.724628760814358	-1.4347428725560948e-06	9.245511411984353	-1.5728760668031922e-06	8.809937709248501	1.7356048930173144e-06	8.420017731863387	0.0	8.06605572179173	0.0	7.747281571571304	-9.723890139489204e-06	7.451991829800336	5.4981306355839015e-06	7.184440740206922	0.0	6.934814873236205	-2.867969441785598e-05	6.704548737057991	2.063302108694755e-05	6.502714211727697	-4.795450076966974e-05	6.313894630984971	-6.145629061003749e-05	6.124448684356684	-8.494400230002221e-05	5.948542707407521	-0.00010726736390453205	5.781588857129894	-0.00012703713113861566	5.637782931752781	1.0737563217403443e-05	5.5024221895571035	1.2782166321548175e-05	5.366860208171413	0.0	5.213642073070832	0.0	5.086386458812954	0.0
19	16	6	0	0	953	10461	849	4288	774	1777	796	1189	775	929	806	825	834	783	898	781	940	781	971	823	1003	855	1028	923	1039	962	1034	982	1023	1035	1007	1047	996	1035	1012	1030	1009	1008	974	998	950	1012	928	999	894	974	879	952	871	920	834	894	783	877	754	864	731	3281	3296	77.0	216.48241929977172	161.40202617645264	15	1	0.7603912353515625	2.1080368906455864	1.214574898785425			3.1288988114781007	14.803651029505414	2.559773268610366	11.827007943512797	2.151195108393552	9.193915562913906	2.041549115157733	8.092839640620745	1.8466450629050706	6.710973054973633	1.8066482863739268	5.5814897503551855	1.769573520050923	4.905707662427166	1.8158288510535043	4.350974930362117	1.8227298287797407	3.926004122052983	1.8257027357337596	3.713563757783594	1.8408060638317396	3.4287776708373436	1.847326049453709	3.299374441465594	1.8465858600220382	3.0716178677480124	1.8268551236749118	2.8257366482504604	1.8139584367685653	2.7027732804094637	1.8009156592030902	2.5106107474282426	1.80487097709481	2.3100100435219284	1.857528312622749	2.165958699583631	1.8902918805500393	2.0016680567139282	1.8705229398321521	1.9138572469604573	1.8742478347505278	1.8875314744008207	1.8913685926831754	1.8230592357385307	1.8840091039366098	1.7575516980042585	1.9267442625106859	1.714049080859185	1.9888569210394118	1.6645558168988601	1.9911187508952872	1.6285932888840309	1.955251460820057	1.6262725536373246	1.9840016840332597	1.6399665932731	2.022577610536218	4.1132297817393155	4.112597324815333	1.1912128712871288	2.9392684975065944	1.8438551770506808	3.978779840848806	4.761904761904762	5.607850518087268	3.2947133757961784	13.2665	0.08522197340120724	20.476554713616054	0.0	17.256023911769326	4.788487709388596e-06	15.287698983040313	1.262460730187864e-05	14.052285701773942	-2.985766849428773e-06	13.083516601294797	-3.0916838856283073e-06	12.254147298231313	-2.1565434920908767e-06	11.519672364916124	-2.281583966853148e-06	10.853617137505854	-2.438741853077997e-06	10.247734806629834	-3.946335104360832e-06	9.724628760814358	-1.4347428725560948e-06	9.245511411984353	-1.5728760668031922e-06	8.809937709248501	1.7356048930173144e-06	8.420017731863387	0.0	8.06605572179173	0.0	7.747281571571304	-9.723890139489204e-06	7.451991829800336	5.4981306355839015e-06	7.184440740206922	0.0	6.934814873236205	-2.867969441785598e-05	6.704548737057991	2.063302108694755e-05	6.502714211727697	-4.795450076966974e-05	6.313894630984971	-6.145629061003749e-05	6.124448684356684	-8.494400230002221e-05	5.948542707407521	-0.00010726736390453205	5.781588857129894	-0.00012703713113861566	5.637782931752781	1.0737563217403443e-05	5.5024221895571035	1.2782166321548175e-05	5.366860208171413	0.0	5.213642073070832	0.0	5.086386458812954	0.0
20	2	4	0	0	998	12625	804	6879	729	2764	703	1387	700	936	691	791	727	727	738	699	719	689	719	709	731	735	763	723	791	718	807	748	841	743	823	781	809	803	829	827	838	828	839	810	824	826	828	838	792	836	775	823	758	817	747	787	728	767	702	761	688	2794	2806	69.0	192.4177418414786	138.35374927520752	12	1	0.7796382904052734	0.2635046113306983	0.8097165991902834			3.2766432464377173	17.865987405363335	2.4240962402387916	18.973411297440425	2.026125625347415	14.30049668874172	1.8030264170300077	9.440511843179962	1.6679374761723216	6.761540128584845	1.548875888194024	5.351464718219336	1.5425419053681306	4.554852452853831	1.4922958709103409	3.8941504178272983	1.394194411587908	3.46352988488413	1.3518849299614553	3.199169750022561	1.3416044194027932	2.947545717035611	1.3711184588844163	2.584450402144772	1.4058223438666335	2.2925380759283502	1.4257950530035335	2.1523941068139965	1.4912405135115965	1.940251736564475	1.4718506330924959	1.8727669472220223	1.4660046390258046	1.7922106907711195	1.5216313944310862	1.7390755772385076	1.5699351792873468	1.6442273323007268	1.6112615467342668	1.5533310321021747	1.6256633850888789	1.540613634244148	1.687557321919902	1.52925289244133	1.6690550450982045	1.5085351329892815	1.698779071041845	1.4817882285158712	1.7308307074028406	1.478197937398227	1.7834121186076493	1.4336721681786715	1.8179094041851869	1.4222930999313887	1.8471739816861381	1.4444613165287374	1.9036024569752643	3.502701618463776	3.501197843881014	1.067450495049505	2.6125327349231586	1.580551885925959	3.183023872679045	4.761904761904762	5.749796667170251	3.2947133757961784	13.2665	0.08522197340120724	20.476554713616054	0.0	17.256023911769326	4.788487709388596e-06	15.287698983040313	1.262460730187864e-05	14.052285701773942	-2.985766849428773e-06	13.083516601294797	-3.0916838856283073e-06	12.254147298231313	-2.1565434920908767e-06	11.519672364916124	-2.281583966853148e-06	10.853617137505854	-2.438741853077997e-06	10.247734806629834	-3.946335104360832e-06	9.724628760814358	-1.4347428725560948e-06	9.245511411984353	-1.5728760668031922e-06	8.809937709248501	1.7356048930173144e-06	8.420017731863387	0.0	8.06605572179173	0.0	7.747281571571304	-9.723890139489204e-06	7.451991829800336	5.4981306355839015e-06	7.184440740206922	0.0	6.934814873236205	-2.867969441785598e-05	6.704548737057991	2.063302108694755e-05	6.502714211727697	-4.795450076966974e-05	6.313894630984971	-6.145629061003749e-05	6.124448684356684	-8.494400230002221e-05	5.948542707407521	-0.00010726736390453205	5.781588857129894	-0.00012703713113861566	5.637782931752781	1.0737563217403443e-05	5.5024221895571035	1.2782166321548175e-05	5.366860208171413	0.0	5.213642073070832	0.0	5.086386458812954	0.0
