	counts(inten<0.01	MicrocoloniesPlatonic	MicrocoloniesAggregates	MicrocoloniesLarge	counts(Norminten<0.01	counts(inten<0.02	counts(Norminten<0.02	counts(inten<0.03	counts(Norminten<0.03	counts(inten<0.04	counts(Norminten<0.04	counts(inten<0.05	counts(Norminten<0.05	counts(inten<0.060000000000000005	counts(Norminten<0.060000000000000005	counts(inten<0.06999999999999999	counts(Norminten<0.06999999999999999	counts(inten<0.08	counts(Norminten<0.08	counts(inten<0.09	counts(Norminten<0.09	counts(inten<0.09999999999999999	counts(Norminten<0.09999999999999999	counts(inten<0.11	counts(Norminten<0.11	counts(inten<0.12	counts(Norminten<0.12	counts(inten<0.13	counts(Norminten<0.13	counts(inten<0.14	counts(Norminten<0.14	counts(inten<0.15000000000000002	counts(Norminten<0.15000000000000002	counts(inten<0.16	counts(Norminten<0.16	counts(inten<0.17	counts(Norminten<0.17	counts(inten<0.18000000000000002	counts(Norminten<0.18000000000000002	counts(inten<0.19	counts(Norminten<0.19	counts(inten<0.2	counts(Norminten<0.2	counts(inten<0.21000000000000002	counts(Norminten<0.21000000000000002	counts(inten<0.22	counts(Norminten<0.22	counts(inten<0.23	counts(Norminten<0.23	counts(inten<0.24000000000000002	counts(Norminten<0.24000000000000002	counts(inten<0.25	counts(Norminten<0.25	counts(inten<0.26	counts(Norminten<0.26	counts(inten<0.27	counts(Norminten<0.27	counts(inten<0.28	counts(Norminten<0.28	counts(inten<0.29000000000000004	counts(Norminten<0.29000000000000004	diff	max	med	std	mean	min	eigenLocal	minProp	counts(inten<0.01Normalized	MicrocoloniesPlatonicNormalized	MicrocoloniesAggregatesNormalized	MicrocoloniesLargeNormalized	counts(Norminten<0.01Normalized	counts(inten<0.02Normalized	counts(Norminten<0.02Normalized	counts(inten<0.03Normalized	counts(Norminten<0.03Normalized	counts(inten<0.04Normalized	counts(Norminten<0.04Normalized	counts(inten<0.05Normalized	counts(Norminten<0.05Normalized	counts(inten<0.060000000000000005Normalized	counts(Norminten<0.060000000000000005Normalized	counts(inten<0.06999999999999999Normalized	counts(Norminten<0.06999999999999999Normalized	counts(inten<0.08Normalized	counts(Norminten<0.08Normalized	counts(inten<0.09Normalized	counts(Norminten<0.09Normalized	counts(inten<0.09999999999999999Normalized	counts(Norminten<0.09999999999999999Normalized	counts(inten<0.11Normalized	counts(Norminten<0.11Normalized	counts(inten<0.12Normalized	counts(Norminten<0.12Normalized	counts(inten<0.13Normalized	counts(Norminten<0.13Normalized	counts(inten<0.14Normalized	counts(Norminten<0.14Normalized	counts(inten<0.15000000000000002Normalized	counts(Norminten<0.15000000000000002Normalized	counts(inten<0.16Normalized	counts(Norminten<0.16Normalized	counts(inten<0.17Normalized	counts(Norminten<0.17Normalized	counts(inten<0.18000000000000002Normalized	counts(Norminten<0.18000000000000002Normalized	counts(inten<0.19Normalized	counts(Norminten<0.19Normalized	counts(inten<0.2Normalized	counts(Norminten<0.2Normalized	counts(inten<0.21000000000000002Normalized	counts(Norminten<0.21000000000000002Normalized	counts(inten<0.22Normalized	counts(Norminten<0.22Normalized	counts(inten<0.23Normalized	counts(Norminten<0.23Normalized	counts(inten<0.24000000000000002Normalized	counts(Norminten<0.24000000000000002Normalized	counts(inten<0.25Normalized	counts(Norminten<0.25Normalized	counts(inten<0.26Normalized	counts(Norminten<0.26Normalized	counts(inten<0.27Normalized	counts(Norminten<0.27Normalized	counts(inten<0.28Normalized	counts(Norminten<0.28Normalized	counts(inten<0.29000000000000004Normalized	counts(Norminten<0.29000000000000004Normalized	diffNormalized	maxNormalized	medNormalized	stdNormalized	meanNormalized	minNormalized	eigenLocalNormalized	minPropNormalized	BioVolume	SubstratumCoverage	Homogenity	ThicknessThreshold=0.01	RoughnessThreshold=0.01	ThicknessThreshold=0.02	RoughnessThreshold=0.02	ThicknessThreshold=0.03	RoughnessThreshold=0.03	ThicknessThreshold=0.04	RoughnessThreshold=0.04	ThicknessThreshold=0.05	RoughnessThreshold=0.05	ThicknessThreshold=0.060000000000000005	RoughnessThreshold=0.060000000000000005	ThicknessThreshold=0.06999999999999999	RoughnessThreshold=0.06999999999999999	ThicknessThreshold=0.08	RoughnessThreshold=0.08	ThicknessThreshold=0.09	RoughnessThreshold=0.09	ThicknessThreshold=0.09999999999999999	RoughnessThreshold=0.09999999999999999	ThicknessThreshold=0.11	RoughnessThreshold=0.11	ThicknessThreshold=0.12	RoughnessThreshold=0.12	ThicknessThreshold=0.13	RoughnessThreshold=0.13	ThicknessThreshold=0.14	RoughnessThreshold=0.14	ThicknessThreshold=0.15000000000000002	RoughnessThreshold=0.15000000000000002	ThicknessThreshold=0.16	RoughnessThreshold=0.16	ThicknessThreshold=0.17	RoughnessThreshold=0.17	ThicknessThreshold=0.18000000000000002	RoughnessThreshold=0.18000000000000002	ThicknessThreshold=0.19	RoughnessThreshold=0.19	ThicknessThreshold=0.2	RoughnessThreshold=0.2	ThicknessThreshold=0.21000000000000002	RoughnessThreshold=0.21000000000000002	ThicknessThreshold=0.22	RoughnessThreshold=0.22	ThicknessThreshold=0.23	RoughnessThreshold=0.23	ThicknessThreshold=0.24000000000000002	RoughnessThreshold=0.24000000000000002	ThicknessThreshold=0.25	RoughnessThreshold=0.25	ThicknessThreshold=0.26	RoughnessThreshold=0.26	ThicknessThreshold=0.27	RoughnessThreshold=0.27	ThicknessThreshold=0.28	RoughnessThreshold=0.28	ThicknessThreshold=0.29000000000000004	RoughnessThreshold=0.29000000000000004
0	1	32	0	0	2049	9	2196	143	2413	340	2590	417	2722	460	2857	466	2972	514	3143	516	3264	530	3447	569	3575	598	3713	695	3836	722	3930	847	4018	913	4105	1034	4194	1164	4275	1321	4343	1490	4405	1685	4477	1896	4538	2117	4576	2306	4561	2579	4577	2740	4584	2916	4616	3110	4590	3273	4555	4052	4095	734.0	635.6930600468206	898.3349466323853	43	1	0.5984888076782227	4.0	6.299212598425196			7.733826526760776	0.026084688287974958	8.031012287887654	0.2250798797475328	8.436472973917908	0.8332516419958828	8.70851686224404	1.5653740756034387	8.77130796249154	2.2440119030196595	8.868539500232812	2.5593145869947276	8.809580270334362	2.8895884866201933	8.943714074327017	2.877697841726619	8.95374993142042	2.9310916933967484	9.109648775073337	3.0427807486631013	9.171134655344911	3.08756712102437	9.233791748526523	3.456507683891182	9.25407700472836	3.4252099245694763	9.261659557419932	3.7895396179141874	9.279017135467184	3.824884792626728	9.287330316742082	4.090999010880317	9.322485996265671	4.375610856326592	9.362270596995312	4.683898876006099	9.369202226345083	5.001678415575697	9.419236197237309	5.361119949093223	9.487782652001611	5.764494846614576	9.525008920512983	6.147814723391898	9.560820692825207	6.374744291480068	9.542639551426896	6.844298187415408	9.575113491349553	7.012156110044786	9.602614324318663	7.2366298548206975	9.73511051121984	7.490546496784605	9.768659416434334	7.681836317975919	9.790224820530456	4.745175192055462	4.761904761904762	8.911011290518394	5.874844218131988	7.479042636942163	7.131011608623548	4.761904761904762	4.369286407882917	4.435207547169811	8.957	0.056638681597580225	20.959540367126465	-9.536752259018191e-06	19.126056937319664	-1.623671216129741e-05	16.865879057846143	-1.9329423635246045e-05	15.402269994909792	-1.9806274825927603e-05	14.37476296660912	-2.0467016379753208e-05	13.578155128246012	-2.125920390659131e-05	12.896386460921862	-2.2167615994821645e-05	12.289753165766298	-2.3160639882158665e-05	11.754692817242692	-7.276634605006082e-06	11.257479227547057	-8.901582828592393e-06	10.79341398513447	-1.0681193089268072e-05	10.353329208736849	-8.417555654072132e-06	9.93064200525929	-1.1805382368956567e-05	9.528383268875324	-4.659622353140353e-06	9.144269857758657	-3.2718016502967525e-06	8.779348854197714	-1.0337306304723115e-05	8.434888881625064	-1.0895758462826395e-05	8.103403743274523	-9.580471167572021e-06	7.798541873116671	-1.0111857366184735e-05	7.5122782660700365	-1.0679561881653368e-05	7.24612906133117	-1.3519024647435103e-05	6.987949052050853	-1.4292520247737017e-05	6.749321939907239	-1.5124055061643128e-05	6.52503108208338	-1.3339985539455675e-05	6.306323530242357	-1.4120105618390026e-05	6.105272612414636	-1.4969701324519174e-05	5.9106784226506806	-1.58636487661254e-05	5.729391674986302	-1.6807400634647446e-05	5.562569766653946	-1.7831796232498093e-05
1	1	36	0	0	2078	30	2254	193	2392	394	2502	457	2665	508	2792	469	2946	537	3117	562	3232	571	3355	616	3458	629	3547	742	3665	856	3766	922	3814	1039	3884	1143	3944	1286	3987	1454	4078	1607	4134	1785	4155	1938	4213	2111	4221	2349	4232	2478	4247	2684	4254	2830	4226	3057	4190	3224	4172	4056	4095	724.0	663.4200907530919	900.609188079834	39	1	0.6022186279296875	4.0	7.086614173228346			7.843285272137088	0.08694896095991653	8.243124634289059	0.30377913840051624	8.363051534857702	0.9655916086658171	8.412629030631114	1.7155298622320656	8.58763252022041	2.4781696668130153	8.66677013813441	2.57579086115993	8.732511263931706	3.0188891387452217	8.869728529964146	3.1342367966092244	8.865968069347671	3.1578365225085716	8.866513385660298	3.294117647058824	8.870988430260898	3.2476249483684425	8.820969386486285	3.6902571243845426	8.84155167422561	4.060913705583756	8.875167911766784	4.1250950740459045	8.807907256015888	4.352744030163385	8.787330316742082	4.5222551928783385	8.766782253045257	4.834222990752575	8.73154920940826	5.155479913484381	8.797514777581222	5.394427660288687	8.839755377838602	5.679287305122494	8.805391315404666	5.892189352710468	8.842852045421152	6.130390590968491	8.81910492666416	6.493614198042794	8.854297430747343	6.576258591863274	8.884751365034205	6.868841970569418	8.911326643903053	7.023203871448071	8.912603340644507	7.362894096678629	8.917360120884501	7.566831741263173	8.967029187980915	4.749859471613266	4.761904761904762	8.789607866941848	6.131087358522271	7.497976720288172	6.467661691542288	4.761904761904762	4.396516078211745	4.435207547169811	8.957	0.056638681597580225	20.959540367126465	-9.536752259018191e-06	19.126056937319664	-1.623671216129741e-05	16.865879057846143	-1.9329423635246045e-05	15.402269994909792	-1.9806274825927603e-05	14.37476296660912	-2.0467016379753208e-05	13.578155128246012	-2.125920390659131e-05	12.896386460921862	-2.2167615994821645e-05	12.289753165766298	-2.3160639882158665e-05	11.754692817242692	-7.276634605006082e-06	11.257479227547057	-8.901582828592393e-06	10.79341398513447	-1.0681193089268072e-05	10.353329208736849	-8.417555654072132e-06	9.93064200525929	-1.1805382368956567e-05	9.528383268875324	-4.659622353140353e-06	9.144269857758657	-3.2718016502967525e-06	8.779348854197714	-1.0337306304723115e-05	8.434888881625064	-1.0895758462826395e-05	8.103403743274523	-9.580471167572021e-06	7.798541873116671	-1.0111857366184735e-05	7.5122782660700365	-1.0679561881653368e-05	7.24612906133117	-1.3519024647435103e-05	6.987949052050853	-1.4292520247737017e-05	6.749321939907239	-1.5124055061643128e-05	6.52503108208338	-1.3339985539455675e-05	6.306323530242357	-1.4120105618390026e-05	6.105272612414636	-1.4969701324519174e-05	5.9106784226506806	-1.58636487661254e-05	5.729391674986302	-1.6807400634647446e-05	5.562569766653946	-1.7831796232498093e-05
2	1	36	0	0	1962	23	2095	272	2219	443	2351	484	2480	491	2636	492	2788	556	2860	594	2934	632	3017	709	3134	825	3222	836	3337	945	3407	1080	3438	1225	3517	1352	3525	1470	3579	1581	3594	1714	3621	1844	3656	1964	3624	2124	3660	2308	3643	2464	3684	2649	3686	2799	3638	2912	3590	3011	3561	4058	4095	689.0	657.100342673473	867.6007633209229	37	1	0.6068706512451172	4.0	7.086614173228346			7.405450290631841	0.06666087006926934	7.661644236395553	0.42812396707223016	7.758198727361723	1.085677874718165	7.904912410477119	1.8168850182063891	7.991492926884285	2.3952387921362015	8.182523669098247	2.7021089630931456	8.264168840407873	3.1257027209354624	8.13840987991577	3.3126986782666887	8.048499478795195	3.495188585333481	7.973255107164566	3.79144385026738	8.039814268489778	4.259603469640645	8.012732834299072	4.157756005371263	8.050275016887001	4.483134873570852	8.029128272806542	4.83199856829672	7.939587086046834	5.131964809384164	7.957013574660634	5.34915924826904	7.835422779407843	5.5259003082475004	7.838027243659935	5.605786618444846	7.7533761919143975	5.753608593487748	7.742804601633665	5.867006045179765	7.747896666454744	5.9712383326745915	7.606573893331654	6.168142877885872	7.64698508211107	6.380273124343451	7.621976734454766	6.539104588519414	7.706951737411351	6.779270633397314	7.721473909127092	6.946271249534681	7.672515606546313	7.013656398275487	7.64041117755975	7.066913887389396	7.653784980441043	4.7522016113921675	4.761904761904762	8.364695884423941	6.072682543684643	7.223166732014144	6.135986733001658	4.761904761904762	4.430478321081606	4.435207547169811	8.957	0.056638681597580225	20.959540367126465	-9.536752259018191e-06	19.126056937319664	-1.623671216129741e-05	16.865879057846143	-1.9329423635246045e-05	15.402269994909792	-1.9806274825927603e-05	14.37476296660912	-2.0467016379753208e-05	13.578155128246012	-2.125920390659131e-05	12.896386460921862	-2.2167615994821645e-05	12.289753165766298	-2.3160639882158665e-05	11.754692817242692	-7.276634605006082e-06	11.257479227547057	-8.901582828592393e-06	10.79341398513447	-1.0681193089268072e-05	10.353329208736849	-8.417555654072132e-06	9.93064200525929	-1.1805382368956567e-05	9.528383268875324	-4.659622353140353e-06	9.144269857758657	-3.2718016502967525e-06	8.779348854197714	-1.0337306304723115e-05	8.434888881625064	-1.0895758462826395e-05	8.103403743274523	-9.580471167572021e-06	7.798541873116671	-1.0111857366184735e-05	7.5122782660700365	-1.0679561881653368e-05	7.24612906133117	-1.3519024647435103e-05	6.987949052050853	-1.4292520247737017e-05	6.749321939907239	-1.5124055061643128e-05	6.52503108208338	-1.3339985539455675e-05	6.306323530242357	-1.4120105618390026e-05	6.105272612414636	-1.4969701324519174e-05	5.9106784226506806	-1.58636487661254e-05	5.729391674986302	-1.6807400634647446e-05	5.562569766653946	-1.7831796232498093e-05
3	1	35	0	0	1917	28	2032	333	2111	513	2246	524	2351	501	2420	538	2500	583	2614	641	2675	727	2738	810	2812	915	2873	988	2961	1097	3005	1199	3027	1339	3053	1494	3092	1628	3114	1742	3150	1863	3161	1917	3184	2064	3205	2197	3233	2301	3225	2425	3225	2530	3212	2648	3195	2721	3190	2816	3154	4054	4095	651.0	637.1344567179143	826.4085893630981	41	1	0.6112298965454102	4.0	6.889763779527559			7.235600513323772	0.08115236356258876	7.43124634289058	0.52413706262887	7.380602755052094	1.257229683364376	7.551864429575334	1.9670408048350165	7.575806399639094	2.444021659593151	7.512028558125097	2.954745166959578	7.410481384870761	3.2774904429952776	7.43839280632861	3.57481456695109	7.33801503264388	4.020572945470634	7.235920611009805	4.331550802139037	7.2137708114209484	4.724287484510533	7.144811121334958	4.913711642711494	7.143201775547621	5.204231699796005	7.081752409681144	5.364413225359044	6.990439240681725	5.609551738583997	6.907239819004525	5.910979228486648	6.872943896150084	6.119840613487708	6.819675003285007	6.17664787433961	6.795530051344005	6.253776435045317	6.759184022580507	6.099268215081133	6.747621166846801	6.275272870998146	6.727116260520958	6.380136489037317	6.754836822531445	6.360922209321612	6.747426562892292	6.435604150632946	6.746720779900002	6.474728087012156	6.728533422711942	6.571534929892047	6.738231820482538	6.553626050723765	6.7891118820099186	6.609242612716221	6.7790052873662034	4.747517331834364	4.761904761904762	7.9033628748330695	5.888165082290212	6.8802233493774	6.799336650082918	4.761904761904762	4.462303128822101	4.435207547169811	8.957	0.056638681597580225	20.959540367126465	-9.536752259018191e-06	19.126056937319664	-1.623671216129741e-05	16.865879057846143	-1.9329423635246045e-05	15.402269994909792	-1.9806274825927603e-05	14.37476296660912	-2.0467016379753208e-05	13.578155128246012	-2.125920390659131e-05	12.896386460921862	-2.2167615994821645e-05	12.289753165766298	-2.3160639882158665e-05	11.754692817242692	-7.276634605006082e-06	11.257479227547057	-8.901582828592393e-06	10.79341398513447	-1.0681193089268072e-05	10.353329208736849	-8.417555654072132e-06	9.93064200525929	-1.1805382368956567e-05	9.528383268875324	-4.659622353140353e-06	9.144269857758657	-3.2718016502967525e-06	8.779348854197714	-1.0337306304723115e-05	8.434888881625064	-1.0895758462826395e-05	8.103403743274523	-9.580471167572021e-06	7.798541873116671	-1.0111857366184735e-05	7.5122782660700365	-1.0679561881653368e-05	7.24612906133117	-1.3519024647435103e-05	6.987949052050853	-1.4292520247737017e-05	6.749321939907239	-1.5124055061643128e-05	6.52503108208338	-1.3339985539455675e-05	6.306323530242357	-1.4120105618390026e-05	6.105272612414636	-1.4969701324519174e-05	5.9106784226506806	-1.58636487661254e-05	5.729391674986302	-1.6807400634647446e-05	5.562569766653946	-1.7831796232498093e-05
4	1	31	0	0	1795	52	1901	370	1993	519	2046	606	2129	594	2212	611	2286	732	2372	779	2396	823	2494	907	2533	1015	2613	1104	2689	1185	2744	1274	2794	1416	2822	1513	2852	1575	2884	1642	2896	1805	2902	1904	2917	2023	2959	2082	2981	2205	3013	2291	3029	2389	2991	2451	2988	2532	2969	2613	2934	4059	4095	615.0	620.7137335673344	791.1062908172607	36	1	0.6157960891723633	4.0	6.102362204724409			6.775118894844116	0.15071153233052198	6.952165008777063	0.5823745140320779	6.968044192713796	1.2719341241054798	6.879392085000505	2.274860167423702	6.860438887635742	2.8977023269427775	6.866366599410213	3.3556678383128293	6.776144178325824	4.115133798066112	6.749758124181891	4.344431431598907	6.572666922697097	4.551487667293442	6.591083273870874	4.850267379679144	6.498037505451373	5.240603056588187	6.498221879585188	5.4906251554185115	6.48702113287658	5.62170880971583	6.466665095562416	5.699968681490761	6.452357858759411	5.932132383745287	6.384615384615384	5.986152324431257	6.339468302658487	5.920607473122322	6.3159738951425695	5.822075665709322	6.247573024981663	6.059080228264518	6.205362870461446	6.057906458797327	6.181787356687223	6.150618710285488	6.21077597968222	6.046173950922027	6.22832309556642	6.09553823187925	6.303874801238598	6.079987261484568	6.336687516997552	6.113883557261676	6.265580157948761	6.082640526119866	6.301670322254091	6.098412774874154	6.3187690212186345	6.132795080620555	6.306151399217643	4.753372681281618	4.761904761904762	7.466310549957508	5.736410727048981	6.586315829697634	5.970149253731343	4.761904761904762	4.495638762044917	4.435207547169811	8.957	0.056638681597580225	20.959540367126465	-9.536752259018191e-06	19.126056937319664	-1.623671216129741e-05	16.865879057846143	-1.9329423635246045e-05	15.402269994909792	-1.9806274825927603e-05	14.37476296660912	-2.0467016379753208e-05	13.578155128246012	-2.125920390659131e-05	12.896386460921862	-2.2167615994821645e-05	12.289753165766298	-2.3160639882158665e-05	11.754692817242692	-7.276634605006082e-06	11.257479227547057	-8.901582828592393e-06	10.79341398513447	-1.0681193089268072e-05	10.353329208736849	-8.417555654072132e-06	9.93064200525929	-1.1805382368956567e-05	9.528383268875324	-4.659622353140353e-06	9.144269857758657	-3.2718016502967525e-06	8.779348854197714	-1.0337306304723115e-05	8.434888881625064	-1.0895758462826395e-05	8.103403743274523	-9.580471167572021e-06	7.798541873116671	-1.0111857366184735e-05	7.5122782660700365	-1.0679561881653368e-05	7.24612906133117	-1.3519024647435103e-05	6.987949052050853	-1.4292520247737017e-05	6.749321939907239	-1.5124055061643128e-05	6.52503108208338	-1.3339985539455675e-05	6.306323530242357	-1.4120105618390026e-05	6.105272612414636	-1.4969701324519174e-05	5.9106784226506806	-1.58636487661254e-05	5.729391674986302	-1.6807400634647446e-05	5.562569766653946	-1.7831796232498093e-05
5	1	29	0	0	1503	71	1529	597	1614	852	1678	823	1731	867	1785	796	1918	870	1957	918	2023	932	2092	1017	2150	1058	2210	1103	2274	1154	2343	1293	2408	1380	2433	1430	2460	1449	2523	1510	2548	1574	2552	1677	2586	1739	2608	1842	2616	1962	2618	2016	2615	2086	2623	2175	2624	2224	2607	2335	2630	4064	4095	548.0	599.7765116761581	729.7937488555908	31	1	0.623194694519043	4.0	5.708661417322835			5.67298256208953	0.2057792076051358	5.591720304271504	0.9396691483166228	5.6429620306272295	2.0880305852367416	5.642042970982819	3.0894553098840047	5.577933167918022	4.229474608517489	5.540897097625329	4.3717047451669595	5.685321318472848	4.890937710816281	5.568835012236071	5.119625230048519	5.549459592911615	5.154297091029753	5.528687333174767	5.438502673796791	5.5155075549626735	5.462618752581578	5.496008554873045	5.4856517630675885	5.485863167036572	5.474643009630438	5.5216458888129525	5.784976063710796	5.5609440672486254	5.781315458734813	5.504524886877828	5.657764589515332	5.4681248332888766	5.446958875272536	5.5253821558407425	5.354040350317342	5.496828752642706	5.283652232292716	5.456955908138391	5.335666560610881	5.4803229703096195	5.287160621446596	5.474046554583045	5.34920865398577	5.465713927541682	5.423785038978272	5.4774458113649676	5.350176481515883	5.470596849438296	5.3384516954574535	5.494689653727717	5.397692021342598	5.533996963050447	5.356583732748862	5.548343158746037	5.480320135189054	5.652753299230538	4.759228030728874	4.761904761904762	6.652907611994658	5.54291653196989	6.075861330259926	5.140961857379768	4.761904761904762	4.549652513620231	4.435207547169811	8.957	0.056638681597580225	20.959540367126465	-9.536752259018191e-06	19.126056937319664	-1.623671216129741e-05	16.865879057846143	-1.9329423635246045e-05	15.402269994909792	-1.9806274825927603e-05	14.37476296660912	-2.0467016379753208e-05	13.578155128246012	-2.125920390659131e-05	12.896386460921862	-2.2167615994821645e-05	12.289753165766298	-2.3160639882158665e-05	11.754692817242692	-7.276634605006082e-06	11.257479227547057	-8.901582828592393e-06	10.79341398513447	-1.0681193089268072e-05	10.353329208736849	-8.417555654072132e-06	9.93064200525929	-1.1805382368956567e-05	9.528383268875324	-4.659622353140353e-06	9.144269857758657	-3.2718016502967525e-06	8.779348854197714	-1.0337306304723115e-05	8.434888881625064	-1.0895758462826395e-05	8.103403743274523	-9.580471167572021e-06	7.798541873116671	-1.0111857366184735e-05	7.5122782660700365	-1.0679561881653368e-05	7.24612906133117	-1.3519024647435103e-05	6.987949052050853	-1.4292520247737017e-05	6.749321939907239	-1.5124055061643128e-05	6.52503108208338	-1.3339985539455675e-05	6.306323530242357	-1.4120105618390026e-05	6.105272612414636	-1.4969701324519174e-05	5.9106784226506806	-1.58636487661254e-05	5.729391674986302	-1.6807400634647446e-05	5.562569766653946	-1.7831796232498093e-05
6	1	21	0	0	1330	83	1378	905	1435	1173	1509	1248	1530	1089	1580	1002	1689	1038	1733	1065	1783	1051	1874	1013	1964	1025	2027	1035	2089	1112	2110	1132	2166	1248	2236	1339	2287	1326	2330	1435	2343	1524	2359	1566	2410	1634	2451	1724	2443	1783	2452	1879	2456	1978	2451	2059	2492	2107	2494	2167	2470	4065	4095	491.0	577.3066385574054	676.1603116989136	30	1	0.6296787261962891	4.0	4.133858267716536			5.0200045293273945	0.24055879198910238	5.0394967817437095	1.4244565816190011	5.017131669114048	2.8747181648857953	5.073803839817088	4.684860542813168	4.930235555698773	5.312454266061759	4.904547571007295	5.503075571177504	5.006521223618686	5.835394648077355	4.931421091571339	5.939434498912497	4.891095627365996	5.812410131622609	4.952562171304739	5.4171122994652405	5.038352017649625	5.292234613795952	5.040909203949169	5.1474610832048535	5.03956383286693	5.275392570805066	4.972544953220371	5.06465035121471	5.002078425938756	5.2283200670297445	5.0588235294117645	5.297725024727992	5.08357784298035	4.984587624990603	5.102711225964697	5.088111193844626	5.054579971523493	5.115810674723061	5.044262926057392	4.982500795418391	5.107338885710047	4.967924356206865	5.144512310307915	5.006534049658777	5.10425807529982	4.928954497705535	5.1301364130889615	4.9865980202223925	5.1379678249409	5.062060140754959	5.134382135450489	5.10981511353766	5.255609920701873	5.0747850381752935	5.3078511077532085	5.086018729316779	5.30885956239522	4.760399100618325	4.761904761904762	5.960908097608353	5.335258131288057	5.629338833540564	4.975124378109453	4.761904761904762	4.596989391289806	4.435207547169811	8.957	0.056638681597580225	20.959540367126465	-9.536752259018191e-06	19.126056937319664	-1.623671216129741e-05	16.865879057846143	-1.9329423635246045e-05	15.402269994909792	-1.9806274825927603e-05	14.37476296660912	-2.0467016379753208e-05	13.578155128246012	-2.125920390659131e-05	12.896386460921862	-2.2167615994821645e-05	12.289753165766298	-2.3160639882158665e-05	11.754692817242692	-7.276634605006082e-06	11.257479227547057	-8.901582828592393e-06	10.79341398513447	-1.0681193089268072e-05	10.353329208736849	-8.417555654072132e-06	9.93064200525929	-1.1805382368956567e-05	9.528383268875324	-4.659622353140353e-06	9.144269857758657	-3.2718016502967525e-06	8.779348854197714	-1.0337306304723115e-05	8.434888881625064	-1.0895758462826395e-05	8.103403743274523	-9.580471167572021e-06	7.798541873116671	-1.0111857366184735e-05	7.5122782660700365	-1.0679561881653368e-05	7.24612906133117	-1.3519024647435103e-05	6.987949052050853	-1.4292520247737017e-05	6.749321939907239	-1.5124055061643128e-05	6.52503108208338	-1.3339985539455675e-05	6.306323530242357	-1.4120105618390026e-05	6.105272612414636	-1.4969701324519174e-05	5.9106784226506806	-1.58636487661254e-05	5.729391674986302	-1.6807400634647446e-05	5.562569766653946	-1.7831796232498093e-05
7	1	20	0	0	1297	129	1349	1108	1404	1525	1452	1349	1499	1066	1553	1016	1614	1058	1649	1064	1720	1023	1812	992	1854	1009	1909	1038	1992	1098	2024	1146	2071	1249	2084	1321	2154	1404	2191	1449	2281	1500	2347	1558	2348	1611	2371	1691	2371	1789	2385	1854	2386	1932	2394	1998	2403	2031	2413	2077	2387	4064	4095	458.0	560.8539481279405	644.4171590805054	31	1	0.6324462890625	4.0	3.937007874015748			4.895448025968144	0.3738805321276411	4.933440608543008	1.743975571750114	4.908747640025173	3.7373786883638855	4.882149221613261	5.064003904050452	4.830341894112719	5.200253670910776	4.820735682135651	5.579964850615114	4.784206782072563	5.947829997751293	4.692390871322065	5.933857565110702	4.71827508641027	5.657560004424289	4.788710061048125	5.304812834224599	4.7561632590236265	5.209624122263527	4.747457163462735	5.162381260257622	4.805558236032037	5.208975757863276	4.769872504890062	5.127287369692631	4.7826890212923185	5.232509426057813	4.714932126696833	5.22650840751731	4.78794345158709	5.277798661754756	4.798300556261224	5.137751303052867	4.920826681624024	5.0352467270896275	5.018603258777745	4.957047406936049	4.9759467649988345	4.897996412392447	4.976596771823773	4.910701321330042	4.953825581881242	4.945540996295682	4.989957318604067	4.920251585679786	4.991527373904312	4.944337811900192	5.0149778997423375	4.958431567191959	5.067909566391092	4.891736313495026	5.135463000404368	4.874785833313775	5.130464686411899	4.759228030728874	4.761904761904762	5.560276799805754	5.183208346073887	5.365062805146014	5.140961857379768	4.761904761904762	4.617194071242315	4.435207547169811	8.957	0.056638681597580225	20.959540367126465	-9.536752259018191e-06	19.126056937319664	-1.623671216129741e-05	16.865879057846143	-1.9329423635246045e-05	15.402269994909792	-1.9806274825927603e-05	14.37476296660912	-2.0467016379753208e-05	13.578155128246012	-2.125920390659131e-05	12.896386460921862	-2.2167615994821645e-05	12.289753165766298	-2.3160639882158665e-05	11.754692817242692	-7.276634605006082e-06	11.257479227547057	-8.901582828592393e-06	10.79341398513447	-1.0681193089268072e-05	10.353329208736849	-8.417555654072132e-06	9.93064200525929	-1.1805382368956567e-05	9.528383268875324	-4.659622353140353e-06	9.144269857758657	-3.2718016502967525e-06	8.779348854197714	-1.0337306304723115e-05	8.434888881625064	-1.0895758462826395e-05	8.103403743274523	-9.580471167572021e-06	7.798541873116671	-1.0111857366184735e-05	7.5122782660700365	-1.0679561881653368e-05	7.24612906133117	-1.3519024647435103e-05	6.987949052050853	-1.4292520247737017e-05	6.749321939907239	-1.5124055061643128e-05	6.52503108208338	-1.3339985539455675e-05	6.306323530242357	-1.4120105618390026e-05	6.105272612414636	-1.4969701324519174e-05	5.9106784226506806	-1.58636487661254e-05	5.729391674986302	-1.6807400634647446e-05	5.562569766653946	-1.7831796232498093e-05
8	1	23	0	0	1238	226	1256	1441	1276	1743	1329	1491	1402	1247	1459	1044	1549	1018	1606	984	1671	1012	1731	1013	1790	1014	1830	1035	1887	1130	1930	1168	1985	1253	2036	1276	2093	1307	2166	1390	2217	1438	2239	1540	2286	1613	2305	1682	2320	1766	2332	1808	2321	1872	2351	1930	2334	1992	2316	2061	2315	4066	4095	431.0	550.1656123255248	618.8915557861328	29	1	0.6350202560424805	4.0	4.52755905511811			4.672756095719786	0.6550155058980378	4.593329432416618	2.2681126343789844	4.461226487658205	4.271640035290658	4.4685787296997415	5.597056946582079	4.517771404633777	6.083223571881556	4.52894614310104	5.733743409490335	4.591534266065923	5.722959298403419	4.570030163337317	5.48770286096704	4.583859110111374	5.596726025882093	4.574645207325775	5.4171122994652405	4.591980708550319	5.2354399008674095	4.550993509238765	5.1474610832048535	4.552253208530348	5.36078561601594	4.548346805552282	5.225716970157935	4.584083876033439	5.249266862170088	4.606334841628959	5.048466864490604	4.652351738241308	4.913164423727539	4.743550435810959	4.928553699960997	4.7827587694697336	4.8271231957032565	4.787666253260916	4.8997772828507795	4.844554644287621	4.904077103158919	4.838066452574355	4.884565122694933	4.847269232376415	4.881959418366782	4.879069378190644	4.798174146121387	4.8555469550846215	4.790786948176583	4.924901020173031	4.789676138478719	4.9223890669816095	4.797803415303837	4.929022921233533	4.837233318468797	4.975712504836006	4.761570170507776	4.761904761904762	5.232487556149083	5.084430631266602	5.152550672463273	4.809286898839138	4.761904761904762	4.635985398324265	4.435207547169811	8.957	0.056638681597580225	20.959540367126465	-9.536752259018191e-06	19.126056937319664	-1.623671216129741e-05	16.865879057846143	-1.9329423635246045e-05	15.402269994909792	-1.9806274825927603e-05	14.37476296660912	-2.0467016379753208e-05	13.578155128246012	-2.125920390659131e-05	12.896386460921862	-2.2167615994821645e-05	12.289753165766298	-2.3160639882158665e-05	11.754692817242692	-7.276634605006082e-06	11.257479227547057	-8.901582828592393e-06	10.79341398513447	-1.0681193089268072e-05	10.353329208736849	-8.417555654072132e-06	9.93064200525929	-1.1805382368956567e-05	9.528383268875324	-4.659622353140353e-06	9.144269857758657	-3.2718016502967525e-06	8.779348854197714	-1.0337306304723115e-05	8.434888881625064	-1.0895758462826395e-05	8.103403743274523	-9.580471167572021e-06	7.798541873116671	-1.0111857366184735e-05	7.5122782660700365	-1.0679561881653368e-05	7.24612906133117	-1.3519024647435103e-05	6.987949052050853	-1.4292520247737017e-05	6.749321939907239	-1.5124055061643128e-05	6.52503108208338	-1.3339985539455675e-05	6.306323530242357	-1.4120105618390026e-05	6.105272612414636	-1.4969701324519174e-05	5.9106784226506806	-1.58636487661254e-05	5.729391674986302	-1.6807400634647446e-05	5.562569766653946	-1.7831796232498093e-05
9	1	17	0	0	1130	348	1171	1955	1205	2128	1273	1562	1293	1287	1365	1112	1420	997	1507	1008	1537	1090	1625	1035	1663	999	1768	980	1800	1069	1854	1130	1923	1163	2013	1226	2070	1275	2096	1352	2114	1402	2123	1503	2164	1554	2203	1638	2194	1710	2216	1798	2213	1834	2227	1918	2217	2025	2172	2080	2162	4063	4095	390.0	531.9525263103475	579.1214113235474	32	1	0.6403732299804688	4.0	3.346456692913386			4.265116630180418	1.0086079471350318	4.282475131655939	3.0771410133316546	4.212992098454653	5.215174982844819	4.280286473218789	5.863583467847892	4.166532400992492	6.278355041709352	4.237156604066429	6.107205623901582	4.209153426606592	5.604902181245784	4.288315975186387	5.621549272210139	4.216272562681736	6.028094237363123	4.2945109543064035	5.53475935828877	4.266180959954849	5.157992565055762	4.396806843898435	4.873924503904113	4.342371900028949	5.071398073912425	4.369240920981312	5.055702205717865	4.440903422474713	4.872224549643905	4.5542986425339365	4.850642927794263	4.601226993865031	4.792872716337118	4.590250098550216	4.793816260681488	4.560555723346421	4.706277274253106	4.539622802890989	4.782055361119949	4.5860088583720096	4.724696725548022	4.623974141007073	4.756788151589952	4.584012368893903	4.727152098192072	4.636371244455603	4.771635572304344	4.629610259199598	4.693538067818298	4.665144437228983	4.759895768705795	4.67563691580901	4.87728509838869	4.622555174835593	4.881826929847208	4.646864118987233	4.758056960839423	4.761904761904762	4.734733519485249	4.916111909865547	4.82144632521723	5.306799336650083	4.761904761904762	4.675064953311663	4.435207547169811	8.957	0.056638681597580225	20.959540367126465	-9.536752259018191e-06	19.126056937319664	-1.623671216129741e-05	16.865879057846143	-1.9329423635246045e-05	15.402269994909792	-1.9806274825927603e-05	14.37476296660912	-2.0467016379753208e-05	13.578155128246012	-2.125920390659131e-05	12.896386460921862	-2.2167615994821645e-05	12.289753165766298	-2.3160639882158665e-05	11.754692817242692	-7.276634605006082e-06	11.257479227547057	-8.901582828592393e-06	10.79341398513447	-1.0681193089268072e-05	10.353329208736849	-8.417555654072132e-06	9.93064200525929	-1.1805382368956567e-05	9.528383268875324	-4.659622353140353e-06	9.144269857758657	-3.2718016502967525e-06	8.779348854197714	-1.0337306304723115e-05	8.434888881625064	-1.0895758462826395e-05	8.103403743274523	-9.580471167572021e-06	7.798541873116671	-1.0111857366184735e-05	7.5122782660700365	-1.0679561881653368e-05	7.24612906133117	-1.3519024647435103e-05	6.987949052050853	-1.4292520247737017e-05	6.749321939907239	-1.5124055061643128e-05	6.52503108208338	-1.3339985539455675e-05	6.306323530242357	-1.4120105618390026e-05	6.105272612414636	-1.4969701324519174e-05	5.9106784226506806	-1.58636487661254e-05	5.729391674986302	-1.6807400634647446e-05	5.562569766653946	-1.7831796232498093e-05
10	1	25	0	0	1085	530	1094	2581	1178	2443	1201	1684	1269	1297	1303	1178	1387	1037	1459	992	1532	922	1575	993	1647	1019	1680	1051	1774	1091	1833	1101	1872	1184	1894	1219	1949	1304	2008	1350	2015	1455	2064	1534	2092	1592	2081	1663	2082	1730	2058	1800	2062	1857	2038	1890	2024	1948	2010	2009	2016	4065	4095	354.0	511.40353608223535	541.6183614730835	30	1	0.646336555480957	4.0	4.921259842519685			4.095266852872348	1.5360983102918586	4.0008777062609715	4.062455731667008	4.118593105377246	5.987158121752769	4.03819642917185	6.321558617065206	4.089195372667805	6.327137909166301	4.044699674064876	6.469683655536028	4.111335072326298	5.829772880593659	4.151727277901087	5.532318331381406	4.202556646732869	5.098993474173211	4.16237215571236	5.310160427807487	4.225135322336523	5.261255679471293	4.1779612543831295	5.227035360819615	4.279648750361864	5.175767351392381	4.319751137086701	4.925954096013601	4.323125952611888	4.9602010892333475	4.285067873303167	4.822947576656776	4.33226638214635	4.901887076159688	4.397529674565284	4.786724816508882	4.346981921732753	4.884189325276939	4.413462772099389	4.880687241489023	4.43342446012673	4.840229850110973	4.3679029448187565	4.829388703354145	4.350006268020559	4.7824404268258975	4.305799648506151	4.776943287067753	4.313717286249242	4.752399232245681	4.269225129354589	4.690408239235637	4.268601316011473	4.691827837857367	4.27777896013791	4.715187645222616	4.3330610841250055	4.760399100618325	4.761904761904762	4.297681194609688	4.726205610713588	4.509216560697374	4.975124378109453	4.761904761904762	4.718600399122496	4.435207547169811	8.957	0.056638681597580225	20.959540367126465	-9.536752259018191e-06	19.126056937319664	-1.623671216129741e-05	16.865879057846143	-1.9329423635246045e-05	15.402269994909792	-1.9806274825927603e-05	14.37476296660912	-2.0467016379753208e-05	13.578155128246012	-2.125920390659131e-05	12.896386460921862	-2.2167615994821645e-05	12.289753165766298	-2.3160639882158665e-05	11.754692817242692	-7.276634605006082e-06	11.257479227547057	-8.901582828592393e-06	10.79341398513447	-1.0681193089268072e-05	10.353329208736849	-8.417555654072132e-06	9.93064200525929	-1.1805382368956567e-05	9.528383268875324	-4.659622353140353e-06	9.144269857758657	-3.2718016502967525e-06	8.779348854197714	-1.0337306304723115e-05	8.434888881625064	-1.0895758462826395e-05	8.103403743274523	-9.580471167572021e-06	7.798541873116671	-1.0111857366184735e-05	7.5122782660700365	-1.0679561881653368e-05	7.24612906133117	-1.3519024647435103e-05	6.987949052050853	-1.4292520247737017e-05	6.749321939907239	-1.5124055061643128e-05	6.52503108208338	-1.3339985539455675e-05	6.306323530242357	-1.4120105618390026e-05	6.105272612414636	-1.4969701324519174e-05	5.9106784226506806	-1.58636487661254e-05	5.729391674986302	-1.6807400634647446e-05	5.562569766653946	-1.7831796232498093e-05
11	1	19	0	0	1045	728	1073	3038	1175	2577	1169	1707	1257	1131	1322	1057	1350	985	1437	986	1523	1012	1618	1022	1654	1032	1669	1078	1725	1070	1765	1131	1800	1169	1860	1261	1877	1332	1913	1404	1898	1489	1916	1593	1921	1639	1951	1679	1963	1720	1966	1781	1991	1815	2001	1861	1984	1920	1943	1902	1901	4068	4095	331.0	496.7911207648742	516.2988271713257	27	1	0.6510448455810547	4.0	3.740157480314961			3.944289273042953	2.109961452627308	3.9240784084259803	4.781766955755277	4.108104328368645	6.315557298304088	3.9306008540398776	6.407898194376665	4.050526858505462	5.517342309380945	4.103678410678255	5.805140597539543	4.001659947830212	5.537440971441422	4.0891241249786585	5.498856728570632	4.177867998024908	5.596726025882093	4.276011522503238	5.46524064171123	4.2430927887945415	5.328376703841388	4.150605555693716	5.361316954294524	4.161439737527743	5.0761421319796955	4.159498503523201	5.060176278466288	4.156851877511431	4.897360703812317	4.208144796380091	4.989119683481701	4.1722237040988706	5.007142320126307	4.189479216854277	4.9781938091692375	4.094576519825689	4.998321584424303	4.096993542317068	5.068405981546293	4.0710365142941916	4.983126083123043	4.095040194782024	4.875853056483229	4.101374785842631	4.754796262508984	4.113314921750774	4.726519996815371	4.165184828769273	4.644913627639156	4.191717116701929	4.618439012284402	4.184241606208874	4.624388834027794	4.135186328133313	4.464055202196822	4.085887460774621	4.763912310286678	4.761904761904762	4.018453320383634	4.591162979236977	4.298420045098991	4.477611940298507	4.761904761904762	4.752973419427643	4.435207547169811	8.957	0.056638681597580225	20.959540367126465	-9.536752259018191e-06	19.126056937319664	-1.623671216129741e-05	16.865879057846143	-1.9329423635246045e-05	15.402269994909792	-1.9806274825927603e-05	14.37476296660912	-2.0467016379753208e-05	13.578155128246012	-2.125920390659131e-05	12.896386460921862	-2.2167615994821645e-05	12.289753165766298	-2.3160639882158665e-05	11.754692817242692	-7.276634605006082e-06	11.257479227547057	-8.901582828592393e-06	10.79341398513447	-1.0681193089268072e-05	10.353329208736849	-8.417555654072132e-06	9.93064200525929	-1.1805382368956567e-05	9.528383268875324	-4.659622353140353e-06	9.144269857758657	-3.2718016502967525e-06	8.779348854197714	-1.0337306304723115e-05	8.434888881625064	-1.0895758462826395e-05	8.103403743274523	-9.580471167572021e-06	7.798541873116671	-1.0111857366184735e-05	7.5122782660700365	-1.0679561881653368e-05	7.24612906133117	-1.3519024647435103e-05	6.987949052050853	-1.4292520247737017e-05	6.749321939907239	-1.5124055061643128e-05	6.52503108208338	-1.3339985539455675e-05	6.306323530242357	-1.4120105618390026e-05	6.105272612414636	-1.4969701324519174e-05	5.9106784226506806	-1.58636487661254e-05	5.729391674986302	-1.6807400634647446e-05	5.562569766653946	-1.7831796232498093e-05
12	1	24	0	0	1026	1032	1021	3231	1121	2684	1178	1686	1236	1177	1274	1031	1403	1011	1467	984	1505	980	1541	1015	1560	1103	1590	1026	1664	1035	1711	1134	1749	1211	1791	1258	1814	1358	1832	1444	1869	1505	1861	1538	1854	1565	1917	1602	1954	1691	1930	1753	1894	1774	1883	1813	1852	1831	1863	1869	1842	4069	4095	312.0	486.27435847824626	496.52009296417236	26	1	0.6533002853393555	4.0	4.724409448818897			3.8725749226239907	2.991044257021129	3.733908718548859	5.085546094155793	3.9193063422138312	6.577786491520439	3.960862109545745	6.329066406396637	3.9828569587213614	5.7417434996829115	3.9546794971286667	5.662346221441124	4.158762153189471	5.68360692601754	4.17449206078197	5.48770286096704	4.128490700608987	5.419754451941157	4.072517772668411	5.427807486631016	4.001949667786871	5.694960760016523	3.954141901469747	5.102700552046551	4.014281578693429	4.910100099625219	4.032239059222775	5.073598496711557	4.039074407648608	5.073313782991202	4.052036199095023	4.977250247279921	4.0321863608073265	5.1048793323810235	4.012088826595418	5.120022692621353	4.032014497130776	5.0520308828465925	3.9793867339520164	4.893413935730194	3.929048254815945	4.758140524763613	4.023676090926264	4.652243357049514	4.082570724165309	4.6746281859899375	4.037994811281279	4.65221199012765	3.9622602037614274	4.53998720409469	3.9445294006745293	4.499317533192704	3.9058545638603004	4.410029143283798	3.964926469023347	4.386603140329054	3.959076645316597	4.7650833801761285	4.761904761904762	3.7877868155881997	4.49397088450416	4.133753183373773	4.311774461028192	4.761904761904762	4.769439328486113	4.435207547169811	8.957	0.056638681597580225	20.959540367126465	-9.536752259018191e-06	19.126056937319664	-1.623671216129741e-05	16.865879057846143	-1.9329423635246045e-05	15.402269994909792	-1.9806274825927603e-05	14.37476296660912	-2.0467016379753208e-05	13.578155128246012	-2.125920390659131e-05	12.896386460921862	-2.2167615994821645e-05	12.289753165766298	-2.3160639882158665e-05	11.754692817242692	-7.276634605006082e-06	11.257479227547057	-8.901582828592393e-06	10.79341398513447	-1.0681193089268072e-05	10.353329208736849	-8.417555654072132e-06	9.93064200525929	-1.1805382368956567e-05	9.528383268875324	-4.659622353140353e-06	9.144269857758657	-3.2718016502967525e-06	8.779348854197714	-1.0337306304723115e-05	8.434888881625064	-1.0895758462826395e-05	8.103403743274523	-9.580471167572021e-06	7.798541873116671	-1.0111857366184735e-05	7.5122782660700365	-1.0679561881653368e-05	7.24612906133117	-1.3519024647435103e-05	6.987949052050853	-1.4292520247737017e-05	6.749321939907239	-1.5124055061643128e-05	6.52503108208338	-1.3339985539455675e-05	6.306323530242357	-1.4120105618390026e-05	6.105272612414636	-1.4969701324519174e-05	5.9106784226506806	-1.58636487661254e-05	5.729391674986302	-1.6807400634647446e-05	5.562569766653946	-1.7831796232498093e-05
13	1	17	0	0	1088	1277	1044	3886	1094	2728	1125	1584	1174	1194	1207	1049	1249	1058	1299	1031	1374	989	1426	1054	1523	1103	1586	1067	1638	1071	1706	1144	1732	1169	1747	1214	1755	1257	1748	1328	1756	1410	1785	1504	1781	1573	1808	1632	1818	1704	1787	1724	1800	1727	1789	1733	1746	1766	1692	1771	1680	4069	4095	284.0	469.65936114484197	467.1995658874512	26	1	0.6599531173706055	4.0	3.346456692913386			4.106590171359553	3.7011274381937804	3.8180222352252784	6.116506382509876	3.8249073491364243	6.6856190569552	3.7826569382334156	5.946169150493637	3.7830696355492544	5.824674374359725	3.746701846965699	5.7612038664323375	3.702276499881432	5.947829997751293	3.696431620283422	5.749818749651442	3.76913370274867	5.469527707112045	3.7685985359021115	5.636363636363637	3.90703163079449	5.694960760016523	3.9441943746735966	5.3066096384343755	3.9515584290263437	5.080886190046966	4.0204557773431056	5.118339224195786	3.999815251027666	4.897360703812317	3.9524886877828056	4.803165182987142	3.9010402774073083	4.7252086309300045	3.8281284218825284	4.708718930610218	3.788238339733356	4.733131923464249	3.8168755078475813	4.785237034680242	3.774344628817259	4.782463287829498	3.79489116974162	4.739364019166546	3.798420458819105	4.7105655996019244	3.738806594694117	4.575250126058226	3.765611598083722	4.419705694177863	3.747617152313719	4.30078173470654	3.682301332883415	4.253474312965149	3.600996020175793	4.156593986903561	3.610884236770838	4.7650833801761285	4.761904761904762	3.4478572295738736	4.340421117874273	3.8896466026752576	4.311774461028192	4.761904761904762	4.8180085384615445	4.435207547169811	8.957	0.056638681597580225	20.959540367126465	-9.536752259018191e-06	19.126056937319664	-1.623671216129741e-05	16.865879057846143	-1.9329423635246045e-05	15.402269994909792	-1.9806274825927603e-05	14.37476296660912	-2.0467016379753208e-05	13.578155128246012	-2.125920390659131e-05	12.896386460921862	-2.2167615994821645e-05	12.289753165766298	-2.3160639882158665e-05	11.754692817242692	-7.276634605006082e-06	11.257479227547057	-8.901582828592393e-06	10.79341398513447	-1.0681193089268072e-05	10.353329208736849	-8.417555654072132e-06	9.93064200525929	-1.1805382368956567e-05	9.528383268875324	-4.659622353140353e-06	9.144269857758657	-3.2718016502967525e-06	8.779348854197714	-1.0337306304723115e-05	8.434888881625064	-1.0895758462826395e-05	8.103403743274523	-9.580471167572021e-06	7.798541873116671	-1.0111857366184735e-05	7.5122782660700365	-1.0679561881653368e-05	7.24612906133117	-1.3519024647435103e-05	6.987949052050853	-1.4292520247737017e-05	6.749321939907239	-1.5124055061643128e-05	6.52503108208338	-1.3339985539455675e-05	6.306323530242357	-1.4120105618390026e-05	6.105272612414636	-1.4969701324519174e-05	5.9106784226506806	-1.58636487661254e-05	5.729391674986302	-1.6807400634647446e-05	5.562569766653946	-1.7831796232498093e-05
14	1	15	0	0	996	1834	1025	4357	1034	2817	1085	1695	1127	1187	1160	1086	1217	982	1278	987	1355	985	1381	996	1432	1002	1484	1031	1501	1079	1508	1120	1567	1147	1598	1223	1644	1280	1649	1390	1684	1412	1686	1463	1670	1483	1676	1498	1682	1559	1692	1598	1665	1649	1656	1656	1626	1678	1604	1677	1579	4072	4095	255.0	455.2877310967428	438.8943786621094	23	1	0.666234016418457	4.0	2.952755905511811			3.7593417377519436	5.315479813349564	3.748537156231715	6.857853399020981	3.615131808964408	6.903734927948241	3.648162469318449	6.362851458388078	3.6316179550800762	5.790526367139861	3.600807077448394	5.964411247803163	3.6074223381550863	5.520575668990331	3.636674065221103	5.504433662372428	3.7170132221429744	5.447406260369428	3.6496736171674726	5.32620320855615	3.673584566840255	5.173482032218091	3.690532441371764	5.127567513801163	3.621055678857474	5.118838654585132	3.553837814908208	5.010961478233636	3.618770495589118	4.805194805194805	3.6153846153846154	4.838773491592482	3.6543078154174444	4.811668295616871	3.6113179448994788	4.928553699960997	3.632911938559779	4.739845585767036	3.6051832527904883	4.6547884187082404	3.53911034818912	4.508832203338299	3.517830531242785	4.35022506171047	3.5142701934729015	4.30972521700669	3.5400451920662817	4.240864095963483	3.483190728227443	4.220089571337172	3.4690072689947007	4.109691028663606	3.42922220347562	4.0415231580722075	3.4137101751548298	3.935972962189312	3.3938013153935436	4.768596589844482	4.761904761904762	3.0957873012018937	4.207603736342707	3.653993183092114	3.814262023217247	4.761904761904762	4.863862439966445	4.435207547169811	8.957	0.056638681597580225	20.959540367126465	-9.536752259018191e-06	19.126056937319664	-1.623671216129741e-05	16.865879057846143	-1.9329423635246045e-05	15.402269994909792	-1.9806274825927603e-05	14.37476296660912	-2.0467016379753208e-05	13.578155128246012	-2.125920390659131e-05	12.896386460921862	-2.2167615994821645e-05	12.289753165766298	-2.3160639882158665e-05	11.754692817242692	-7.276634605006082e-06	11.257479227547057	-8.901582828592393e-06	10.79341398513447	-1.0681193089268072e-05	10.353329208736849	-8.417555654072132e-06	9.93064200525929	-1.1805382368956567e-05	9.528383268875324	-4.659622353140353e-06	9.144269857758657	-3.2718016502967525e-06	8.779348854197714	-1.0337306304723115e-05	8.434888881625064	-1.0895758462826395e-05	8.103403743274523	-9.580471167572021e-06	7.798541873116671	-1.0111857366184735e-05	7.5122782660700365	-1.0679561881653368e-05	7.24612906133117	-1.3519024647435103e-05	6.987949052050853	-1.4292520247737017e-05	6.749321939907239	-1.5124055061643128e-05	6.52503108208338	-1.3339985539455675e-05	6.306323530242357	-1.4120105618390026e-05	6.105272612414636	-1.4969701324519174e-05	5.9106784226506806	-1.58636487661254e-05	5.729391674986302	-1.6807400634647446e-05	5.562569766653946	-1.7831796232498093e-05
15	1	23	0	0	993	2641	1010	5037	1023	3148	1011	1771	1006	1211	1022	986	1083	917	1160	918	1214	934	1258	972	1277	1024	1327	1016	1301	994	1352	1023	1370	1081	1396	1169	1419	1232	1454	1259	1486	1277	1479	1327	1500	1323	1495	1382	1475	1389	1469	1427	1445	1454	1439	1473	1440	1488	1460	1503	1439	4075	4095	213.0	434.7166329576328	398.78712940216064	20	1	0.6794013977050781	4.0	4.52755905511811			3.748018419264739	7.654406863171319	3.6936805149210064	7.928163316701557	3.5766729599328717	7.714929908832467	3.3993477018257625	6.64814745298247	3.2417104372764474	5.907605249036538	3.172435200993326	5.415202108963093	3.210220535926014	5.155160782550033	3.300893517728075	5.119625230048519	3.3302243923849235	5.165357814401062	3.3246121726261264	5.197860962566845	3.2759549524127136	5.287071458075176	3.3000920146228645	5.052966628537325	3.1385699121875903	4.715593718867119	3.1861994202625317	4.5769764216366156	3.1638261512170343	4.5286971093422705	3.158371040723982	4.625123639960435	3.1541744465190718	4.631230734531238	3.1842670053874116	4.464064106655321	3.2057643353324417	4.28667338032897	3.162553992216568	4.222080814508431	3.178841630109988	4.022376942020613	3.137921625422412	4.013358501524611	3.0817767748944886	3.8397744236191738	3.0734789522135744	3.7870544836920463	3.022949310683877	3.7210492642354445	3.0144332488426167	3.6555403896265046	3.036949552893538	3.583901346371541	3.10724242875689	3.52758936325017	3.0928942956626404	4.772109799512835	4.761904761904762	2.5858929221804052	4.017493123912432	3.32008228672756	3.316749585406302	4.761904761904762	4.9599913221526215	4.435207547169811	8.957	0.056638681597580225	20.959540367126465	-9.536752259018191e-06	19.126056937319664	-1.623671216129741e-05	16.865879057846143	-1.9329423635246045e-05	15.402269994909792	-1.9806274825927603e-05	14.37476296660912	-2.0467016379753208e-05	13.578155128246012	-2.125920390659131e-05	12.896386460921862	-2.2167615994821645e-05	12.289753165766298	-2.3160639882158665e-05	11.754692817242692	-7.276634605006082e-06	11.257479227547057	-8.901582828592393e-06	10.79341398513447	-1.0681193089268072e-05	10.353329208736849	-8.417555654072132e-06	9.93064200525929	-1.1805382368956567e-05	9.528383268875324	-4.659622353140353e-06	9.144269857758657	-3.2718016502967525e-06	8.779348854197714	-1.0337306304723115e-05	8.434888881625064	-1.0895758462826395e-05	8.103403743274523	-9.580471167572021e-06	7.798541873116671	-1.0111857366184735e-05	7.5122782660700365	-1.0679561881653368e-05	7.24612906133117	-1.3519024647435103e-05	6.987949052050853	-1.4292520247737017e-05	6.749321939907239	-1.5124055061643128e-05	6.52503108208338	-1.3339985539455675e-05	6.306323530242357	-1.4120105618390026e-05	6.105272612414636	-1.4969701324519174e-05	5.9106784226506806	-1.58636487661254e-05	5.729391674986302	-1.6807400634647446e-05	5.562569766653946	-1.7831796232498093e-05
16	2	25	0	0	908	3419	926	5922	910	3244	939	1761	1001	1131	977	917	974	843	993	866	1035	892	1067	943	1095	913	1146	1013	1205	986	1234	995	1219	984	1260	1030	1289	1067	1275	1098	1298	1160	1351	1199	1365	1231	1391	1237	1412	1274	1434	1278	1417	1296	1404	1338	1370	1368	1343	1396	1308	4070	4095	181.0	413.46432998035044	363.99873447418213	25	1	0.6917629241943359	8.0	4.921259842519685			3.4271910621272745	9.909283250731821	3.3864833235810416	9.321140194859364	3.1815956926089086	7.950200960690128	3.157257657778824	6.610608506325312	3.225598556375471	5.517342309380945	3.0327487195405864	5.036247803163445	2.8871235475456487	4.739149988756465	2.8256786750896365	4.8296246723551395	2.8391946014154823	4.933082623603584	2.8198419619968815	5.042780748663102	2.809060824504246	4.71396117306898	2.849966427097063	5.038046451484558	2.9069767441860463	4.677641254328953	2.9081139679023402	4.451702384680775	2.8151124659369082	4.122329283619607	2.8506787330316743	4.075173095944609	2.865208500044456	4.010976618299376	2.7922561429635144	3.8932028507605576	2.8001898433792123	3.893924135615979	2.888850874566993	3.8148265987909644	2.8927458834000888	3.7426651667629445	2.9196314253930273	3.59227530129229	2.950148343153232	3.5218665339746784	3.0002510670348985	3.3916297338181045	2.9643731302692413	3.316698656429942	2.9411148584955065	3.3205112296811023	2.889320060738991	3.294877044244804	2.858237384808564	3.2764569202243763	2.8113312986287236	4.7662544500655795	4.761904761904762	2.197401966735462	3.8210870639518584	3.0304532458976423	4.1459369817578775	4.761904761904762	5.050237035985983	4.435207547169811	8.957	0.056638681597580225	20.959540367126465	-9.536752259018191e-06	19.126056937319664	-1.623671216129741e-05	16.865879057846143	-1.9329423635246045e-05	15.402269994909792	-1.9806274825927603e-05	14.37476296660912	-2.0467016379753208e-05	13.578155128246012	-2.125920390659131e-05	12.896386460921862	-2.2167615994821645e-05	12.289753165766298	-2.3160639882158665e-05	11.754692817242692	-7.276634605006082e-06	11.257479227547057	-8.901582828592393e-06	10.79341398513447	-1.0681193089268072e-05	10.353329208736849	-8.417555654072132e-06	9.93064200525929	-1.1805382368956567e-05	9.528383268875324	-4.659622353140353e-06	9.144269857758657	-3.2718016502967525e-06	8.779348854197714	-1.0337306304723115e-05	8.434888881625064	-1.0895758462826395e-05	8.103403743274523	-9.580471167572021e-06	7.798541873116671	-1.0111857366184735e-05	7.5122782660700365	-1.0679561881653368e-05	7.24612906133117	-1.3519024647435103e-05	6.987949052050853	-1.4292520247737017e-05	6.749321939907239	-1.5124055061643128e-05	6.52503108208338	-1.3339985539455675e-05	6.306323530242357	-1.4120105618390026e-05	6.105272612414636	-1.4969701324519174e-05	5.9106784226506806	-1.58636487661254e-05	5.729391674986302	-1.6807400634647446e-05	5.562569766653946	-1.7831796232498093e-05
17	3	22	0	0	886	4251	866	6501	816	3078	845	1592	887	1128	901	891	942	838	983	888	1023	859	1017	808	1034	845	1083	893	1118	913	1131	957	1156	1011	1183	1016	1211	1038	1226	1080	1276	1108	1267	1122	1288	1163	1301	1178	1314	1217	1325	1240	1319	1277	1304	1282	1295	1277	1270	1306	1234	4077	4095	163.0	400.0418045119997	342.44711112976074	18	1	0.7008028030395508	12.0	4.330708661417323			3.3441533932211067	12.320667768020172	3.1670567583382097	10.232477610060913	2.852947346339417	7.543378100186255	2.841195655828654	5.976200307819362	2.85824767183321	5.502707449143861	2.7968337730870716	4.893453427065026	2.792269385819303	4.711041151337981	2.7972226964885323	4.952317215994646	2.8062764031382015	4.750580687976994	2.6877031634028383	4.3208556149732615	2.6525743310843746	4.362866584056175	2.6932928800576956	4.44123936937385	2.6970954356846475	4.331325015418189	2.665378361181156	4.281687620240706	2.6696226502240084	4.235441977377461	2.676470588235294	4.019782393669634	2.691828932159687	3.9019622584768063	2.684945906880995	3.8293798532071057	2.7527289985761745	3.719368915743538	2.70923320360946	3.569837734648425	2.7295653463877763	3.5359216807029274	2.730726444598367	3.4209379991287934	2.745393004889056	3.364294797368276	2.772198510335593	3.290783153313341	2.7593564988180166	3.2680742162508	2.731633743218049	3.1815361707407868	2.731145604859119	3.0757002817986945	2.7028752633707196	3.065224024221372	2.6522804453423894	4.774451939291737	4.761904761904762	1.9788758042976813	3.6970409619940017	2.8510262843923746	2.9850746268656714	4.761904761904762	5.1162329564786875	4.435207547169811	8.957	0.056638681597580225	20.959540367126465	-9.536752259018191e-06	19.126056937319664	-1.623671216129741e-05	16.865879057846143	-1.9329423635246045e-05	15.402269994909792	-1.9806274825927603e-05	14.37476296660912	-2.0467016379753208e-05	13.578155128246012	-2.125920390659131e-05	12.896386460921862	-2.2167615994821645e-05	12.289753165766298	-2.3160639882158665e-05	11.754692817242692	-7.276634605006082e-06	11.257479227547057	-8.901582828592393e-06	10.79341398513447	-1.0681193089268072e-05	10.353329208736849	-8.417555654072132e-06	9.93064200525929	-1.1805382368956567e-05	9.528383268875324	-4.659622353140353e-06	9.144269857758657	-3.2718016502967525e-06	8.779348854197714	-1.0337306304723115e-05	8.434888881625064	-1.0895758462826395e-05	8.103403743274523	-9.580471167572021e-06	7.798541873116671	-1.0111857366184735e-05	7.5122782660700365	-1.0679561881653368e-05	7.24612906133117	-1.3519024647435103e-05	6.987949052050853	-1.4292520247737017e-05	6.749321939907239	-1.5124055061643128e-05	6.52503108208338	-1.3339985539455675e-05	6.306323530242357	-1.4120105618390026e-05	6.105272612414636	-1.4969701324519174e-05	5.9106784226506806	-1.58636487661254e-05	5.729391674986302	-1.6807400634647446e-05	5.562569766653946	-1.7831796232498093e-05
18	1	19	0	0	734	4845	719	7123	756	3035	745	1501	817	1074	882	900	898	771	898	738	944	748	961	770	966	784	1038	852	1064	898	1087	900	1112	937	1128	946	1153	966	1163	1033	1216	1064	1198	1092	1224	1116	1228	1145	1232	1170	1220	1184	1210	1213	1201	1219	1170	1224	1144	1232	1115	4073	4095	149.0	385.9915371072396	322.4079837799072	22	1	0.7095146179199219	4.0	3.740157480314961			2.7704385898694044	14.042257195026519	2.629461673493271	11.211496387704027	2.643171806167401	7.437996274875013	2.5049594835412394	5.634595893239236	2.6326813392195407	5.239279964876335	2.737855036473692	4.942882249560633	2.6618449134455777	4.33438272993029	2.5553468783791478	4.11577714572528	2.589564931146102	4.136710540869372	2.53970770897751	4.117647058823529	2.4781303712064853	4.047914085088807	2.5813832036010047	4.237330282986025	2.5668242786837787	4.260164144409127	2.561685480640068	4.026665473580601	2.568010715440395	3.9254294093003774	2.5520361990950224	3.7428288822947575	2.562905663732551	3.6313059168483575	2.5469756033463273	3.6627309151508705	2.623290330931527	3.5716683450822426	2.5616901167514863	3.4743875278396437	2.59393477016975	3.3930254476908575	2.577503515731587	3.3251052708000577	2.574067109606786	3.234367225078786	2.552514854799565	3.1421671399379	2.531327796489613	3.1042866282789507	2.5158681944822674	3.025189229432932	2.467521511726	2.948047881692719	2.434715985272522	2.8915436430633465	2.3965094785711214	4.769767659733933	4.761904761904762	1.8089110112905185	3.5671934972128323	2.6841915325901615	3.6484245439469323	4.761904761904762	5.179833835653796	4.435207547169811	8.957	0.056638681597580225	20.959540367126465	-9.536752259018191e-06	19.126056937319664	-1.623671216129741e-05	16.865879057846143	-1.9329423635246045e-05	15.402269994909792	-1.9806274825927603e-05	14.37476296660912	-2.0467016379753208e-05	13.578155128246012	-2.125920390659131e-05	12.896386460921862	-2.2167615994821645e-05	12.289753165766298	-2.3160639882158665e-05	11.754692817242692	-7.276634605006082e-06	11.257479227547057	-8.901582828592393e-06	10.79341398513447	-1.0681193089268072e-05	10.353329208736849	-8.417555654072132e-06	9.93064200525929	-1.1805382368956567e-05	9.528383268875324	-4.659622353140353e-06	9.144269857758657	-3.2718016502967525e-06	8.779348854197714	-1.0337306304723115e-05	8.434888881625064	-1.0895758462826395e-05	8.103403743274523	-9.580471167572021e-06	7.798541873116671	-1.0111857366184735e-05	7.5122782660700365	-1.0679561881653368e-05	7.24612906133117	-1.3519024647435103e-05	6.987949052050853	-1.4292520247737017e-05	6.749321939907239	-1.5124055061643128e-05	6.52503108208338	-1.3339985539455675e-05	6.306323530242357	-1.4120105618390026e-05	6.105272612414636	-1.4969701324519174e-05	5.9106784226506806	-1.58636487661254e-05	5.729391674986302	-1.6807400634647446e-05	5.562569766653946	-1.7831796232498093e-05
19	1	20	0	0	715	5667	700	7120	738	2813	783	1428	789	1054	828	824	850	734	883	696	915	722	951	780	994	784	1006	822	1009	855	1029	875	1067	919	1131	941	1140	1001	1149	1018	1184	1024	1199	1063	1181	1111	1197	1130	1203	1138	1180	1183	1178	1201	1185	1185	1156	1202	1138	1207	1092	4075	4095	140.0	376.4482011786276	309.5053701400757	20	1	0.7146940231323242	4.0	3.937007874015748			2.6987242394504416	16.424658725328232	2.5599765944997075	11.206774432184849	2.5802391441157964	6.893931967454171	2.632729229010457	5.360561582641991	2.542454806174073	5.141714229962437	2.5702312587304053	4.525483304042179	2.519563670856059	4.126377333033505	2.5126629104774914	3.8815459260498577	2.5100126186426728	3.9929211370423627	2.5132799492587012	4.171122994652406	2.5499602370385572	4.047914085088807	2.5018029892318023	4.088128512458348	2.434140692849561	4.0561696475164855	2.4249994108359063	3.914813654870028	2.4640894185026094	3.85002094679514	2.558823529411765	3.7230464886251236	2.5340090690850894	3.762874971806631	2.516315535894179	3.6095450838563274	2.5542563748543814	3.437395099026519	2.5638284223581236	3.3821189945911554	2.502807976773264	3.37782372077468	2.512436244568982	3.281544939741542	2.513476244202081	3.145905899264665	2.468825843166792	3.1395132825561953	2.464383590301458	3.073576455534229	2.4823512160378742	2.9408115150763123	2.43799561329509	2.8950600929694836	2.4219464958392747	2.8328678386180672	2.3470747539010444	4.772109799512835	4.761904761904762	1.699647930071628	3.478997455088716	2.5767714685015486	3.316749585406302	4.761904761904762	5.217646246688281	4.435207547169811	8.957	0.056638681597580225	20.959540367126465	-9.536752259018191e-06	19.126056937319664	-1.623671216129741e-05	16.865879057846143	-1.9329423635246045e-05	15.402269994909792	-1.9806274825927603e-05	14.37476296660912	-2.0467016379753208e-05	13.578155128246012	-2.125920390659131e-05	12.896386460921862	-2.2167615994821645e-05	12.289753165766298	-2.3160639882158665e-05	11.754692817242692	-7.276634605006082e-06	11.257479227547057	-8.901582828592393e-06	10.79341398513447	-1.0681193089268072e-05	10.353329208736849	-8.417555654072132e-06	9.93064200525929	-1.1805382368956567e-05	9.528383268875324	-4.659622353140353e-06	9.144269857758657	-3.2718016502967525e-06	8.779348854197714	-1.0337306304723115e-05	8.434888881625064	-1.0895758462826395e-05	8.103403743274523	-9.580471167572021e-06	7.798541873116671	-1.0111857366184735e-05	7.5122782660700365	-1.0679561881653368e-05	7.24612906133117	-1.3519024647435103e-05	6.987949052050853	-1.4292520247737017e-05	6.749321939907239	-1.5124055061643128e-05	6.52503108208338	-1.3339985539455675e-05	6.306323530242357	-1.4120105618390026e-05	6.105272612414636	-1.4969701324519174e-05	5.9106784226506806	-1.58636487661254e-05	5.729391674986302	-1.6807400634647446e-05	5.562569766653946	-1.7831796232498093e-05
20	2	19	0	0	719	7280	705	7420	695	2607	684	1269	668	805	680	743	701	709	727	714	799	648	859	666	866	672	890	702	923	719	964	780	1014	833	1029	870	1066	883	1100	923	1108	969	1117	1016	1128	1059	1121	1081	1112	1103	1058	1121	1067	1118	1064	1121	1020	1106	989	1078	980	4078	4095	124.0	356.3987905503793	281.24130058288574	17	1	0.7292709350585938	8.0	3.740157480314961			2.713821997433381	21.09961452627308	2.578262141603277	11.67896998410275	2.429900006992518	6.389079502009606	2.2998554184459166	4.763692330793198	2.152547288370444	3.927020830284404	2.1108179419525066	4.080623901581722	2.0778989803177614	3.985833145941084	2.0687496443002678	3.9819307344821815	2.191803368628957	3.583674372303949	2.270144559845662	3.5614973262032086	2.2215951360919424	3.469640644361834	2.2133247121434434	3.4913214303476403	2.226671813181511	3.4109777503676644	2.2718167464002073	3.489776743769854	2.34169322433144	3.4897360703812317	2.3280542986425337	3.4421364985163203	2.369520761091847	3.3192993008044507	2.4090052998116596	3.272701485657554	2.390300729171161	3.2527693856998994	2.3884873626138647	3.232580337257397	2.390488905842711	3.219725760846432	2.3529164830090465	3.1392478582837233	2.323346287242489	3.0491513241554706	2.2135743576868356	2.9749741248905286	2.2321708750862954	2.8611644273832373	2.22887906655215	2.7819828762873806	2.151172599966256	2.663840651268094	2.1048375082469617	2.5301006876804277	2.1063491381163217	4.775623009181188	4.761904761904762	1.5054024523491563	3.2937080890263553	2.3414603720066833	2.8192371475953566	4.761904761904762	5.324065451744826	4.435207547169811	8.957	0.056638681597580225	20.959540367126465	-9.536752259018191e-06	19.126056937319664	-1.623671216129741e-05	16.865879057846143	-1.9329423635246045e-05	15.402269994909792	-1.9806274825927603e-05	14.37476296660912	-2.0467016379753208e-05	13.578155128246012	-2.125920390659131e-05	12.896386460921862	-2.2167615994821645e-05	12.289753165766298	-2.3160639882158665e-05	11.754692817242692	-7.276634605006082e-06	11.257479227547057	-8.901582828592393e-06	10.79341398513447	-1.0681193089268072e-05	10.353329208736849	-8.417555654072132e-06	9.93064200525929	-1.1805382368956567e-05	9.528383268875324	-4.659622353140353e-06	9.144269857758657	-3.2718016502967525e-06	8.779348854197714	-1.0337306304723115e-05	8.434888881625064	-1.0895758462826395e-05	8.103403743274523	-9.580471167572021e-06	7.798541873116671	-1.0111857366184735e-05	7.5122782660700365	-1.0679561881653368e-05	7.24612906133117	-1.3519024647435103e-05	6.987949052050853	-1.4292520247737017e-05	6.749321939907239	-1.5124055061643128e-05	6.52503108208338	-1.3339985539455675e-05	6.306323530242357	-1.4120105618390026e-05	6.105272612414636	-1.4969701324519174e-05	5.9106784226506806	-1.58636487661254e-05	5.729391674986302	-1.6807400634647446e-05	5.562569766653946	-1.7831796232498093e-05
