	counts(inten<0.01	MicrocoloniesPlatonic	MicrocoloniesAggregates	MicrocoloniesLarge	counts(Norminten<0.01	counts(inten<0.02	counts(Norminten<0.02	counts(inten<0.03	counts(Norminten<0.03	counts(inten<0.04	counts(Norminten<0.04	counts(inten<0.05	counts(Norminten<0.05	counts(inten<0.060000000000000005	counts(Norminten<0.060000000000000005	counts(inten<0.06999999999999999	counts(Norminten<0.06999999999999999	counts(inten<0.08	counts(Norminten<0.08	counts(inten<0.09	counts(Norminten<0.09	counts(inten<0.09999999999999999	counts(Norminten<0.09999999999999999	counts(inten<0.11	counts(Norminten<0.11	counts(inten<0.12	counts(Norminten<0.12	counts(inten<0.13	counts(Norminten<0.13	counts(inten<0.14	counts(Norminten<0.14	counts(inten<0.15000000000000002	counts(Norminten<0.15000000000000002	counts(inten<0.16	counts(Norminten<0.16	counts(inten<0.17	counts(Norminten<0.17	counts(inten<0.18000000000000002	counts(Norminten<0.18000000000000002	counts(inten<0.19	counts(Norminten<0.19	counts(inten<0.2	counts(Norminten<0.2	counts(inten<0.21000000000000002	counts(Norminten<0.21000000000000002	counts(inten<0.22	counts(Norminten<0.22	counts(inten<0.23	counts(Norminten<0.23	counts(inten<0.24000000000000002	counts(Norminten<0.24000000000000002	counts(inten<0.25	counts(Norminten<0.25	counts(inten<0.26	counts(Norminten<0.26	counts(inten<0.27	counts(Norminten<0.27	counts(inten<0.28	counts(Norminten<0.28	counts(inten<0.29000000000000004	counts(Norminten<0.29000000000000004	diff	max	med	std	mean	min	eigenLocal	minProp	counts(inten<0.01Normalized	MicrocoloniesPlatonicNormalized	MicrocoloniesAggregatesNormalized	MicrocoloniesLargeNormalized	counts(Norminten<0.01Normalized	counts(inten<0.02Normalized	counts(Norminten<0.02Normalized	counts(inten<0.03Normalized	counts(Norminten<0.03Normalized	counts(inten<0.04Normalized	counts(Norminten<0.04Normalized	counts(inten<0.05Normalized	counts(Norminten<0.05Normalized	counts(inten<0.060000000000000005Normalized	counts(Norminten<0.060000000000000005Normalized	counts(inten<0.06999999999999999Normalized	counts(Norminten<0.06999999999999999Normalized	counts(inten<0.08Normalized	counts(Norminten<0.08Normalized	counts(inten<0.09Normalized	counts(Norminten<0.09Normalized	counts(inten<0.09999999999999999Normalized	counts(Norminten<0.09999999999999999Normalized	counts(inten<0.11Normalized	counts(Norminten<0.11Normalized	counts(inten<0.12Normalized	counts(Norminten<0.12Normalized	counts(inten<0.13Normalized	counts(Norminten<0.13Normalized	counts(inten<0.14Normalized	counts(Norminten<0.14Normalized	counts(inten<0.15000000000000002Normalized	counts(Norminten<0.15000000000000002Normalized	counts(inten<0.16Normalized	counts(Norminten<0.16Normalized	counts(inten<0.17Normalized	counts(Norminten<0.17Normalized	counts(inten<0.18000000000000002Normalized	counts(Norminten<0.18000000000000002Normalized	counts(inten<0.19Normalized	counts(Norminten<0.19Normalized	counts(inten<0.2Normalized	counts(Norminten<0.2Normalized	counts(inten<0.21000000000000002Normalized	counts(Norminten<0.21000000000000002Normalized	counts(inten<0.22Normalized	counts(Norminten<0.22Normalized	counts(inten<0.23Normalized	counts(Norminten<0.23Normalized	counts(inten<0.24000000000000002Normalized	counts(Norminten<0.24000000000000002Normalized	counts(inten<0.25Normalized	counts(Norminten<0.25Normalized	counts(inten<0.26Normalized	counts(Norminten<0.26Normalized	counts(inten<0.27Normalized	counts(Norminten<0.27Normalized	counts(inten<0.28Normalized	counts(Norminten<0.28Normalized	counts(inten<0.29000000000000004Normalized	counts(Norminten<0.29000000000000004Normalized	diffNormalized	maxNormalized	medNormalized	stdNormalized	meanNormalized	minNormalized	eigenLocalNormalized	minPropNormalized	BioVolume	SubstratumCoverage	Homogenity	ThicknessThreshold=0.01	RoughnessThreshold=0.01	ThicknessThreshold=0.02	RoughnessThreshold=0.02	ThicknessThreshold=0.03	RoughnessThreshold=0.03	ThicknessThreshold=0.04	RoughnessThreshold=0.04	ThicknessThreshold=0.05	RoughnessThreshold=0.05	ThicknessThreshold=0.060000000000000005	RoughnessThreshold=0.060000000000000005	ThicknessThreshold=0.06999999999999999	RoughnessThreshold=0.06999999999999999	ThicknessThreshold=0.08	RoughnessThreshold=0.08	ThicknessThreshold=0.09	RoughnessThreshold=0.09	ThicknessThreshold=0.09999999999999999	RoughnessThreshold=0.09999999999999999	ThicknessThreshold=0.11	RoughnessThreshold=0.11	ThicknessThreshold=0.12	RoughnessThreshold=0.12	ThicknessThreshold=0.13	RoughnessThreshold=0.13	ThicknessThreshold=0.14	RoughnessThreshold=0.14	ThicknessThreshold=0.15000000000000002	RoughnessThreshold=0.15000000000000002	ThicknessThreshold=0.16	RoughnessThreshold=0.16	ThicknessThreshold=0.17	RoughnessThreshold=0.17	ThicknessThreshold=0.18000000000000002	RoughnessThreshold=0.18000000000000002	ThicknessThreshold=0.19	RoughnessThreshold=0.19	ThicknessThreshold=0.2	RoughnessThreshold=0.2	ThicknessThreshold=0.21000000000000002	RoughnessThreshold=0.21000000000000002	ThicknessThreshold=0.22	RoughnessThreshold=0.22	ThicknessThreshold=0.23	RoughnessThreshold=0.23	ThicknessThreshold=0.24000000000000002	RoughnessThreshold=0.24000000000000002	ThicknessThreshold=0.25	RoughnessThreshold=0.25	ThicknessThreshold=0.26	RoughnessThreshold=0.26	ThicknessThreshold=0.27	RoughnessThreshold=0.27	ThicknessThreshold=0.28	RoughnessThreshold=0.28	ThicknessThreshold=0.29000000000000004	RoughnessThreshold=0.29000000000000004
0	1	39	0	0	2184	2	2345	85	2534	97	2713	173	2873	237	3066	294	3200	311	3357	397	3525	439	3644	511	3815	608	3903	633	3976	680	4067	728	4131	833	4240	974	4282	1071	4297	1275	4319	1444	4360	1610	4387	1848	4372	2066	4377	2301	4326	2544	4272	2769	4225	2989	4139	3206	4099	3415	4029	4047	4095	789.0	582.5677083879467	927.1090030670166	48	1	0.59246826171875	4.761904761904762	7.442748091603053			8.178856308279968	0.006496459429610862	8.30676585193057	0.13699954870736897	8.43064843464085	0.2598515899166868	8.443821973233739	0.7876525223092333	8.391506265151737	1.4280549530007232	8.440467997247076	2.0021792427131575	8.373675258406385	2.220952653002928	8.426204819277109	2.789488476672288	8.425757720623386	2.929791777896423	8.363744864467854	3.1715491559086395	8.488529915670961	3.477465110958591	8.439831333117095	3.3607645341120254	8.36788382616016	3.2993692382338673	8.349757740001643	3.299193329103598	8.316556611370592	3.5022072734916962	8.408194023043212	3.766434648105182	8.399372302863869	3.8404991573134435	8.369692247760032	4.263786242183058	8.367560446373218	4.4945219123505975	8.44568417790175	4.694425005831584	8.523246099745489	5.083067444163274	8.544235767750004	5.394960177568874	8.629391585505305	5.746466210478997	8.626293644938086	6.071309245382082	8.656184146539147	6.393442622950819	8.70828781664159	6.676345767254858	8.694647508612722	6.981707317073171	8.8101276705498	7.252994647863393	8.838821490467938	4.755693435803426	4.7765685691290205	8.421389689401217	5.893550640293579	7.499606946025356	7.5829383886255926	4.761904761904762	4.448916251254115	4.437175398633257	7.419100000000001	0.05384158900411014	20.974007606506348	-5.722051355410915e-06	19.39651674736113	-1.4313181963482302e-05	17.24384374295053	-1.8238645962923712e-05	15.799294728234374	-1.9423642263126255e-05	14.790362864662784	-1.679564735858806e-05	14.002919494264017	-1.7167572676899212e-05	13.342251784467999	-1.1407333048495684e-05	12.743756084514576	-1.1767864956260986e-05	12.165291310068763	-9.985122167969726e-06	11.601205256611225	-9.248095181395607e-06	11.067189997737099	-1.089097888118184e-05	10.561177381047688	-1.0166062633111883e-05	10.067521925657502	-1.739602862048155e-05	9.601595773965903	-1.8351991191044228e-05	9.147499485368044	-8.950134326599352e-06	8.706617339654343	-4.732876452993071e-06	8.288318199505987	0.0	7.895209851187578	5.3115771134765335e-06	7.516394243047939	5.633771077346043e-06	7.159882330431455	5.979156659883646e-06	6.838247727753118	6.34116749348445e-06	6.522124967696266	4.49444262169827e-06	6.223647768683912	4.779269440873268e-06	5.944375832363569	5.092868456300642e-06	5.685566450870691	8.139853536902026e-06	5.447573352162728	8.681610612400813e-06	5.21938542310068	9.265006995080281e-06	5.007315245486566	9.90334336872128e-06	4.811375671642318	7.056017724716525e-06
1	1	41	0	0	2091	6	2253	105	2387	160	2569	226	2709	213	2825	275	2946	299	3051	358	3148	410	3246	449	3316	529	3440	674	3497	793	3558	820	3684	935	3730	1033	3753	1180	3773	1374	3758	1504	3791	1721	3844	1882	3842	2055	3859	2233	3822	2429	3797	2630	3762	2775	3738	2953	3691	3086	3631	4051	4095	781.0	601.8496970576712	923.9189891815186	44	1	0.5948677062988281	4.761904761904762	7.8244274809160315			7.830580833614201	0.019489378288832584	7.98087141339001	0.1692347366385146	7.941577669095386	0.4286211792440194	7.995642701525055	1.028956474230559	7.912492332856266	1.2834417932031816	7.7770130763936685	1.8727867066194497	7.709014784770378	2.135256730700564	7.658132530120482	2.5154581225407533	7.524619944545368	2.736252002135611	7.450251325483716	2.7867428003972194	7.378234652782413	3.0256234271333793	7.438642015353011	3.578444385452615	7.359781121751026	3.8476467734109656	7.304754865730476	3.716124354210097	7.416653245289097	3.931048980449863	7.396831062724334	3.994586233565352	7.361710474695959	4.231362283501273	7.349045578496299	4.5948567033408025	7.280688158710477	4.681274900398407	7.343483651015031	5.018077909960345	7.4682831108779695	5.17658708328749	7.508452383278938	5.3662358010184095	7.608138480343834	5.576644523250587	7.621288560090929	5.7968593384563984	7.6937104879234886	6.072500577233895	7.753983139930335	6.198347107438017	7.8522813208974025	6.43074912891986	7.933198641619739	6.55424347973834	7.965688962990589	4.760393898799032	4.7765685691290205	8.336001707759632	6.0886170249118505	7.473802159086112	6.9510268562401265	4.761904761904762	4.466933972499342	4.437175398633257	7.419100000000001	0.05384158900411014	20.974007606506348	-5.722051355410915e-06	19.39651674736113	-1.4313181963482302e-05	17.24384374295053	-1.8238645962923712e-05	15.799294728234374	-1.9423642263126255e-05	14.790362864662784	-1.679564735858806e-05	14.002919494264017	-1.7167572676899212e-05	13.342251784467999	-1.1407333048495684e-05	12.743756084514576	-1.1767864956260986e-05	12.165291310068763	-9.985122167969726e-06	11.601205256611225	-9.248095181395607e-06	11.067189997737099	-1.089097888118184e-05	10.561177381047688	-1.0166062633111883e-05	10.067521925657502	-1.739602862048155e-05	9.601595773965903	-1.8351991191044228e-05	9.147499485368044	-8.950134326599352e-06	8.706617339654343	-4.732876452993071e-06	8.288318199505987	0.0	7.895209851187578	5.3115771134765335e-06	7.516394243047939	5.633771077346043e-06	7.159882330431455	5.979156659883646e-06	6.838247727753118	6.34116749348445e-06	6.522124967696266	4.49444262169827e-06	6.223647768683912	4.779269440873268e-06	5.944375832363569	5.092868456300642e-06	5.685566450870691	8.139853536902026e-06	5.447573352162728	8.681610612400813e-06	5.21938542310068	9.265006995080281e-06	5.007315245486566	9.90334336872128e-06	4.811375671642318	7.056017724716525e-06
2	1	32	0	0	1858	9	1952	159	2071	233	2185	291	2319	279	2415	302	2519	326	2612	395	2676	501	2719	625	2831	724	2948	725	3007	834	3056	952	3101	1077	3119	1152	3159	1293	3167	1424	3215	1554	3175	1664	3169	1847	3190	1945	3171	2082	3146	2276	3146	2391	3105	2521	3064	2628	3002	2718	2942	4055	4095	742.0	589.8572555000537	878.7544450759888	40	1	0.5959100723266602	4.761904761904762	6.106870229007633			6.958019698161255	0.02923406743324888	6.914629826425789	0.25626974405260783	6.8902418737731645	0.6241795922741032	6.800497976968566	1.3248952831906757	6.773373835324356	1.6811279826464207	6.6483138334480385	2.0566603105420866	6.5916524924767765	2.328072555880883	6.556224899598393	2.775435637998876	6.396405010039201	3.3435664709022954	6.240675709793661	3.87909632571996	6.299089958391741	4.1409288492335845	6.374743215482755	3.8492168834616405	6.328527833315794	4.046579330422126	6.274123347294079	4.314329738058552	6.242953776775648	4.5280639058229974	6.1851785749697585	4.454756380510441	6.196547665751275	4.636569010650124	6.168679392286716	4.762064006955824	6.22868877867328	4.836902390438247	6.150240198357353	4.851877770002332	6.156865030794039	5.080316866541974	6.234243389552268	5.0789920355137745	6.251725089704665	5.199540482493382	6.273305549462601	5.43172163619875	6.374615010536553	5.520664973447241	6.399818620277428	5.6310029037301765	6.436433913116544	5.7229965156794425	6.452306237372651	5.772661626030074	6.45416054230744	4.765094361794637	4.7765685691290205	7.919735297256911	5.967295398939556	7.1084553362558145	6.31911532385466	4.761904761904762	4.47476122580659	4.437175398633257	7.419100000000001	0.05384158900411014	20.974007606506348	-5.722051355410915e-06	19.39651674736113	-1.4313181963482302e-05	17.24384374295053	-1.8238645962923712e-05	15.799294728234374	-1.9423642263126255e-05	14.790362864662784	-1.679564735858806e-05	14.002919494264017	-1.7167572676899212e-05	13.342251784467999	-1.1407333048495684e-05	12.743756084514576	-1.1767864956260986e-05	12.165291310068763	-9.985122167969726e-06	11.601205256611225	-9.248095181395607e-06	11.067189997737099	-1.089097888118184e-05	10.561177381047688	-1.0166062633111883e-05	10.067521925657502	-1.739602862048155e-05	9.601595773965903	-1.8351991191044228e-05	9.147499485368044	-8.950134326599352e-06	8.706617339654343	-4.732876452993071e-06	8.288318199505987	0.0	7.895209851187578	5.3115771134765335e-06	7.516394243047939	5.633771077346043e-06	7.159882330431455	5.979156659883646e-06	6.838247727753118	6.34116749348445e-06	6.522124967696266	4.49444262169827e-06	6.223647768683912	4.779269440873268e-06	5.944375832363569	5.092868456300642e-06	5.685566450870691	8.139853536902026e-06	5.447573352162728	8.681610612400813e-06	5.21938542310068	9.265006995080281e-06	5.007315245486566	9.90334336872128e-06	4.811375671642318	7.056017724716525e-06
3	1	35	0	0	1698	21	1815	220	1880	325	1986	343	2104	343	2249	393	2374	434	2435	478	2500	613	2588	666	2618	706	2703	807	2757	952	2822	1027	2883	1056	2904	1128	2970	1254	2977	1355	3037	1458	3039	1635	3072	1764	3076	1883	3057	2026	3015	2207	2969	2364	2928	2443	2902	2517	2842	2598	2811	4062	4095	707.0	577.2997823887009	843.1252775192261	33	1	0.5968198776245117	4.761904761904762	6.679389312977099			6.358836085833053	0.06821282401091405	6.429330499468651	0.354587067242602	6.254782579765113	0.8706367703394144	6.181139122315593	1.5616463303587689	6.145398253351638	2.066763075439865	6.1913282863041985	2.6763824570961594	6.2122203323302365	3.0993358566021567	6.111947791164658	3.358628442945475	5.975714695477579	4.0910304324612925	5.940003213293855	4.13356504468719	5.825156309102641	4.037977579501258	5.844956211482322	4.284576586142819	5.802378196359045	4.619116933527414	5.793709452246038	4.65421916069972	5.804074730230311	4.43977296615514	5.758819679933369	4.361948955916473	5.825814044723421	4.4967189012801665	5.798597584729256	4.531317927967093	5.883834469931804	4.538097609561753	5.886796838679683	4.767319804058783	5.968409395581978	4.852018923974034	6.011452246477359	4.917091004047526	6.0269705453255	5.05968732830528	6.012083989710662	5.267051692043339	6.01596693143135	5.458323712768414	6.0349980419234495	5.456779093142729	6.096126375934795	5.481271777003484	6.108412500537334	5.517797978081726	6.166772700348814	4.773320172036946	4.7765685691290205	7.546162877574981	5.84025762696851	6.820242459877907	5.213270142180095	4.761904761904762	4.481593064466346	4.437175398633257	7.419100000000001	0.05384158900411014	20.974007606506348	-5.722051355410915e-06	19.39651674736113	-1.4313181963482302e-05	17.24384374295053	-1.8238645962923712e-05	15.799294728234374	-1.9423642263126255e-05	14.790362864662784	-1.679564735858806e-05	14.002919494264017	-1.7167572676899212e-05	13.342251784467999	-1.1407333048495684e-05	12.743756084514576	-1.1767864956260986e-05	12.165291310068763	-9.985122167969726e-06	11.601205256611225	-9.248095181395607e-06	11.067189997737099	-1.089097888118184e-05	10.561177381047688	-1.0166062633111883e-05	10.067521925657502	-1.739602862048155e-05	9.601595773965903	-1.8351991191044228e-05	9.147499485368044	-8.950134326599352e-06	8.706617339654343	-4.732876452993071e-06	8.288318199505987	0.0	7.895209851187578	5.3115771134765335e-06	7.516394243047939	5.633771077346043e-06	7.159882330431455	5.979156659883646e-06	6.838247727753118	6.34116749348445e-06	6.522124967696266	4.49444262169827e-06	6.223647768683912	4.779269440873268e-06	5.944375832363569	5.092868456300642e-06	5.685566450870691	8.139853536902026e-06	5.447573352162728	8.681610612400813e-06	5.21938542310068	9.265006995080281e-06	5.007315245486566	9.90334336872128e-06	4.811375671642318	7.056017724716525e-06
4	1	34	0	0	1504	40	1589	262	1676	408	1785	441	1944	467	2051	454	2167	549	2251	573	2319	610	2386	742	2458	810	2527	853	2633	940	2716	915	2774	1027	2829	1153	2845	1262	2882	1339	2892	1452	2907	1536	2922	1667	2929	1791	2909	1986	2898	2108	2881	2215	2868	2322	2858	2409	2806	2502	2766	4059	4095	674.0	566.1354618871266	809.2416334152222	36	1	0.5977077484130859	4.761904761904762	6.488549618320611			5.632325955885106	0.12992918859221725	5.628763726532058	0.42228096189800784	5.576072129620388	1.0929840070722496	5.555555555555555	2.00783099617556	5.67806758769752	2.813931067727163	5.646249139710943	3.091800599291746	5.670548214052074	3.920588445333143	5.650100401606426	4.026138279932547	5.543072951525002	4.071009076348105	5.47637081411095	4.605263157894736	5.469149811984068	4.632807137954702	5.46437452697589	4.5288027608176264	5.541407976428496	4.560892770499757	5.576086063890942	4.146650956222243	5.584635206957643	4.317847382804288	5.610089832827652	4.458623356535189	5.58061985092193	4.525406103202209	5.613556680950526	4.477811590810286	5.60291382517049	4.519422310756973	5.631101813110181	4.478656403079076	5.6769831555633266	4.5852128947078885	5.724168930407083	4.676850763807285	5.735183943850795	4.959792218170921	5.778779237871144	5.030786119994272	5.837656022045713	5.114292311244516	5.911330049261084	5.186508822872459	6.003697168305185	5.246080139372823	6.031036409749388	5.313907059723048	6.068051685935546	4.7697948247902415	4.7765685691290205	7.193937453303448	5.7273136939404194	6.5461495410966295	5.687203791469194	4.761904761904762	4.488260194227597	4.437175398633257	7.419100000000001	0.05384158900411014	20.974007606506348	-5.722051355410915e-06	19.39651674736113	-1.4313181963482302e-05	17.24384374295053	-1.8238645962923712e-05	15.799294728234374	-1.9423642263126255e-05	14.790362864662784	-1.679564735858806e-05	14.002919494264017	-1.7167572676899212e-05	13.342251784467999	-1.1407333048495684e-05	12.743756084514576	-1.1767864956260986e-05	12.165291310068763	-9.985122167969726e-06	11.601205256611225	-9.248095181395607e-06	11.067189997737099	-1.089097888118184e-05	10.561177381047688	-1.0166062633111883e-05	10.067521925657502	-1.739602862048155e-05	9.601595773965903	-1.8351991191044228e-05	9.147499485368044	-8.950134326599352e-06	8.706617339654343	-4.732876452993071e-06	8.288318199505987	0.0	7.895209851187578	5.3115771134765335e-06	7.516394243047939	5.633771077346043e-06	7.159882330431455	5.979156659883646e-06	6.838247727753118	6.34116749348445e-06	6.522124967696266	4.49444262169827e-06	6.223647768683912	4.779269440873268e-06	5.944375832363569	5.092868456300642e-06	5.685566450870691	8.139853536902026e-06	5.447573352162728	8.681610612400813e-06	5.21938542310068	9.265006995080281e-06	5.007315245486566	9.90334336872128e-06	4.811375671642318	7.056017724716525e-06
5	1	32	0	0	1359	52	1458	453	1556	600	1689	580	1806	550	1915	546	2044	570	2152	560	2242	677	2323	686	2422	786	2507	806	2584	847	2682	945	2756	966	2762	1045	2789	1157	2814	1264	2854	1385	2848	1521	2842	1659	2830	1813	2823	1957	2797	2121	2789	2209	2793	2318	2731	2451	2672	2545	2671	4061	4095	639.0	558.2095477759069	774.1658573150635	34	1	0.597498893737793	4.761904761904762	6.106870229007633			5.089315807212673	0.16890794516988242	5.164718384697131	0.7301270066404487	5.176830688358785	1.6073294221650727	5.256769374416433	2.640684756874886	5.274994888570844	3.314051578693661	5.271851342050929	3.718332879324435	5.348685071307078	4.07055630936228	5.401606425702811	3.934794828555368	5.359020938904293	4.51815269620929	5.331772590603411	4.257696127110228	5.3890483501323905	4.4955387783116	5.421126608281977	4.2792673214759755	5.438282647584973	4.109655507035419	5.506282335550628	4.2826067252787094	5.548397487518119	4.061383224721463	5.4772245027465445	4.040989945862336	5.470772852098863	4.1488865779754	5.481106349824698	4.227000635387753	5.529293242405456	4.310881474103586	5.516813885014722	4.4349195241427575	5.52155582755338	4.563208273737485	5.5306924114209775	4.734299516908213	5.565632270020898	4.887368263323511	5.577379409360106	5.061810892081524	5.651240071324364	5.100438697760333	5.756745058433126	5.177574268483359	5.736912864465172	5.337543554006969	5.743025405149809	5.405233200237873	5.859640655507536	4.7721450562880445	4.7765685691290205	6.820365033621517	5.647131123721501	6.262413180854462	5.371248025276461	4.761904761904762	4.4866918790635655	4.437175398633257	7.419100000000001	0.05384158900411014	20.974007606506348	-5.722051355410915e-06	19.39651674736113	-1.4313181963482302e-05	17.24384374295053	-1.8238645962923712e-05	15.799294728234374	-1.9423642263126255e-05	14.790362864662784	-1.679564735858806e-05	14.002919494264017	-1.7167572676899212e-05	13.342251784467999	-1.1407333048495684e-05	12.743756084514576	-1.1767864956260986e-05	12.165291310068763	-9.985122167969726e-06	11.601205256611225	-9.248095181395607e-06	11.067189997737099	-1.089097888118184e-05	10.561177381047688	-1.0166062633111883e-05	10.067521925657502	-1.739602862048155e-05	9.601595773965903	-1.8351991191044228e-05	9.147499485368044	-8.950134326599352e-06	8.706617339654343	-4.732876452993071e-06	8.288318199505987	0.0	7.895209851187578	5.3115771134765335e-06	7.516394243047939	5.633771077346043e-06	7.159882330431455	5.979156659883646e-06	6.838247727753118	6.34116749348445e-06	6.522124967696266	4.49444262169827e-06	6.223647768683912	4.779269440873268e-06	5.944375832363569	5.092868456300642e-06	5.685566450870691	8.139853536902026e-06	5.447573352162728	8.681610612400813e-06	5.21938542310068	9.265006995080281e-06	5.007315245486566	9.90334336872128e-06	4.811375671642318	7.056017724716525e-06
6	1	30	0	0	1287	87	1436	624	1520	952	1641	823	1780	685	1903	635	1946	611	2055	589	2171	614	2274	663	2364	690	2455	740	2548	781	2619	903	2700	998	2718	1127	2769	1222	2796	1311	2822	1478	2820	1618	2786	1779	2791	1903	2775	1978	2785	2113	2731	2261	2697	2370	2664	2474	2592	2597	2601	4068	4095	599.0	546.6095574219612	732.982626914978	27	1	0.5969524383544922	4.761904761904762	5.7251908396946565			4.819683181664981	0.2825959851880725	5.086787105915692	1.005737863451744	5.057058255980304	2.5502960165019153	5.107376283846872	3.747040611910399	5.199053655402051	4.127500602554832	5.238816242257398	4.324434758921275	5.092241266518382	4.363350710562022	5.158132530120482	4.138560989319843	5.189310641552729	4.097704217832354	5.2193073056531025	4.114945382323734	5.259995994926907	3.94646533973919	5.3086820196778035	3.928855853464295	5.362517099863201	3.7894226103833093	5.376940133037694	4.092268648599656	5.43565791592849	4.195921799453437	5.38996965911119	4.3580819798917245	5.4315417810906235	4.381970093591996	5.446045968056096	4.384175500785874	5.467296962182269	4.60034860557769	5.462575546257555	4.717751341264288	5.412756697946416	4.893277588293541	5.4544743887900875	4.969317143230187	5.470998777650723	4.939813196144049	5.553450716863746	5.0427187246432155	5.533716971956557	5.220503347956592	5.558876270173341	5.293723475541658	5.59616838921099	5.387630662020905	5.57107853673215	5.515674114348823	5.706074633086897	4.780370866530354	4.7765685691290205	6.393425125413597	5.529779733327632	5.929272158874851	4.265402843601896	4.761904761904762	4.482588479113837	4.437175398633257	7.419100000000001	0.05384158900411014	20.974007606506348	-5.722051355410915e-06	19.39651674736113	-1.4313181963482302e-05	17.24384374295053	-1.8238645962923712e-05	15.799294728234374	-1.9423642263126255e-05	14.790362864662784	-1.679564735858806e-05	14.002919494264017	-1.7167572676899212e-05	13.342251784467999	-1.1407333048495684e-05	12.743756084514576	-1.1767864956260986e-05	12.165291310068763	-9.985122167969726e-06	11.601205256611225	-9.248095181395607e-06	11.067189997737099	-1.089097888118184e-05	10.561177381047688	-1.0166062633111883e-05	10.067521925657502	-1.739602862048155e-05	9.601595773965903	-1.8351991191044228e-05	9.147499485368044	-8.950134326599352e-06	8.706617339654343	-4.732876452993071e-06	8.288318199505987	0.0	7.895209851187578	5.3115771134765335e-06	7.516394243047939	5.633771077346043e-06	7.159882330431455	5.979156659883646e-06	6.838247727753118	6.34116749348445e-06	6.522124967696266	4.49444262169827e-06	6.223647768683912	4.779269440873268e-06	5.944375832363569	5.092868456300642e-06	5.685566450870691	8.139853536902026e-06	5.447573352162728	8.681610612400813e-06	5.21938542310068	9.265006995080281e-06	5.007315245486566	9.90334336872128e-06	4.811375671642318	7.056017724716525e-06
7	1	27	0	0	1316	95	1435	801	1538	969	1682	831	1780	707	1868	610	1940	621	2040	609	2128	637	2243	690	2339	651	2405	767	2492	860	2609	872	2699	943	2775	1137	2799	1273	2792	1435	2824	1547	2803	1718	2758	1830	2778	1912	2751	2030	2752	2138	2728	2262	2698	2407	2658	2468	2579	2609	2556	4064	4095	581.0	538.3992076904333	714.5328388214111	31	1	0.5979385375976562	4.761904761904762	5.152671755725191			4.928285211399468	0.3085818229065159	5.083244775061991	1.2910192766423827	5.1169444721695445	2.5958370167965925	5.234982882041706	3.78346384993626	5.199053655402051	4.260062665702579	5.1424638678596	4.15418142195587	5.076540625408871	4.434763979147325	5.120481927710843	4.279089376053963	5.086528348790515	4.251201281366791	5.148155798847805	4.282522343594836	5.204369979752131	3.723404255319149	5.20056222294302	4.072205999469074	5.244659581184889	4.172731683648714	5.356409624702307	3.9517810205746398	5.433644709292961	3.9646836241328565	5.503004342911535	4.396751740139211	5.490388387602982	4.564851005845017	5.438254772107518	4.798849613751129	5.471171729696218	4.815114541832669	5.429645126297846	5.009330534173081	5.358357133142935	5.033557046979865	5.429068381246458	4.992818905862384	5.423682031465636	5.069676839318715	5.487646812498754	5.102381747887929	5.527638190954774	5.222812283537289	5.560937403384381	5.37636810364083	5.583564406352407	5.374564459930314	5.543137170614281	5.541160479143658	5.607353618673629	4.775670403534748	4.7765685691290205	6.201302166720033	5.446719667998611	5.78002740072724	4.897314375987362	4.761904761904762	4.489993218290135	4.437175398633257	7.419100000000001	0.05384158900411014	20.974007606506348	-5.722051355410915e-06	19.39651674736113	-1.4313181963482302e-05	17.24384374295053	-1.8238645962923712e-05	15.799294728234374	-1.9423642263126255e-05	14.790362864662784	-1.679564735858806e-05	14.002919494264017	-1.7167572676899212e-05	13.342251784467999	-1.1407333048495684e-05	12.743756084514576	-1.1767864956260986e-05	12.165291310068763	-9.985122167969726e-06	11.601205256611225	-9.248095181395607e-06	11.067189997737099	-1.089097888118184e-05	10.561177381047688	-1.0166062633111883e-05	10.067521925657502	-1.739602862048155e-05	9.601595773965903	-1.8351991191044228e-05	9.147499485368044	-8.950134326599352e-06	8.706617339654343	-4.732876452993071e-06	8.288318199505987	0.0	7.895209851187578	5.3115771134765335e-06	7.516394243047939	5.633771077346043e-06	7.159882330431455	5.979156659883646e-06	6.838247727753118	6.34116749348445e-06	6.522124967696266	4.49444262169827e-06	6.223647768683912	4.779269440873268e-06	5.944375832363569	5.092868456300642e-06	5.685566450870691	8.139853536902026e-06	5.447573352162728	8.681610612400813e-06	5.21938542310068	9.265006995080281e-06	5.007315245486566	9.90334336872128e-06	4.811375671642318	7.056017724716525e-06
8	1	25	0	0	1259	175	1351	1025	1462	1180	1613	917	1751	797	1861	643	1924	581	1998	568	2133	612	2295	652	2346	744	2459	813	2514	886	2561	974	2659	1094	2684	1209	2722	1300	2758	1435	2780	1599	2784	1775	2778	1856	2757	1962	2716	2076	2710	2279	2656	2347	2624	2491	2579	2544	2563	2644	2518	4060	4095	549.0	528.9758630822845	684.6549768447876	35	1	0.5986433029174805	4.761904761904762	4.770992366412214			4.714826049507546	0.5684402000909504	4.7856889833510445	1.652053381471214	4.86409155937053	3.161081196924643	5.020230314347962	4.17501365871426	5.114349972252242	4.80236201494336	5.123193392980041	4.378915826750204	5.034672249116839	4.149110904806113	5.015060240963855	3.9910061832490165	5.098479778181471	4.084356647090229	5.267506713488949	4.046673286991063	5.219945264001067	4.25531914893617	5.317331603416585	4.316432174143881	5.290960749237083	4.298884036875304	5.257863184692453	4.414030635366627	5.353116443871799	4.599537523649358	5.322545461756599	4.675174013921113	5.339348764221263	4.6616703123319105	5.372029606544604	4.798849613751129	5.385926844389337	4.976967131474104	5.3928405392840535	5.175530674131093	5.397213965145422	5.105072065133679	5.388027907522132	5.123384253819037	5.354678443279051	5.184556215973228	5.403896388761491	5.438881198988115	5.381747446911979	5.41907180789656	5.408413545767464	5.563993745811928	5.41761196538106	5.54006968641115	5.508747796930749	5.61549570979526	5.523989206502424	4.770969940539143	4.7765685691290205	5.859750240153699	5.3513883308005	5.538338213726566	5.529225908372828	4.761904761904762	4.4952853868116875	4.437175398633257	7.419100000000001	0.05384158900411014	20.974007606506348	-5.722051355410915e-06	19.39651674736113	-1.4313181963482302e-05	17.24384374295053	-1.8238645962923712e-05	15.799294728234374	-1.9423642263126255e-05	14.790362864662784	-1.679564735858806e-05	14.002919494264017	-1.7167572676899212e-05	13.342251784467999	-1.1407333048495684e-05	12.743756084514576	-1.1767864956260986e-05	12.165291310068763	-9.985122167969726e-06	11.601205256611225	-9.248095181395607e-06	11.067189997737099	-1.089097888118184e-05	10.561177381047688	-1.0166062633111883e-05	10.067521925657502	-1.739602862048155e-05	9.601595773965903	-1.8351991191044228e-05	9.147499485368044	-8.950134326599352e-06	8.706617339654343	-4.732876452993071e-06	8.288318199505987	0.0	7.895209851187578	5.3115771134765335e-06	7.516394243047939	5.633771077346043e-06	7.159882330431455	5.979156659883646e-06	6.838247727753118	6.34116749348445e-06	6.522124967696266	4.49444262169827e-06	6.223647768683912	4.779269440873268e-06	5.944375832363569	5.092868456300642e-06	5.685566450870691	8.139853536902026e-06	5.447573352162728	8.681610612400813e-06	5.21938542310068	9.265006995080281e-06	5.007315245486566	9.90334336872128e-06	4.811375671642318	7.056017724716525e-06
9	1	22	0	0	1159	266	1301	1708	1415	1494	1515	1067	1638	809	1723	639	1908	618	2032	620	2143	663	2240	699	2275	755	2355	811	2391	946	2470	1076	2493	1153	2563	1296	2618	1424	2645	1561	2667	1693	2685	1848	2695	2020	2673	2150	2631	2252	2627	2311	2590	2353	2561	2444	2531	2504	2495	2570	2432	4065	4095	484.0	512.8722205507595	628.5885667800903	30	1	0.6043386459350586	4.761904761904762	4.198473282442748			4.340336291802419	0.8640291041382447	4.6085724406659585	2.7528850493198376	4.707721994876401	4.002250261191031	4.715219421101774	4.857949371699144	4.784297689634022	4.874668594842131	4.743289745354439	4.35167529283574	4.9928038728248065	4.413339998571734	5.100401606425703	4.356379988757729	5.122382636963381	4.424719701014415	5.14127016915697	4.338381330685204	5.061967380904702	4.318233813772592	5.092442426208239	4.305813644810194	5.032095127854362	4.590004852013585	5.071035558840436	4.876280250158615	5.018924142373973	4.847593020811436	5.082594641759375	5.011600928074246	5.135347194978423	5.10632194212357	5.151928320997273	5.220212018860984	5.1670024798512095	5.269546812749004	5.2010692701069265	5.388383484954513	5.235958112335101	5.5561667950269555	5.223866012624832	5.6143099621360495	5.1870983005402	5.624094700564408	5.238389598994995	5.515249868741349	5.248014264872751	5.432925421380744	5.278562153471979	5.459012731740005	5.316780102512394	5.452961672473868	5.362592958775738	5.458329793560445	5.335322378957067	4.776845519283649	4.7765685691290205	5.165972889315828	5.188475708994956	5.08480358406715	4.739336492890995	4.761904761904762	4.538052410371504	4.437175398633257	7.419100000000001	0.05384158900411014	20.974007606506348	-5.722051355410915e-06	19.39651674736113	-1.4313181963482302e-05	17.24384374295053	-1.8238645962923712e-05	15.799294728234374	-1.9423642263126255e-05	14.790362864662784	-1.679564735858806e-05	14.002919494264017	-1.7167572676899212e-05	13.342251784467999	-1.1407333048495684e-05	12.743756084514576	-1.1767864956260986e-05	12.165291310068763	-9.985122167969726e-06	11.601205256611225	-9.248095181395607e-06	11.067189997737099	-1.089097888118184e-05	10.561177381047688	-1.0166062633111883e-05	10.067521925657502	-1.739602862048155e-05	9.601595773965903	-1.8351991191044228e-05	9.147499485368044	-8.950134326599352e-06	8.706617339654343	-4.732876452993071e-06	8.288318199505987	0.0	7.895209851187578	5.3115771134765335e-06	7.516394243047939	5.633771077346043e-06	7.159882330431455	5.979156659883646e-06	6.838247727753118	6.34116749348445e-06	6.522124967696266	4.49444262169827e-06	6.223647768683912	4.779269440873268e-06	5.944375832363569	5.092868456300642e-06	5.685566450870691	8.139853536902026e-06	5.447573352162728	8.681610612400813e-06	5.21938542310068	9.265006995080281e-06	5.007315245486566	9.90334336872128e-06	4.811375671642318	7.056017724716525e-06
10	1	24	0	0	1100	318	1186	1945	1369	1880	1474	1046	1586	825	1736	680	1867	656	1957	648	2102	675	2157	742	2269	778	2292	850	2361	960	2422	1063	2451	1159	2521	1344	2549	1491	2536	1600	2565	1805	2589	1912	2630	2032	2624	2164	2610	2261	2571	2305	2549	2381	2492	2434	2442	2499	2403	2563	2350	4066	4095	448.0	495.4349231773026	595.6276788711548	29	1	0.6074762344360352	4.761904761904762	4.580152671755725			4.119387334756394	1.0329370493081271	4.201204392490259	3.1348720263039134	4.554679442392787	5.036298856117228	4.587612822906941	4.762338371881261	4.632415223296434	4.971077368040492	4.779077770130764	4.630890765459003	4.8855161585764755	4.684710419195887	4.91214859437751	4.5531197301854975	5.024380915957549	4.504805125467165	4.950767747710528	4.605263157894736	5.048617137262755	4.449782658430565	4.956211482322413	4.512874966817096	4.968957171419552	4.657933042212519	4.972489118830582	4.817366083567479	4.934369463681752	4.872819003573681	4.999305927380173	5.197215777262181	5.0	5.346577258220677	4.939618231398519	5.350633715680701	4.969389336639802	5.618152390438247	5.015109251510925	5.574994168416142	5.109673408327019	5.589173726482562	5.128104907268073	5.650868259563912	5.145696147628248	5.646571100344638	5.126722367345311	5.500930743162617	5.164937591181714	5.497575617640268	5.136343961910258	5.436676345767255	5.129821023443408	5.442073170731708	5.164854060095431	5.443462747430125	5.155430752692889	4.778020635032551	4.7765685691290205	4.781726971928701	5.012071157866127	4.818175061324665	4.581358609794629	4.761904761904762	4.5616129441142705	4.437175398633257	7.419100000000001	0.05384158900411014	20.974007606506348	-5.722051355410915e-06	19.39651674736113	-1.4313181963482302e-05	17.24384374295053	-1.8238645962923712e-05	15.799294728234374	-1.9423642263126255e-05	14.790362864662784	-1.679564735858806e-05	14.002919494264017	-1.7167572676899212e-05	13.342251784467999	-1.1407333048495684e-05	12.743756084514576	-1.1767864956260986e-05	12.165291310068763	-9.985122167969726e-06	11.601205256611225	-9.248095181395607e-06	11.067189997737099	-1.089097888118184e-05	10.561177381047688	-1.0166062633111883e-05	10.067521925657502	-1.739602862048155e-05	9.601595773965903	-1.8351991191044228e-05	9.147499485368044	-8.950134326599352e-06	8.706617339654343	-4.732876452993071e-06	8.288318199505987	0.0	7.895209851187578	5.3115771134765335e-06	7.516394243047939	5.633771077346043e-06	7.159882330431455	5.979156659883646e-06	6.838247727753118	6.34116749348445e-06	6.522124967696266	4.49444262169827e-06	6.223647768683912	4.779269440873268e-06	5.944375832363569	5.092868456300642e-06	5.685566450870691	8.139853536902026e-06	5.447573352162728	8.681610612400813e-06	5.21938542310068	9.265006995080281e-06	5.007315245486566	9.90334336872128e-06	4.811375671642318	7.056017724716525e-06
11	1	22	0	0	1088	420	1184	2257	1380	1755	1459	1036	1578	838	1752	735	1858	681	1923	667	2046	718	2144	769	2202	819	2239	901	2303	995	2360	1071	2408	1199	2437	1418	2483	1504	2547	1683	2551	1855	2580	1922	2573	2058	2541	2158	2546	2229	2498	2287	2455	2352	2418	2408	2354	2445	2302	2499	2276	4065	4095	432.0	491.9101513129241	581.9729518890381	30	1	0.6095352172851562	4.761904761904762	4.198473282442748			4.074448563831779	1.364256480218281	4.194119730782855	3.6377409580297853	4.591276574508434	4.701438559832837	4.540927482103953	4.716809324348935	4.6090486900137275	5.04940949626416	4.823124569855471	5.005448106782893	4.861965196912207	4.8632435906591445	4.826807228915662	4.686621697582911	4.890524906778851	4.791777896422851	4.9209300190502425	4.772840119165839	4.899539416594353	4.684282772820865	4.841604497783544	4.783647464826121	4.846890455645585	4.82775351770985	4.845199967151187	4.85362095531587	4.8478015783540025	5.040992221988648	4.83272849862177	5.483372003093581	4.870537465672813	5.393193961343996	4.96104402025711	5.628197839681637	4.942265964042158	5.773779880478087	4.99767549976755	5.604152087707021	4.998931437119931	5.660688744636374	4.965897320643358	5.635200417809114	5.019518157801349	5.566655012237151	4.981156154659116	5.457973366426423	4.974469119792511	5.430616485800046	4.983820104293341	5.378601742238106	4.944962608184186	5.324477351916376	4.947771138718136	5.30753546852434	4.993089528991071	4.776845519283649	4.7765685691290205	4.610951008645533	4.976412776567101	4.70771870184332	4.739336492890995	4.761904761904762	4.577074096804433	4.437175398633257	7.419100000000001	0.05384158900411014	20.974007606506348	-5.722051355410915e-06	19.39651674736113	-1.4313181963482302e-05	17.24384374295053	-1.8238645962923712e-05	15.799294728234374	-1.9423642263126255e-05	14.790362864662784	-1.679564735858806e-05	14.002919494264017	-1.7167572676899212e-05	13.342251784467999	-1.1407333048495684e-05	12.743756084514576	-1.1767864956260986e-05	12.165291310068763	-9.985122167969726e-06	11.601205256611225	-9.248095181395607e-06	11.067189997737099	-1.089097888118184e-05	10.561177381047688	-1.0166062633111883e-05	10.067521925657502	-1.739602862048155e-05	9.601595773965903	-1.8351991191044228e-05	9.147499485368044	-8.950134326599352e-06	8.706617339654343	-4.732876452993071e-06	8.288318199505987	0.0	7.895209851187578	5.3115771134765335e-06	7.516394243047939	5.633771077346043e-06	7.159882330431455	5.979156659883646e-06	6.838247727753118	6.34116749348445e-06	6.522124967696266	4.49444262169827e-06	6.223647768683912	4.779269440873268e-06	5.944375832363569	5.092868456300642e-06	5.685566450870691	8.139853536902026e-06	5.447573352162728	8.681610612400813e-06	5.21938542310068	9.265006995080281e-06	5.007315245486566	9.90334336872128e-06	4.811375671642318	7.056017724716525e-06
12	1	25	0	0	1077	773	1177	2732	1225	2090	1382	1220	1473	945	1523	796	1646	695	1734	721	1871	761	1972	799	2041	916	2107	1031	2206	1113	2268	1188	2293	1319	2333	1445	2370	1516	2389	1649	2427	1757	2417	1907	2400	2023	2354	2105	2312	2171	2312	2257	2295	2294	2246	2363	2192	2375	2119	2426	2057	4066	4095	364.0	468.91282484028926	526.7623615264893	29	1	0.6222143173217773	4.761904761904762	4.770992366412214			4.033254690484215	2.510881569544598	4.169323414806943	4.403326671394494	4.075589712878863	5.598864153875003	4.3012760659819484	5.554543798943726	4.302362940678214	5.6941431670282	4.192704748795595	5.42086624897848	4.3072092110427835	4.963222166678569	4.352409638554216	5.066048341765036	4.47222487809542	5.078750667378537	4.526153916775689	4.9590367428003965	4.54130787886879	5.239075726378403	4.556168234403719	5.473851871515795	4.642744396506367	5.4002911208151385	4.656319290465632	5.383848454636091	4.61628281526816	5.545511877233551	4.626489777301842	5.587780355761794	4.648881914476266	5.43622476422706	4.653291780288274	5.514496873223423	4.70203037817731	5.46875	4.681930884859755	5.560415208770702	4.66281984029842	5.564418527890857	4.6004416736696045	5.496801148975062	4.558179882496747	5.421807102542331	4.610261420965523	5.386377738532767	4.650267466364078	5.296698222119603	4.6293051919945585	5.278088005360733	4.604655071002436	5.172038327526132	4.554442677212741	5.152493416022428	4.5126472588465	4.778020635032551	4.7765685691290205	3.88515316469207	4.743760148887332	4.261107002887354	4.581358609794629	4.761904761904762	4.672283001397161	4.437175398633257	7.419100000000001	0.05384158900411014	20.974007606506348	-5.722051355410915e-06	19.39651674736113	-1.4313181963482302e-05	17.24384374295053	-1.8238645962923712e-05	15.799294728234374	-1.9423642263126255e-05	14.790362864662784	-1.679564735858806e-05	14.002919494264017	-1.7167572676899212e-05	13.342251784467999	-1.1407333048495684e-05	12.743756084514576	-1.1767864956260986e-05	12.165291310068763	-9.985122167969726e-06	11.601205256611225	-9.248095181395607e-06	11.067189997737099	-1.089097888118184e-05	10.561177381047688	-1.0166062633111883e-05	10.067521925657502	-1.739602862048155e-05	9.601595773965903	-1.8351991191044228e-05	9.147499485368044	-8.950134326599352e-06	8.706617339654343	-4.732876452993071e-06	8.288318199505987	0.0	7.895209851187578	5.3115771134765335e-06	7.516394243047939	5.633771077346043e-06	7.159882330431455	5.979156659883646e-06	6.838247727753118	6.34116749348445e-06	6.522124967696266	4.49444262169827e-06	6.223647768683912	4.779269440873268e-06	5.944375832363569	5.092868456300642e-06	5.685566450870691	8.139853536902026e-06	5.447573352162728	8.681610612400813e-06	5.21938542310068	9.265006995080281e-06	5.007315245486566	9.90334336872128e-06	4.811375671642318	7.056017724716525e-06
13	1	21	0	0	973	985	1084	3302	1223	2291	1291	1348	1393	1002	1482	831	1560	759	1613	833	1774	809	1878	880	1966	938	2029	995	2094	1124	2134	1256	2188	1356	2251	1454	2314	1540	2344	1610	2326	1781	2321	1911	2296	1962	2283	2056	2266	2126	2205	2178	2136	2249	2078	2312	2047	2357	2003	2309	1948	4067	4095	324.0	448.7884276120687	490.99873065948486	28	1	0.6305723190307617	4.761904761904762	4.007633587786259			3.6437853424708835	3.1995062690833493	3.8398866454126814	5.322029527432145	4.068935688857836	6.137319510300303	4.018051665110488	6.137315607357494	4.068697607851155	6.037599421547361	4.079834824501032	5.659220920730046	4.082166688473113	5.420267085624509	4.048694779116466	5.85300730747611	4.240367147910891	5.399092365189535	4.3104041864628515	5.461767626613704	4.3744298333444585	5.364905056051247	4.38750135149746	5.282718343509424	4.4070293591497425	5.453663270257157	4.381210478771455	5.692014864497417	4.404896118537606	5.7010721042673955	4.463878477799591	5.622583139984532	4.539034915653197	5.522286369993187	4.565640825866771	5.384075176403705	4.5063546187228765	5.543451195219124	4.495970866263754	5.572078376487053	4.460764313885488	5.396633292991528	4.461685786315933	5.368847107977543	4.467489452308663	5.309425103641177	4.396897246206305	5.197842585079472	4.328092073269573	5.192796120988224	4.283034812539935	5.16417243689971	4.300058818586673	5.1328397212543555	4.305119718007136	4.9040013592727885	4.273523023934361	4.779195750781453	4.7765685691290205	3.45821325648415	4.540171531697928	3.9718064205631802	4.423380726698262	4.761904761904762	4.735044252984275	4.437175398633257	7.419100000000001	0.05384158900411014	20.974007606506348	-5.722051355410915e-06	19.39651674736113	-1.4313181963482302e-05	17.24384374295053	-1.8238645962923712e-05	15.799294728234374	-1.9423642263126255e-05	14.790362864662784	-1.679564735858806e-05	14.002919494264017	-1.7167572676899212e-05	13.342251784467999	-1.1407333048495684e-05	12.743756084514576	-1.1767864956260986e-05	12.165291310068763	-9.985122167969726e-06	11.601205256611225	-9.248095181395607e-06	11.067189997737099	-1.089097888118184e-05	10.561177381047688	-1.0166062633111883e-05	10.067521925657502	-1.739602862048155e-05	9.601595773965903	-1.8351991191044228e-05	9.147499485368044	-8.950134326599352e-06	8.706617339654343	-4.732876452993071e-06	8.288318199505987	0.0	7.895209851187578	5.3115771134765335e-06	7.516394243047939	5.633771077346043e-06	7.159882330431455	5.979156659883646e-06	6.838247727753118	6.34116749348445e-06	6.522124967696266	4.49444262169827e-06	6.223647768683912	4.779269440873268e-06	5.944375832363569	5.092868456300642e-06	5.685566450870691	8.139853536902026e-06	5.447573352162728	8.681610612400813e-06	5.21938542310068	9.265006995080281e-06	5.007315245486566	9.90334336872128e-06	4.811375671642318	7.056017724716525e-06
14	1	17	0	0	979	1407	1067	3647	1154	2513	1232	1410	1293	980	1369	883	1476	817	1572	810	1650	855	1751	865	1809	983	1876	1070	1945	1183	1986	1257	2060	1312	2075	1420	2136	1549	2186	1649	2200	1744	2237	1812	2194	1893	2148	1968	2107	2013	2093	2056	2070	2124	2027	2183	1979	2199	1904	2232	1818	4069	4095	287.0	432.96345844028974	458.17152404785156	26	1	0.6407566070556641	4.761904761904762	3.2442748091603053			3.666254727933191	4.570259208731241	3.779667020899752	5.878086519244407	3.839371860132415	6.732031396501379	3.8344226579520697	6.419595702057913	3.776615941817332	5.905037358399615	3.768754301445286	6.0133478616180875	3.8623577129399447	5.834464043419267	3.9457831325301203	5.691399662731872	3.943971699015202	5.706086492258409	4.0189125295508275	5.368669314796425	4.025098458046859	5.622283230382063	4.056654773489026	5.680913193522697	4.093444175523519	5.739932071809801	4.077358955407736	5.696546723465966	4.147205669189886	5.516081564010931	4.114859103258175	5.4911059551430785	4.189878383679875	5.554559472155485	4.257888585897936	5.514496873223423	4.262244265344079	5.4282868525896415	4.333255849992251	5.283414975507348	4.2625944706728065	5.206843437121796	4.1978541695167	5.139052095573835	4.154016008832459	5.027221417511613	4.173562782906937	4.9066870316452675	4.194358891230345	4.9041791734010625	4.177917018776924	4.87603305785124	4.157213679522729	4.78876306620209	4.092335468340283	4.740463851839266	3.9883289822960313	4.781545982279255	4.7765685691290205	3.063293841391824	4.380078111049807	3.706259277876854	4.107424960505529	4.761904761904762	4.811519310686099	4.437175398633257	7.419100000000001	0.05384158900411014	20.974007606506348	-5.722051355410915e-06	19.39651674736113	-1.4313181963482302e-05	17.24384374295053	-1.8238645962923712e-05	15.799294728234374	-1.9423642263126255e-05	14.790362864662784	-1.679564735858806e-05	14.002919494264017	-1.7167572676899212e-05	13.342251784467999	-1.1407333048495684e-05	12.743756084514576	-1.1767864956260986e-05	12.165291310068763	-9.985122167969726e-06	11.601205256611225	-9.248095181395607e-06	11.067189997737099	-1.089097888118184e-05	10.561177381047688	-1.0166062633111883e-05	10.067521925657502	-1.739602862048155e-05	9.601595773965903	-1.8351991191044228e-05	9.147499485368044	-8.950134326599352e-06	8.706617339654343	-4.732876452993071e-06	8.288318199505987	0.0	7.895209851187578	5.3115771134765335e-06	7.516394243047939	5.633771077346043e-06	7.159882330431455	5.979156659883646e-06	6.838247727753118	6.34116749348445e-06	6.522124967696266	4.49444262169827e-06	6.223647768683912	4.779269440873268e-06	5.944375832363569	5.092868456300642e-06	5.685566450870691	8.139853536902026e-06	5.447573352162728	8.681610612400813e-06	5.21938542310068	9.265006995080281e-06	5.007315245486566	9.90334336872128e-06	4.811375671642318	7.056017724716525e-06
15	1	16	0	0	898	2044	1014	4488	1051	2820	1147	1584	1256	1106	1362	988	1382	863	1452	847	1540	834	1632	908	1680	1021	1733	1064	1810	1200	1915	1297	1929	1375	1992	1422	1986	1541	1959	1616	2014	1686	2046	1753	2025	1837	1990	1951	1949	1949	1879	1995	1805	1962	1742	1995	1709	2034	1648	2025	1602	4072	4095	240.0	409.69575016746506	413.13769817352295	23	1	0.6565685272216797	4.761904761904762	3.0534351145038165			3.3629180241920382	6.6393815370623015	3.59192348565356	7.233576171749082	3.496689623049539	7.554448284175843	3.569872393401805	7.21180112912038	3.6685457253848175	6.664256447336708	3.749483826565726	6.728411876872786	3.6163810022242573	6.162965078911662	3.644578313253012	5.951377178189994	3.681040252414189	5.565936999466097	3.7457825518143633	5.6355511420059585	3.7380682197450104	5.839624799816975	3.7474321548275493	5.6490576055216355	3.8093233715668737	5.822416302765648	3.931592346226492	5.877821082207921	3.883475599935578	5.780954383014505	3.9502647391278485	5.4988399071925755	3.8956453511180857	5.525872270233442	3.815738215816128	5.404140052837508	3.901890886546807	5.247758964143427	3.9632728963272896	5.1113832516911595	3.9342542402517924	5.052811090328969	3.8890734624479664	5.094659877268573	3.8425140964473012	4.867389241296639	3.7468344333885026	4.761109254928166	3.657399902739504	4.5301316093281	3.590494053630686	4.456109001563547	3.59003445088648	4.429442508710801	3.542105489403774	4.300824059128367	3.5144681131123443	4.785071329525959	4.7765685691290205	2.5616394492475183	4.144690163837751	3.3419698661508006	3.6334913112164293	4.761904761904762	4.93025294273931	4.437175398633257	7.419100000000001	0.05384158900411014	20.974007606506348	-5.722051355410915e-06	19.39651674736113	-1.4313181963482302e-05	17.24384374295053	-1.8238645962923712e-05	15.799294728234374	-1.9423642263126255e-05	14.790362864662784	-1.679564735858806e-05	14.002919494264017	-1.7167572676899212e-05	13.342251784467999	-1.1407333048495684e-05	12.743756084514576	-1.1767864956260986e-05	12.165291310068763	-9.985122167969726e-06	11.601205256611225	-9.248095181395607e-06	11.067189997737099	-1.089097888118184e-05	10.561177381047688	-1.0166062633111883e-05	10.067521925657502	-1.739602862048155e-05	9.601595773965903	-1.8351991191044228e-05	9.147499485368044	-8.950134326599352e-06	8.706617339654343	-4.732876452993071e-06	8.288318199505987	0.0	7.895209851187578	5.3115771134765335e-06	7.516394243047939	5.633771077346043e-06	7.159882330431455	5.979156659883646e-06	6.838247727753118	6.34116749348445e-06	6.522124967696266	4.49444262169827e-06	6.223647768683912	4.779269440873268e-06	5.944375832363569	5.092868456300642e-06	5.685566450870691	8.139853536902026e-06	5.447573352162728	8.681610612400813e-06	5.21938542310068	9.265006995080281e-06	5.007315245486566	9.90334336872128e-06	4.811375671642318	7.056017724716525e-06
16	1	25	0	0	953	3115	958	5908	1001	3257	1101	1704	1139	1135	1191	936	1276	937	1298	925	1387	969	1446	985	1485	1097	1504	1139	1559	1206	1604	1263	1602	1356	1624	1408	1651	1484	1689	1497	1688	1528	1668	1595	1633	1595	1635	1624	1611	1651	1585	1690	1521	1680	1453	1656	1410	1629	1348	1615	1277	4073	4095	183.0	365.26452435332055	344.5640478134155	22	1	0.6844682693481445	4.761904761904762	4.770992366412214			3.5688873909298584	10.118235561618917	3.3935529578462633	9.52227451486042	3.330339022523871	8.72511987998607	3.4267040149393093	7.758149699508286	3.326810176125244	6.8389973487587365	3.278733654507915	6.374284935984745	3.3390030092895464	6.691423266442905	3.258032128514056	6.499437886453063	3.315326513050961	6.466898024559529	3.3188735109825793	6.113455809334657	3.3041853013817497	6.274307938686799	3.252243485782247	6.047252455534909	3.2810691360622957	5.851528384279476	3.293093536995976	5.72373787727726	3.225157030117571	5.7010721042673955	3.220496955995796	5.444702242846095	3.2385249117300905	5.3214759565388885	3.2898324892871056	5.006186670233756	3.2703037817730936	4.755976095617529	3.2310553231055326	4.650688126895265	3.17266033300305	4.387171305974254	3.1952940256796105	4.240762501632068	3.1761365876739873	4.123170670795664	3.160581467227661	4.033220371342656	3.081941967904036	3.8790117755714615	2.9948265556402913	3.698905517087335	2.9619359717670783	3.5474738675958193	2.8973047328375534	3.4300399286381786	2.8014830090165193	4.78624644527486	4.7765685691290205	1.9532500800512327	3.69520133090779	2.7872611718616986	3.4755134281200633	4.761904761904762	5.139755500382053	4.437175398633257	7.419100000000001	0.05384158900411014	20.974007606506348	-5.722051355410915e-06	19.39651674736113	-1.4313181963482302e-05	17.24384374295053	-1.8238645962923712e-05	15.799294728234374	-1.9423642263126255e-05	14.790362864662784	-1.679564735858806e-05	14.002919494264017	-1.7167572676899212e-05	13.342251784467999	-1.1407333048495684e-05	12.743756084514576	-1.1767864956260986e-05	12.165291310068763	-9.985122167969726e-06	11.601205256611225	-9.248095181395607e-06	11.067189997737099	-1.089097888118184e-05	10.561177381047688	-1.0166062633111883e-05	10.067521925657502	-1.739602862048155e-05	9.601595773965903	-1.8351991191044228e-05	9.147499485368044	-8.950134326599352e-06	8.706617339654343	-4.732876452993071e-06	8.288318199505987	0.0	7.895209851187578	5.3115771134765335e-06	7.516394243047939	5.633771077346043e-06	7.159882330431455	5.979156659883646e-06	6.838247727753118	6.34116749348445e-06	6.522124967696266	4.49444262169827e-06	6.223647768683912	4.779269440873268e-06	5.944375832363569	5.092868456300642e-06	5.685566450870691	8.139853536902026e-06	5.447573352162728	8.681610612400813e-06	5.21938542310068	9.265006995080281e-06	5.007315245486566	9.90334336872128e-06	4.811375671642318	7.056017724716525e-06
17	1	21	0	0	908	4042	889	6911	894	3456	943	1622	1018	1154	1100	1002	1156	946	1194	876	1260	880	1293	943	1349	1026	1402	1121	1439	1181	1440	1221	1457	1283	1471	1331	1464	1415	1453	1423	1427	1441	1360	1448	1346	1464	1357	1459	1328	1449	1299	1432	1228	1360	1150	1355	1096	1348	1036	1319	1005	4071	4095	156.0	327.26981105684683	298.2229194641113	24	1	0.70416259765625	4.761904761904762	4.007633587786259			3.400366999962551	13.129344507243552	3.149132128940843	11.138869189607375	2.9743487373989423	9.25821747167082	2.93495175848117	7.3848115097432165	2.9733913602243187	6.953482766931791	3.0282174810736406	6.823753745573413	3.0249901870993066	6.755695208169678	2.996987951807229	6.155143338954469	3.0117602065207	5.87293112653497	2.967706396749983	5.852780536246276	3.0015797788309637	5.868222374742622	3.031679100443291	5.951685691531723	3.0285173103230556	5.730228044638525	2.9563932002956395	5.533399800598205	2.933242067965856	5.39415598066008	2.9170880679001328	5.146945088940448	2.87171439780306	5.074048839961272	2.8301519283209973	4.758719860883524	2.764646621202728	4.4851842629482075	2.634433596776693	4.222066713319338	2.615064793767364	4.026845637583892	2.6519963259004475	3.8098968533751143	2.618193288908166	3.618700364617152	2.5902809627310615	3.41749797145721	2.4882476900632193	3.140152389748326	2.370303192695344	3.026580299307572	2.302327535501218	2.9355400696864113	2.2267119460086833	2.8013762636989212	2.204769321896321	4.783896213777057	4.7765685691290205	1.6650656420108871	3.310827525679494	2.4123966770661798	3.7914691943127963	4.761904761904762	5.287642607470766	4.437175398633257	7.419100000000001	0.05384158900411014	20.974007606506348	-5.722051355410915e-06	19.39651674736113	-1.4313181963482302e-05	17.24384374295053	-1.8238645962923712e-05	15.799294728234374	-1.9423642263126255e-05	14.790362864662784	-1.679564735858806e-05	14.002919494264017	-1.7167572676899212e-05	13.342251784467999	-1.1407333048495684e-05	12.743756084514576	-1.1767864956260986e-05	12.165291310068763	-9.985122167969726e-06	11.601205256611225	-9.248095181395607e-06	11.067189997737099	-1.089097888118184e-05	10.561177381047688	-1.0166062633111883e-05	10.067521925657502	-1.739602862048155e-05	9.601595773965903	-1.8351991191044228e-05	9.147499485368044	-8.950134326599352e-06	8.706617339654343	-4.732876452993071e-06	8.288318199505987	0.0	7.895209851187578	5.3115771134765335e-06	7.516394243047939	5.633771077346043e-06	7.159882330431455	5.979156659883646e-06	6.838247727753118	6.34116749348445e-06	6.522124967696266	4.49444262169827e-06	6.223647768683912	4.779269440873268e-06	5.944375832363569	5.092868456300642e-06	5.685566450870691	8.139853536902026e-06	5.447573352162728	8.681610612400813e-06	5.21938542310068	9.265006995080281e-06	5.007315245486566	9.90334336872128e-06	4.811375671642318	7.056017724716525e-06
18	1	13	0	0	944	4903	918	7554	921	3412	914	1750	984	1126	1036	1029	1112	942	1140	917	1205	897	1287	964	1304	1004	1305	1100	1311	1130	1317	1202	1308	1288	1301	1307	1285	1319	1309	1301	1252	1316	1226	1304	1195	1294	1154	1307	1121	1274	1090	1235	1054	1192	1024	1167	983	1122	930	1092	884	4072	4095	142.0	303.71888809674135	271.62168312072754	23	1	0.7156553268432617	4.761904761904762	2.480916030534351			3.5351833127363967	15.926070291691028	3.251859723698194	12.175230481593708	3.0641780616828025	9.140346647378713	2.844693432928727	7.967583318156985	2.874083593772819	6.784767413834659	2.8520302821748107	7.00762734949605	2.9098521522962186	6.727129900735557	2.86144578313253	6.443226531759414	2.8802944832201933	5.986385477843033	2.9539351373683123	5.9831181727904665	2.901452951516365	5.742393045069778	2.821926694777814	5.840191133528006	2.7591286962012	5.482775351770985	2.703867947770387	5.447294480195777	2.6332742792720247	5.415177632961951	2.579967081127174	5.054137664346481	2.5205963122793253	4.729802416896762	2.5496688741721854	4.3507340400628705	2.425604463732176	4.096115537848606	2.374864404153107	3.802192675530674	2.321695712148588	3.559247441962812	2.2552717465653034	3.412978195586891	2.210086353061788	3.181659257779332	2.1735229017527766	2.9473533482888645	2.135678391959799	2.75225121219118	2.1106004081043754	2.6066562430198794	2.0649525249978993	2.4433797909407664	1.998882345355285	2.319259196329963	1.9393194831406446	4.785071329525959	4.7765685691290205	1.515636674138115	3.072574434935568	2.1972129001923375	3.6334913112164293	4.761904761904762	5.373942909031276	4.437175398633257	7.419100000000001	0.05384158900411014	20.974007606506348	-5.722051355410915e-06	19.39651674736113	-1.4313181963482302e-05	17.24384374295053	-1.8238645962923712e-05	15.799294728234374	-1.9423642263126255e-05	14.790362864662784	-1.679564735858806e-05	14.002919494264017	-1.7167572676899212e-05	13.342251784467999	-1.1407333048495684e-05	12.743756084514576	-1.1767864956260986e-05	12.165291310068763	-9.985122167969726e-06	11.601205256611225	-9.248095181395607e-06	11.067189997737099	-1.089097888118184e-05	10.561177381047688	-1.0166062633111883e-05	10.067521925657502	-1.739602862048155e-05	9.601595773965903	-1.8351991191044228e-05	9.147499485368044	-8.950134326599352e-06	8.706617339654343	-4.732876452993071e-06	8.288318199505987	0.0	7.895209851187578	5.3115771134765335e-06	7.516394243047939	5.633771077346043e-06	7.159882330431455	5.979156659883646e-06	6.838247727753118	6.34116749348445e-06	6.522124967696266	4.49444262169827e-06	6.223647768683912	4.779269440873268e-06	5.944375832363569	5.092868456300642e-06	5.685566450870691	8.139853536902026e-06	5.447573352162728	8.681610612400813e-06	5.21938542310068	9.265006995080281e-06	5.007315245486566	9.90334336872128e-06	4.811375671642318	7.056017724716525e-06
19	1	11	0	0	1033	5678	904	8706	889	3573	912	1732	961	1191	1008	1038	983	889	1020	925	1062	923	1077	989	1091	984	1088	1000	1118	1069	1099	1075	1119	1075	1103	1093	1075	1118	1089	1107	1066	1123	1044	1102	1006	1072	966	1077	940	1069	901	1022	876	1006	829	951	775	912	761	893	728	3998	4018	128.0	275.8435652451252	240.46006679534912	20	1	0.7311782836914062	4.761904761904762	2.099236641221374			3.8684791970939596	18.443448320665237	3.202267091746369	14.031977306427695	2.957713677346375	9.571646708993008	2.838468720821662	7.885631032598798	2.80690481058504	7.176428054953001	2.774948382656573	7.0689185508035965	2.5722883684417117	6.348639577233451	2.5602409638554215	6.499437886453063	2.5384836026388755	6.159903897490657	2.4719410590098465	6.138282025819265	2.4275193022272656	5.628002745367193	2.3526867769488593	5.309264666843642	2.3529411764705883	5.1868025230470645	2.256302866058964	4.871748391190066	2.25277822515703	4.51965524490225	2.1873202847680804	4.226604795050271	2.1086700666928206	4.009036468605443	2.1211530970003896	3.7019697020365854	2.065251084934904	3.4953934262948203	2.0223152022315203	3.2132027058549104	1.954498649725088	2.948619210034107	1.8878617913189626	2.8123775949862906	1.8532392255825876	2.6696968183407424	1.7966459949350935	2.4390243902439024	1.7750040525206678	2.3227891941814827	1.708679431951687	2.124190306008488	1.628014452567011	1.986062717770035	1.6356445858229807	1.896610313482287	1.5970866331746485	4.698112764107265	4.68675274988044	1.366207706265343	2.79057351989149	1.9451391165594845	3.15955766192733	4.761904761904762	5.490506680378085	4.437175398633257	7.419100000000001	0.05384158900411014	20.974007606506348	-5.722051355410915e-06	19.39651674736113	-1.4313181963482302e-05	17.24384374295053	-1.8238645962923712e-05	15.799294728234374	-1.9423642263126255e-05	14.790362864662784	-1.679564735858806e-05	14.002919494264017	-1.7167572676899212e-05	13.342251784467999	-1.1407333048495684e-05	12.743756084514576	-1.1767864956260986e-05	12.165291310068763	-9.985122167969726e-06	11.601205256611225	-9.248095181395607e-06	11.067189997737099	-1.089097888118184e-05	10.561177381047688	-1.0166062633111883e-05	10.067521925657502	-1.739602862048155e-05	9.601595773965903	-1.8351991191044228e-05	9.147499485368044	-8.950134326599352e-06	8.706617339654343	-4.732876452993071e-06	8.288318199505987	0.0	7.895209851187578	5.3115771134765335e-06	7.516394243047939	5.633771077346043e-06	7.159882330431455	5.979156659883646e-06	6.838247727753118	6.34116749348445e-06	6.522124967696266	4.49444262169827e-06	6.223647768683912	4.779269440873268e-06	5.944375832363569	5.092868456300642e-06	5.685566450870691	8.139853536902026e-06	5.447573352162728	8.681610612400813e-06	5.21938542310068	9.265006995080281e-06	5.007315245486566	9.90334336872128e-06	4.811375671642318	7.056017724716525e-06
20	1	12	0	0	1035	6348	914	9152	911	3864	897	1820	852	1207	890	975	931	898	954	916	954	887	974	885	963	915	968	935	970	930	1003	961	977	981	995	964	961	974	938	995	932	978	924	984	920	974	879	946	863	929	838	919	804	909	797	866	753	846	731	827	681	3887	3908	120.0	262.2555587158879	223.48736000061035	21	1	0.7414035797119141	4.761904761904762	2.2900763358778624			3.875968992248062	20.619762229584875	3.237690400283386	14.750821997292244	3.030907941577669	10.35120147874307	2.7917833800186744	8.286286650883264	2.4885357946081723	7.272836828151362	2.4501032346868548	6.639880141650776	2.4362161454926077	6.412911518960223	2.394578313253012	6.436200112422709	2.280332727794244	5.919647624132407	2.2355344396245034	5.492800397219464	2.142714104532408	5.233356211393274	2.0931992647853823	4.9641624634988055	2.041460591392192	4.512372634643377	2.0592099860392543	4.355116468775492	1.9669028829119022	4.124448181627076	1.973149304935848	3.727764887857695	1.8850529619458611	3.492666834008678	1.827035449941566	3.327425341938936	1.80564166150031	3.044073705179283	1.7898651789865179	2.8691392582225332	1.7874142721143946	2.6790626031466607	1.7178369716039008	2.4702963833398615	1.7014313315720988	2.320063932870486	1.6710203593291988	2.193212734475681	1.6291133084778733	2.0988224428538444	1.6427231691984252	1.9343310252401162	1.5817998487522058	1.842334494773519	1.5711645101663587	1.7564353071106957	1.4939780181207907	4.567674915979223	4.558444436668183	1.2808197246237591	2.653110348782508	1.8078428230820354	3.3175355450236967	4.761904761904762	5.567289672107551	4.437175398633257	7.419100000000001	0.05384158900411014	20.974007606506348	-5.722051355410915e-06	19.39651674736113	-1.4313181963482302e-05	17.24384374295053	-1.8238645962923712e-05	15.799294728234374	-1.9423642263126255e-05	14.790362864662784	-1.679564735858806e-05	14.002919494264017	-1.7167572676899212e-05	13.342251784467999	-1.1407333048495684e-05	12.743756084514576	-1.1767864956260986e-05	12.165291310068763	-9.985122167969726e-06	11.601205256611225	-9.248095181395607e-06	11.067189997737099	-1.089097888118184e-05	10.561177381047688	-1.0166062633111883e-05	10.067521925657502	-1.739602862048155e-05	9.601595773965903	-1.8351991191044228e-05	9.147499485368044	-8.950134326599352e-06	8.706617339654343	-4.732876452993071e-06	8.288318199505987	0.0	7.895209851187578	5.3115771134765335e-06	7.516394243047939	5.633771077346043e-06	7.159882330431455	5.979156659883646e-06	6.838247727753118	6.34116749348445e-06	6.522124967696266	4.49444262169827e-06	6.223647768683912	4.779269440873268e-06	5.944375832363569	5.092868456300642e-06	5.685566450870691	8.139853536902026e-06	5.447573352162728	8.681610612400813e-06	5.21938542310068	9.265006995080281e-06	5.007315245486566	9.90334336872128e-06	4.811375671642318	7.056017724716525e-06
