	counts(inten<0.01	MicrocoloniesPlatonic	MicrocoloniesAggregates	MicrocoloniesLarge	counts(Norminten<0.01	counts(inten<0.02	counts(Norminten<0.02	counts(inten<0.03	counts(Norminten<0.03	counts(inten<0.04	counts(Norminten<0.04	counts(inten<0.05	counts(Norminten<0.05	counts(inten<0.060000000000000005	counts(Norminten<0.060000000000000005	counts(inten<0.06999999999999999	counts(Norminten<0.06999999999999999	counts(inten<0.08	counts(Norminten<0.08	counts(inten<0.09	counts(Norminten<0.09	counts(inten<0.09999999999999999	counts(Norminten<0.09999999999999999	counts(inten<0.11	counts(Norminten<0.11	counts(inten<0.12	counts(Norminten<0.12	counts(inten<0.13	counts(Norminten<0.13	counts(inten<0.14	counts(Norminten<0.14	counts(inten<0.15000000000000002	counts(Norminten<0.15000000000000002	counts(inten<0.16	counts(Norminten<0.16	counts(inten<0.17	counts(Norminten<0.17	counts(inten<0.18000000000000002	counts(Norminten<0.18000000000000002	counts(inten<0.19	counts(Norminten<0.19	counts(inten<0.2	counts(Norminten<0.2	counts(inten<0.21000000000000002	counts(Norminten<0.21000000000000002	counts(inten<0.22	counts(Norminten<0.22	counts(inten<0.23	counts(Norminten<0.23	counts(inten<0.24000000000000002	counts(Norminten<0.24000000000000002	counts(inten<0.25	counts(Norminten<0.25	counts(inten<0.26	counts(Norminten<0.26	counts(inten<0.27	counts(Norminten<0.27	counts(inten<0.28	counts(Norminten<0.28	counts(inten<0.29000000000000004	counts(Norminten<0.29000000000000004	diff	max	med	std	mean	min	eigenLocal	minProp	counts(inten<0.01Normalized	MicrocoloniesPlatonicNormalized	MicrocoloniesAggregatesNormalized	MicrocoloniesLargeNormalized	counts(Norminten<0.01Normalized	counts(inten<0.02Normalized	counts(Norminten<0.02Normalized	counts(inten<0.03Normalized	counts(Norminten<0.03Normalized	counts(inten<0.04Normalized	counts(Norminten<0.04Normalized	counts(inten<0.05Normalized	counts(Norminten<0.05Normalized	counts(inten<0.060000000000000005Normalized	counts(Norminten<0.060000000000000005Normalized	counts(inten<0.06999999999999999Normalized	counts(Norminten<0.06999999999999999Normalized	counts(inten<0.08Normalized	counts(Norminten<0.08Normalized	counts(inten<0.09Normalized	counts(Norminten<0.09Normalized	counts(inten<0.09999999999999999Normalized	counts(Norminten<0.09999999999999999Normalized	counts(inten<0.11Normalized	counts(Norminten<0.11Normalized	counts(inten<0.12Normalized	counts(Norminten<0.12Normalized	counts(inten<0.13Normalized	counts(Norminten<0.13Normalized	counts(inten<0.14Normalized	counts(Norminten<0.14Normalized	counts(inten<0.15000000000000002Normalized	counts(Norminten<0.15000000000000002Normalized	counts(inten<0.16Normalized	counts(Norminten<0.16Normalized	counts(inten<0.17Normalized	counts(Norminten<0.17Normalized	counts(inten<0.18000000000000002Normalized	counts(Norminten<0.18000000000000002Normalized	counts(inten<0.19Normalized	counts(Norminten<0.19Normalized	counts(inten<0.2Normalized	counts(Norminten<0.2Normalized	counts(inten<0.21000000000000002Normalized	counts(Norminten<0.21000000000000002Normalized	counts(inten<0.22Normalized	counts(Norminten<0.22Normalized	counts(inten<0.23Normalized	counts(Norminten<0.23Normalized	counts(inten<0.24000000000000002Normalized	counts(Norminten<0.24000000000000002Normalized	counts(inten<0.25Normalized	counts(Norminten<0.25Normalized	counts(inten<0.26Normalized	counts(Norminten<0.26Normalized	counts(inten<0.27Normalized	counts(Norminten<0.27Normalized	counts(inten<0.28Normalized	counts(Norminten<0.28Normalized	counts(inten<0.29000000000000004Normalized	counts(Norminten<0.29000000000000004Normalized	diffNormalized	maxNormalized	medNormalized	stdNormalized	meanNormalized	minNormalized	eigenLocalNormalized	minPropNormalized	BioVolume	SubstratumCoverage	Homogenity	ThicknessThreshold=0.01	RoughnessThreshold=0.01	ThicknessThreshold=0.02	RoughnessThreshold=0.02	ThicknessThreshold=0.03	RoughnessThreshold=0.03	ThicknessThreshold=0.04	RoughnessThreshold=0.04	ThicknessThreshold=0.05	RoughnessThreshold=0.05	ThicknessThreshold=0.060000000000000005	RoughnessThreshold=0.060000000000000005	ThicknessThreshold=0.06999999999999999	RoughnessThreshold=0.06999999999999999	ThicknessThreshold=0.08	RoughnessThreshold=0.08	ThicknessThreshold=0.09	RoughnessThreshold=0.09	ThicknessThreshold=0.09999999999999999	RoughnessThreshold=0.09999999999999999	ThicknessThreshold=0.11	RoughnessThreshold=0.11	ThicknessThreshold=0.12	RoughnessThreshold=0.12	ThicknessThreshold=0.13	RoughnessThreshold=0.13	ThicknessThreshold=0.14	RoughnessThreshold=0.14	ThicknessThreshold=0.15000000000000002	RoughnessThreshold=0.15000000000000002	ThicknessThreshold=0.16	RoughnessThreshold=0.16	ThicknessThreshold=0.17	RoughnessThreshold=0.17	ThicknessThreshold=0.18000000000000002	RoughnessThreshold=0.18000000000000002	ThicknessThreshold=0.19	RoughnessThreshold=0.19	ThicknessThreshold=0.2	RoughnessThreshold=0.2	ThicknessThreshold=0.21000000000000002	RoughnessThreshold=0.21000000000000002	ThicknessThreshold=0.22	RoughnessThreshold=0.22	ThicknessThreshold=0.23	RoughnessThreshold=0.23	ThicknessThreshold=0.24000000000000002	RoughnessThreshold=0.24000000000000002	ThicknessThreshold=0.25	RoughnessThreshold=0.25	ThicknessThreshold=0.26	RoughnessThreshold=0.26	ThicknessThreshold=0.27	RoughnessThreshold=0.27	ThicknessThreshold=0.28	RoughnessThreshold=0.28	ThicknessThreshold=0.29000000000000004	RoughnessThreshold=0.29000000000000004
0	1	10	0	0	2454	1	2601	1	2702	1	2766	10	2933	28	3087	40	3203	46	3212	68	3226	115	3374	183	3468	230	3643	281	3666	380	3749	442	3803	503	3800	553	3836	709	3796	778	3774	814	3775	940	3756	1022	3712	1120	3673	1216	3573	1309	3501	1439	3410	1540	3320	1723	3240	1830	3142	2559	2625	826.0	321.96864363790473	850.620602607727	66	1	0.5284614562988281	4.761904761904762	1.9455252918287937			7.401821801290945	0.015398829688943641	7.3568095036062795	0.0038604076590487957	7.25700319608949	0.004231908590774439	7.035124755194953	0.058906691800188496	7.035766545925588	0.20923628755044088	7.02788844621514	0.33961623365596877	6.921813545403466	0.40453785946706533	6.627052900883057	0.56657223796034	6.372723321875864	0.910674691162496	6.412985630654604	1.3535502958579881	6.336213984250818	1.5931287663642033	6.440036769905247	1.8150109804934762	6.289567141901281	2.3013565891472867	6.257928824197102	2.485799448849896	6.183639290418042	2.6310283502458414	6.056742110296462	2.721590629460111	6.002754131196795	3.2375907575688387	5.856488266966999	3.2980076303518437	5.743243243243244	3.180557183604892	5.687296613233699	3.3823899823683923	5.635493405752524	3.41292369343797	5.551235269486152	3.4483820314664864	5.468622050174942	3.503615985247933	5.320131030375223	3.531443062562387	5.234983626657894	3.643222441642615	5.12643194323341	3.6988999375510403	5.032819440023042	3.895810251656228	4.951100244498777	3.9097551595949236	4.863927675779435	3.063496624048269	3.1133250311332503	5.584854631507776	2.5958190834243107	4.725848973294989	8.42911877394636	4.761904761904762	4.202623146963334	14.275130434782609	1.9435000000000002	0.0310657829654593	20.99552631378174	-5.722051355410915e-06	20.537537574768066	-1.049042748492001e-05	19.5916003780383	-1.3351516827679601e-05	18.708227185890202	-1.8121782191438507e-05	17.940369336236824	-1.4313892204940582e-05	17.225701780863265	-1.4327920245064748e-05	16.519352512067222	-1.2435514682038239e-05	15.804382169170864	-1.1503276996034245e-05	15.069672974579222	-1.1540048295102116e-05	14.32844538517347	-1.1592746804749162e-05	13.590125072561143	-1.1668134906975794e-05	12.863726875012262	-9.809124251195977e-06	12.148760633725951	-9.913750371765639e-06	11.463847697765086	-9.036453051610196e-06	10.80580727478772	-9.171965175067338e-06	10.194070623388615	-9.33761065068621e-06	9.617012564042334	-6.348689048617202e-06	9.077019943852132	-8.654786529690245e-06	8.574179722664443	-8.869071441479095e-06	8.11724609210115	-6.8449627348820444e-06	7.6969636401046415	-9.405966204363427e-06	7.294681870692891	-8.503380701213069e-06	6.919374306963654	-8.81046179406175e-06	6.5823077708781295	-9.166562997204198e-06	6.252957603591122	-8.181487203472222e-06	5.945358948951001	-8.542347978239792e-06	5.670214765661363	-8.951068981413105e-06	5.409212406753043	-7.852387675520496e-06	5.151019624841588	-8.272160704920447e-06
1	1	23	0	0	2016	1	2196	3	2358	26	2516	45	2681	72	2830	134	3043	206	3220	310	3355	380	3511	470	3645	510	3776	605	3818	687	3818	793	3890	835	3890	939	3874	1007	3814	1061	3810	1165	3769	1332	3651	1479	3551	1662	3447	1827	3321	2031	3150	2267	3032	2441	2880	2675	2734	2890	2537	3822	3885	891.0	410.14556758179583	941.4561395645142	63	1	0.5459928512573242	4.761904761904762	4.474708171206226			6.080714242625325	0.015398829688943641	6.211285532456513	0.011581222977146387	6.3330916122794285	0.11002962336013541	6.399267492433299	0.2650801131008483	6.4312615443663494	0.5380361679868481	6.442800227660786	1.1377143827474954	6.5760470242468765	1.8116260663090318	6.643558636626228	2.5829028495250794	6.627553237722729	3.009185936015204	6.673382498289364	3.4763313609467454	6.659602068222097	3.5325898732423635	6.675152029415925	3.9077638547991214	6.550345703158508	4.160610465116279	6.373105428323429	4.459816658230696	6.325100404871466	4.367611674861387	6.200191265540325	4.621290417835524	6.0622183274912365	4.598383487830494	5.884258759276116	4.497668503603221	5.798027757487216	4.552025944594225	5.678257201398096	4.792918570760318	5.477951657189155	4.939054934045751	5.310462403541305	5.117152621694018	5.132137273877764	5.2640677673091885	4.944907683144729	5.479267272776324	4.710139509846434	5.739531115499519	4.558164707297273	5.862996589326032	4.365819273273	6.0483415108417935	4.177872860635697	6.174422082638978	3.9273661723273166	4.575492027007614	4.60772104607721	6.024340770791075	3.3067309887110388	5.230509955817529	8.045977011494253	4.761904761904762	4.342042673918332	14.275130434782609	1.9435000000000002	0.0310657829654593	20.99552631378174	-5.722051355410915e-06	20.537537574768066	-1.049042748492001e-05	19.5916003780383	-1.3351516827679601e-05	18.708227185890202	-1.8121782191438507e-05	17.940369336236824	-1.4313892204940582e-05	17.225701780863265	-1.4327920245064748e-05	16.519352512067222	-1.2435514682038239e-05	15.804382169170864	-1.1503276996034245e-05	15.069672974579222	-1.1540048295102116e-05	14.32844538517347	-1.1592746804749162e-05	13.590125072561143	-1.1668134906975794e-05	12.863726875012262	-9.809124251195977e-06	12.148760633725951	-9.913750371765639e-06	11.463847697765086	-9.036453051610196e-06	10.80580727478772	-9.171965175067338e-06	10.194070623388615	-9.33761065068621e-06	9.617012564042334	-6.348689048617202e-06	9.077019943852132	-8.654786529690245e-06	8.574179722664443	-8.869071441479095e-06	8.11724609210115	-6.8449627348820444e-06	7.6969636401046415	-9.405966204363427e-06	7.294681870692891	-8.503380701213069e-06	6.919374306963654	-8.81046179406175e-06	6.5823077708781295	-9.166562997204198e-06	6.252957603591122	-8.181487203472222e-06	5.945358948951001	-8.542347978239792e-06	5.670214765661363	-8.951068981413105e-06	5.409212406753043	-7.852387675520496e-06	5.151019624841588	-8.272160704920447e-06
2	1	27	0	0	1968	1	2126	7	2285	34	2467	70	2630	103	2808	184	2961	238	3144	314	3320	386	3522	457	3699	481	3862	512	4007	571	4167	658	4326	691	4417	718	4522	819	4614	855	4692	911	4748	972	4793	1028	4805	1226	4796	1341	4753	1527	4707	1733	4680	1987	4631	2176	4610	2442	4528	4040	4095	971.0	553.1619969846164	1071.884711265564	55	1	0.5678806304931641	4.761904761904762	5.252918287937743			5.935935332086626	0.015398829688943641	6.0132937349738365	0.027022853613341568	6.137028979668573	0.14388489208633093	6.274639468932014	0.4123468426013195	6.308921246431741	0.7696906292034076	6.39271485486625	1.5622346748174563	6.398841682154126	2.093043707677425	6.486754147066105	2.6162306282286285	6.558413338074355	3.0566993981628126	6.694290275982666	3.3801775147928996	6.758262839603164	3.331717115744268	6.827181445340122	3.3070662705076868	6.87460325630072	3.4580910852713176	6.9556653535420985	3.7005792700073115	7.034031966959888	3.6143948111727173	7.0401657634682815	3.533638466459964	7.076239359038558	3.739896798940591	7.1185028619035124	3.6244171259008056	7.140248356464572	3.5595670691204626	7.15318789924069	3.4975351732575293	7.191405722516467	3.4329604274503254	7.185798887360171	3.7747467594445636	7.140623836819772	3.8637738784683204	7.07712924359738	4.119567270078506	7.0382941818562434	4.387563927287458	7.035689587780751	4.772541672671374	7.020176755044188	4.920071449567007	7.044621026894865	5.217279835918473	7.009504938233382	4.836469855863621	4.85678704856787	6.565246788370521	4.45977736146453	5.955140572301657	7.0242656449553005	4.761904761904762	4.516106622302392	14.275130434782609	1.9435000000000002	0.0310657829654593	20.99552631378174	-5.722051355410915e-06	20.537537574768066	-1.049042748492001e-05	19.5916003780383	-1.3351516827679601e-05	18.708227185890202	-1.8121782191438507e-05	17.940369336236824	-1.4313892204940582e-05	17.225701780863265	-1.4327920245064748e-05	16.519352512067222	-1.2435514682038239e-05	15.804382169170864	-1.1503276996034245e-05	15.069672974579222	-1.1540048295102116e-05	14.32844538517347	-1.1592746804749162e-05	13.590125072561143	-1.1668134906975794e-05	12.863726875012262	-9.809124251195977e-06	12.148760633725951	-9.913750371765639e-06	11.463847697765086	-9.036453051610196e-06	10.80580727478772	-9.171965175067338e-06	10.194070623388615	-9.33761065068621e-06	9.617012564042334	-6.348689048617202e-06	9.077019943852132	-8.654786529690245e-06	8.574179722664443	-8.869071441479095e-06	8.11724609210115	-6.8449627348820444e-06	7.6969636401046415	-9.405966204363427e-06	7.294681870692891	-8.503380701213069e-06	6.919374306963654	-8.81046179406175e-06	6.5823077708781295	-9.166562997204198e-06	6.252957603591122	-8.181487203472222e-06	5.945358948951001	-8.542347978239792e-06	5.670214765661363	-8.951068981413105e-06	5.409212406753043	-7.852387675520496e-06	5.151019624841588	-8.272160704920447e-06
3	1	26	0	0	2128	1	2260	15	2379	45	2562	87	2745	136	2908	179	3104	233	3270	300	3415	378	3560	424	3687	501	3763	551	3935	576	4078	608	4197	641	4296	641	4368	716	4493	744	4617	813	4681	922	4787	1018	4874	1099	4898	1213	4942	1358	4982	1501	5007	1651	5006	1892	4963	2099	4927	4034	4095	1009.0	676.0569196379196	1161.8623628616333	61	1	0.5848836898803711	4.761904761904762	5.058365758754864			6.418531700548953	0.015398829688943641	6.392306604440673	0.057906114885731934	6.389493191523648	0.19043588658484975	6.516265228781442	0.51248821866164	6.5847866241274255	1.016290539530713	6.620375640295959	1.5197826456104602	6.707870510437827	2.0490722012136136	6.746719485021045	2.4995834027662056	6.746078779977085	2.9933481152993346	6.766517144377708	3.1360946745562135	6.736338223740705	3.470250051949851	6.652170838636685	3.558971709081514	6.751076569389401	3.488372093023256	6.807104226480604	3.4193802373319837	6.824279280011707	3.3528611779474837	6.847306343640421	3.1546828091933663	6.835252879318979	3.269555687474314	6.931823441381119	3.1538787621873676	7.026113951789627	3.1766498651975152	7.052247800409786	3.3176208124932534	7.182403336884274	3.399565870763065	7.288987258479391	3.3837248683764893	7.292488647360977	3.494972195810643	7.358546754020249	3.6636361183802304	7.449496837477758	3.800192414805813	7.52728584743979	3.9655089590238743	7.588642806251611	4.277929771406607	7.584046454767726	4.484467803273084	7.627171119848912	4.829286979840061	4.85678704856787	6.822177146720758	5.4505974049162464	6.4550353445552195	7.790549169859514	4.761904761904762	4.651324527218927	14.275130434782609	1.9435000000000002	0.0310657829654593	20.99552631378174	-5.722051355410915e-06	20.537537574768066	-1.049042748492001e-05	19.5916003780383	-1.3351516827679601e-05	18.708227185890202	-1.8121782191438507e-05	17.940369336236824	-1.4313892204940582e-05	17.225701780863265	-1.4327920245064748e-05	16.519352512067222	-1.2435514682038239e-05	15.804382169170864	-1.1503276996034245e-05	15.069672974579222	-1.1540048295102116e-05	14.32844538517347	-1.1592746804749162e-05	13.590125072561143	-1.1668134906975794e-05	12.863726875012262	-9.809124251195977e-06	12.148760633725951	-9.913750371765639e-06	11.463847697765086	-9.036453051610196e-06	10.80580727478772	-9.171965175067338e-06	10.194070623388615	-9.33761065068621e-06	9.617012564042334	-6.348689048617202e-06	9.077019943852132	-8.654786529690245e-06	8.574179722664443	-8.869071441479095e-06	8.11724609210115	-6.8449627348820444e-06	7.6969636401046415	-9.405966204363427e-06	7.294681870692891	-8.503380701213069e-06	6.919374306963654	-8.81046179406175e-06	6.5823077708781295	-9.166562997204198e-06	6.252957603591122	-8.181487203472222e-06	5.945358948951001	-8.542347978239792e-06	5.670214765661363	-8.951068981413105e-06	5.409212406753043	-7.852387675520496e-06	5.151019624841588	-8.272160704920447e-06
4	1	28	0	0	2229	1	2378	18	2516	80	2604	126	2731	126	2881	187	3055	272	3193	302	3341	330	3473	413	3587	455	3728	514	3822	512	3920	532	3988	598	4088	639	4210	652	4275	765	4353	797	4414	891	4478	1026	4539	1133	4575	1231	4622	1371	4665	1537	4714	1694	4706	1890	4713	2074	4725	4041	4095	1025.0	724.7824244778367	1192.7376317977905	54	1	0.5881528854370117	4.761904761904762	5.447470817120623			6.723170658140798	0.015398829688943641	6.726064205911469	0.06948733786287832	6.7574463513549805	0.33855268726195514	6.623089248925401	0.7422243166823751	6.55120301292969	0.941563293976984	6.558907228229938	1.587705892341654	6.601979513333621	2.3920499516313427	6.587851778493025	2.5162472921179804	6.59989727786338	2.6132404181184667	6.60115562989432	3.0547337278106506	6.553633091553541	3.15162429867701	6.590298401923349	3.3199844981268574	6.557208296875803	3.10077519379845	6.543366495292783	2.9919577076654855	6.48444740735923	3.127942253373784	6.515779407076824	3.1448398051085196	6.588007010515774	2.9773048997671125	6.595491923415153	3.242899533700721	6.624360847333819	3.1141327706794826	6.649993973725444	3.206073908819402	6.7187804768263595	3.4262815161128737	6.788000239277382	3.488407894331722	6.811583413980496	3.546834932434379	6.882072662298988	3.698707745433944	6.975492321724958	3.8913362701908953	7.086803571965483	4.068789931306144	7.133869965285673	4.273407646912519	7.202017114914426	4.431055847540914	7.314467940183906	4.837667001867548	4.85678704856787	6.930358350236647	5.843438750843045	6.626571112152227	6.896551724137931	4.761904761904762	4.677323011601331	14.275130434782609	1.9435000000000002	0.0310657829654593	20.99552631378174	-5.722051355410915e-06	20.537537574768066	-1.049042748492001e-05	19.5916003780383	-1.3351516827679601e-05	18.708227185890202	-1.8121782191438507e-05	17.940369336236824	-1.4313892204940582e-05	17.225701780863265	-1.4327920245064748e-05	16.519352512067222	-1.2435514682038239e-05	15.804382169170864	-1.1503276996034245e-05	15.069672974579222	-1.1540048295102116e-05	14.32844538517347	-1.1592746804749162e-05	13.590125072561143	-1.1668134906975794e-05	12.863726875012262	-9.809124251195977e-06	12.148760633725951	-9.913750371765639e-06	11.463847697765086	-9.036453051610196e-06	10.80580727478772	-9.171965175067338e-06	10.194070623388615	-9.33761065068621e-06	9.617012564042334	-6.348689048617202e-06	9.077019943852132	-8.654786529690245e-06	8.574179722664443	-8.869071441479095e-06	8.11724609210115	-6.8449627348820444e-06	7.6969636401046415	-9.405966204363427e-06	7.294681870692891	-8.503380701213069e-06	6.919374306963654	-8.81046179406175e-06	6.5823077708781295	-9.166562997204198e-06	6.252957603591122	-8.181487203472222e-06	5.945358948951001	-8.542347978239792e-06	5.670214765661363	-8.951068981413105e-06	5.409212406753043	-7.852387675520496e-06	5.151019624841588	-8.272160704920447e-06
5	1	32	0	0	2240	1	2331	52	2423	124	2569	129	2662	145	2734	165	2844	225	2979	313	3062	352	3116	386	3236	432	3283	448	3350	520	3444	597	3525	646	3622	702	3695	770	3733	869	3772	954	3747	1034	3817	1197	3904	1297	3941	1413	3974	1569	3997	1725	4029	1868	4009	2022	4006	2183	4001	4050	4095	1001.0	732.0308155557157	1171.5947332382202	45	1	0.5918912887573242	4.761904761904762	6.22568093385214			6.756349158472583	0.015398829688943641	6.593126856173101	0.20074119827053738	6.5076679289877255	0.5247566652560305	6.53406923213877	0.7598963242224316	6.3856837863122795	1.0835450605290688	6.224245873648264	1.4009169638308712	6.14599991355837	1.9787177908715152	6.146323347363208	2.607898683552741	6.048753506380625	2.7874564459930316	5.9226032083935225	2.8550295857988166	5.912338077576599	2.9923114220405904	5.803634563710932	2.8936829866942255	5.7474222382349405	3.14922480620155	5.748814849435801	3.3575164501434114	5.731614120095608	3.3790145412700077	5.773031558814154	3.45489443378119	5.7821106659989985	3.516142289602265	5.759291543885092	3.683764306909707	5.740199659118578	3.7275817606376744	5.645112691334217	3.7206289806052317	5.727017659679815	3.9973284354650187	5.838368128252677	3.9933495489393143	5.867639395518499	4.071224824963264	5.917212626563431	4.232875603636658	5.976643689160698	4.367309737201883	6.0570071258907365	4.4867175865878846	6.0772810647748114	4.571867863522282	6.1216381418092904	4.663931974533179	6.193690207127156	4.848441315902888	4.85678704856787	6.768086544962813	5.901877708349856	6.509106116425685	5.747126436781609	4.761904761904762	4.707052900393345	14.275130434782609	1.9435000000000002	0.0310657829654593	20.99552631378174	-5.722051355410915e-06	20.537537574768066	-1.049042748492001e-05	19.5916003780383	-1.3351516827679601e-05	18.708227185890202	-1.8121782191438507e-05	17.940369336236824	-1.4313892204940582e-05	17.225701780863265	-1.4327920245064748e-05	16.519352512067222	-1.2435514682038239e-05	15.804382169170864	-1.1503276996034245e-05	15.069672974579222	-1.1540048295102116e-05	14.32844538517347	-1.1592746804749162e-05	13.590125072561143	-1.1668134906975794e-05	12.863726875012262	-9.809124251195977e-06	12.148760633725951	-9.913750371765639e-06	11.463847697765086	-9.036453051610196e-06	10.80580727478772	-9.171965175067338e-06	10.194070623388615	-9.33761065068621e-06	9.617012564042334	-6.348689048617202e-06	9.077019943852132	-8.654786529690245e-06	8.574179722664443	-8.869071441479095e-06	8.11724609210115	-6.8449627348820444e-06	7.6969636401046415	-9.405966204363427e-06	7.294681870692891	-8.503380701213069e-06	6.919374306963654	-8.81046179406175e-06	6.5823077708781295	-9.166562997204198e-06	6.252957603591122	-8.181487203472222e-06	5.945358948951001	-8.542347978239792e-06	5.670214765661363	-8.951068981413105e-06	5.409212406753043	-7.852387675520496e-06	5.151019624841588	-8.272160704920447e-06
6	1	37	0	0	2058	3	2147	44	2235	150	2363	140	2450	169	2536	175	2625	213	2705	305	2788	376	2870	445	2963	450	3031	568	3100	593	3189	664	3275	725	3338	774	3408	886	3459	946	3481	1060	3509	1169	3514	1279	3547	1430	3618	1558	3637	1618	3648	1733	3638	1866	3615	1974	3596	2136	3601	4052	4095	962.0	715.602162948212	1130.735195159912	43	1	0.5941390991210938	4.761904761904762	7.198443579766536			6.207395789346686	0.04619648906683092	6.07269127421864	0.16985793699814702	6.002739505277576	0.6347862886161659	6.010122847623165	0.824693685202639	5.877131959603713	1.2628904498580182	5.7734775184974385	1.4858210222448633	5.672731987725289	1.8731861753583676	5.58100189815961	2.5412431261456425	5.507486863419067	2.9775102945834653	5.455029270888771	3.2914201183431953	5.413553066705644	3.1169910646256147	5.358153019374912	3.6687766438444647	5.3185101309039755	3.591327519379845	5.323162182012419	3.7343231539283503	5.325116664769679	3.7922376817658754	5.320369780044628	3.809242580835671	5.332999499248873	4.045846842321567	5.3365629387352085	4.010173802458669	5.29735816897979	4.141757511819638	5.2865493551886225	4.206397754668777	5.272397185254092	4.271163800300551	5.3044804689836695	4.40284491517596	5.386734162138018	4.489007981098913	5.415425848719476	4.365068659454501	5.454790137117395	4.387563927287458	5.469196307766319	4.481913820435221	5.480012733639547	4.463336875664187	5.495110024449878	4.563517497756698	5.57447598996873	4.850835607910741	4.85678704856787	6.504394861392833	5.769424406464138	6.282100086375732	5.491698595146871	4.761904761904762	4.724928754445074	14.275130434782609	1.9435000000000002	0.0310657829654593	20.99552631378174	-5.722051355410915e-06	20.537537574768066	-1.049042748492001e-05	19.5916003780383	-1.3351516827679601e-05	18.708227185890202	-1.8121782191438507e-05	17.940369336236824	-1.4313892204940582e-05	17.225701780863265	-1.4327920245064748e-05	16.519352512067222	-1.2435514682038239e-05	15.804382169170864	-1.1503276996034245e-05	15.069672974579222	-1.1540048295102116e-05	14.32844538517347	-1.1592746804749162e-05	13.590125072561143	-1.1668134906975794e-05	12.863726875012262	-9.809124251195977e-06	12.148760633725951	-9.913750371765639e-06	11.463847697765086	-9.036453051610196e-06	10.80580727478772	-9.171965175067338e-06	10.194070623388615	-9.33761065068621e-06	9.617012564042334	-6.348689048617202e-06	9.077019943852132	-8.654786529690245e-06	8.574179722664443	-8.869071441479095e-06	8.11724609210115	-6.8449627348820444e-06	7.6969636401046415	-9.405966204363427e-06	7.294681870692891	-8.503380701213069e-06	6.919374306963654	-8.81046179406175e-06	6.5823077708781295	-9.166562997204198e-06	6.252957603591122	-8.181487203472222e-06	5.945358948951001	-8.542347978239792e-06	5.670214765661363	-8.951068981413105e-06	5.409212406753043	-7.852387675520496e-06	5.151019624841588	-8.272160704920447e-06
7	1	27	0	0	1788	7	1891	93	1968	175	2036	190	2169	206	2242	255	2355	340	2452	419	2479	488	2557	543	2624	553	2715	660	2768	662	2814	758	2872	827	2920	863	3011	979	3001	1006	3080	1138	3185	1233	3195	1262	3198	1369	3275	1498	3314	1588	3322	1689	3326	1789	3337	1935	3333	2015	3330	4052	4095	907.0	698.9239739136519	1073.955683708191	43	1	0.5968008041381836	4.761904761904762	5.252918287937743			5.393014417566508	0.10779180782260547	5.348606986281997	0.359017912291538	5.285633712029651	0.7405840033855269	5.17842154793092	1.1192271442035817	5.203060906277736	1.5393812584068152	5.1041548093340925	2.1650534895568008	5.089250983273544	2.9900624395391784	5.059008005281836	3.4910848191968005	4.897080320809135	3.8644282546721573	4.86010796016118	4.016272189349113	4.79418266859116	3.8304356860843667	4.799533305048791	4.263015114326314	4.748914852368453	4.00920542635659	4.6972023769780336	4.2629773353579665	4.669842766784281	4.3257662935453505	4.654128147912018	4.24725626261135	4.711755132699048	4.470523768208594	4.629958189981023	4.264518863925392	4.687119551984416	4.446528347595045	4.798421116066048	4.436688136447051	4.793770349142522	4.214393053932209	4.782556678829933	4.21503125096216	4.876051514925929	4.316132192353128	4.934484812388326	4.284134135484393	4.967328079907891	4.276165881816801	5.000150335247603	4.296968823557669	5.0585899010111115	4.375155448029484	5.093215158924205	4.30500363201299	5.1549583578438956	4.850835607910741	4.85678704856787	6.132521974306964	5.634959258294124	5.966646410464649	5.491698595146871	4.761904761904762	4.746096131898775	14.275130434782609	1.9435000000000002	0.0310657829654593	20.99552631378174	-5.722051355410915e-06	20.537537574768066	-1.049042748492001e-05	19.5916003780383	-1.3351516827679601e-05	18.708227185890202	-1.8121782191438507e-05	17.940369336236824	-1.4313892204940582e-05	17.225701780863265	-1.4327920245064748e-05	16.519352512067222	-1.2435514682038239e-05	15.804382169170864	-1.1503276996034245e-05	15.069672974579222	-1.1540048295102116e-05	14.32844538517347	-1.1592746804749162e-05	13.590125072561143	-1.1668134906975794e-05	12.863726875012262	-9.809124251195977e-06	12.148760633725951	-9.913750371765639e-06	11.463847697765086	-9.036453051610196e-06	10.80580727478772	-9.171965175067338e-06	10.194070623388615	-9.33761065068621e-06	9.617012564042334	-6.348689048617202e-06	9.077019943852132	-8.654786529690245e-06	8.574179722664443	-8.869071441479095e-06	8.11724609210115	-6.8449627348820444e-06	7.6969636401046415	-9.405966204363427e-06	7.294681870692891	-8.503380701213069e-06	6.919374306963654	-8.81046179406175e-06	6.5823077708781295	-9.166562997204198e-06	6.252957603591122	-8.181487203472222e-06	5.945358948951001	-8.542347978239792e-06	5.670214765661363	-8.951068981413105e-06	5.409212406753043	-7.852387675520496e-06	5.151019624841588	-8.272160704920447e-06
8	1	22	0	0	1581	6	1668	148	1726	271	1800	300	1909	359	2001	417	2082	410	2150	463	2239	544	2338	618	2428	713	2492	671	2586	761	2658	811	2726	868	2764	888	2816	892	2868	1036	2923	1164	2987	1178	3024	1295	3007	1385	3020	1455	3044	1542	3093	1624	3077	1723	3096	1829	3097	1974	3101	4059	4095	850.0	686.4704817057116	1016.7269926071167	36	1	0.5978469848632812	4.761904761904762	4.280155642023346			4.768655365868372	0.09239297813366185	4.7178616885871865	0.5713403335392218	4.635672655977224	1.146847228099873	4.578172291883918	1.7672007540056551	4.579365269748363	2.682708115378867	4.5554923164484915	3.540499235863474	4.499286856550114	3.6056635300325386	4.43591648097714	3.857690384935844	4.42297815179171	4.307887234716503	4.443853113358169	4.571005917159764	4.436080609504321	4.93869917572903	4.405317493989535	4.334065366231752	4.43666683823151	4.608769379844961	4.436803098083728	4.561048309993813	4.432448252873937	4.540223872790041	4.405482945489321	4.370293813671933	4.406609914872309	4.073245353669117	4.424765107919218	4.391691394658754	4.448198198198198	4.548118626186848	4.500120525491141	4.238782339606347	4.537202358625036	4.324595091000167	4.496919303702818	4.264293851411682	4.496389488572918	4.192237877085314	4.532459797498511	4.160034532063561	4.624908413953975	4.1116005873715125	4.625815568718242	4.138444540519767	4.693255718768475	4.135482849842856	4.73257946210269	4.217408024612229	4.800458218520697	4.859215629938228	4.85678704856787	5.747126436781609	5.534555031462012	5.648697197555976	4.597701149425287	4.761904761904762	4.754415950267356	14.275130434782609	1.9435000000000002	0.0310657829654593	20.99552631378174	-5.722051355410915e-06	20.537537574768066	-1.049042748492001e-05	19.5916003780383	-1.3351516827679601e-05	18.708227185890202	-1.8121782191438507e-05	17.940369336236824	-1.4313892204940582e-05	17.225701780863265	-1.4327920245064748e-05	16.519352512067222	-1.2435514682038239e-05	15.804382169170864	-1.1503276996034245e-05	15.069672974579222	-1.1540048295102116e-05	14.32844538517347	-1.1592746804749162e-05	13.590125072561143	-1.1668134906975794e-05	12.863726875012262	-9.809124251195977e-06	12.148760633725951	-9.913750371765639e-06	11.463847697765086	-9.036453051610196e-06	10.80580727478772	-9.171965175067338e-06	10.194070623388615	-9.33761065068621e-06	9.617012564042334	-6.348689048617202e-06	9.077019943852132	-8.654786529690245e-06	8.574179722664443	-8.869071441479095e-06	8.11724609210115	-6.8449627348820444e-06	7.6969636401046415	-9.405966204363427e-06	7.294681870692891	-8.503380701213069e-06	6.919374306963654	-8.81046179406175e-06	6.5823077708781295	-9.166562997204198e-06	6.252957603591122	-8.181487203472222e-06	5.945358948951001	-8.542347978239792e-06	5.670214765661363	-8.951068981413105e-06	5.409212406753043	-7.852387675520496e-06	5.151019624841588	-8.272160704920447e-06
9	1	26	0	0	1449	9	1547	257	1591	394	1657	477	1781	533	1883	503	1943	529	2047	551	2139	634	2257	655	2320	703	2420	752	2481	777	2508	780	2612	862	2647	928	2691	963	2774	1030	2811	1120	2850	1223	2910	1277	2953	1311	3004	1403	3007	1548	3030	1598	3034	1695	3042	1839	3057	1943	3046	4069	4095	803.0	675.5884043975332	968.176326751709	26	1	0.5980701446533203	4.761904761904762	5.058365758754864			4.370513361886951	0.13858946720049276	4.375618724367134	0.9921247683755404	4.273091075121532	1.667371984765129	4.214461937584251	2.8098491988689913	4.272315110226209	3.98296218801375	4.286852589641434	4.270674138223807	4.1989021912953275	4.6521853838712515	4.2234051332838165	4.590901516413931	4.225435581367785	5.02058916693063	4.289895841252946	4.844674556213017	4.238759066742185	4.869432707626238	4.278037052750672	4.857253584808165	4.2565237531525035	4.705668604651163	4.1864191760699745	4.38670490973511	4.247085413245314	4.508839836803013	4.218999043672298	4.567153895368866	4.211004006009014	4.397461071281794	4.279741425860499	4.366256888512082	4.277757487216947	4.376196616262259	4.293720621911534	4.400705264294196	4.366157031613378	4.264484888963099	4.416163187174732	4.036454324332646	4.472567557507631	4.042412193505633	4.47736748064324	4.176221436857582	4.530705623757047	4.045774469593398	4.561171412249316	4.071191814382476	4.611396607394607	4.1580934723132925	4.6714547677261615	4.151177199504337	4.715316263661413	4.871187089977494	4.85678704856787	5.429344151453685	5.4468200780681135	5.378961061748581	3.3205619412515963	4.761904761904762	4.756190642608512	14.275130434782609	1.9435000000000002	0.0310657829654593	20.99552631378174	-5.722051355410915e-06	20.537537574768066	-1.049042748492001e-05	19.5916003780383	-1.3351516827679601e-05	18.708227185890202	-1.8121782191438507e-05	17.940369336236824	-1.4313892204940582e-05	17.225701780863265	-1.4327920245064748e-05	16.519352512067222	-1.2435514682038239e-05	15.804382169170864	-1.1503276996034245e-05	15.069672974579222	-1.1540048295102116e-05	14.32844538517347	-1.1592746804749162e-05	13.590125072561143	-1.1668134906975794e-05	12.863726875012262	-9.809124251195977e-06	12.148760633725951	-9.913750371765639e-06	11.463847697765086	-9.036453051610196e-06	10.80580727478772	-9.171965175067338e-06	10.194070623388615	-9.33761065068621e-06	9.617012564042334	-6.348689048617202e-06	9.077019943852132	-8.654786529690245e-06	8.574179722664443	-8.869071441479095e-06	8.11724609210115	-6.8449627348820444e-06	7.6969636401046415	-9.405966204363427e-06	7.294681870692891	-8.503380701213069e-06	6.919374306963654	-8.81046179406175e-06	6.5823077708781295	-9.166562997204198e-06	6.252957603591122	-8.181487203472222e-06	5.945358948951001	-8.542347978239792e-06	5.670214765661363	-8.951068981413105e-06	5.409212406753043	-7.852387675520496e-06	5.151019624841588	-8.272160704920447e-06
10	1	25	0	0	1370	48	1461	456	1517	675	1598	686	1697	619	1781	642	1829	637	1924	600	2024	628	2124	675	2241	701	2327	742	2428	810	2489	804	2560	852	2632	861	2709	956	2763	969	2823	1044	2850	1172	2889	1238	2975	1368	2992	1489	3027	1560	3030	1683	3024	1785	3032	1861	3039	2015	3046	4065	4095	748.0	661.5959288719292	911.112663269043	30	1	0.5969781875610352	4.761904761904762	4.863813229571985			4.132231404958678	0.7391438250692948	4.132371658888418	1.7603458925262507	4.074342653022856	2.8565382987727466	4.0643996235725	4.0409990574929315	4.070813443039797	4.625616499775818	4.05463858850313	5.450840550178299	3.9525435449712583	5.601969923489579	3.969629446232566	4.999166805532411	3.998261625380269	4.973075704783022	4.037101801870295	4.992603550295858	4.094422012314325	4.85557941400568	4.113633149483807	4.792662446712312	4.16559438639834	4.905523255813953	4.1547038792815645	4.521680445419268	4.16253394253752	4.456533110157966	4.1950908511316545	4.2374132585265025	4.239171256885328	4.365496141376318	4.262770569449373	4.107672742687579	4.296018991964938	4.079240417301606	4.293720621911534	4.217192616314634	4.3346486819007035	4.134246117882785	4.44906382724173	4.211952338434065	4.454701109208665	4.29020082404126	4.5071471113758195	4.2085952464456255	4.530705623757047	4.260975239252621	4.546137887489101	4.287361291252342	4.596237512695741	4.207836841748254	4.6439486552567235	4.30500363201299	4.715316263661413	4.866398505961787	4.85678704856787	5.057471264367816	5.3340080520791515	5.061928703661703	3.8314176245210727	4.761904761904762	4.747506784785335	14.275130434782609	1.9435000000000002	0.0310657829654593	20.99552631378174	-5.722051355410915e-06	20.537537574768066	-1.049042748492001e-05	19.5916003780383	-1.3351516827679601e-05	18.708227185890202	-1.8121782191438507e-05	17.940369336236824	-1.4313892204940582e-05	17.225701780863265	-1.4327920245064748e-05	16.519352512067222	-1.2435514682038239e-05	15.804382169170864	-1.1503276996034245e-05	15.069672974579222	-1.1540048295102116e-05	14.32844538517347	-1.1592746804749162e-05	13.590125072561143	-1.1668134906975794e-05	12.863726875012262	-9.809124251195977e-06	12.148760633725951	-9.913750371765639e-06	11.463847697765086	-9.036453051610196e-06	10.80580727478772	-9.171965175067338e-06	10.194070623388615	-9.33761065068621e-06	9.617012564042334	-6.348689048617202e-06	9.077019943852132	-8.654786529690245e-06	8.574179722664443	-8.869071441479095e-06	8.11724609210115	-6.8449627348820444e-06	7.6969636401046415	-9.405966204363427e-06	7.294681870692891	-8.503380701213069e-06	6.919374306963654	-8.81046179406175e-06	6.5823077708781295	-9.166562997204198e-06	6.252957603591122	-8.181487203472222e-06	5.945358948951001	-8.542347978239792e-06	5.670214765661363	-8.951068981413105e-06	5.409212406753043	-7.852387675520496e-06	5.151019624841588	-8.272160704920447e-06
11	1	26	0	0	1319	91	1397	710	1510	963	1595	910	1710	808	1812	739	1879	724	1971	644	2060	617	2153	650	2285	651	2332	721	2401	749	2458	806	2546	881	2592	892	2662	958	2742	1001	2833	1110	2914	1230	2919	1327	2943	1458	2972	1590	3006	1725	2991	1859	3024	1964	3043	2056	3009	2213	3016	4064	4095	697.0	644.9022599956936	855.9297676086426	31	1	0.5954837799072266	4.761904761904762	5.058365758754864			3.978403812511311	1.4012935016938712	3.9513505869042573	2.740889437924645	4.055542126608117	4.075327972915785	4.056769336419361	5.3605089538171535	4.101998224866265	6.037961440741294	4.1252134319863405	6.274409916794023	4.060595582832692	6.367074135959898	4.066600643723694	5.365772371271454	4.069376950732883	4.88596769084574	4.092222306698091	4.807692307692308	4.174812270476678	4.509247073491722	4.122472069014284	4.657021056711019	4.119271878806595	4.53609496124031	4.102957868732056	4.532928406726281	4.139770085039268	4.608222617428601	4.131335671023271	4.389979821841626	4.165623435152729	4.374628978492169	4.230371661755403	4.243323442136498	4.311236912588265	4.337123432188489	4.390141014824636	4.4258932748011945	4.379660610061666	4.431457672399399	4.401208350780642	4.489054465962622	4.424923695377057	4.581208401763333	4.475878499106612	4.6537351282812205	4.472389610777996	4.706567421135247	4.546137887489101	4.717298361915742	4.612912516864493	4.648743979921767	4.598105134474328	4.728026321411785	4.668875197374532	4.86520135995786	4.85678704856787	4.712643678160919	5.199418100238893	4.755345451386057	3.959131545338442	4.761904761904762	4.735622413423834	14.275130434782609	1.9435000000000002	0.0310657829654593	20.99552631378174	-5.722051355410915e-06	20.537537574768066	-1.049042748492001e-05	19.5916003780383	-1.3351516827679601e-05	18.708227185890202	-1.8121782191438507e-05	17.940369336236824	-1.4313892204940582e-05	17.225701780863265	-1.4327920245064748e-05	16.519352512067222	-1.2435514682038239e-05	15.804382169170864	-1.1503276996034245e-05	15.069672974579222	-1.1540048295102116e-05	14.32844538517347	-1.1592746804749162e-05	13.590125072561143	-1.1668134906975794e-05	12.863726875012262	-9.809124251195977e-06	12.148760633725951	-9.913750371765639e-06	11.463847697765086	-9.036453051610196e-06	10.80580727478772	-9.171965175067338e-06	10.194070623388615	-9.33761065068621e-06	9.617012564042334	-6.348689048617202e-06	9.077019943852132	-8.654786529690245e-06	8.574179722664443	-8.869071441479095e-06	8.11724609210115	-6.8449627348820444e-06	7.6969636401046415	-9.405966204363427e-06	7.294681870692891	-8.503380701213069e-06	6.919374306963654	-8.81046179406175e-06	6.5823077708781295	-9.166562997204198e-06	6.252957603591122	-8.181487203472222e-06	5.945358948951001	-8.542347978239792e-06	5.670214765661363	-8.951068981413105e-06	5.409212406753043	-7.852387675520496e-06	5.151019624841588	-8.272160704920447e-06
12	1	26	0	0	1300	103	1414	1094	1497	1336	1596	1093	1657	806	1756	711	1873	644	1999	668	2089	650	2186	679	2291	696	2378	696	2487	751	2556	844	2638	840	2713	944	2722	989	2773	1096	2843	1232	2897	1391	2912	1499	2905	1594	2939	1684	2976	1847	2996	1996	2981	2105	2973	2227	2956	2328	2896	4071	4095	641.0	623.3529437965069	800.4078598022461	24	1	0.5970935821533203	4.761904761904762	5.058365758754864			3.9210954937564093	1.586079457961195	3.9994343091500495	4.223285978999383	4.020626863266457	5.65382987727465	4.059312765470407	6.438501413760603	3.974860268189124	6.023015991630549	3.997723392145703	6.036678553234845	4.04762933828932	5.663530032538914	4.124370718824792	5.565739043492751	4.1266642961558215	5.147291732657586	4.154945639777997	5.022189349112426	4.185774578407908	4.8209461799542845	4.203790128694669	4.495543211471386	4.266817643728447	4.548207364341085	4.266542031114375	4.74663967155953	4.28936114859921	4.39376503818391	4.3241950908511315	4.64589792804764	4.25951427140711	4.516187953787845	4.278198620732216	4.6460364561254766	4.3264548332115895	4.813816277888485	4.364529347957093	5.005217516462164	4.369157826824108	5.005844047420271	4.344379972483101	4.9077865697835525	4.375790962554902	4.852047137465065	4.431209053007742	4.982868859092994	4.479866022698387	5.053420426350701	4.4814937310201755	5.055963875678532	4.506798853972441	5.035385624166233	4.517114914425427	4.973721317779772	4.483110932227004	4.873581381985347	4.85678704856787	4.334009465855307	5.025680292753817	4.4468787269758545	3.065134099616858	4.761904761904762	4.74842446757713	14.275130434782609	1.9435000000000002	0.0310657829654593	20.99552631378174	-5.722051355410915e-06	20.537537574768066	-1.049042748492001e-05	19.5916003780383	-1.3351516827679601e-05	18.708227185890202	-1.8121782191438507e-05	17.940369336236824	-1.4313892204940582e-05	17.225701780863265	-1.4327920245064748e-05	16.519352512067222	-1.2435514682038239e-05	15.804382169170864	-1.1503276996034245e-05	15.069672974579222	-1.1540048295102116e-05	14.32844538517347	-1.1592746804749162e-05	13.590125072561143	-1.1668134906975794e-05	12.863726875012262	-9.809124251195977e-06	12.148760633725951	-9.913750371765639e-06	11.463847697765086	-9.036453051610196e-06	10.80580727478772	-9.171965175067338e-06	10.194070623388615	-9.33761065068621e-06	9.617012564042334	-6.348689048617202e-06	9.077019943852132	-8.654786529690245e-06	8.574179722664443	-8.869071441479095e-06	8.11724609210115	-6.8449627348820444e-06	7.6969636401046415	-9.405966204363427e-06	7.294681870692891	-8.503380701213069e-06	6.919374306963654	-8.81046179406175e-06	6.5823077708781295	-9.166562997204198e-06	6.252957603591122	-8.181487203472222e-06	5.945358948951001	-8.542347978239792e-06	5.670214765661363	-8.951068981413105e-06	5.409212406753043	-7.852387675520496e-06	5.151019624841588	-8.272160704920447e-06
13	1	25	0	0	1221	165	1337	1357	1431	1533	1580	1223	1679	906	1817	742	1914	683	2001	656	2100	632	2167	682	2280	747	2329	732	2428	791	2523	842	2596	897	2709	975	2778	1042	2828	1194	2848	1300	2876	1416	2858	1570	2878	1731	2908	1854	2907	1990	2932	2113	2931	2182	2905	2309	2885	2422	2844	4068	4095	603.0	608.5977291075409	763.0997114181519	27	1	0.5992717742919922	4.761904761904762	4.863813229571985			3.6828135368281356	2.5408068986757004	3.781643331919106	5.2385731933292154	3.843364757070341	6.487515869657215	4.018617900653662	7.2042884071630535	4.027634514356994	6.770288447167837	4.136596471257826	6.299881134318221	4.136232009335696	6.006507782956644	4.128497152760584	5.465755707382103	4.148393978902454	5.004751346214761	4.118832205580476	5.044378698224852	4.165677013867319	5.1742051672785205	4.117168717295998	4.728071308616458	4.16559438639834	4.79045542635659	4.211457568271349	4.735391710252516	4.221069576104453	4.691913380060676	4.3178195728402935	4.798464491362764	4.347145718577867	4.75820813735787	4.363052902787849	5.061466723187792	4.334063793523253	5.079513929590123	4.3328914065324815	5.095174696844302	4.288136356134375	5.242945399899816	4.304001914219058	5.329597586132578	4.329635971115908	5.341861872244793	4.328469326980346	5.368656756683842	4.38416795011738	5.34963795635222	4.4063261072190985	5.240908872556084	4.403717010020162	5.220792728423813	4.40861858190709	5.174550271332736	4.402613083996409	4.869989943973567	4.85678704856787	4.077079107505071	4.906718808067388	4.239603386834796	3.4482758620689653	4.761904761904762	4.76574667829166	14.275130434782609	1.9435000000000002	0.0310657829654593	20.99552631378174	-5.722051355410915e-06	20.537537574768066	-1.049042748492001e-05	19.5916003780383	-1.3351516827679601e-05	18.708227185890202	-1.8121782191438507e-05	17.940369336236824	-1.4313892204940582e-05	17.225701780863265	-1.4327920245064748e-05	16.519352512067222	-1.2435514682038239e-05	15.804382169170864	-1.1503276996034245e-05	15.069672974579222	-1.1540048295102116e-05	14.32844538517347	-1.1592746804749162e-05	13.590125072561143	-1.1668134906975794e-05	12.863726875012262	-9.809124251195977e-06	12.148760633725951	-9.913750371765639e-06	11.463847697765086	-9.036453051610196e-06	10.80580727478772	-9.171965175067338e-06	10.194070623388615	-9.33761065068621e-06	9.617012564042334	-6.348689048617202e-06	9.077019943852132	-8.654786529690245e-06	8.574179722664443	-8.869071441479095e-06	8.11724609210115	-6.8449627348820444e-06	7.6969636401046415	-9.405966204363427e-06	7.294681870692891	-8.503380701213069e-06	6.919374306963654	-8.81046179406175e-06	6.5823077708781295	-9.166562997204198e-06	6.252957603591122	-8.181487203472222e-06	5.945358948951001	-8.542347978239792e-06	5.670214765661363	-8.951068981413105e-06	5.409212406753043	-7.852387675520496e-06	5.151019624841588	-8.272160704920447e-06
14	1	28	0	0	1225	206	1273	1841	1374	1767	1459	1202	1567	986	1692	745	1830	696	1887	764	2021	721	2116	743	2199	767	2288	831	2397	886	2510	961	2647	1015	2685	1151	2756	1232	2769	1270	2824	1410	2809	1539	2824	1665	2813	1837	2815	1930	2833	2074	2825	2169	2807	2281	2767	2400	2741	2558	2701	4067	4095	536.0	583.8435877260536	702.9802341461182	28	1	0.6053686141967773	4.761904761904762	5.447470817120623			3.6948784460396933	3.17215891592239	3.6006222599349456	7.107010500308833	3.690274756264604	7.477782479898434	3.7108629854770205	7.080584354382657	3.7589656247751098	7.368106411597669	3.852020489470689	6.325352351842419	3.954704585728487	6.120833699762554	3.893290418420401	6.3656057323779365	3.992335348267552	5.709534368070954	4.0218961453660755	5.495562130177515	4.017685856795718	5.3127381034841035	4.04468957714609	5.367523575765405	4.112409285089299	5.36579457364341	4.18975762836349	5.404645408019797	4.303995056990943	5.309132754472225	4.279566464775263	5.6646488508292725	4.312719078617927	5.625827663363624	4.272027400219079	5.383637134378974	4.29754078402727	5.509318954401595	4.2319513077015785	5.537764024324422	4.237122837551952	5.560193688428786	4.206795477657475	5.655962314110656	4.1911709967989275	5.5608378713227875	4.218284693269803	5.595273423800146	4.224172735021009	5.491417286951238	4.219910400192429	5.478695297112936	4.194521503175831	5.4265493929047866	4.188569682151589	5.465111310515746	4.181244001362272	4.868792797969641	4.85678704856787	3.6240703177822855	4.707142626157842	3.905593642572706	3.5759897828863343	4.761904761904762	4.8142321831506765	14.275130434782609	1.9435000000000002	0.0310657829654593	20.99552631378174	-5.722051355410915e-06	20.537537574768066	-1.049042748492001e-05	19.5916003780383	-1.3351516827679601e-05	18.708227185890202	-1.8121782191438507e-05	17.940369336236824	-1.4313892204940582e-05	17.225701780863265	-1.4327920245064748e-05	16.519352512067222	-1.2435514682038239e-05	15.804382169170864	-1.1503276996034245e-05	15.069672974579222	-1.1540048295102116e-05	14.32844538517347	-1.1592746804749162e-05	13.590125072561143	-1.1668134906975794e-05	12.863726875012262	-9.809124251195977e-06	12.148760633725951	-9.913750371765639e-06	11.463847697765086	-9.036453051610196e-06	10.80580727478772	-9.171965175067338e-06	10.194070623388615	-9.33761065068621e-06	9.617012564042334	-6.348689048617202e-06	9.077019943852132	-8.654786529690245e-06	8.574179722664443	-8.869071441479095e-06	8.11724609210115	-6.8449627348820444e-06	7.6969636401046415	-9.405966204363427e-06	7.294681870692891	-8.503380701213069e-06	6.919374306963654	-8.81046179406175e-06	6.5823077708781295	-9.166562997204198e-06	6.252957603591122	-8.181487203472222e-06	5.945358948951001	-8.542347978239792e-06	5.670214765661363	-8.951068981413105e-06	5.409212406753043	-7.852387675520496e-06	5.151019624841588	-8.272160704920447e-06
15	1	18	0	0	1148	328	1263	2118	1377	1949	1434	1358	1541	1018	1659	826	1779	713	1869	764	1997	728	2079	780	2193	842	2288	879	2366	927	2419	981	2482	1051	2581	1144	2652	1235	2721	1377	2753	1459	2797	1602	2804	1735	2801	1852	2821	1999	2829	2102	2814	2265	2774	2342	2736	2414	2746	2488	2655	4064	4095	505.0	568.0542663868516	673.1575527191162	31	1	0.6089382171630859	4.761904761904762	3.501945525291829			3.462628943717198	5.050816137973515	3.5723377174374202	8.176343421865349	3.698332124728064	8.247989843419381	3.647277259200855	7.9995287464655975	3.6965960611221726	7.6072335973696	3.7768924302788847	7.013075224995754	3.844491507109824	6.270336821739512	3.856152512998267	6.3656057323779365	3.944925131365809	5.764966740576496	3.9515699840340606	5.769230769230769	4.006723548864487	5.832236614255039	4.04468957714609	5.6775610386255	4.05922418378026	5.614098837209303	4.03785804900848	5.517125021089927	4.03570673647583	5.497436970394393	4.113802996493465	5.63019833653231	4.1499749624436655	5.639526919037399	4.197972754061435	5.837219160661297	4.189493547601655	5.700777556363068	4.2138724840303725	5.764456118887409	4.207114885444643	5.793955585239606	4.188849673984567	5.702146002032082	4.20010422094841	5.759645028380442	4.212328767123288	5.670812312838914	4.207724628796148	5.734467567978125	4.170299768483718	5.625210164769179	4.14752830960935	5.458204264363397	4.196210268948655	5.315557834465666	4.110034366389052	4.86520135995786	4.85678704856787	3.41446923597025	4.579843827170717	3.7399058048097453	3.959131545338442	4.761904761904762	4.842619676453867	14.275130434782609	1.9435000000000002	0.0310657829654593	20.99552631378174	-5.722051355410915e-06	20.537537574768066	-1.049042748492001e-05	19.5916003780383	-1.3351516827679601e-05	18.708227185890202	-1.8121782191438507e-05	17.940369336236824	-1.4313892204940582e-05	17.225701780863265	-1.4327920245064748e-05	16.519352512067222	-1.2435514682038239e-05	15.804382169170864	-1.1503276996034245e-05	15.069672974579222	-1.1540048295102116e-05	14.32844538517347	-1.1592746804749162e-05	13.590125072561143	-1.1668134906975794e-05	12.863726875012262	-9.809124251195977e-06	12.148760633725951	-9.913750371765639e-06	11.463847697765086	-9.036453051610196e-06	10.80580727478772	-9.171965175067338e-06	10.194070623388615	-9.33761065068621e-06	9.617012564042334	-6.348689048617202e-06	9.077019943852132	-8.654786529690245e-06	8.574179722664443	-8.869071441479095e-06	8.11724609210115	-6.8449627348820444e-06	7.6969636401046415	-9.405966204363427e-06	7.294681870692891	-8.503380701213069e-06	6.919374306963654	-8.81046179406175e-06	6.5823077708781295	-9.166562997204198e-06	6.252957603591122	-8.181487203472222e-06	5.945358948951001	-8.542347978239792e-06	5.670214765661363	-8.951068981413105e-06	5.409212406753043	-7.852387675520496e-06	5.151019624841588	-8.272160704920447e-06
16	1	19	0	0	1159	389	1244	2243	1317	2094	1409	1400	1522	1023	1634	811	1755	808	1917	793	2026	797	2095	822	2166	863	2200	930	2257	972	2321	1018	2437	1119	2523	1199	2592	1309	2648	1394	2708	1525	2719	1652	2747	1794	2754	1963	2736	2073	2727	2162	2708	2212	2698	2276	2654	2390	2596	2495	2531	4074	4095	476.0	554.3758194805195	646.500394821167	21	1	0.612116813659668	4.761904761904762	3.6964980544747084			3.495807444048984	5.990144748999076	3.5185970866921226	8.658894379246448	3.5371847554588673	8.861616589081676	3.5836915329246892	8.24693685202639	3.6510183030681027	7.644597220146466	3.7199772339214574	6.885719137374767	3.792626528936336	7.105795444551931	3.9551869274572917	6.60723212797867	4.002212476788748	6.311371555273994	3.9819812970425	6.079881656804734	3.9573931631739536	5.977696197270902	3.889124593409701	6.006975842914352	3.872218504983959	5.886627906976744	3.87427388662616	5.72521230526967	3.962537194517162	5.853122711580709	4.021357985336309	5.900880948865594	4.056084126189284	5.97744189232385	4.085347979696684	5.909283594743536	4.121012904796689	5.958660571249951	4.096360130167531	5.944370479651686	4.121592221938814	5.99098346969444	4.118561942932344	6.043905292650636	4.073550212164074	5.972858501166912	4.060452650387135	5.832681360779129	4.049224696083856	5.600283558661198	4.0560449803060825	5.466685881731277	4.023223733078661	5.40393877043435	3.966992665036675	5.330513182070675	3.9180779590699406	4.877172819997127	4.85678704856787	3.218390804597701	4.469563605128364	3.591804874857216	2.681992337164751	4.761904761904762	4.867897666082383	14.275130434782609	1.9435000000000002	0.0310657829654593	20.99552631378174	-5.722051355410915e-06	20.537537574768066	-1.049042748492001e-05	19.5916003780383	-1.3351516827679601e-05	18.708227185890202	-1.8121782191438507e-05	17.940369336236824	-1.4313892204940582e-05	17.225701780863265	-1.4327920245064748e-05	16.519352512067222	-1.2435514682038239e-05	15.804382169170864	-1.1503276996034245e-05	15.069672974579222	-1.1540048295102116e-05	14.32844538517347	-1.1592746804749162e-05	13.590125072561143	-1.1668134906975794e-05	12.863726875012262	-9.809124251195977e-06	12.148760633725951	-9.913750371765639e-06	11.463847697765086	-9.036453051610196e-06	10.80580727478772	-9.171965175067338e-06	10.194070623388615	-9.33761065068621e-06	9.617012564042334	-6.348689048617202e-06	9.077019943852132	-8.654786529690245e-06	8.574179722664443	-8.869071441479095e-06	8.11724609210115	-6.8449627348820444e-06	7.6969636401046415	-9.405966204363427e-06	7.294681870692891	-8.503380701213069e-06	6.919374306963654	-8.81046179406175e-06	6.5823077708781295	-9.166562997204198e-06	6.252957603591122	-8.181487203472222e-06	5.945358948951001	-8.542347978239792e-06	5.670214765661363	-8.951068981413105e-06	5.409212406753043	-7.852387675520496e-06	5.151019624841588	-8.272160704920447e-06
17	1	25	0	0	1157	720	1288	2933	1280	2364	1343	1579	1465	1117	1528	973	1650	852	1748	882	1873	879	1937	905	2049	978	2161	1014	2233	1071	2299	1148	2306	1288	2365	1307	2371	1374	2415	1496	2423	1633	2475	1713	2490	1875	2486	1961	2514	2099	2490	2176	2424	2283	2394	2292	2404	2365	2381	2368	2350	4068	4095	407.0	527.3876730813635	585.2628040313721	27	1	0.6241970062255859	4.761904761904762	4.863813229571985			3.489774989443204	11.087157376039421	3.643049073681233	11.322575663990117	3.4378105444095293	10.004231908590775	3.4158252155556124	9.301366635249764	3.514285028905894	8.347033328351516	3.4786568013659647	8.26116488368144	3.565717249427324	7.4927447014334705	3.6065032598828095	7.348775204132645	3.6999723440401406	6.960722204624643	3.6816695810841633	6.69378698224852	3.743628158514973	6.774260580453002	3.820181021071984	6.549541402919519	3.831042942680186	6.486191860465117	3.8375509113974764	6.456329790225522	3.7495325279263754	6.737106391881996	3.7695250239081926	6.432403169447315	3.7102528793189786	6.274259098588978	3.7258743848064553	6.341670199236965	3.6873021670318966	6.380650959246668	3.7287573821863327	6.163865999784103	3.7359900373599	6.261479378861246	3.7177723275707364	6.037747467594445	3.743020918633216	6.047771342956752	3.7075640262060747	5.870450805298513	3.624564499005637	5.780039495670667	3.599025827595538	5.5051160109525865	3.644246365607046	5.3474122142582585	3.638447432762836	5.059180446951245	3.6378835258057527	4.869989943973567	4.85678704856787	2.7518593644354294	4.251976126243416	3.251583153594169	3.4482758620689653	4.761904761904762	4.96396616131923	14.275130434782609	1.9435000000000002	0.0310657829654593	20.99552631378174	-5.722051355410915e-06	20.537537574768066	-1.049042748492001e-05	19.5916003780383	-1.3351516827679601e-05	18.708227185890202	-1.8121782191438507e-05	17.940369336236824	-1.4313892204940582e-05	17.225701780863265	-1.4327920245064748e-05	16.519352512067222	-1.2435514682038239e-05	15.804382169170864	-1.1503276996034245e-05	15.069672974579222	-1.1540048295102116e-05	14.32844538517347	-1.1592746804749162e-05	13.590125072561143	-1.1668134906975794e-05	12.863726875012262	-9.809124251195977e-06	12.148760633725951	-9.913750371765639e-06	11.463847697765086	-9.036453051610196e-06	10.80580727478772	-9.171965175067338e-06	10.194070623388615	-9.33761065068621e-06	9.617012564042334	-6.348689048617202e-06	9.077019943852132	-8.654786529690245e-06	8.574179722664443	-8.869071441479095e-06	8.11724609210115	-6.8449627348820444e-06	7.6969636401046415	-9.405966204363427e-06	7.294681870692891	-8.503380701213069e-06	6.919374306963654	-8.81046179406175e-06	6.5823077708781295	-9.166562997204198e-06	6.252957603591122	-8.181487203472222e-06	5.945358948951001	-8.542347978239792e-06	5.670214765661363	-8.951068981413105e-06	5.409212406753043	-7.852387675520496e-06	5.151019624841588	-8.272160704920447e-06
18	1	20	0	0	1099	793	1165	3314	1289	2771	1373	1635	1455	1263	1562	1053	1648	855	1762	903	1840	945	1861	912	1966	1004	2014	1054	2113	1091	2188	1140	2220	1256	2253	1374	2320	1459	2379	1596	2374	1692	2403	1816	2345	1873	2346	1974	2360	2035	2333	2131	2281	2208	2243	2239	2227	2317	2191	2378	2164	4070	4095	373.0	509.2452892926239	552.7736968994141	25	1	0.6305112838745117	4.761904761904762	3.8910505836575875			3.314833805875611	12.211271943332306	3.2951492009616743	12.793390982087708	3.4619826497999084	11.726618705035971	3.4921280870870106	9.631244109330819	3.4902967351932253	9.438051113435959	3.556061468412066	8.940397350993377	3.561395167912867	7.519127605311758	3.6353882974333582	7.523746042326279	3.6347832958002453	7.483370288248336	3.5372158442940775	6.7455621301775155	3.5919828987996274	6.9543533975202605	3.560316786875972	6.807905955302933	3.625165131161322	6.607315891472869	3.6522668091072976	6.411337944997469	3.6096974032942555	6.569724866617848	3.5910105196047177	6.7621438062896795	3.630445668502754	6.662404676012604	3.670333400188222	6.765578635014837	3.6127343559775995	6.611182745281913	3.620284440159094	6.534489582958512	3.518432384581914	6.254800467523794	3.5084046180534783	6.0777733304596815	3.5137348321298294	5.863370501627914	3.4737939249553302	5.749049019343351	3.41073911808245	5.590156463618412	3.372019603716287	5.377816207906999	3.375930389437143	5.238881226400163	3.348105134474327	5.080545229244114	3.3499489148270847	4.8723842359814205	4.85678704856787	2.521974306964165	4.1057061493739235	3.071081278713482	3.1928480204342273	4.761904761904762	5.014180853587578	14.275130434782609	1.9435000000000002	0.0310657829654593	20.99552631378174	-5.722051355410915e-06	20.537537574768066	-1.049042748492001e-05	19.5916003780383	-1.3351516827679601e-05	18.708227185890202	-1.8121782191438507e-05	17.940369336236824	-1.4313892204940582e-05	17.225701780863265	-1.4327920245064748e-05	16.519352512067222	-1.2435514682038239e-05	15.804382169170864	-1.1503276996034245e-05	15.069672974579222	-1.1540048295102116e-05	14.32844538517347	-1.1592746804749162e-05	13.590125072561143	-1.1668134906975794e-05	12.863726875012262	-9.809124251195977e-06	12.148760633725951	-9.913750371765639e-06	11.463847697765086	-9.036453051610196e-06	10.80580727478772	-9.171965175067338e-06	10.194070623388615	-9.33761065068621e-06	9.617012564042334	-6.348689048617202e-06	9.077019943852132	-8.654786529690245e-06	8.574179722664443	-8.869071441479095e-06	8.11724609210115	-6.8449627348820444e-06	7.6969636401046415	-9.405966204363427e-06	7.294681870692891	-8.503380701213069e-06	6.919374306963654	-8.81046179406175e-06	6.5823077708781295	-9.166562997204198e-06	6.252957603591122	-8.181487203472222e-06	5.945358948951001	-8.542347978239792e-06	5.670214765661363	-8.951068981413105e-06	5.409212406753043	-7.852387675520496e-06	5.151019624841588	-8.272160704920447e-06
19	1	25	0	0	1113	1232	1195	3970	1270	3069	1362	2037	1413	1396	1452	1108	1518	1046	1602	941	1730	974	1768	942	1843	996	1927	1135	2005	1200	2061	1292	2094	1383	2130	1432	2133	1496	2177	1575	2191	1712	2210	1769	2174	1856	2143	1966	2144	2032	2135	2075	2099	2109	2053	2139	1994	2171	1973	2209	1912	4071	4095	317.0	481.6408477857906	500.91678047180176	24	1	0.6422262191772461	4.761904761904762	4.863813229571985			3.3570609881160647	18.971358176778566	3.38000282845425	15.32581840642372	3.41095264953133	12.987727465086754	3.464150367525498	11.999293119698399	3.389545901600019	10.431923479300554	3.305634604439385	9.407369672270335	3.280459869473138	9.198839152229356	3.305273582569943	7.840359940009998	3.417486468333926	7.713018688628445	3.3604500874325245	6.9674556213017755	3.3672555862094167	6.898940223038028	3.4065195870456795	7.331094173879343	3.439875100794345	7.267441860465117	3.4402750884689857	7.266183004330465	3.404822685809987	7.234020295009938	3.3949633407714375	7.047590924750234	3.337819228843265	6.83136216265583	3.358686764274804	6.6765578635014835	3.334246408570733	6.689329113429452	3.329516692780523	6.365370083840093	3.2618643940644274	6.198029721155452	3.2048214392534544	6.0531420302349215	3.1921387627484554	5.854726712190624	3.1789755807027995	5.597971241265816	3.1385977241802117	5.339510861309433	3.086382633272197	5.137627900273815	3.022723482953598	4.908766138331789	3.0149755501222493	4.719480408494638	2.959843958017276	4.873581381985347	4.85678704856787	2.1433400946585532	3.8831498928358035	2.782976388582233	3.065134099616858	4.761904761904762	5.107344617342961	14.275130434782609	1.9435000000000002	0.0310657829654593	20.99552631378174	-5.722051355410915e-06	20.537537574768066	-1.049042748492001e-05	19.5916003780383	-1.3351516827679601e-05	18.708227185890202	-1.8121782191438507e-05	17.940369336236824	-1.4313892204940582e-05	17.225701780863265	-1.4327920245064748e-05	16.519352512067222	-1.2435514682038239e-05	15.804382169170864	-1.1503276996034245e-05	15.069672974579222	-1.1540048295102116e-05	14.32844538517347	-1.1592746804749162e-05	13.590125072561143	-1.1668134906975794e-05	12.863726875012262	-9.809124251195977e-06	12.148760633725951	-9.913750371765639e-06	11.463847697765086	-9.036453051610196e-06	10.80580727478772	-9.171965175067338e-06	10.194070623388615	-9.33761065068621e-06	9.617012564042334	-6.348689048617202e-06	9.077019943852132	-8.654786529690245e-06	8.574179722664443	-8.869071441479095e-06	8.11724609210115	-6.8449627348820444e-06	7.6969636401046415	-9.405966204363427e-06	7.294681870692891	-8.503380701213069e-06	6.919374306963654	-8.81046179406175e-06	6.5823077708781295	-9.166562997204198e-06	6.252957603591122	-8.181487203472222e-06	5.945358948951001	-8.542347978239792e-06	5.670214765661363	-8.951068981413105e-06	5.409212406753043	-7.852387675520496e-06	5.151019624841588	-8.272160704920447e-06
20	1	19	0	0	1132	2388	1173	5230	1188	3809	1228	2279	1290	1563	1322	1189	1384	1001	1416	1042	1498	1074	1548	1136	1563	1164	1611	1186	1639	1225	1739	1302	1761	1340	1775	1395	1778	1456	1775	1532	1779	1540	1761	1597	1762	1630	1734	1743	1717	1767	1710	1764	1682	1755	1642	1775	1590	1762	1574	1746	1545	4072	4095	242.0	445.62678451922943	427.4265298843384	23	1	0.6682567596435547	4.761904761904762	3.6964980544747084			3.4143693068709657	36.772405297197416	3.3177768349596946	20.1899320568252	3.1907179115300943	16.11933982225984	3.1233308746852506	13.42483506126296	3.0944898889342003	11.679868480047825	3.0096755833807625	10.095092545423672	2.990880408004495	8.803095594055051	2.921515226541223	8.68188635227462	2.9591877049504167	8.50490972442192	2.9422945335664865	8.402366863905325	2.85568121608536	8.062616887164923	2.847899872719559	7.660508978168195	2.811947775661811	7.418846899224807	2.902784269212793	7.322422810865531	2.8633680753158486	7.009101370436238	2.8291361173095315	6.86549534918057	2.7822984476715074	6.648705420338828	2.7384791027045376	6.494277236116999	2.7072680788897006	6.017270347360607	2.653067373749548	5.7464646828109816	2.643700580653873	5.4433127400233765	2.59316863073518	5.366544536469719	2.556390977443609	5.091191978563402	2.5461584276354974	4.758950009442361	2.515064970019588	4.4432629500227865	2.468504765627349	4.2633424604890235	2.410296057119469	3.983991679290931	2.4052567237163816	3.7302909883348288	2.3917149137744205	4.874778527989274	4.85678704856787	1.6362407031778228	3.592792447953292	2.3746817573197947	2.937420178799489	4.761904761904762	5.3143541363679665	14.275130434782609	1.9435000000000002	0.0310657829654593	20.99552631378174	-5.722051355410915e-06	20.537537574768066	-1.049042748492001e-05	19.5916003780383	-1.3351516827679601e-05	18.708227185890202	-1.8121782191438507e-05	17.940369336236824	-1.4313892204940582e-05	17.225701780863265	-1.4327920245064748e-05	16.519352512067222	-1.2435514682038239e-05	15.804382169170864	-1.1503276996034245e-05	15.069672974579222	-1.1540048295102116e-05	14.32844538517347	-1.1592746804749162e-05	13.590125072561143	-1.1668134906975794e-05	12.863726875012262	-9.809124251195977e-06	12.148760633725951	-9.913750371765639e-06	11.463847697765086	-9.036453051610196e-06	10.80580727478772	-9.171965175067338e-06	10.194070623388615	-9.33761065068621e-06	9.617012564042334	-6.348689048617202e-06	9.077019943852132	-8.654786529690245e-06	8.574179722664443	-8.869071441479095e-06	8.11724609210115	-6.8449627348820444e-06	7.6969636401046415	-9.405966204363427e-06	7.294681870692891	-8.503380701213069e-06	6.919374306963654	-8.81046179406175e-06	6.5823077708781295	-9.166562997204198e-06	6.252957603591122	-8.181487203472222e-06	5.945358948951001	-8.542347978239792e-06	5.670214765661363	-8.951068981413105e-06	5.409212406753043	-7.852387675520496e-06	5.151019624841588	-8.272160704920447e-06
