	counts(inten<0.01	MicrocoloniesPlatonic	MicrocoloniesAggregates	MicrocoloniesLarge	counts(Norminten<0.01	counts(inten<0.02	counts(Norminten<0.02	counts(inten<0.03	counts(Norminten<0.03	counts(inten<0.04	counts(Norminten<0.04	counts(inten<0.05	counts(Norminten<0.05	counts(inten<0.060000000000000005	counts(Norminten<0.060000000000000005	counts(inten<0.06999999999999999	counts(Norminten<0.06999999999999999	counts(inten<0.08	counts(Norminten<0.08	counts(inten<0.09	counts(Norminten<0.09	counts(inten<0.09999999999999999	counts(Norminten<0.09999999999999999	counts(inten<0.11	counts(Norminten<0.11	counts(inten<0.12	counts(Norminten<0.12	counts(inten<0.13	counts(Norminten<0.13	counts(inten<0.14	counts(Norminten<0.14	counts(inten<0.15000000000000002	counts(Norminten<0.15000000000000002	counts(inten<0.16	counts(Norminten<0.16	counts(inten<0.17	counts(Norminten<0.17	counts(inten<0.18000000000000002	counts(Norminten<0.18000000000000002	counts(inten<0.19	counts(Norminten<0.19	counts(inten<0.2	counts(Norminten<0.2	counts(inten<0.21000000000000002	counts(Norminten<0.21000000000000002	counts(inten<0.22	counts(Norminten<0.22	counts(inten<0.23	counts(Norminten<0.23	counts(inten<0.24000000000000002	counts(Norminten<0.24000000000000002	counts(inten<0.25	counts(Norminten<0.25	counts(inten<0.26	counts(Norminten<0.26	counts(inten<0.27	counts(Norminten<0.27	counts(inten<0.28	counts(Norminten<0.28	counts(inten<0.29000000000000004	counts(Norminten<0.29000000000000004	diff	max	med	std	mean	min	eigenLocal	minProp	counts(inten<0.01Normalized	MicrocoloniesPlatonicNormalized	MicrocoloniesAggregatesNormalized	MicrocoloniesLargeNormalized	counts(Norminten<0.01Normalized	counts(inten<0.02Normalized	counts(Norminten<0.02Normalized	counts(inten<0.03Normalized	counts(Norminten<0.03Normalized	counts(inten<0.04Normalized	counts(Norminten<0.04Normalized	counts(inten<0.05Normalized	counts(Norminten<0.05Normalized	counts(inten<0.060000000000000005Normalized	counts(Norminten<0.060000000000000005Normalized	counts(inten<0.06999999999999999Normalized	counts(Norminten<0.06999999999999999Normalized	counts(inten<0.08Normalized	counts(Norminten<0.08Normalized	counts(inten<0.09Normalized	counts(Norminten<0.09Normalized	counts(inten<0.09999999999999999Normalized	counts(Norminten<0.09999999999999999Normalized	counts(inten<0.11Normalized	counts(Norminten<0.11Normalized	counts(inten<0.12Normalized	counts(Norminten<0.12Normalized	counts(inten<0.13Normalized	counts(Norminten<0.13Normalized	counts(inten<0.14Normalized	counts(Norminten<0.14Normalized	counts(inten<0.15000000000000002Normalized	counts(Norminten<0.15000000000000002Normalized	counts(inten<0.16Normalized	counts(Norminten<0.16Normalized	counts(inten<0.17Normalized	counts(Norminten<0.17Normalized	counts(inten<0.18000000000000002Normalized	counts(Norminten<0.18000000000000002Normalized	counts(inten<0.19Normalized	counts(Norminten<0.19Normalized	counts(inten<0.2Normalized	counts(Norminten<0.2Normalized	counts(inten<0.21000000000000002Normalized	counts(Norminten<0.21000000000000002Normalized	counts(inten<0.22Normalized	counts(Norminten<0.22Normalized	counts(inten<0.23Normalized	counts(Norminten<0.23Normalized	counts(inten<0.24000000000000002Normalized	counts(Norminten<0.24000000000000002Normalized	counts(inten<0.25Normalized	counts(Norminten<0.25Normalized	counts(inten<0.26Normalized	counts(Norminten<0.26Normalized	counts(inten<0.27Normalized	counts(Norminten<0.27Normalized	counts(inten<0.28Normalized	counts(Norminten<0.28Normalized	counts(inten<0.29000000000000004Normalized	counts(Norminten<0.29000000000000004Normalized	diffNormalized	maxNormalized	medNormalized	stdNormalized	meanNormalized	minNormalized	eigenLocalNormalized	minPropNormalized	BioVolume	SubstratumCoverage	Homogenity	ThicknessThreshold=0.01	RoughnessThreshold=0.01	ThicknessThreshold=0.02	RoughnessThreshold=0.02	ThicknessThreshold=0.03	RoughnessThreshold=0.03	ThicknessThreshold=0.04	RoughnessThreshold=0.04	ThicknessThreshold=0.05	RoughnessThreshold=0.05	ThicknessThreshold=0.060000000000000005	RoughnessThreshold=0.060000000000000005	ThicknessThreshold=0.06999999999999999	RoughnessThreshold=0.06999999999999999	ThicknessThreshold=0.08	RoughnessThreshold=0.08	ThicknessThreshold=0.09	RoughnessThreshold=0.09	ThicknessThreshold=0.09999999999999999	RoughnessThreshold=0.09999999999999999	ThicknessThreshold=0.11	RoughnessThreshold=0.11	ThicknessThreshold=0.12	RoughnessThreshold=0.12	ThicknessThreshold=0.13	RoughnessThreshold=0.13	ThicknessThreshold=0.14	RoughnessThreshold=0.14	ThicknessThreshold=0.15000000000000002	RoughnessThreshold=0.15000000000000002	ThicknessThreshold=0.16	RoughnessThreshold=0.16	ThicknessThreshold=0.17	RoughnessThreshold=0.17	ThicknessThreshold=0.18000000000000002	RoughnessThreshold=0.18000000000000002	ThicknessThreshold=0.19	RoughnessThreshold=0.19	ThicknessThreshold=0.2	RoughnessThreshold=0.2	ThicknessThreshold=0.21000000000000002	RoughnessThreshold=0.21000000000000002	ThicknessThreshold=0.22	RoughnessThreshold=0.22	ThicknessThreshold=0.23	RoughnessThreshold=0.23	ThicknessThreshold=0.24000000000000002	RoughnessThreshold=0.24000000000000002	ThicknessThreshold=0.25	RoughnessThreshold=0.25	ThicknessThreshold=0.26	RoughnessThreshold=0.26	ThicknessThreshold=0.27	RoughnessThreshold=0.27	ThicknessThreshold=0.28	RoughnessThreshold=0.28	ThicknessThreshold=0.29000000000000004	RoughnessThreshold=0.29000000000000004
0	1	34	0	0	2743	1	2900	5	3063	162	3226	341	3406	510	3552	578	3714	631	3866	639	4017	645	4138	717	4250	711	4405	794	4560	862	4649	961	4759	1021	4847	1167	4958	1300	5075	1370	5116	1597	5214	1740	5280	1953	5347	2179	5369	2370	5380	2594	5416	2816	5459	3044	5460	3248	5436	3483	5457	4029	4095	792.0	752.1984622498155	1018.2434959411621	66	1	0.6127233505249023	4.761904761904762	8.133971291866029			8.448318344215844	0.009845426799251747	8.84011583600061	0.01637411579774692	9.160510811376618	0.42085574000467624	9.54946421171038	0.9076149157594953	9.970434120781007	1.4689363172902445	10.295055359109618	1.8127646228634153	10.597500428008901	2.1245791245791246	10.884621881862717	2.3007128969539856	11.207209217978406	2.416635443986512	11.377508935936211	2.716629409313075	11.57848853048548	2.741469057258531	11.869476180211253	3.0119110841362566	12.16519048127201	3.272092317036137	12.282045862834197	3.623543606952981	12.42072295445648	3.8115503789151455	12.515815839078678	4.278329728342559	12.654092544855924	4.663509829243794	12.858518293300902	4.757274810750746	12.821412460528295	5.421277751374839	12.940534101062246	5.8017405221566465	12.978393923751936	6.355973573729945	13.062171735678515	6.919876782368446	13.016073116924046	7.3483814957211955	12.974798022428555	7.8691906322048295	13.028626413278808	8.375468443281186	13.070753022866036	8.852697397120837	13.05470543228768	9.262269370063022	12.962300593747763	9.688186698561932	12.998737524118054	4.726321469629074	4.761904761904762	7.527086105303174	5.545600562145236	6.737843116809635	8.811748998664887	4.761904761904762	4.5267081182956685	5.379379844961241	10.900500000000001	0.0373512737505698	20.986618041992188	0.0	20.344366294567287	0.0	18.95905465175151	0.0	17.47779809929505	-2.8938897447299857e-06	16.1819089468689	-4.9328880579713e-06	15.089868607418232	-6.122680142005362e-06	14.171983804635174	-6.377808627474324e-06	13.39108932902632	-6.669504911534575e-06	12.70069187434733	-6.985110073692911e-06	12.073088383027704	-7.3238611395927935e-06	11.490799573670024	-7.686247381871985e-06	10.94840217840133	-9.415182654543499e-06	10.442132588367057	-9.886447093384555e-06	9.96399142165587	-1.7797420857094125e-05	9.508943221054007	-1.8680386372658142e-05	9.071431953744842	-2.449267505731286e-05	8.661743365436612	-2.9091506477993988e-05	8.278997191303443	-2.6903271975937712e-05	7.916335791264889	-3.756397614687515e-05	7.577051057775749	-2.5581084165702458e-05	7.2629727805195285	-2.675442116809803e-05	6.961906793723036	-1.7239707355967632e-05	6.68018261087492	-9.03122093075763e-06	6.418573424457405	-7.0919973901449605e-06	6.171126080388321	-7.4296228971071526e-06	5.940631172911514	-5.184611037518438e-06	5.7330796227481144	-5.432789601640702e-06	5.5412003576696796	-8.54308992171682e-06	5.3627992413494425	-8.960466422145494e-06
1	1	38	0	0	2984	1	3160	20	3257	176	3412	452	3578	533	3713	614	3868	694	4029	766	4120	730	4245	782	4357	817	4490	910	4596	1035	4691	1121	4759	1276	4788	1389	4839	1520	4870	1701	4885	1916	4944	2117	4975	2325	4993	2520	5018	2696	5045	2881	5053	3116	5085	3257	5090	3458	5045	3667	5039	4028	4095	763.0	789.4660083502527	1013.430643081665	67	1	0.6221694946289062	4.761904761904762	9.090909090909092			9.19058765553776	0.009845426799251747	9.632677945435148	0.06549646319098767	9.740706403086401	0.45722598914088275	10.100053282813333	1.2030555481621463	10.473932261936127	1.535182464932746	10.761694974204394	1.9256703779206523	11.03692290132968	2.3367003367003365	11.343544118475139	2.757975084611507	11.49457355690093	2.7351067815661296	11.67170745119604	2.962906831356799	11.869994006429467	3.15018315018315	12.098512610476396	3.451938396176314	12.261231458755736	3.928788338900698	12.393004332664061	4.226839108630896	12.42072295445648	4.763504685108448	12.363467348361608	5.092202221651941	12.350373905719609	5.452719184961975	12.339110165197122	5.906660184735051	12.242494110570899	6.504175436214271	12.270425890995732	7.058784301957253	12.228695032323083	7.5666352068213625	12.1973860999145	8.002794626695037	12.165143397415696	8.359171524246559	12.166887736645364	8.739837398373984	12.155400529227808	9.267741359823924	12.175266371363582	9.472153555329358	12.170045906656465	9.861122993127442	12.029949686434414	10.19999443687241	12.0030489983564	4.725148394059545	4.761904761904762	7.2514731039726295	5.820356407811561	6.7059958743368435	8.945260347129507	4.761904761904762	4.596494812675039	5.379379844961241	10.900500000000001	0.0373512737505698	20.986618041992188	0.0	20.344366294567287	0.0	18.95905465175151	0.0	17.47779809929505	-2.8938897447299857e-06	16.1819089468689	-4.9328880579713e-06	15.089868607418232	-6.122680142005362e-06	14.171983804635174	-6.377808627474324e-06	13.39108932902632	-6.669504911534575e-06	12.70069187434733	-6.985110073692911e-06	12.073088383027704	-7.3238611395927935e-06	11.490799573670024	-7.686247381871985e-06	10.94840217840133	-9.415182654543499e-06	10.442132588367057	-9.886447093384555e-06	9.96399142165587	-1.7797420857094125e-05	9.508943221054007	-1.8680386372658142e-05	9.071431953744842	-2.449267505731286e-05	8.661743365436612	-2.9091506477993988e-05	8.278997191303443	-2.6903271975937712e-05	7.916335791264889	-3.756397614687515e-05	7.577051057775749	-2.5581084165702458e-05	7.2629727805195285	-2.675442116809803e-05	6.961906793723036	-1.7239707355967632e-05	6.68018261087492	-9.03122093075763e-06	6.418573424457405	-7.0919973901449605e-06	6.171126080388321	-7.4296228971071526e-06	5.940631172911514	-5.184611037518438e-06	5.7330796227481144	-5.432789601640702e-06	5.5412003576696796	-8.54308992171682e-06	5.3627992413494425	-8.960466422145494e-06
2	1	41	0	0	3034	1	3167	33	3259	315	3331	498	3422	736	3530	785	3640	777	3716	828	3745	862	3812	920	3889	1040	3931	1190	3963	1314	3991	1566	4054	1706	4110	1837	4155	2041	4175	2197	4205	2392	4212	2607	4228	2755	4219	2918	4207	3100	4211	3221	4186	3321	4179	3470	4151	3587	4142	3708	4076	4037	4095	706.0	747.1363398616548	940.2533206939697	58	1	0.6302871704101562	4.761904761904762	9.808612440191387			9.344585437969693	0.009845426799251747	9.65401615607377	0.10806916426512969	9.74668780093908	0.8183306055646482	9.860280622816884	1.3254904048335152	10.01727115716753	2.119876724560039	10.231290939655672	2.4619727144425276	10.386349369400216	2.616161616161616	10.462300805225519	2.9812054439403757	10.448344167619899	3.2296740352191837	10.481165795985703	3.4857727427727045	10.59499809295483	4.010025062656641	10.592261263203277	4.514073287307488	10.572510938000214	4.987853021560887	10.543696502166332	5.904754722672599	10.580712514680934	6.368760966140292	10.612750794019677	6.734611577519523	10.604629795053725	7.321710431912757	10.578189926016012	7.629002014028751	10.538318881259084	8.120035304501325	10.453688077037624	8.6926077823347	10.392547255610452	8.966055911738861	10.306583608159277	9.2667280637683	10.199035128124319	9.611807019719707	10.15555287591945	9.771265623103991	10.069761847486168	9.87746118612813	10.00598587333892	10.09160971353788	9.924923488905891	10.228990218724157	9.876719841667263	10.314038552474202	9.709154141159097	4.735706074185299	4.761904761904762	6.709750997909143	5.508279947745855	6.221772483839506	7.74365821094793	4.761904761904762	4.6564669825445195	5.379379844961241	10.900500000000001	0.0373512737505698	20.986618041992188	0.0	20.344366294567287	0.0	18.95905465175151	0.0	17.47779809929505	-2.8938897447299857e-06	16.1819089468689	-4.9328880579713e-06	15.089868607418232	-6.122680142005362e-06	14.171983804635174	-6.377808627474324e-06	13.39108932902632	-6.669504911534575e-06	12.70069187434733	-6.985110073692911e-06	12.073088383027704	-7.3238611395927935e-06	11.490799573670024	-7.686247381871985e-06	10.94840217840133	-9.415182654543499e-06	10.442132588367057	-9.886447093384555e-06	9.96399142165587	-1.7797420857094125e-05	9.508943221054007	-1.8680386372658142e-05	9.071431953744842	-2.449267505731286e-05	8.661743365436612	-2.9091506477993988e-05	8.278997191303443	-2.6903271975937712e-05	7.916335791264889	-3.756397614687515e-05	7.577051057775749	-2.5581084165702458e-05	7.2629727805195285	-2.675442116809803e-05	6.961906793723036	-1.7239707355967632e-05	6.68018261087492	-9.03122093075763e-06	6.418573424457405	-7.0919973901449605e-06	6.171126080388321	-7.4296228971071526e-06	5.940631172911514	-5.184611037518438e-06	5.7330796227481144	-5.432789601640702e-06	5.5412003576696796	-8.54308992171682e-06	5.3627992413494425	-8.960466422145494e-06
3	1	39	0	0	2968	1	3008	47	3085	373	3092	623	3176	869	3215	895	3212	937	3207	1012	3240	1082	3269	1207	3285	1369	3248	1545	3206	1789	3249	1954	3277	2161	3235	2395	3209	2539	3168	2771	3131	2840	3075	2944	3038	3005	2989	3085	2940	3142	2898	3188	2844	3195	2852	3208	2808	3271	2784	3300	2759	4040	4095	640.0	676.2775322722463	843.8543281555176	55	1	0.6369390487670898	4.761904761904762	9.330143540669857			9.141308365159542	0.009845426799251747	9.169333942996495	0.15391668849882106	9.226306187756078	0.9690073519860753	9.152803268012551	1.6581938197013653	9.297151722724745	2.5029522739710246	9.318300388383282	2.806962521561863	9.16509730069052	3.154882154882155	9.029224618503294	3.643695542593793	9.03942192338811	4.053952791307606	8.988177069012924	4.573182283181146	8.94949054650466	5.278581068054752	8.75188618236689	5.86070859570594	8.552982605911856	6.790920133616762	8.583430201838741	7.367746314241544	8.552786115098526	8.0673461007205	8.353345211351254	8.780291087729589	8.190194226793599	9.108193428038456	8.02675585284281	9.622195985832349	7.84672447496366	9.640844592300903	7.631787947979748	9.816278216798374	7.467492564461814	9.779672600644385	7.301819958470747	9.797071993394518	7.127445513830638	9.742031501922362	6.989026890148319	9.671156413056668	6.841472215540052	9.50270656118018	6.828684305040106	9.329649556492656	6.713848508033665	9.327858100208172	6.638529222405036	9.179160524046619	6.572020676020104	4.739225300893883	4.761904761904762	6.082493822467212	4.985871749747893	5.583888430632526	7.343124165554073	4.761904761904762	4.705610061120604	5.379379844961241	10.900500000000001	0.0373512737505698	20.986618041992188	0.0	20.344366294567287	0.0	18.95905465175151	0.0	17.47779809929505	-2.8938897447299857e-06	16.1819089468689	-4.9328880579713e-06	15.089868607418232	-6.122680142005362e-06	14.171983804635174	-6.377808627474324e-06	13.39108932902632	-6.669504911534575e-06	12.70069187434733	-6.985110073692911e-06	12.073088383027704	-7.3238611395927935e-06	11.490799573670024	-7.686247381871985e-06	10.94840217840133	-9.415182654543499e-06	10.442132588367057	-9.886447093384555e-06	9.96399142165587	-1.7797420857094125e-05	9.508943221054007	-1.8680386372658142e-05	9.071431953744842	-2.449267505731286e-05	8.661743365436612	-2.9091506477993988e-05	8.278997191303443	-2.6903271975937712e-05	7.916335791264889	-3.756397614687515e-05	7.577051057775749	-2.5581084165702458e-05	7.2629727805195285	-2.675442116809803e-05	6.961906793723036	-1.7239707355967632e-05	6.68018261087492	-9.03122093075763e-06	6.418573424457405	-7.0919973901449605e-06	6.171126080388321	-7.4296228971071526e-06	5.940631172911514	-5.184611037518438e-06	5.7330796227481144	-5.432789601640702e-06	5.5412003576696796	-8.54308992171682e-06	5.3627992413494425	-8.960466422145494e-06
4	1	28	0	0	2641	1	2641	79	2665	435	2664	788	2637	935	2629	1068	2639	1206	2635	1278	2629	1405	2616	1649	2575	1814	2531	2013	2487	2115	2460	2291	2428	2347	2437	2544	2424	2577	2372	2590	2354	2644	2307	2642	2289	2664	2238	2640	2233	2629	2212	2635	2164	2618	2126	2607	2106	2573	2081	2499	2047	4042	4095	587.0	636.5331585315403	780.2438535690308	53	1	0.6450824737548828	4.761904761904762	6.698564593301436			8.1341628680547	0.009845426799251747	8.050602042371588	0.25871102960440134	7.970212638693663	1.1300755981607045	7.885856373216506	2.0973623273269277	7.719329059453763	2.693049915032115	7.619848124746391	3.3495374000313625	7.5301032928151574	4.0606060606060606	7.418773579593446	4.601425793907971	7.334765505119549	5.264143874110153	7.192741270277701	6.247868753078468	7.015201874352966	6.994409099672258	6.819896529424445	7.635991199453759	6.634830861167432	8.028393562101426	6.498996090034873	8.638437464650654	6.336943755709252	8.761712771120319	6.292767319957653	9.326538842248047	6.186672111482607	9.244511407662506	6.009932096888618	8.993680116674769	5.899453661470603	8.975490528888587	5.72570237267944	8.809309459504517	5.626428729444731	8.669899436977252	5.467204104067424	8.383880085109086	5.413464568838033	8.151432469304229	5.334619558663933	7.993568741657565	5.205677171036805	7.786568318362977	5.090386687417695	7.581794387087393	5.035386381025249	7.337382724498817	4.962205212580776	6.95112792411894	4.876015340272981	4.74157145203294	4.761904761904762	5.5787873027941455	4.692855435011835	5.162970054961094	7.076101468624834	4.761904761904762	4.765772462261991	5.379379844961241	10.900500000000001	0.0373512737505698	20.986618041992188	0.0	20.344366294567287	0.0	18.95905465175151	0.0	17.47779809929505	-2.8938897447299857e-06	16.1819089468689	-4.9328880579713e-06	15.089868607418232	-6.122680142005362e-06	14.171983804635174	-6.377808627474324e-06	13.39108932902632	-6.669504911534575e-06	12.70069187434733	-6.985110073692911e-06	12.073088383027704	-7.3238611395927935e-06	11.490799573670024	-7.686247381871985e-06	10.94840217840133	-9.415182654543499e-06	10.442132588367057	-9.886447093384555e-06	9.96399142165587	-1.7797420857094125e-05	9.508943221054007	-1.8680386372658142e-05	9.071431953744842	-2.449267505731286e-05	8.661743365436612	-2.9091506477993988e-05	8.278997191303443	-2.6903271975937712e-05	7.916335791264889	-3.756397614687515e-05	7.577051057775749	-2.5581084165702458e-05	7.2629727805195285	-2.675442116809803e-05	6.961906793723036	-1.7239707355967632e-05	6.68018261087492	-9.03122093075763e-06	6.418573424457405	-7.0919973901449605e-06	6.171126080388321	-7.4296228971071526e-06	5.940631172911514	-5.184611037518438e-06	5.7330796227481144	-5.432789601640702e-06	5.5412003576696796	-8.54308992171682e-06	5.3627992413494425	-8.960466422145494e-06
5	1	23	0	0	2111	1	2123	129	2111	644	2045	987	2018	1356	1991	1553	2009	1712	2008	1912	1960	2020	1932	2150	1851	2172	1854	2248	1779	2213	1801	2205	1756	2081	1703	2108	1680	2094	1644	2129	1636	2107	1638	2015	1610	2010	1614	2008	1594	2028	1618	1974	1593	1933	1562	1875	1516	1813	1489	1807	1476	4046	4095	524.0	604.6207736495239	716.33909034729	49	1	0.6531534194946289	4.761904761904762	5.502392344497608			6.501786374276211	0.009845426799251747	6.471574455113551	0.4224521875818706	6.31336543350181	1.673031460265503	6.053519625836244	2.627026163796545	5.907321214250168	3.905642443618768	5.770679960581996	4.870628822330249	5.732465901957427	5.764309764309764	5.653471479249958	6.884136242528983	5.46829227464219	7.568377669539153	5.312070387682156	8.146099344523169	5.042772298806734	8.374783111625216	4.995688726018539	8.527425840224566	4.746024970654146	8.40039477679927	4.758004861037725	8.314166132498775	4.58306146417852	7.768693769365736	4.397448808324941	7.72812259412692	4.287792552512697	7.511838140335772	4.16539981757373	7.39287450517397	4.100045110520776	7.152556181682396	4.065323141070188	6.718682271348071	3.95742693508345	6.541478178800404	3.9428362037376328	6.376830004128426	3.8643361051177	6.287982140642441	3.902086096708067	5.988350928285402	3.832090449843637	5.749211825590387	3.7399736621573085	5.452959139159518	3.624713083397092	5.1701029457894885	3.55056394114982	5.026285777864315	3.5158762297229704	4.746263754311053	4.761904761904762	4.98004181714503	4.457580639299305	4.740104335001871	6.5420560747663545	4.761904761904762	4.825399397600973	5.379379844961241	10.900500000000001	0.0373512737505698	20.986618041992188	0.0	20.344366294567287	0.0	18.95905465175151	0.0	17.47779809929505	-2.8938897447299857e-06	16.1819089468689	-4.9328880579713e-06	15.089868607418232	-6.122680142005362e-06	14.171983804635174	-6.377808627474324e-06	13.39108932902632	-6.669504911534575e-06	12.70069187434733	-6.985110073692911e-06	12.073088383027704	-7.3238611395927935e-06	11.490799573670024	-7.686247381871985e-06	10.94840217840133	-9.415182654543499e-06	10.442132588367057	-9.886447093384555e-06	9.96399142165587	-1.7797420857094125e-05	9.508943221054007	-1.8680386372658142e-05	9.071431953744842	-2.449267505731286e-05	8.661743365436612	-2.9091506477993988e-05	8.278997191303443	-2.6903271975937712e-05	7.916335791264889	-3.756397614687515e-05	7.577051057775749	-2.5581084165702458e-05	7.2629727805195285	-2.675442116809803e-05	6.961906793723036	-1.7239707355967632e-05	6.68018261087492	-9.03122093075763e-06	6.418573424457405	-7.0919973901449605e-06	6.171126080388321	-7.4296228971071526e-06	5.940631172911514	-5.184611037518438e-06	5.7330796227481144	-5.432789601640702e-06	5.5412003576696796	-8.54308992171682e-06	5.3627992413494425	-8.960466422145494e-06
6	1	18	0	0	1773	4	1753	177	1731	832	1678	1640	1670	1914	1616	2222	1597	2274	1521	2285	1517	2293	1530	2250	1522	2116	1509	2048	1489	1952	1430	1818	1399	1825	1406	1782	1329	1749	1311	1743	1308	1648	1306	1677	1285	1619	1249	1539	1212	1507	1206	1525	1209	1515	1203	1505	1208	1446	1199	1404	1214	4054	4095	485.0	589.8950576872993	678.1877031326294	41	1	0.6578540802001953	4.761904761904762	4.30622009569378			5.460761365036344	0.03938170719700699	5.343697607072093	0.5796436992402411	5.176899841492957	2.1614319486659914	4.967142265111598	4.365068803066195	4.888615672843301	5.512831590771623	4.6837864471624835	6.968794103810569	4.55686811619015	7.656565656565656	4.282335717101189	8.227118888168791	4.232346622771532	8.591232671412515	4.206763816332142	8.524987686128897	4.146461069035035	8.158858685174476	4.066070273765898	7.768758060845156	3.9723615409241275	7.409656847859095	3.7778717108739297	6.8549451378153154	3.6513114968028186	6.8130063090305	3.6305419991220598	6.532976500348278	3.3919501799341516	6.2742143779595345	3.3216783216783217	6.052503646086533	3.278031176382136	5.594405594405594	3.2413382309143257	5.591677503250976	3.158567460610083	5.268981677352166	3.0511786979357516	4.887421004160183	2.938253048558753	4.672578444747613	2.9084770288194863	4.6262589491566555	2.9083473658888623	4.505978228540837	2.8804022506883755	4.376908535698706	2.8882938026013774	4.123534947386432	2.8590504804826287	3.9053155684125618	2.8917843786474835	4.755648358867278	4.761904761904762	4.609389849838434	4.349014957745196	4.48765188844493	5.473965287049399	4.761904761904762	4.860127173128071	5.379379844961241	10.900500000000001	0.0373512737505698	20.986618041992188	0.0	20.344366294567287	0.0	18.95905465175151	0.0	17.47779809929505	-2.8938897447299857e-06	16.1819089468689	-4.9328880579713e-06	15.089868607418232	-6.122680142005362e-06	14.171983804635174	-6.377808627474324e-06	13.39108932902632	-6.669504911534575e-06	12.70069187434733	-6.985110073692911e-06	12.073088383027704	-7.3238611395927935e-06	11.490799573670024	-7.686247381871985e-06	10.94840217840133	-9.415182654543499e-06	10.442132588367057	-9.886447093384555e-06	9.96399142165587	-1.7797420857094125e-05	9.508943221054007	-1.8680386372658142e-05	9.071431953744842	-2.449267505731286e-05	8.661743365436612	-2.9091506477993988e-05	8.278997191303443	-2.6903271975937712e-05	7.916335791264889	-3.756397614687515e-05	7.577051057775749	-2.5581084165702458e-05	7.2629727805195285	-2.675442116809803e-05	6.961906793723036	-1.7239707355967632e-05	6.68018261087492	-9.03122093075763e-06	6.418573424457405	-7.0919973901449605e-06	6.171126080388321	-7.4296228971071526e-06	5.940631172911514	-5.184611037518438e-06	5.7330796227481144	-5.432789601640702e-06	5.5412003576696796	-8.54308992171682e-06	5.3627992413494425	-8.960466422145494e-06
7	1	12	0	0	1582	10	1474	251	1450	1175	1457	2139	1381	2551	1308	2551	1323	2406	1365	2362	1335	2216	1337	2159	1295	2065	1302	1946	1257	1777	1214	1580	1210	1647	1189	1547	1162	1478	1133	1445	1146	1385	1129	1317	1116	1316	1115	1360	1102	1347	1073	1291	1034	1302	1031	1257	1055	1212	1057	1216	1041	4060	4095	458.0	582.5265633286936	653.6913957595825	35	1	0.66143798828125	4.761904761904762	2.8708133971291865			4.87248983614636	0.09845426799251747	4.493217497332724	0.8219806130468955	4.336513443191674	3.0525030525030523	4.312947723639808	5.693220835218653	4.0426217031117355	7.347561853740027	3.7910845748072575	8.000627254194763	3.7750385208012327	8.1010101010101	3.843121797398502	8.50435659249658	3.724576625840471	8.302735106781565	3.6761066813307672	8.180199295267684	3.5280335639949874	7.96221322537112	3.5082992024143134	7.381837493361656	3.3534307971401134	6.745368964470089	3.207228151748917	5.957543079069417	3.1580321023098006	6.148504871766155	3.0702094146202907	5.67144480698024	2.9657231821546155	5.302051944324868	2.870680044593088	5.017709563164108	2.8720364893990276	4.701609070541109	2.802045070981833	4.391317395218565	2.7431605338839318	4.282878250398673	2.723830462929034	4.318968528692559	2.6715799170888994	4.176485179213692	2.587724587001085	3.916393641548356	2.487370700024056	3.8724644577954908	2.4685741649706694	3.6556638068925404	2.5224751338944147	3.456240910257507	2.5204473376731764	3.382381574921421	2.4796931945403875	4.762686812284447	4.761904761904762	4.352784641703098	4.294690562644695	4.325556793628557	4.672897196261682	4.761904761904762	4.886604547936519	5.379379844961241	10.900500000000001	0.0373512737505698	20.986618041992188	0.0	20.344366294567287	0.0	18.95905465175151	0.0	17.47779809929505	-2.8938897447299857e-06	16.1819089468689	-4.9328880579713e-06	15.089868607418232	-6.122680142005362e-06	14.171983804635174	-6.377808627474324e-06	13.39108932902632	-6.669504911534575e-06	12.70069187434733	-6.985110073692911e-06	12.073088383027704	-7.3238611395927935e-06	11.490799573670024	-7.686247381871985e-06	10.94840217840133	-9.415182654543499e-06	10.442132588367057	-9.886447093384555e-06	9.96399142165587	-1.7797420857094125e-05	9.508943221054007	-1.8680386372658142e-05	9.071431953744842	-2.449267505731286e-05	8.661743365436612	-2.9091506477993988e-05	8.278997191303443	-2.6903271975937712e-05	7.916335791264889	-3.756397614687515e-05	7.577051057775749	-2.5581084165702458e-05	7.2629727805195285	-2.675442116809803e-05	6.961906793723036	-1.7239707355967632e-05	6.68018261087492	-9.03122093075763e-06	6.418573424457405	-7.0919973901449605e-06	6.171126080388321	-7.4296228971071526e-06	5.940631172911514	-5.184611037518438e-06	5.7330796227481144	-5.432789601640702e-06	5.5412003576696796	-8.54308992171682e-06	5.3627992413494425	-8.960466422145494e-06
8	1	11	0	0	1366	13	1307	488	1279	1866	1181	2959	1174	2921	1164	2674	1156	2432	1102	2192	1064	1953	1081	1873	1108	1742	1107	1698	1092	1532	1070	1485	1074	1405	1029	1384	1059	1279	1075	1166	1080	1180	1109	1144	1090	1126	1081	1085	1040	1086	1020	1108	1030	1105	1034	1069	1036	1058	1012	1040	1016	4055	4095	441.0	592.7713434817639	644.2576494216919	40	1	0.6635465621948242	4.761904761904762	2.631578947368421			4.2072194160404095	0.1279905483902727	3.9841487578113095	1.5981137018600995	3.82510392678769	4.847634634868678	3.4959445858741343	7.87575523675175	3.436667544861099	8.413260750597654	3.373717465654165	8.386388583973655	3.298521942589739	8.188552188552189	3.1026521763612815	7.892273349175488	2.9685015205200456	7.317347321094042	2.9722298597745396	7.0965786382753	3.018580068653626	6.716791979949875	2.9828626859236906	6.441089446931189	2.913242983673034	5.815365927725479	2.8267991123322416	5.599336374948154	2.8030797337857236	5.245081569418001	2.657060965218065	5.07387176009092	2.7028406625660395	4.5881762089252405	2.7237255498125066	4.048892284186402	2.7066312465540574	4.005703034829248	2.7524074257917204	3.814477676636324	2.6792517759260623	3.6645295668304745	2.6407719555392695	3.4456476864936962	2.5212732429877085	3.3672330398114845	2.4599059447726996	3.361242567649557	2.47774837623286	3.2865385759324255	2.4757572129773737	3.1089137705394796	2.4770466717674062	3.0170815866769325	2.413143524811026	2.8928263469722677	2.420142445391963	4.756821434436807	4.761904761904762	4.191218399543812	4.370220441296658	4.263132527643206	5.34045393858478	4.761904761904762	4.902182375424938	5.379379844961241	10.900500000000001	0.0373512737505698	20.986618041992188	0.0	20.344366294567287	0.0	18.95905465175151	0.0	17.47779809929505	-2.8938897447299857e-06	16.1819089468689	-4.9328880579713e-06	15.089868607418232	-6.122680142005362e-06	14.171983804635174	-6.377808627474324e-06	13.39108932902632	-6.669504911534575e-06	12.70069187434733	-6.985110073692911e-06	12.073088383027704	-7.3238611395927935e-06	11.490799573670024	-7.686247381871985e-06	10.94840217840133	-9.415182654543499e-06	10.442132588367057	-9.886447093384555e-06	9.96399142165587	-1.7797420857094125e-05	9.508943221054007	-1.8680386372658142e-05	9.071431953744842	-2.449267505731286e-05	8.661743365436612	-2.9091506477993988e-05	8.278997191303443	-2.6903271975937712e-05	7.916335791264889	-3.756397614687515e-05	7.577051057775749	-2.5581084165702458e-05	7.2629727805195285	-2.675442116809803e-05	6.961906793723036	-1.7239707355967632e-05	6.68018261087492	-9.03122093075763e-06	6.418573424457405	-7.0919973901449605e-06	6.171126080388321	-7.4296228971071526e-06	5.940631172911514	-5.184611037518438e-06	5.7330796227481144	-5.432789601640702e-06	5.5412003576696796	-8.54308992171682e-06	5.3627992413494425	-8.960466422145494e-06
9	1	12	0	0	1242	35	1121	823	1181	2571	1119	3088	1076	2884	1043	2569	1066	2189	1057	1852	1025	1741	1002	1556	975	1552	953	1498	942	1430	915	1355	951	1275	997	1168	954	1161	972	1138	967	1074	967	1049	1012	1070	1049	1028	1071	1014	1067	973	1054	933	1084	933	1101	937	1107	994	1112	4064	4095	433.0	605.7173891605721	644.7716722488403	31	1	0.6636953353881836	4.761904761904762	2.8708133971291865			3.825304915609215	0.34458993797381116	3.4171620179850635	2.6951794603091432	3.53201543200646	6.679136466370508	3.3124148955064827	8.21910516089537	3.1497906969936476	8.306690860911893	3.023013158657469	8.05708013172338	3.041716601038635	7.37037037037037	2.975955853370122	6.668106862533304	2.8596936640348183	6.523042337954291	2.7550178718724223	5.89550259538514	2.6562414864054924	5.984191247349142	2.567902565208019	5.682421667551779	2.5130722441575073	5.428180989978743	2.417309521293459	5.109158779834848	2.482056635782331	4.759771530966514	2.5744312753376195	4.281995820654764	2.434853628033996	4.1648730090400345	2.46275463666768	3.9516633099520795	2.423437421683124	3.6458686944123837	2.399980144941924	3.497715981461105	2.4875255020524545	3.4822794285156373	2.5625992427018445	3.264632093747023	2.5964265800383037	3.1439910703212206	2.573254552031834	2.95170489018323	2.5354823189800335	2.774968770447921	2.5954746797557764	2.7133924676457757	2.6324598316755927	2.672027832435053	2.639673796408899	2.7648744123946485	2.6488173221219125	4.76737911456256	4.761904761904762	4.115187226762973	4.465665462520476	4.2665338802485415	4.138851802403204	4.761904761904762	4.903281489440403	5.379379844961241	10.900500000000001	0.0373512737505698	20.986618041992188	0.0	20.344366294567287	0.0	18.95905465175151	0.0	17.47779809929505	-2.8938897447299857e-06	16.1819089468689	-4.9328880579713e-06	15.089868607418232	-6.122680142005362e-06	14.171983804635174	-6.377808627474324e-06	13.39108932902632	-6.669504911534575e-06	12.70069187434733	-6.985110073692911e-06	12.073088383027704	-7.3238611395927935e-06	11.490799573670024	-7.686247381871985e-06	10.94840217840133	-9.415182654543499e-06	10.442132588367057	-9.886447093384555e-06	9.96399142165587	-1.7797420857094125e-05	9.508943221054007	-1.8680386372658142e-05	9.071431953744842	-2.449267505731286e-05	8.661743365436612	-2.9091506477993988e-05	8.278997191303443	-2.6903271975937712e-05	7.916335791264889	-3.756397614687515e-05	7.577051057775749	-2.5581084165702458e-05	7.2629727805195285	-2.675442116809803e-05	6.961906793723036	-1.7239707355967632e-05	6.68018261087492	-9.03122093075763e-06	6.418573424457405	-7.0919973901449605e-06	6.171126080388321	-7.4296228971071526e-06	5.940631172911514	-5.184611037518438e-06	5.7330796227481144	-5.432789601640702e-06	5.5412003576696796	-8.54308992171682e-06	5.3627992413494425	-8.960466422145494e-06
10	1	10	0	0	1229	67	1143	1028	1092	2684	1104	3127	1076	2795	1038	2512	1023	2165	1004	1779	964	1605	923	1457	944	1495	922	1468	904	1423	910	1376	926	1283	944	1181	974	1094	965	1107	979	1066	1012	1036	1049	1025	1051	981	1083	939	1096	950	1085	924	1121	908	1143	914	1165	933	1178	4068	4095	430.0	605.3199481139274	641.8067607879639	27	1	0.6627130508422852	4.761904761904762	2.3923444976076556			3.7852654921769124	0.6596435955498671	3.484224965706447	3.3665182080167675	3.265843227562281	6.972696334398462	3.268012551062696	8.322908626334142	3.1497906969936476	8.050347072208302	3.008521245145209	7.8783126862160895	2.919020715630885	7.289562289562291	2.826735739624979	6.405271116871894	2.689507016711771	6.013488197826901	2.537805883970305	5.520403137195468	2.5717866288890097	5.764411027568922	2.484371631817202	5.568621500644868	2.4116956568135737	5.401609474643183	2.4041001796470467	5.188341314430074	2.4168080386271695	4.78963676410199	2.4375758514731323	4.329655020713422	2.485898777468671	3.924522887071316	2.4450187493665756	3.844016945621224	2.453511102200391	3.618711385701677	2.5116648466196763	3.4543696442266016	2.578472580684807	3.3358284245126435	2.5674850372541833	3.1153736225348534	2.62551819438047	2.9114473521021953	2.643193054383215	2.881931804392671	2.610055328361799	2.7482005829516387	2.684065605171795	2.6406863457903156	2.7328806426931904	2.6064391022899023	2.777976488542337	2.595199020889544	2.8060312998737524	4.772071416840673	4.761904761904762	4.086675536970158	4.462735319210823	4.246914694505399	3.6048064085447264	4.761904761904762	4.896024518697268	5.379379844961241	10.900500000000001	0.0373512737505698	20.986618041992188	0.0	20.344366294567287	0.0	18.95905465175151	0.0	17.47779809929505	-2.8938897447299857e-06	16.1819089468689	-4.9328880579713e-06	15.089868607418232	-6.122680142005362e-06	14.171983804635174	-6.377808627474324e-06	13.39108932902632	-6.669504911534575e-06	12.70069187434733	-6.985110073692911e-06	12.073088383027704	-7.3238611395927935e-06	11.490799573670024	-7.686247381871985e-06	10.94840217840133	-9.415182654543499e-06	10.442132588367057	-9.886447093384555e-06	9.96399142165587	-1.7797420857094125e-05	9.508943221054007	-1.8680386372658142e-05	9.071431953744842	-2.449267505731286e-05	8.661743365436612	-2.9091506477993988e-05	8.278997191303443	-2.6903271975937712e-05	7.916335791264889	-3.756397614687515e-05	7.577051057775749	-2.5581084165702458e-05	7.2629727805195285	-2.675442116809803e-05	6.961906793723036	-1.7239707355967632e-05	6.68018261087492	-9.03122093075763e-06	6.418573424457405	-7.0919973901449605e-06	6.171126080388321	-7.4296228971071526e-06	5.940631172911514	-5.184611037518438e-06	5.7330796227481144	-5.432789601640702e-06	5.5412003576696796	-8.54308992171682e-06	5.3627992413494425	-8.960466422145494e-06
11	1	15	0	0	1126	158	1077	1469	1043	3153	1008	2927	999	2443	988	2085	970	1814	956	1549	947	1402	957	1323	930	1277	922	1268	919	1280	931	1258	955	1182	985	1103	998	1068	1044	1040	1048	1002	1050	980	1090	961	1121	964	1123	979	1149	926	1163	922	1180	911	1191	932	1215	975	1244	4068	4095	433.0	620.2123378273278	650.727710723877	27	1	0.6584100723266602	4.761904761904762	3.588516746411483			3.4680300603671306	1.555577434281776	3.2830361225422955	4.810715221378046	3.119298980171666	8.191099680461383	2.983837546622462	7.79058316254558	2.9243874593835075	7.036492986549152	2.8636021100226077	6.539124980398306	2.7677909033841237	6.107744107744108	2.6915929951010753	5.577158493555123	2.642077951064364	5.252903709254402	2.6312895243332415	5.012692759443792	2.5336457254944698	4.923848081742819	2.484371631817202	4.809953721265458	2.4517127307651263	4.858791375645309	2.4595794145619783	4.743410881942611	2.4924964113271564	4.412588195766603	2.5434451416324526	4.043699820361477	2.5471529567902813	3.8312526904864397	2.6451809060504714	3.6113619001319535	2.626434765174678	3.4014529160160225	2.6059763724808898	3.2676469607548935	2.6792517759260623	3.1275425521528297	2.738487846586051	3.0613865159261966	2.7224902421876895	3.0354706684856754	2.7710116966116005	2.8091251061764346	2.797690642290113	2.7422520968413537	2.82533221597031	2.6494110804129707	2.8476472838561593	2.657769412838281	2.89720294727806	2.712024700286501	2.9632452776255924	4.772071416840673	4.761904761904762	4.115187226762973	4.572529806850829	4.3059457232924165	3.6048064085447264	4.761904761904762	4.864234759480739	5.379379844961241	10.900500000000001	0.0373512737505698	20.986618041992188	0.0	20.344366294567287	0.0	18.95905465175151	0.0	17.47779809929505	-2.8938897447299857e-06	16.1819089468689	-4.9328880579713e-06	15.089868607418232	-6.122680142005362e-06	14.171983804635174	-6.377808627474324e-06	13.39108932902632	-6.669504911534575e-06	12.70069187434733	-6.985110073692911e-06	12.073088383027704	-7.3238611395927935e-06	11.490799573670024	-7.686247381871985e-06	10.94840217840133	-9.415182654543499e-06	10.442132588367057	-9.886447093384555e-06	9.96399142165587	-1.7797420857094125e-05	9.508943221054007	-1.8680386372658142e-05	9.071431953744842	-2.449267505731286e-05	8.661743365436612	-2.9091506477993988e-05	8.278997191303443	-2.6903271975937712e-05	7.916335791264889	-3.756397614687515e-05	7.577051057775749	-2.5581084165702458e-05	7.2629727805195285	-2.675442116809803e-05	6.961906793723036	-1.7239707355967632e-05	6.68018261087492	-9.03122093075763e-06	6.418573424457405	-7.0919973901449605e-06	6.171126080388321	-7.4296228971071526e-06	5.940631172911514	-5.184611037518438e-06	5.7330796227481144	-5.432789601640702e-06	5.5412003576696796	-8.54308992171682e-06	5.3627992413494425	-8.960466422145494e-06
12	1	13	0	0	1089	211	1054	1835	1062	3163	1015	2794	996	2220	966	1928	948	1705	959	1509	982	1298	960	1172	938	1153	935	1123	974	1079	933	1113	963	1102	981	1084	1017	981	1052	1045	1060	1019	1084	962	1112	942	1132	984	1155	973	1179	926	1200	943	1196	968	1197	932	1255	985	1269	4067	4095	432.0	629.5660500620957	654.0134429931641	28	1	0.6564769744873047	4.761904761904762	3.110047846889952			3.3540717013675003	2.0773850546421184	3.212924859015394	6.00930049777312	3.1761222597721086	8.217078429844388	3.004558640696229	7.436586729126188	2.9156055150610345	6.39419338114577	2.799837690568663	6.046730437509801	2.705016264338298	5.7407407407407405	2.7000394166338193	5.433138906891337	2.73972602739726	4.863244660921693	2.6395380808358535	4.440571363619141	2.555440527434207	4.445729708887604	2.519400732916577	4.259919581215386	2.5984420019208194	4.0958092924385054	2.464863151220543	4.1966743335470005	2.513375962416808	4.113935864411841	2.533116430397397	3.9740440664295926	2.595645848753222	3.5191562634524325	2.665450491537448	3.6287242169595113	2.656508445691945	3.459162197026275	2.6903603693040803	3.2076289553532726	2.733328417275029	3.0657076837960098	2.765359716623916	3.1249007589952047	2.800067880433465	3.0168671710281534	2.843361871457856	2.8091251061764346	2.8866971373586723	2.804711200999346	2.863641805339399	2.8151810382434204	2.8619931140015304	2.657769412838281	2.992584114266638	2.7398403382381575	3.022796026774017	4.7708983412711445	4.761904761904762	4.105683330165368	4.6414902666636895	4.327687819993788	3.7383177570093453	4.761904761904762	4.849953322882357	5.379379844961241	10.900500000000001	0.0373512737505698	20.986618041992188	0.0	20.344366294567287	0.0	18.95905465175151	0.0	17.47779809929505	-2.8938897447299857e-06	16.1819089468689	-4.9328880579713e-06	15.089868607418232	-6.122680142005362e-06	14.171983804635174	-6.377808627474324e-06	13.39108932902632	-6.669504911534575e-06	12.70069187434733	-6.985110073692911e-06	12.073088383027704	-7.3238611395927935e-06	11.490799573670024	-7.686247381871985e-06	10.94840217840133	-9.415182654543499e-06	10.442132588367057	-9.886447093384555e-06	9.96399142165587	-1.7797420857094125e-05	9.508943221054007	-1.8680386372658142e-05	9.071431953744842	-2.449267505731286e-05	8.661743365436612	-2.9091506477993988e-05	8.278997191303443	-2.6903271975937712e-05	7.916335791264889	-3.756397614687515e-05	7.577051057775749	-2.5581084165702458e-05	7.2629727805195285	-2.675442116809803e-05	6.961906793723036	-1.7239707355967632e-05	6.68018261087492	-9.03122093075763e-06	6.418573424457405	-7.0919973901449605e-06	6.171126080388321	-7.4296228971071526e-06	5.940631172911514	-5.184611037518438e-06	5.7330796227481144	-5.432789601640702e-06	5.5412003576696796	-8.54308992171682e-06	5.3627992413494425	-8.960466422145494e-06
13	1	14	0	0	983	355	1029	2254	1004	2993	1006	2348	1000	1973	1008	1677	1001	1520	972	1263	950	1204	1004	1079	984	950	968	968	985	1010	1031	946	1087	917	1087	961	1089	1010	1070	1012	1105	1005	1139	1005	1171	996	1210	980	1244	952	1277	1001	1312	962	1318	985	1334	1028	1367	1094	1382	4071	4095	439.0	640.7700383735998	664.7523002624512	24	1	0.6479635238647461	4.761904761904762	3.349282296650718			3.0275964026118025	3.49512651373437	3.1367169638774577	7.381451401624313	3.002661722044442	7.775439690333307	2.977917234029957	6.249500944877698	2.927314774157665	5.682767360811083	2.921569764071648	5.259526423082955	2.8562460765850597	5.117845117845118	2.7366405766090436	4.547418448909052	2.650447786178612	4.5110528287748215	2.7605169095408306	4.088205205925814	2.6807606385876968	3.6630036630036633	2.6083207587842208	3.671952052196343	2.6277878561519583	3.833890069845126	2.723766247490225	3.566984653670676	2.8370090043064073	3.423302348153955	2.806827278126372	3.5231147120284487	2.7794083867180523	3.6231884057971016	2.711057058883146	3.514132925897632	2.7692847476316973	3.4116369067825376	2.826863893576889	3.351005301590477	2.878352137256348	3.2414488885996033	2.9559057041651395	3.1121979103814033	3.0158306868045286	2.9517549299268264	3.0797057759556252	3.036646038102172	3.1561222035121483	2.861221819047053	3.1557524242787025	2.864621201105133	3.18955623565417	2.9315310690963012	3.2596513818346566	3.0430307919112125	3.2919654129248945	4.775590643549258	4.761904761904762	4.172210606348603	4.724091929651284	4.398748166387052	3.204272363150868	4.761904761904762	4.787057227907632	5.379379844961241	10.900500000000001	0.0373512737505698	20.986618041992188	0.0	20.344366294567287	0.0	18.95905465175151	0.0	17.47779809929505	-2.8938897447299857e-06	16.1819089468689	-4.9328880579713e-06	15.089868607418232	-6.122680142005362e-06	14.171983804635174	-6.377808627474324e-06	13.39108932902632	-6.669504911534575e-06	12.70069187434733	-6.985110073692911e-06	12.073088383027704	-7.3238611395927935e-06	11.490799573670024	-7.686247381871985e-06	10.94840217840133	-9.415182654543499e-06	10.442132588367057	-9.886447093384555e-06	9.96399142165587	-1.7797420857094125e-05	9.508943221054007	-1.8680386372658142e-05	9.071431953744842	-2.449267505731286e-05	8.661743365436612	-2.9091506477993988e-05	8.278997191303443	-2.6903271975937712e-05	7.916335791264889	-3.756397614687515e-05	7.577051057775749	-2.5581084165702458e-05	7.2629727805195285	-2.675442116809803e-05	6.961906793723036	-1.7239707355967632e-05	6.68018261087492	-9.03122093075763e-06	6.418573424457405	-7.0919973901449605e-06	6.171126080388321	-7.4296228971071526e-06	5.940631172911514	-5.184611037518438e-06	5.7330796227481144	-5.432789601640702e-06	5.5412003576696796	-8.54308992171682e-06	5.3627992413494425	-8.960466422145494e-06
14	1	10	0	0	859	488	886	2651	935	3010	996	2249	969	1739	990	1497	958	1289	964	1277	977	1172	1016	1053	1031	897	1067	909	1064	833	1106	836	1110	854	1129	860	1139	878	1167	938	1210	986	1233	990	1277	953	1300	966	1332	987	1352	1038	1381	1044	1395	1053	1412	1110	1437	1101	1457	4069	4095	438.0	649.7262558948021	668.1910161972046	26	1	0.6438970565795898	4.761904761904762	2.3923444976076556			2.6456819021806086	4.804568278034853	2.700807803688462	8.681556195965417	2.796303496127045	7.819603564284415	2.9483156710674323	5.9859998403023615	2.8365680161587776	5.008784815230853	2.8693988754275113	4.69499764779677	2.73355019117731	4.34006734006734	2.7141167858550594	4.597825304241377	2.7257763022068464	4.3911577369801424	2.7935111355512783	3.9896942371083246	2.808805099983654	3.4586466165413534	2.875080836387152	3.448145057279417	2.838544445630135	3.162010324931673	2.9219063721864105	3.1522189962671088	2.8970377136891554	3.1881136372120804	2.915278746094456	3.1528393884958024	2.9070212603047394	3.1496627923661933	2.95682578291274	3.2571706368497813	3.0324294521577864	3.3471382985946088	3.060160825970416	3.300990297089127	3.138903227392277	3.101506818107853	3.175766459020398	3.0677379402330973	3.2291691919804117	3.060275331762371	3.260581213071265	3.1488896978522023	3.322107288910272	3.1051097495687348	3.340117323117443	3.0623818525519853	3.376052027543994	3.16536915048336	3.4265684240646688	3.0625017384773723	3.4706176603701677	4.773244492410201	4.761904761904762	4.1627067097509975	4.790121850493875	4.421502574918997	3.4712950600801067	4.761904761904762	4.757014778151586	5.379379844961241	10.900500000000001	0.0373512737505698	20.986618041992188	0.0	20.344366294567287	0.0	18.95905465175151	0.0	17.47779809929505	-2.8938897447299857e-06	16.1819089468689	-4.9328880579713e-06	15.089868607418232	-6.122680142005362e-06	14.171983804635174	-6.377808627474324e-06	13.39108932902632	-6.669504911534575e-06	12.70069187434733	-6.985110073692911e-06	12.073088383027704	-7.3238611395927935e-06	11.490799573670024	-7.686247381871985e-06	10.94840217840133	-9.415182654543499e-06	10.442132588367057	-9.886447093384555e-06	9.96399142165587	-1.7797420857094125e-05	9.508943221054007	-1.8680386372658142e-05	9.071431953744842	-2.449267505731286e-05	8.661743365436612	-2.9091506477993988e-05	8.278997191303443	-2.6903271975937712e-05	7.916335791264889	-3.756397614687515e-05	7.577051057775749	-2.5581084165702458e-05	7.2629727805195285	-2.675442116809803e-05	6.961906793723036	-1.7239707355967632e-05	6.68018261087492	-9.03122093075763e-06	6.418573424457405	-7.0919973901449605e-06	6.171126080388321	-7.4296228971071526e-06	5.940631172911514	-5.184611037518438e-06	5.7330796227481144	-5.432789601640702e-06	5.5412003576696796	-8.54308992171682e-06	5.3627992413494425	-8.960466422145494e-06
15	1	12	0	0	815	837	872	2898	883	2758	920	2040	941	1616	945	1392	1005	1148	999	1044	1047	964	1046	1025	1094	917	1093	805	1155	810	1152	808	1173	826	1209	792	1256	872	1253	885	1312	925	1334	932	1364	1004	1411	998	1405	1055	1455	1070	1460	1096	1465	1152	1495	1158	1507	1181	1527	4075	4095	438.0	650.5399835909541	668.5858364105225	20	1	0.6397714614868164	4.761904761904762	2.8708133971291865			2.5101638536405075	8.240622230973713	2.658131382411218	9.490437516374115	2.6407871519574124	7.164939079832696	2.723343792552247	5.429719730643315	2.7546032024823632	4.654511938707913	2.73897165381717	4.365689195546495	2.8676596473206644	3.8653198653198655	2.812658370403739	3.7589112119248216	2.9210724548726392	3.611839640314725	2.875996700577399	3.88360550145872	2.9804391652590856	3.535762483130904	2.945139038585902	3.0536378120021244	3.081314694269555	3.0747039174005466	3.043432315333404	3.046642283473474	3.0614641785201617	3.083585321237914	3.121852970795569	2.9035451112659016	3.2056353844975884	3.128138900846606	3.17472382689774	3.073130078477672	3.2880557365545586	3.14006381967547	3.3108309341804825	3.107598946350572	3.3527517636359168	3.26748462264458	3.446928056675217	3.16936072914351	3.4061431792285872	3.2711149696142874	3.50898348004341	3.2459652954738503	3.512148183786384	3.259770388436143	3.5077217766072066	3.3502980950996077	3.574502677888294	3.3022499786123705	3.5934854662946805	3.2850268420906237	3.637359757985755	4.78028294582737	4.761904761904762	4.1627067097509975	4.796121076756205	4.424115149089404	2.67022696929239	4.761904761904762	4.72653550103042	5.379379844961241	10.900500000000001	0.0373512737505698	20.986618041992188	0.0	20.344366294567287	0.0	18.95905465175151	0.0	17.47779809929505	-2.8938897447299857e-06	16.1819089468689	-4.9328880579713e-06	15.089868607418232	-6.122680142005362e-06	14.171983804635174	-6.377808627474324e-06	13.39108932902632	-6.669504911534575e-06	12.70069187434733	-6.985110073692911e-06	12.073088383027704	-7.3238611395927935e-06	11.490799573670024	-7.686247381871985e-06	10.94840217840133	-9.415182654543499e-06	10.442132588367057	-9.886447093384555e-06	9.96399142165587	-1.7797420857094125e-05	9.508943221054007	-1.8680386372658142e-05	9.071431953744842	-2.449267505731286e-05	8.661743365436612	-2.9091506477993988e-05	8.278997191303443	-2.6903271975937712e-05	7.916335791264889	-3.756397614687515e-05	7.577051057775749	-2.5581084165702458e-05	7.2629727805195285	-2.675442116809803e-05	6.961906793723036	-1.7239707355967632e-05	6.68018261087492	-9.03122093075763e-06	6.418573424457405	-7.0919973901449605e-06	6.171126080388321	-7.4296228971071526e-06	5.940631172911514	-5.184611037518438e-06	5.7330796227481144	-5.432789601640702e-06	5.5412003576696796	-8.54308992171682e-06	5.3627992413494425	-8.960466422145494e-06
16	1	13	0	0	745	1088	796	3032	872	2582	937	1849	981	1491	998	1186	991	1048	1021	960	1061	912	1102	930	1141	806	1141	809	1202	813	1243	770	1253	713	1263	732	1314	815	1369	907	1409	959	1446	1001	1455	987	1496	1018	1545	1094	1563	1130	1577	1113	1613	1195	1632	1240	1663	1252	1669	4075	4095	432.0	647.0923045182582	662.7081212997437	20	1	0.6363601684570312	4.761904761904762	3.110047846889952			2.2945669582358015	10.711824357585902	2.4264593811918913	9.929263819753734	2.6078894637676826	6.707713090691813	2.7736664495885384	4.92134891272524	2.8716957934486693	4.294478527607362	2.892585937047128	3.719617374941195	2.827712149746048	3.528619528619529	2.8745987949771945	3.4564700799308707	2.9601316854057975	3.4170101161483704	3.0299697552928238	3.5236615769332778	3.108483626655043	3.107769423558897	3.0744772580297477	3.0688111675897125	3.20670152598442	3.0860917096872154	3.2838423332981086	2.903359601824969	3.2702596894166778	2.6617389031993133	3.26129057246882	2.6835795725336364	3.3536663178581456	2.9236619314105323	3.468632816458903	3.1495242725189248	3.5311513207358027	3.255482381695974	3.588801747245111	3.3376679670567837	3.5764324164884593	3.212158687799004	3.6545743251496274	3.232874972212519	3.7455453465538557	3.3920377030881808	3.7694441094899314	3.42798204101444	3.7936011546788553	3.310332520373565	3.86208547827128	3.4753526246909994	3.9020657995409334	3.5360880599994293	3.965472017550135	3.4825178715473837	3.9756080131488054	4.78028294582737	4.761904761904762	4.105683330165368	4.770702983044005	4.385221581431383	2.67022696929239	4.761904761904762	4.701333380304018	5.379379844961241	10.900500000000001	0.0373512737505698	20.986618041992188	0.0	20.344366294567287	0.0	18.95905465175151	0.0	17.47779809929505	-2.8938897447299857e-06	16.1819089468689	-4.9328880579713e-06	15.089868607418232	-6.122680142005362e-06	14.171983804635174	-6.377808627474324e-06	13.39108932902632	-6.669504911534575e-06	12.70069187434733	-6.985110073692911e-06	12.073088383027704	-7.3238611395927935e-06	11.490799573670024	-7.686247381871985e-06	10.94840217840133	-9.415182654543499e-06	10.442132588367057	-9.886447093384555e-06	9.96399142165587	-1.7797420857094125e-05	9.508943221054007	-1.8680386372658142e-05	9.071431953744842	-2.449267505731286e-05	8.661743365436612	-2.9091506477993988e-05	8.278997191303443	-2.6903271975937712e-05	7.916335791264889	-3.756397614687515e-05	7.577051057775749	-2.5581084165702458e-05	7.2629727805195285	-2.675442116809803e-05	6.961906793723036	-1.7239707355967632e-05	6.68018261087492	-9.03122093075763e-06	6.418573424457405	-7.0919973901449605e-06	6.171126080388321	-7.4296228971071526e-06	5.940631172911514	-5.184611037518438e-06	5.7330796227481144	-5.432789601640702e-06	5.5412003576696796	-8.54308992171682e-06	5.3627992413494425	-8.960466422145494e-06
17	1	15	0	0	777	1214	791	3195	878	2504	931	1767	926	1422	960	1043	988	973	1054	902	1081	890	1075	812	1096	813	1173	858	1220	824	1266	804	1274	792	1330	749	1406	840	1425	922	1474	923	1489	950	1543	1011	1564	1065	1605	1069	1617	1082	1621	1165	1632	1226	1645	1263	1689	1286	1708	4075	4095	427.0	639.7058832621387	654.5786876678467	20	1	0.6359071731567383	4.761904761904762	3.588516746411483			2.3931255389922383	11.95234813429162	2.4112178021643045	10.463059994760284	2.625833657325717	6.505078845504378	2.7559055118110236	4.70309547257193	2.710693480869998	4.095740084679858	2.7824473943539507	3.2711306256860593	2.8191519716943447	3.276094276094276	2.967509431837378	3.24764167926838	3.0159305861674524	3.3345822405395276	2.955732746769315	3.076573333838518	2.98588786574402	3.13475997686524	3.1607027376589785	3.254684773537668	3.2547220147262834	3.1278469480716673	3.3446053048716053	3.031559895931526	3.3250685110270126	2.9566580804121405	3.4342964856560023	2.7459031418411115	3.5884740052576505	3.013344812742144	3.6105199148677407	3.201611223001597	3.6940504235376674	3.1332744924977938	3.6955226844038522	3.1676169517521924	3.792738981884325	3.290265889933934	3.820691339929156	3.382133443424688	3.891003418264685	3.314523130348505	3.8996744242131918	3.2823686445819686	3.899446716382006	3.4649931592409735	3.907578115647073	3.5655082157917697	3.9331484315225707	3.6016767901445803	4.02746977609271	3.577091040583016	4.0685071818203475	4.78028294582737	4.761904761904762	4.058163847177343	4.7162464214769155	4.331428113897755	2.67022696929239	4.761904761904762	4.69798671903898	5.379379844961241	10.900500000000001	0.0373512737505698	20.986618041992188	0.0	20.344366294567287	0.0	18.95905465175151	0.0	17.47779809929505	-2.8938897447299857e-06	16.1819089468689	-4.9328880579713e-06	15.089868607418232	-6.122680142005362e-06	14.171983804635174	-6.377808627474324e-06	13.39108932902632	-6.669504911534575e-06	12.70069187434733	-6.985110073692911e-06	12.073088383027704	-7.3238611395927935e-06	11.490799573670024	-7.686247381871985e-06	10.94840217840133	-9.415182654543499e-06	10.442132588367057	-9.886447093384555e-06	9.96399142165587	-1.7797420857094125e-05	9.508943221054007	-1.8680386372658142e-05	9.071431953744842	-2.449267505731286e-05	8.661743365436612	-2.9091506477993988e-05	8.278997191303443	-2.6903271975937712e-05	7.916335791264889	-3.756397614687515e-05	7.577051057775749	-2.5581084165702458e-05	7.2629727805195285	-2.675442116809803e-05	6.961906793723036	-1.7239707355967632e-05	6.68018261087492	-9.03122093075763e-06	6.418573424457405	-7.0919973901449605e-06	6.171126080388321	-7.4296228971071526e-06	5.940631172911514	-5.184611037518438e-06	5.7330796227481144	-5.432789601640702e-06	5.5412003576696796	-8.54308992171682e-06	5.3627992413494425	-8.960466422145494e-06
18	1	16	0	0	794	1656	835	3329	879	2425	871	1700	903	1316	951	1046	964	959	1047	764	1058	812	1081	772	1147	759	1169	790	1197	751	1244	775	1272	795	1337	815	1411	874	1434	861	1515	896	1545	963	1577	976	1591	1066	1660	1065	1658	1146	1714	1161	1727	1217	1757	1247	1773	1302	1784	4078	4095	420.0	638.7486951187415	647.8151340484619	17	1	0.6350793838500977	4.761904761904762	3.827751196172249			2.445484785019096	16.304026779560893	2.545343697607072	10.9018862981399	2.628824356252056	6.299846725378639	2.5782961340358774	4.524766442202763	2.6433652410643713	3.790431752066592	2.756361950031882	3.2805394386074958	2.7506705472807167	3.2289562289562292	2.947801114927642	2.750774105278318	2.9517618502915495	3.042337954289996	2.9722298597745396	2.925017997196226	3.124829728109846	2.926547137073453	3.1499245527053246	2.9967377285486685	3.1933625013339024	2.850744002429396	3.286484201627391	2.9222125862524035	3.3198486232546003	2.967857542837944	3.4523717303173496	2.9878652344466032	3.601235292616319	3.1353135313531353	3.6333231985405896	2.989790957705396	3.7968021653049973	3.041618575599158	3.8345080909361657	3.2109632889866955	3.8763119730600004	3.176359553487161	3.8866495663857337	3.3853091555781383	4.024339983999612	3.302120798710158	3.998552996503075	3.4765198398252637	4.123165744527303	3.453096187020403	4.135041302526039	3.539334011923804	4.200937260902831	3.5560498474349105	4.227770226768725	3.621596061305666	4.2495414592315575	4.783802172535954	4.761904761904762	3.9916365709941073	4.7091895297488655	4.286672843295784	2.2696929238985315	4.761904761904762	4.691871135927289	5.379379844961241	10.900500000000001	0.0373512737505698	20.986618041992188	0.0	20.344366294567287	0.0	18.95905465175151	0.0	17.47779809929505	-2.8938897447299857e-06	16.1819089468689	-4.9328880579713e-06	15.089868607418232	-6.122680142005362e-06	14.171983804635174	-6.377808627474324e-06	13.39108932902632	-6.669504911534575e-06	12.70069187434733	-6.985110073692911e-06	12.073088383027704	-7.3238611395927935e-06	11.490799573670024	-7.686247381871985e-06	10.94840217840133	-9.415182654543499e-06	10.442132588367057	-9.886447093384555e-06	9.96399142165587	-1.7797420857094125e-05	9.508943221054007	-1.8680386372658142e-05	9.071431953744842	-2.449267505731286e-05	8.661743365436612	-2.9091506477993988e-05	8.278997191303443	-2.6903271975937712e-05	7.916335791264889	-3.756397614687515e-05	7.577051057775749	-2.5581084165702458e-05	7.2629727805195285	-2.675442116809803e-05	6.961906793723036	-1.7239707355967632e-05	6.68018261087492	-9.03122093075763e-06	6.418573424457405	-7.0919973901449605e-06	6.171126080388321	-7.4296228971071526e-06	5.940631172911514	-5.184611037518438e-06	5.7330796227481144	-5.432789601640702e-06	5.5412003576696796	-8.54308992171682e-06	5.3627992413494425	-8.960466422145494e-06
19	1	23	0	0	832	1903	864	3327	870	2395	906	1643	921	1249	914	1061	945	934	991	835	1051	730	1096	758	1133	770	1191	737	1235	767	1275	762	1311	797	1366	872	1387	873	1439	919	1469	943	1512	933	1557	979	1590	1040	1668	1091	1685	1145	1721	1195	1737	1273	1745	1311	1746	1363	1752	4073	4095	405.0	633.9546959890932	635.5116205215454	22	1	0.6362266540527344	4.761904761904762	5.502392344497608			2.5625230996673647	18.735847198976074	2.633744855967078	10.895336651820802	2.6019080659150045	6.221910477229626	2.6819016044047124	4.373053685023024	2.6960569069992095	3.597453843716697	2.649121790041157	3.3275835032146777	2.6964560862865947	3.1447811447811445	2.790134579649755	3.0064088716065385	2.9322322350249697	2.7351067815661296	3.0134726422875997	2.8719736293714244	3.0866888247153055	2.968960863697706	3.2092045699504204	2.795690767013125	3.294739088677836	2.911478894624962	3.3683821198351476	2.873194826741073	3.4216364348166515	2.975323851121813	3.5272548867715035	3.196832496242255	3.539981113294709	3.1317262160998705	3.6459916894699504	3.191193832905063	3.6815197233221393	3.2011677642745604	3.7526059763724806	3.1109332799839953	3.8271513900154854	3.1861229537540274	3.884206669109564	3.302740639588428	4.043734393561056	3.3827359543594198	4.063668153864705	3.4734862273995875	4.140004811161896	3.5542204508952473	4.158984795881719	3.702195724880035	4.172245600612088	3.7385576182735907	4.163387939051434	3.7912714528107703	4.173316500321574	4.777936794688314	4.761904761904762	3.8490781220300323	4.673845660274865	4.205258972978561	2.9372496662216285	4.761904761904762	4.700346995931164	5.379379844961241	10.900500000000001	0.0373512737505698	20.986618041992188	0.0	20.344366294567287	0.0	18.95905465175151	0.0	17.47779809929505	-2.8938897447299857e-06	16.1819089468689	-4.9328880579713e-06	15.089868607418232	-6.122680142005362e-06	14.171983804635174	-6.377808627474324e-06	13.39108932902632	-6.669504911534575e-06	12.70069187434733	-6.985110073692911e-06	12.073088383027704	-7.3238611395927935e-06	11.490799573670024	-7.686247381871985e-06	10.94840217840133	-9.415182654543499e-06	10.442132588367057	-9.886447093384555e-06	9.96399142165587	-1.7797420857094125e-05	9.508943221054007	-1.8680386372658142e-05	9.071431953744842	-2.449267505731286e-05	8.661743365436612	-2.9091506477993988e-05	8.278997191303443	-2.6903271975937712e-05	7.916335791264889	-3.756397614687515e-05	7.577051057775749	-2.5581084165702458e-05	7.2629727805195285	-2.675442116809803e-05	6.961906793723036	-1.7239707355967632e-05	6.68018261087492	-9.03122093075763e-06	6.418573424457405	-7.0919973901449605e-06	6.171126080388321	-7.4296228971071526e-06	5.940631172911514	-5.184611037518438e-06	5.7330796227481144	-5.432789601640702e-06	5.5412003576696796	-8.54308992171682e-06	5.3627992413494425	-8.960466422145494e-06
20	1	21	0	0	775	2112	804	3466	838	2277	883	1612	911	1246	983	949	1029	887	1045	766	1073	754	1148	749	1161	700	1201	737	1258	735	1291	737	1324	782	1355	807	1421	833	1455	912	1493	951	1547	987	1565	1050	1575	1065	1643	1129	1704	1160	1753	1243	1766	1272	1742	1329	1768	1361	1774	4072	4095	399.0	631.0985950260429	630.342607498169	23	1	0.6360435485839844	4.761904761904762	5.023923444976076			2.3869656276949613	20.79354140001969	2.450845907636031	11.350537070998167	2.5062057002721536	5.91536123451017	2.613818009590906	4.290543238135796	2.666783759257633	3.5888130418502833	2.849110196510347	2.9763211541477186	2.9361410717342924	2.9865319865319866	2.9421701672391465	2.757975084611507	2.9936110258627906	2.825028100412139	3.1564476216662083	2.8378736786269085	3.162970631504386	2.699055330634278	3.2361500323345544	2.795690767013125	3.356098602070216	2.790009110233829	3.410652013103667	2.7789299046038987	3.455565705337335	2.919326538992795	3.4988509308750997	2.958536495948968	3.626757867333657	2.9882336059692927	3.686530860443904	3.1668865893464826	3.7416670843566737	3.228325072985267	3.8394718554551774	3.290987296188857	3.8468156232332915	3.417190093403196	3.847563209967021	3.382133443424688	3.9831268636815436	3.5005581049237255	4.109489931267333	3.5189904137847345	4.2169834014914604	3.6969841175420854	4.228420926613192	3.699287480005817	4.165072685539403	3.7898879288219693	4.2158475808951525	3.785708325220439	4.2257211595721875	4.776763719118786	4.761904761904762	3.792054742444402	4.6527889898599035	4.171054974662751	3.0707610146862483	4.761904761904762	4.698994240219823	5.379379844961241	10.900500000000001	0.0373512737505698	20.986618041992188	0.0	20.344366294567287	0.0	18.95905465175151	0.0	17.47779809929505	-2.8938897447299857e-06	16.1819089468689	-4.9328880579713e-06	15.089868607418232	-6.122680142005362e-06	14.171983804635174	-6.377808627474324e-06	13.39108932902632	-6.669504911534575e-06	12.70069187434733	-6.985110073692911e-06	12.073088383027704	-7.3238611395927935e-06	11.490799573670024	-7.686247381871985e-06	10.94840217840133	-9.415182654543499e-06	10.442132588367057	-9.886447093384555e-06	9.96399142165587	-1.7797420857094125e-05	9.508943221054007	-1.8680386372658142e-05	9.071431953744842	-2.449267505731286e-05	8.661743365436612	-2.9091506477993988e-05	8.278997191303443	-2.6903271975937712e-05	7.916335791264889	-3.756397614687515e-05	7.577051057775749	-2.5581084165702458e-05	7.2629727805195285	-2.675442116809803e-05	6.961906793723036	-1.7239707355967632e-05	6.68018261087492	-9.03122093075763e-06	6.418573424457405	-7.0919973901449605e-06	6.171126080388321	-7.4296228971071526e-06	5.940631172911514	-5.184611037518438e-06	5.7330796227481144	-5.432789601640702e-06	5.5412003576696796	-8.54308992171682e-06	5.3627992413494425	-8.960466422145494e-06
