	counts(inten<0.01	MicrocoloniesPlatonic	MicrocoloniesAggregates	MicrocoloniesLarge	counts(Norminten<0.01	counts(inten<0.02	counts(Norminten<0.02	counts(inten<0.03	counts(Norminten<0.03	counts(inten<0.04	counts(Norminten<0.04	counts(inten<0.05	counts(Norminten<0.05	counts(inten<0.060000000000000005	counts(Norminten<0.060000000000000005	counts(inten<0.06999999999999999	counts(Norminten<0.06999999999999999	counts(inten<0.08	counts(Norminten<0.08	counts(inten<0.09	counts(Norminten<0.09	counts(inten<0.09999999999999999	counts(Norminten<0.09999999999999999	counts(inten<0.11	counts(Norminten<0.11	counts(inten<0.12	counts(Norminten<0.12	counts(inten<0.13	counts(Norminten<0.13	counts(inten<0.14	counts(Norminten<0.14	counts(inten<0.15000000000000002	counts(Norminten<0.15000000000000002	counts(inten<0.16	counts(Norminten<0.16	counts(inten<0.17	counts(Norminten<0.17	counts(inten<0.18000000000000002	counts(Norminten<0.18000000000000002	counts(inten<0.19	counts(Norminten<0.19	counts(inten<0.2	counts(Norminten<0.2	counts(inten<0.21000000000000002	counts(Norminten<0.21000000000000002	counts(inten<0.22	counts(Norminten<0.22	counts(inten<0.23	counts(Norminten<0.23	counts(inten<0.24000000000000002	counts(Norminten<0.24000000000000002	counts(inten<0.25	counts(Norminten<0.25	counts(inten<0.26	counts(Norminten<0.26	counts(inten<0.27	counts(Norminten<0.27	counts(inten<0.28	counts(Norminten<0.28	counts(inten<0.29000000000000004	counts(Norminten<0.29000000000000004	diff	max	med	std	mean	min	eigenLocal	minProp	counts(inten<0.01Normalized	MicrocoloniesPlatonicNormalized	MicrocoloniesAggregatesNormalized	MicrocoloniesLargeNormalized	counts(Norminten<0.01Normalized	counts(inten<0.02Normalized	counts(Norminten<0.02Normalized	counts(inten<0.03Normalized	counts(Norminten<0.03Normalized	counts(inten<0.04Normalized	counts(Norminten<0.04Normalized	counts(inten<0.05Normalized	counts(Norminten<0.05Normalized	counts(inten<0.060000000000000005Normalized	counts(Norminten<0.060000000000000005Normalized	counts(inten<0.06999999999999999Normalized	counts(Norminten<0.06999999999999999Normalized	counts(inten<0.08Normalized	counts(Norminten<0.08Normalized	counts(inten<0.09Normalized	counts(Norminten<0.09Normalized	counts(inten<0.09999999999999999Normalized	counts(Norminten<0.09999999999999999Normalized	counts(inten<0.11Normalized	counts(Norminten<0.11Normalized	counts(inten<0.12Normalized	counts(Norminten<0.12Normalized	counts(inten<0.13Normalized	counts(Norminten<0.13Normalized	counts(inten<0.14Normalized	counts(Norminten<0.14Normalized	counts(inten<0.15000000000000002Normalized	counts(Norminten<0.15000000000000002Normalized	counts(inten<0.16Normalized	counts(Norminten<0.16Normalized	counts(inten<0.17Normalized	counts(Norminten<0.17Normalized	counts(inten<0.18000000000000002Normalized	counts(Norminten<0.18000000000000002Normalized	counts(inten<0.19Normalized	counts(Norminten<0.19Normalized	counts(inten<0.2Normalized	counts(Norminten<0.2Normalized	counts(inten<0.21000000000000002Normalized	counts(Norminten<0.21000000000000002Normalized	counts(inten<0.22Normalized	counts(Norminten<0.22Normalized	counts(inten<0.23Normalized	counts(Norminten<0.23Normalized	counts(inten<0.24000000000000002Normalized	counts(Norminten<0.24000000000000002Normalized	counts(inten<0.25Normalized	counts(Norminten<0.25Normalized	counts(inten<0.26Normalized	counts(Norminten<0.26Normalized	counts(inten<0.27Normalized	counts(Norminten<0.27Normalized	counts(inten<0.28Normalized	counts(Norminten<0.28Normalized	counts(inten<0.29000000000000004Normalized	counts(Norminten<0.29000000000000004Normalized	diffNormalized	maxNormalized	medNormalized	stdNormalized	meanNormalized	minNormalized	eigenLocalNormalized	minPropNormalized	BioVolume	SubstratumCoverage	Homogenity	ThicknessThreshold=0.01	RoughnessThreshold=0.01	ThicknessThreshold=0.02	RoughnessThreshold=0.02	ThicknessThreshold=0.03	RoughnessThreshold=0.03	ThicknessThreshold=0.04	RoughnessThreshold=0.04	ThicknessThreshold=0.05	RoughnessThreshold=0.05	ThicknessThreshold=0.060000000000000005	RoughnessThreshold=0.060000000000000005	ThicknessThreshold=0.06999999999999999	RoughnessThreshold=0.06999999999999999	ThicknessThreshold=0.08	RoughnessThreshold=0.08	ThicknessThreshold=0.09	RoughnessThreshold=0.09	ThicknessThreshold=0.09999999999999999	RoughnessThreshold=0.09999999999999999	ThicknessThreshold=0.11	RoughnessThreshold=0.11	ThicknessThreshold=0.12	RoughnessThreshold=0.12	ThicknessThreshold=0.13	RoughnessThreshold=0.13	ThicknessThreshold=0.14	RoughnessThreshold=0.14	ThicknessThreshold=0.15000000000000002	RoughnessThreshold=0.15000000000000002	ThicknessThreshold=0.16	RoughnessThreshold=0.16	ThicknessThreshold=0.17	RoughnessThreshold=0.17	ThicknessThreshold=0.18000000000000002	RoughnessThreshold=0.18000000000000002	ThicknessThreshold=0.19	RoughnessThreshold=0.19	ThicknessThreshold=0.2	RoughnessThreshold=0.2	ThicknessThreshold=0.21000000000000002	RoughnessThreshold=0.21000000000000002	ThicknessThreshold=0.22	RoughnessThreshold=0.22	ThicknessThreshold=0.23	RoughnessThreshold=0.23	ThicknessThreshold=0.24000000000000002	RoughnessThreshold=0.24000000000000002	ThicknessThreshold=0.25	RoughnessThreshold=0.25	ThicknessThreshold=0.26	RoughnessThreshold=0.26	ThicknessThreshold=0.27	RoughnessThreshold=0.27	ThicknessThreshold=0.28	RoughnessThreshold=0.28	ThicknessThreshold=0.29000000000000004	RoughnessThreshold=0.29000000000000004
0	1	13	0	0	2106	1	2185	1	2255	5	2312	65	2348	154	2392	410	2456	540	2542	805	2614	1018	2628	1119	2718	1150	2773	1095	2837	1043	2911	1132	2959	1218	3014	1141	3080	1163	3134	1205	3215	1239	3292	1278	3346	1310	3391	1331	3482	1347	3549	1399	3608	1456	3693	1506	3732	1559	3768	1628	3815	4012	4095	1097.0	1016.3339843823666	1418.662591934204	83	1	0.6050987243652344	4.761904761904762	5.284552845528456			3.6079560055507014	0.3105590062111801	4.38666934350532	0.007112375533428166	5.207250894815841	0.007908514306502381	6.048081199152431	0.056920180393187095	6.794767912952889	0.11193161995580882	7.557900723561565	0.29486856772987163	8.313024641213106	0.41836465903280284	9.087983983411391	0.7195337778651746	9.802745068626715	1.0978226876166033	10.279277164984746	1.442605198019802	11.033530892262727	1.7566638661880394	11.511956160743939	1.9891369507166343	12.083138123429448	2.204421524284567	12.688518873681456	2.787216230856355	13.154619009513649	3.4044218352572884	13.612754618129264	3.5864713648079465	14.094174712854072	3.999724868452729	14.447056654220255	4.4873943321044205	14.93681471845382	4.948083067092652	15.461206086793162	5.407235032790354	15.947002192355352	5.759254374395498	16.227209647317796	6.130815292491939	16.734752727447493	6.444976076555024	17.123419859114154	6.891965121434554	17.489093553078042	7.335382135120157	17.991815258696285	7.78214138073584	18.177390287857385	8.153765690376568	18.390355800673532	8.696581196581196	18.758912327285245	4.712515416691137	4.761904761904762	12.507125755330065	7.587091541889253	10.624924554099588	9.651162790697674	4.761904761904762	3.956516061911745	11.841620825147348	17.2042	0.058078808229272895	20.998327255249023	0.0	20.760727882385254	-2.8610256777054574e-06	19.39316446375739	-1.1445347037228852e-05	17.090877670036395	-1.5276460978667375e-05	14.666160966114868	-1.9167442948106065e-05	12.552746834145784	-1.8369610090523504e-05	10.909579857674725	-1.963650858949977e-05	9.688663219717885	-2.0079333446446912e-05	8.76843824341508	-1.962643660351086e-05	8.066687450886604	-2.028598974810139e-05	7.518761894224386	-2.2128814039404778e-05	7.087391099734852	-2.2956603983659488e-05	6.743784341846594	-2.3843358670875815e-05	6.45939096036104	-2.4762772638126744e-05	6.222252083119021	-2.5717551843369823e-05	6.020198352359122	-2.669977438690643e-05	5.848403574044561	-2.6308283232207984e-05	5.690592326496884	-2.7257846314523985e-05	5.553177230688761	-2.9718785987592406e-05	5.431030505471792	-3.0757732109380644e-05	5.320066529942445	-3.177175173553194e-05	5.215408838590725	-3.2836516833640354e-05	5.116419150306853	-3.3906408141606724e-05	5.021330646007852	-3.499127842385285e-05	4.935838263017617	-3.611496839037392e-05	4.854789750083802	-3.7245404382666736e-05	4.777984297265174	-3.840245775729647e-05	4.7068644171754865	-3.957128470154348e-05	4.639225897485043	-4.078095529387776e-05
1	1	15	0	0	2026	1	2049	1	2105	9	2186	78	2217	267	2284	643	2334	984	2381	1425	2437	1578	2464	1590	2511	1646	2527	1616	2556	1614	2600	1632	2665	1581	2706	1595	2736	1560	2770	1479	2815	1490	2833	1547	2892	1532	2946	1579	2986	1615	3017	1609	3070	1645	3096	1674	3128	1769	3152	1851	3161	4026	4095	922.0	1011.1460138575545	1293.9595565795898	69	1	0.6318168640136719	4.761904761904762	6.097560975609756			3.4709016463654896	0.3105590062111801	4.113631800843205	0.007112375533428166	4.860870569218335	0.014235325751704286	5.718471237606927	0.06830421647182451	6.415673110313694	0.19406326317013606	7.216657714303769	0.46244021719587186	7.900081234768481	0.7623533786819964	8.512387830252761	1.2737088614383525	9.138978474461862	1.7017330069341845	9.637800203395134	2.0498143564356437	10.193228870666559	2.514320629343924	10.490700763865824	2.9355664953041836	10.886323949060863	3.411252483408717	11.332926510330399	4.018318806322943	11.847603805459233	4.419040165469436	12.221670204597805	5.01351606211102	12.520020134535304	5.365065171785259	12.76909602175817	5.507764495587085	13.078424084742613	5.9504792332268375	13.305466842006389	6.545377617939496	13.783242779525306	6.735250153873208	14.097717375699862	7.273146015660986	14.350939587638775	7.727272727272727	14.556595580430375	7.9264988423075025	14.881240911294233	8.287571162275178	15.083308973984217	8.650268706076892	15.235497540304904	9.252092050209205	15.383864512665332	9.887820512820513	15.543098785464915	4.728959887237917	4.761904761904762	10.51191426291187	7.5483625336171425	9.690974261871512	8.023255813953488	4.761904761904762	4.131216064418506	11.841620825147348	17.2042	0.058078808229272895	20.998327255249023	0.0	20.760727882385254	-2.8610256777054574e-06	19.39316446375739	-1.1445347037228852e-05	17.090877670036395	-1.5276460978667375e-05	14.666160966114868	-1.9167442948106065e-05	12.552746834145784	-1.8369610090523504e-05	10.909579857674725	-1.963650858949977e-05	9.688663219717885	-2.0079333446446912e-05	8.76843824341508	-1.962643660351086e-05	8.066687450886604	-2.028598974810139e-05	7.518761894224386	-2.2128814039404778e-05	7.087391099734852	-2.2956603983659488e-05	6.743784341846594	-2.3843358670875815e-05	6.45939096036104	-2.4762772638126744e-05	6.222252083119021	-2.5717551843369823e-05	6.020198352359122	-2.669977438690643e-05	5.848403574044561	-2.6308283232207984e-05	5.690592326496884	-2.7257846314523985e-05	5.553177230688761	-2.9718785987592406e-05	5.431030505471792	-3.0757732109380644e-05	5.320066529942445	-3.177175173553194e-05	5.215408838590725	-3.2836516833640354e-05	5.116419150306853	-3.3906408141606724e-05	5.021330646007852	-3.499127842385285e-05	4.935838263017617	-3.611496839037392e-05	4.854789750083802	-3.7245404382666736e-05	4.777984297265174	-3.840245775729647e-05	4.7068644171754865	-3.957128470154348e-05	4.639225897485043	-4.078095529387776e-05
2	1	22	0	0	2049	1	2064	1	2099	24	2111	123	2147	489	2165	1092	2185	1672	2189	2179	2206	2407	2203	2534	2229	2573	2268	2354	2291	2246	2297	2036	2298	2006	2315	1942	2313	1881	2309	1828	2325	1812	2345	1830	2363	1889	2368	1909	2361	1882	2344	1932	2330	1977	2333	2027	2362	2052	2389	2078	2409	4028	4095	754.0	939.6229482116464	1117.5538024902344	67	1	0.660614013671875	4.761904761904762	8.94308943089431			3.510304774631238	0.3105590062111801	4.143746235695643	0.007112375533428166	4.847015356194435	0.03796086867121143	5.522274831925079	0.10771049520556943	6.213103368445422	0.3554192347947436	6.840658472621568	0.7853572584415116	7.395748713782832	1.2953809442645303	7.825962604125701	1.9476572695257335	8.272706817670441	2.595735961781104	8.616913087694595	3.2668110561056105	9.04846959486888	3.9303444588711525	9.415476585851877	4.2761903031844355	9.7576557775033	4.747009341843852	10.01220469008805	5.013049687299946	10.216057615364097	5.606954188445091	10.455715640666636	6.104230841767775	10.584359126893332	6.469030505210303	10.643986539436685	6.807433061482889	10.801895558446386	7.236421725239617	11.013526207026112	7.742754389676327	11.262034124487656	8.304756880330608	11.331770110542184	8.793182865039153	11.347142788484645	9.004784688995215	11.309466370742063	9.517710232031135	11.29423170140572	9.960199506272357	11.366072298548183	10.474369574204216	11.504554088938677	10.732217573221757	11.659915076382449	11.10042735042735	11.84540492698038	4.731309097316028	4.761904761904762	8.5965112301904	7.014431705020642	8.369801885321404	7.790697674418605	4.761904761904762	4.319509942048936	11.841620825147348	17.2042	0.058078808229272895	20.998327255249023	0.0	20.760727882385254	-2.8610256777054574e-06	19.39316446375739	-1.1445347037228852e-05	17.090877670036395	-1.5276460978667375e-05	14.666160966114868	-1.9167442948106065e-05	12.552746834145784	-1.8369610090523504e-05	10.909579857674725	-1.963650858949977e-05	9.688663219717885	-2.0079333446446912e-05	8.76843824341508	-1.962643660351086e-05	8.066687450886604	-2.028598974810139e-05	7.518761894224386	-2.2128814039404778e-05	7.087391099734852	-2.2956603983659488e-05	6.743784341846594	-2.3843358670875815e-05	6.45939096036104	-2.4762772638126744e-05	6.222252083119021	-2.5717551843369823e-05	6.020198352359122	-2.669977438690643e-05	5.848403574044561	-2.6308283232207984e-05	5.690592326496884	-2.7257846314523985e-05	5.553177230688761	-2.9718785987592406e-05	5.431030505471792	-3.0757732109380644e-05	5.320066529942445	-3.177175173553194e-05	5.215408838590725	-3.2836516833640354e-05	5.116419150306853	-3.3906408141606724e-05	5.021330646007852	-3.499127842385285e-05	4.935838263017617	-3.611496839037392e-05	4.854789750083802	-3.7245404382666736e-05	4.777984297265174	-3.840245775729647e-05	4.7068644171754865	-3.957128470154348e-05	4.639225897485043	-4.078095529387776e-05
3	1	24	0	0	2015	1	2000	2	1989	60	1962	333	1943	1136	1911	1853	1908	2719	1917	3145	1910	3554	1909	3297	1904	3095	1931	2856	1890	2712	1868	2571	1858	2481	1841	2301	1851	2264	1860	2190	1855	2138	1850	2025	1836	2025	1848	2017	1870	2023	1887	2006	1864	1983	1866	1958	1840	1913	1835	1902	1847	4032	4095	635.0	869.1360274343879	970.0405435562134	63	1	0.6845951080322266	4.761904761904762	9.75609756097561			3.4520566719775228	0.3105590062111801	4.015257980325236	0.014224751066856332	4.59300311742293	0.09490217167802856	5.132497972637141	0.29160646262971235	5.622757263572173	0.8256774043493429	6.038105469367121	1.3326620878132978	6.458164094232331	2.1065435331670206	6.853526867112366	2.8110978029639426	7.162679066976674	3.8326737050976503	7.466948290698585	4.250464108910891	7.729154826662336	4.727717100740854	8.016439721022916	5.188105142691057	8.049746582052046	5.731918671006468	8.142271815883532	6.3303294430491945	8.259980439228238	6.934622802359057	8.314890926335758	7.232664864525051	8.470232919965222	7.786222787770402	8.57419444060296	8.155513350463634	8.618286563835719	8.538338658146964	8.688709374412925	8.567801988576264	8.750357449242207	8.90266420469533	8.843374647078528	9.290649470290187	8.98736002306916	9.679425837320574	9.104506417060696	9.882260209862554	9.035385361124575	9.990427729356641	9.090909090909092	10.117817279867714	8.962057376649945	10.005230125523013	8.956025184245204	10.16025641025641	9.0819688252938	4.73600751747225	4.761904761904762	7.2397674153460265	6.488235859303693	7.26501681816428	7.325581395348838	4.761904761904762	4.4763134208837085	11.841620825147348	17.2042	0.058078808229272895	20.998327255249023	0.0	20.760727882385254	-2.8610256777054574e-06	19.39316446375739	-1.1445347037228852e-05	17.090877670036395	-1.5276460978667375e-05	14.666160966114868	-1.9167442948106065e-05	12.552746834145784	-1.8369610090523504e-05	10.909579857674725	-1.963650858949977e-05	9.688663219717885	-2.0079333446446912e-05	8.76843824341508	-1.962643660351086e-05	8.066687450886604	-2.028598974810139e-05	7.518761894224386	-2.2128814039404778e-05	7.087391099734852	-2.2956603983659488e-05	6.743784341846594	-2.3843358670875815e-05	6.45939096036104	-2.4762772638126744e-05	6.222252083119021	-2.5717551843369823e-05	6.020198352359122	-2.669977438690643e-05	5.848403574044561	-2.6308283232207984e-05	5.690592326496884	-2.7257846314523985e-05	5.553177230688761	-2.9718785987592406e-05	5.431030505471792	-3.0757732109380644e-05	5.320066529942445	-3.177175173553194e-05	5.215408838590725	-3.2836516833640354e-05	5.116419150306853	-3.3906408141606724e-05	5.021330646007852	-3.499127842385285e-05	4.935838263017617	-3.611496839037392e-05	4.854789750083802	-3.7245404382666736e-05	4.777984297265174	-3.840245775729647e-05	4.7068644171754865	-3.957128470154348e-05	4.639225897485043	-4.078095529387776e-05
4	1	21	0	0	2147	1	2045	6	1954	116	1879	657	1852	1583	1765	2723	1722	3673	1642	4259	1633	4286	1609	4271	1565	4017	1558	3750	1518	3407	1481	3074	1466	2825	1469	2724	1434	2626	1431	2477	1406	2264	1389	2136	1352	2103	1340	1963	1313	1879	1333	1819	1313	1736	1307	1642	1317	1615	1327	1576	1304	4046	4095	546.0	796.7948224972655	845.6097240447998	49	1	0.7073078155517578	4.761904761904762	8.536585365853659			3.6781963646331226	0.3105590062111801	4.105601284882554	0.042674253200568994	4.512181041450179	0.18347753191085522	4.91537395034923	0.5753316695126757	5.359416599143419	1.1505698337015933	5.57679547537047	1.9583588047035132	5.82859463850528	2.845654430791639	5.870365735940796	3.8068252918357497	6.123903097577439	4.6220707653484885	6.293514824376125	5.506136551155116	6.35300803767151	6.136103261284656	6.46795084689472	6.81211284491998	6.46535201669577	7.200828507418524	6.455409292999738	7.568818633968583	6.517293500489019	7.896134388014646	6.63475001129127	8.562268183818444	6.5620280968288105	9.031193039171855	6.596597980915503	9.224295237031244	6.53224307749489	9.04153354632588	6.52357693030246	9.037444467950074	6.443618339529119	9.245581640728041	6.412403694310188	9.04191616766467	6.310376315662998	8.990430622009569	6.431535269709543	8.961032563180451	6.364517692680562	8.746032545720189	6.367533859495274	8.484911120297642	6.414689981004335	8.446652719665272	6.4766460051735075	8.418803418803419	6.411958499287014	4.752451988019028	4.761904761904762	6.225059856344773	5.948197493429246	6.333105257917213	5.6976744186046515	4.761904761904762	4.624823388748537	11.841620825147348	17.2042	0.058078808229272895	20.998327255249023	0.0	20.760727882385254	-2.8610256777054574e-06	19.39316446375739	-1.1445347037228852e-05	17.090877670036395	-1.5276460978667375e-05	14.666160966114868	-1.9167442948106065e-05	12.552746834145784	-1.8369610090523504e-05	10.909579857674725	-1.963650858949977e-05	9.688663219717885	-2.0079333446446912e-05	8.76843824341508	-1.962643660351086e-05	8.066687450886604	-2.028598974810139e-05	7.518761894224386	-2.2128814039404778e-05	7.087391099734852	-2.2956603983659488e-05	6.743784341846594	-2.3843358670875815e-05	6.45939096036104	-2.4762772638126744e-05	6.222252083119021	-2.5717551843369823e-05	6.020198352359122	-2.669977438690643e-05	5.848403574044561	-2.6308283232207984e-05	5.690592326496884	-2.7257846314523985e-05	5.553177230688761	-2.9718785987592406e-05	5.431030505471792	-3.0757732109380644e-05	5.320066529942445	-3.177175173553194e-05	5.215408838590725	-3.2836516833640354e-05	5.116419150306853	-3.3906408141606724e-05	5.021330646007852	-3.499127842385285e-05	4.935838263017617	-3.611496839037392e-05	4.854789750083802	-3.7245404382666736e-05	4.777984297265174	-3.840245775729647e-05	4.7068644171754865	-3.957128470154348e-05	4.639225897485043	-4.078095529387776e-05
5	1	16	0	0	2181	1	2041	7	1891	185	1761	984	1667	2423	1603	3941	1526	4901	1459	5404	1368	5434	1303	5378	1238	4877	1193	4379	1197	3838	1160	3421	1115	3011	1120	2626	1099	2347	1092	2160	1064	1997	1055	1858	1041	1706	1022	1597	992	1519	1006	1434	1000	1317	982	1243	980	1195	983	1187	975	4042	4095	474.0	734.6956876078415	741.576657295227	53	1	0.7260665893554688	4.761904761904762	6.504065040650407			3.7364444672868378	0.3105590062111801	4.097570768921903	0.04978662873399715	4.366701304699226	0.2926150293405881	4.6066916054097895	0.8616839616445554	4.824053709920129	1.7611059425514595	5.064930961483776	2.834334208349815	5.165177362577849	3.7970466554069757	5.216116692288441	4.8302615348862155	5.13012825320633	5.86008691994953	5.096612688727216	6.933271452145215	5.025574409352926	7.449782326433972	4.952673530388576	7.954731239441225	5.098172835299629	8.111763959927295	5.056228750762793	8.423203821342394	4.956877389526096	8.416021466305168	5.058488776478027	8.254227698497516	5.029057795268384	8.071671768064105	5.033881897386254	8.04379398949838	4.943319085671808	7.975239616613418	4.95491264324629	7.861222762851702	4.961395481841579	7.500219818869251	4.8906541608843375	7.356057116536159	4.767626279617437	7.267942583732058	4.853806812699026	7.064387408246711	4.847309743092584	6.635094967000857	4.784176166812823	6.42310872261265	4.77326968973747	6.25	4.79769632485724	6.340811965811966	4.79421743620003	4.747753567862807	4.761904761904762	5.404172842321286	5.4846177762120645	5.553960525667107	6.162790697674419	4.761904761904762	4.747480050988256	11.841620825147348	17.2042	0.058078808229272895	20.998327255249023	0.0	20.760727882385254	-2.8610256777054574e-06	19.39316446375739	-1.1445347037228852e-05	17.090877670036395	-1.5276460978667375e-05	14.666160966114868	-1.9167442948106065e-05	12.552746834145784	-1.8369610090523504e-05	10.909579857674725	-1.963650858949977e-05	9.688663219717885	-2.0079333446446912e-05	8.76843824341508	-1.962643660351086e-05	8.066687450886604	-2.028598974810139e-05	7.518761894224386	-2.2128814039404778e-05	7.087391099734852	-2.2956603983659488e-05	6.743784341846594	-2.3843358670875815e-05	6.45939096036104	-2.4762772638126744e-05	6.222252083119021	-2.5717551843369823e-05	6.020198352359122	-2.669977438690643e-05	5.848403574044561	-2.6308283232207984e-05	5.690592326496884	-2.7257846314523985e-05	5.553177230688761	-2.9718785987592406e-05	5.431030505471792	-3.0757732109380644e-05	5.320066529942445	-3.177175173553194e-05	5.215408838590725	-3.2836516833640354e-05	5.116419150306853	-3.3906408141606724e-05	5.021330646007852	-3.499127842385285e-05	4.935838263017617	-3.611496839037392e-05	4.854789750083802	-3.7245404382666736e-05	4.777984297265174	-3.840245775729647e-05	4.7068644171754865	-3.957128470154348e-05	4.639225897485043	-4.078095529387776e-05
6	1	14	0	0	2411	1	2055	5	1828	346	1670	1614	1554	3325	1466	5007	1357	6280	1296	7042	1224	6709	1167	6122	1091	5352	1050	4377	1050	3696	995	3093	927	2785	912	2400	902	1976	890	1784	875	1631	871	1483	850	1363	829	1265	818	1203	835	1111	827	1061	813	1054	824	986	836	909	818	4042	4095	421.0	681.0282717088602	660.913610458374	53	1	0.7397890090942383	4.761904761904762	5.691056910569105			4.130475749944321	0.3105590062111801	4.12567757478418	0.03556187766714083	4.221221567948274	0.5472691900099648	4.368639966515814	1.413371863916984	4.497048269475633	2.416705430864054	4.632057884925274	3.600992484447481	4.593149201191443	4.865426034677782	4.633370276357656	6.294356352455353	4.590114752868821	7.235061307681523	4.564656183994368	7.892429867986799	4.428838191117967	8.175360879859467	4.3590169378943875	7.951098112590602	4.47208143447336	7.811641374645982	4.337023799145672	7.6156005318363125	4.121098959722593	7.784330715263997	4.1190551465606795	7.543848620104357	4.127579737335835	6.795749217594663	4.102705942008943	6.643577998733847	4.065229511243263	6.513578274760383	4.090738305466842	6.27459276496721	4.051091411686207	5.992262375802339	3.9670766138680196	5.826807922616306	3.9313692507329265	5.755980861244019	4.028756151693525	5.47317601852308	4.008725157537567	5.345357448737972	3.960830166617948	5.446465481603969	4.013443086064975	5.156903765690377	4.080238176582557	4.855769230769231	4.022225500319614	4.747753567862807	4.761904761904762	4.799908790331775	5.083982154950556	4.949843104218164	6.162790697674419	4.761904761904762	4.837205862527012	11.841620825147348	17.2042	0.058078808229272895	20.998327255249023	0.0	20.760727882385254	-2.8610256777054574e-06	19.39316446375739	-1.1445347037228852e-05	17.090877670036395	-1.5276460978667375e-05	14.666160966114868	-1.9167442948106065e-05	12.552746834145784	-1.8369610090523504e-05	10.909579857674725	-1.963650858949977e-05	9.688663219717885	-2.0079333446446912e-05	8.76843824341508	-1.962643660351086e-05	8.066687450886604	-2.028598974810139e-05	7.518761894224386	-2.2128814039404778e-05	7.087391099734852	-2.2956603983659488e-05	6.743784341846594	-2.3843358670875815e-05	6.45939096036104	-2.4762772638126744e-05	6.222252083119021	-2.5717551843369823e-05	6.020198352359122	-2.669977438690643e-05	5.848403574044561	-2.6308283232207984e-05	5.690592326496884	-2.7257846314523985e-05	5.553177230688761	-2.9718785987592406e-05	5.431030505471792	-3.0757732109380644e-05	5.320066529942445	-3.177175173553194e-05	5.215408838590725	-3.2836516833640354e-05	5.116419150306853	-3.3906408141606724e-05	5.021330646007852	-3.499127842385285e-05	4.935838263017617	-3.611496839037392e-05	4.854789750083802	-3.7245404382666736e-05	4.777984297265174	-3.840245775729647e-05	4.7068644171754865	-3.957128470154348e-05	4.639225897485043	-4.078095529387776e-05
7	1	9	0	0	2801	1	2298	41	1963	630	1785	2250	1577	4415	1458	6386	1317	7926	1210	8074	1140	7094	1054	6020	1025	5060	982	4111	966	3433	928	2914	843	2463	813	2004	785	1791	767	1555	749	1397	719	1255	687	1126	689	1073	663	1025	654	962	667	963	669	876	666	826	646	773	643	4052	4095	383.0	635.3083952713856	598.2789974212646	43	1	0.7479591369628906	4.761904761904762	3.6585365853658534			4.798615750972229	0.3105590062111801	4.613531419393696	0.29160739687055476	4.53296386098603	0.9964728026193	4.66947445522798	1.9703139366872453	4.563606898946637	3.2089487149668567	4.606780624980252	4.592757740299903	4.457757920389927	6.140663495359251	4.32590897715491	7.216789717370707	4.275106877671942	7.650249652212361	4.1226629116795745	7.760932343234324	4.160915807420638	7.729321011227373	4.076718698106941	7.46789224145761	4.114314919715491	7.255780530075665	4.044983000610235	7.1748658098192735	3.747666044278474	6.884311149621265	3.6719208707827105	6.299113597787137	3.5921841394774177	6.159507514530385	3.5357027612593925	5.790786876699065	3.479836461624233	5.579073482428115	3.376855156866429	5.309921726253438	3.274235058621676	4.950320935549107	3.297123989089343	4.942422846614463	3.186427644542702	4.904306220095694	3.1554569140210362	4.739149711808464	3.2331555986427536	4.851629805027962	3.259280912014031	4.526663910706904	3.24387511567873	4.320083682008368	3.1529113182683393	4.129273504273504	3.1617249348478143	4.759499618253362	4.761904761904762	4.366662866263824	4.742676154024308	4.480747745125639	5.0	4.761904761904762	4.890627297474022	11.841620825147348	17.2042	0.058078808229272895	20.998327255249023	0.0	20.760727882385254	-2.8610256777054574e-06	19.39316446375739	-1.1445347037228852e-05	17.090877670036395	-1.5276460978667375e-05	14.666160966114868	-1.9167442948106065e-05	12.552746834145784	-1.8369610090523504e-05	10.909579857674725	-1.963650858949977e-05	9.688663219717885	-2.0079333446446912e-05	8.76843824341508	-1.962643660351086e-05	8.066687450886604	-2.028598974810139e-05	7.518761894224386	-2.2128814039404778e-05	7.087391099734852	-2.2956603983659488e-05	6.743784341846594	-2.3843358670875815e-05	6.45939096036104	-2.4762772638126744e-05	6.222252083119021	-2.5717551843369823e-05	6.020198352359122	-2.669977438690643e-05	5.848403574044561	-2.6308283232207984e-05	5.690592326496884	-2.7257846314523985e-05	5.553177230688761	-2.9718785987592406e-05	5.431030505471792	-3.0757732109380644e-05	5.320066529942445	-3.177175173553194e-05	5.215408838590725	-3.2836516833640354e-05	5.116419150306853	-3.3906408141606724e-05	5.021330646007852	-3.499127842385285e-05	4.935838263017617	-3.611496839037392e-05	4.854789750083802	-3.7245404382666736e-05	4.777984297265174	-3.840245775729647e-05	4.7068644171754865	-3.957128470154348e-05	4.639225897485043	-4.078095529387776e-05
8	1	7	0	0	3134	1	2632	64	2194	982	1810	3148	1606	5936	1453	8141	1326	8962	1233	8495	1108	7089	1057	5591	978	4697	886	3806	835	3136	791	2607	763	2099	726	1689	714	1512	694	1366	659	1250	633	1112	619	1065	604	950	571	874	555	803	564	777	536	735	549	715	558	696	526	4052	4095	349.0	591.9512288754042	540.411455154419	43	1	0.7527837753295898	4.761904761904762	2.8455284552845526			5.369104521080673	0.3105590062111801	5.2840795021080105	0.4551920341394026	5.066389562406188	1.5532322097970674	4.734873257121929	2.7566881211961993	4.647528649149208	4.314455169205721	4.590982337514613	5.854939048509475	4.488220958570268	6.94330384120737	4.408136999034714	7.593092475732495	4.1551038775969396	7.644857595789882	4.134397246342799	7.207869224422442	3.9701225947876915	7.174826243030627	3.6781800066423114	6.913840396737451	3.556369521700243	6.62805934818447	3.4478249498735942	6.4189688284827895	3.3920156486174093	5.866897727590351	3.2789846890384355	5.308983466398441	3.267285956161625	5.199986243422637	3.1991886783755126	5.086954902617958	3.061698569039212	4.992012779552716	2.972947585947774	4.704886820393484	2.9501477456867793	4.6821419150619885	2.890367038330861	4.375863657300783	2.744268755707214	4.181818181818182	2.677796005017852	3.955859894576087	2.733882695104217	3.9145548894150837	2.6113222254701354	3.7980570483670943	2.674005162924358	3.7395397489539746	2.7234125628385963	3.717948717948718	2.586418842503811	4.759499618253362	4.761904761904762	3.9790217763082882	4.419008151676494	4.0473548621300175	5.0	4.761904761904762	4.9221738177724825	11.841620825147348	17.2042	0.058078808229272895	20.998327255249023	0.0	20.760727882385254	-2.8610256777054574e-06	19.39316446375739	-1.1445347037228852e-05	17.090877670036395	-1.5276460978667375e-05	14.666160966114868	-1.9167442948106065e-05	12.552746834145784	-1.8369610090523504e-05	10.909579857674725	-1.963650858949977e-05	9.688663219717885	-2.0079333446446912e-05	8.76843824341508	-1.962643660351086e-05	8.066687450886604	-2.028598974810139e-05	7.518761894224386	-2.2128814039404778e-05	7.087391099734852	-2.2956603983659488e-05	6.743784341846594	-2.3843358670875815e-05	6.45939096036104	-2.4762772638126744e-05	6.222252083119021	-2.5717551843369823e-05	6.020198352359122	-2.669977438690643e-05	5.848403574044561	-2.6308283232207984e-05	5.690592326496884	-2.7257846314523985e-05	5.553177230688761	-2.9718785987592406e-05	5.431030505471792	-3.0757732109380644e-05	5.320066529942445	-3.177175173553194e-05	5.215408838590725	-3.2836516833640354e-05	5.116419150306853	-3.3906408141606724e-05	5.021330646007852	-3.499127842385285e-05	4.935838263017617	-3.611496839037392e-05	4.854789750083802	-3.7245404382666736e-05	4.777984297265174	-3.840245775729647e-05	4.7068644171754865	-3.957128470154348e-05	4.639225897485043	-4.078095529387776e-05
9	1	5	0	0	3362	1	2898	86	2425	1425	1968	3820	1707	6969	1489	9196	1325	9633	1189	8504	1046	6545	943	5165	854	4204	848	3521	753	2958	705	2414	696	1915	691	1614	661	1463	632	1250	629	1098	583	968	572	853	531	827	515	723	498	699	470	697	476	663	481	633	459	626	451	4047	4095	328.0	565.3576833832963	506.2556619644165	48	1	0.7547216415405273	4.761904761904762	2.0325203252032518			5.759709444758528	0.3105590062111801	5.818108813491267	0.6116642958748222	5.599815263826348	2.2539265773531785	5.148193685091689	3.345155216953457	4.939807848130571	5.0652692173508544	4.704730007267212	6.613686216692438	4.48483617655023	7.463160667524056	4.250831218047263	7.601136952752105	3.922598064951624	7.058201857024232	3.6884925291402646	6.658673679867986	3.466753267841195	6.421752081264797	3.5204251079375624	6.396119820523534	3.207121257293752	6.251849346916346	3.0729666114549734	5.943763234352686	3.094158442251267	5.3526008329373616	3.120906914773497	5.07323819702018	3.024756326362513	5.031468170719125	2.913382197022081	4.654973373552304	2.922319271510872	4.384984025559105	2.7381176028555325	4.095620901205839	2.7261462205700124	3.7501099094346255	2.541034598267694	3.809304467987103	2.475128562503004	3.4593301435406696	2.4027791180160185	3.443519385191389	2.278235579253514	3.511511914957932	2.3190100360518366	3.4260024803637865	2.34279869465686	3.3106694560669454	2.240226462980136	3.344017094017094	2.2176328858730394	4.753626593058084	4.761904761904762	3.7395963972181048	4.220483191208273	3.7915486346362606	5.5813953488372094	4.761904761904762	4.934844805961151	11.841620825147348	17.2042	0.058078808229272895	20.998327255249023	0.0	20.760727882385254	-2.8610256777054574e-06	19.39316446375739	-1.1445347037228852e-05	17.090877670036395	-1.5276460978667375e-05	14.666160966114868	-1.9167442948106065e-05	12.552746834145784	-1.8369610090523504e-05	10.909579857674725	-1.963650858949977e-05	9.688663219717885	-2.0079333446446912e-05	8.76843824341508	-1.962643660351086e-05	8.066687450886604	-2.028598974810139e-05	7.518761894224386	-2.2128814039404778e-05	7.087391099734852	-2.2956603983659488e-05	6.743784341846594	-2.3843358670875815e-05	6.45939096036104	-2.4762772638126744e-05	6.222252083119021	-2.5717551843369823e-05	6.020198352359122	-2.669977438690643e-05	5.848403574044561	-2.6308283232207984e-05	5.690592326496884	-2.7257846314523985e-05	5.553177230688761	-2.9718785987592406e-05	5.431030505471792	-3.0757732109380644e-05	5.320066529942445	-3.177175173553194e-05	5.215408838590725	-3.2836516833640354e-05	5.116419150306853	-3.3906408141606724e-05	5.021330646007852	-3.499127842385285e-05	4.935838263017617	-3.611496839037392e-05	4.854789750083802	-3.7245404382666736e-05	4.777984297265174	-3.840245775729647e-05	4.7068644171754865	-3.957128470154348e-05	4.639225897485043	-4.078095529387776e-05
10	1	7	0	0	3552	1	3004	135	2433	1746	2016	4972	1716	8067	1499	9914	1305	9525	1149	7878	1032	6286	950	5057	892	4064	807	3253	691	2626	653	2166	647	1752	620	1496	597	1288	574	1139	571	1008	524	915	524	832	522	713	506	651	477	647	457	622	436	593	421	579	407	550	416	4068	4095	312.0	545.3025365659746	480.23980712890625	27	1	0.7549467086791992	4.761904761904762	2.8455284552845526			6.085213547823405	0.3105590062111801	6.030917486448504	0.9601706970128023	5.618288881191549	2.761653195830631	5.273759384728072	4.353955952537326	4.965852529227919	5.863327131061751	4.7363265821984895	7.130065806034018	4.417140536149472	7.379487735717495	4.107825962604126	7.041598884499186	3.8700967524188106	6.77889333433985	3.715872643354455	6.51944100660066	3.6210116099699605	6.207897349728863	3.350215875124543	5.909280822539919	2.943055496401039	5.550154288371307	2.8463080812483654	5.333136356921258	2.8763225749088646	4.897000866478464	2.800234858407479	4.702332306531716	2.731890358303208	4.429617911063728	2.6460148434979023	4.241611737980859	2.6528526296227466	4.025559105431309	2.461018222806688	3.8713771948381637	2.497378705557144	3.6577859843488962	2.497966215246208	3.2842008291110085	2.431873888595184	3.1148325358851676	2.301457107015343	3.187349130499039	2.2152205525933106	3.1336591264043525	2.1241352431063043	3.0642827614716825	2.0505576932443623	3.0282426778242675	1.9864317438625605	2.938034188034188	2.045532772778679	4.7782932988782525	4.761904761904762	3.557177060768441	4.070768395553262	3.5967056209349986	3.1395348837209305	4.761904761904762	4.936316436479126	11.841620825147348	17.2042	0.058078808229272895	20.998327255249023	0.0	20.760727882385254	-2.8610256777054574e-06	19.39316446375739	-1.1445347037228852e-05	17.090877670036395	-1.5276460978667375e-05	14.666160966114868	-1.9167442948106065e-05	12.552746834145784	-1.8369610090523504e-05	10.909579857674725	-1.963650858949977e-05	9.688663219717885	-2.0079333446446912e-05	8.76843824341508	-1.962643660351086e-05	8.066687450886604	-2.028598974810139e-05	7.518761894224386	-2.2128814039404778e-05	7.087391099734852	-2.2956603983659488e-05	6.743784341846594	-2.3843358670875815e-05	6.45939096036104	-2.4762772638126744e-05	6.222252083119021	-2.5717551843369823e-05	6.020198352359122	-2.669977438690643e-05	5.848403574044561	-2.6308283232207984e-05	5.690592326496884	-2.7257846314523985e-05	5.553177230688761	-2.9718785987592406e-05	5.431030505471792	-3.0757732109380644e-05	5.320066529942445	-3.177175173553194e-05	5.215408838590725	-3.2836516833640354e-05	5.116419150306853	-3.3906408141606724e-05	5.021330646007852	-3.499127842385285e-05	4.935838263017617	-3.611496839037392e-05	4.854789750083802	-3.7245404382666736e-05	4.777984297265174	-3.840245775729647e-05	4.7068644171754865	-3.957128470154348e-05	4.639225897485043	-4.078095529387776e-05
11	1	6	0	0	3797	1	3114	245	2683	2408	2136	5920	1737	9137	1489	10224	1280	9256	1120	7654	1013	5855	939	4670	834	3753	805	3015	721	2578	688	1952	639	1548	621	1337	563	1133	539	1008	539	927	490	811	463	767	459	695	420	666	409	630	405	571	399	536	376	544	374	484	356	4065	4095	296.0	521.6073257627263	453.48583984375	30	1	0.7538871765136719	4.761904761904762	2.4390243902439024			6.504942522828117	0.3105590062111801	6.251756675366392	1.7425320056899003	6.1955894238540585	3.8087404900115467	5.587673633819028	5.184114891194886	5.026623451788401	6.641033841144319	4.704730007267212	7.353015210902945	4.332520985648524	7.171080155569673	4.004147152407851	6.841380789788877	3.798844971124278	6.314098070722212	3.672846749589298	6.020523927392739	3.3855646667207924	5.73283433895975	3.34191298571903	5.476938727315664	3.070829251671707	5.448704400388891	2.998866707348967	4.806224454621559	2.840757535342758	4.32680213545015	2.8047513662436203	4.202552335449802	2.576305312771702	3.8965505382260894	2.4846724749919327	3.7537705284325775	2.5041813789258502	3.702076677316294	2.3013338343039638	3.4313518087581976	2.2066533218949576	3.3720214543216387	2.196487534095803	3.2012897282358357	2.018551449031576	3.186602870813397	1.9733667856798225	3.103601162618848	1.9631604459524963	2.876719230187919	1.9438760596316866	2.7697395618023974	1.8313769421849886	2.8451882845188283	1.8253697105764066	2.585470085470085	1.7505040074740619	4.7747694837610855	4.761904761904762	3.3747577243187776	3.8938799551083036	3.3963345915275935	3.488372093023256	4.761904761904762	4.929388548744082	11.841620825147348	17.2042	0.058078808229272895	20.998327255249023	0.0	20.760727882385254	-2.8610256777054574e-06	19.39316446375739	-1.1445347037228852e-05	17.090877670036395	-1.5276460978667375e-05	14.666160966114868	-1.9167442948106065e-05	12.552746834145784	-1.8369610090523504e-05	10.909579857674725	-1.963650858949977e-05	9.688663219717885	-2.0079333446446912e-05	8.76843824341508	-1.962643660351086e-05	8.066687450886604	-2.028598974810139e-05	7.518761894224386	-2.2128814039404778e-05	7.087391099734852	-2.2956603983659488e-05	6.743784341846594	-2.3843358670875815e-05	6.45939096036104	-2.4762772638126744e-05	6.222252083119021	-2.5717551843369823e-05	6.020198352359122	-2.669977438690643e-05	5.848403574044561	-2.6308283232207984e-05	5.690592326496884	-2.7257846314523985e-05	5.553177230688761	-2.9718785987592406e-05	5.431030505471792	-3.0757732109380644e-05	5.320066529942445	-3.177175173553194e-05	5.215408838590725	-3.2836516833640354e-05	5.116419150306853	-3.3906408141606724e-05	5.021330646007852	-3.499127842385285e-05	4.935838263017617	-3.611496839037392e-05	4.854789750083802	-3.7245404382666736e-05	4.777984297265174	-3.840245775729647e-05	4.7068644171754865	-3.957128470154348e-05	4.639225897485043	-4.078095529387776e-05
12	1	6	0	0	3773	1	3021	402	2505	3228	2027	7328	1731	10021	1464	10366	1266	9106	1117	7040	1014	5346	911	4171	851	3267	820	2650	752	2077	677	1733	627	1463	575	1227	518	1095	508	991	475	852	455	824	420	756	411	684	401	627	400	561	384	519	380	488	361	467	338	427	328	4065	4095	282.0	503.4097139469451	432.9185676574707	30	1	0.7525873184204102	4.761904761904762	2.4390243902439024			6.463826215072553	0.3105590062111801	6.065047179281269	2.859174964438122	5.784551437478351	5.105736836277937	5.30253485756141	6.417093568019617	5.0092603310568355	7.283550412838702	4.625738569939018	7.455140422165487	4.285134037367993	7.054867750282784	3.9934217582496156	6.29256869089544	3.8025950648766216	5.76518672691391	3.5633262927325355	5.377217409240924	3.4545749776731345	4.990452913770717	3.4041846562603784	4.813893077076786	3.2028621321180633	4.3898211945724315	2.950919710574492	4.267001526567194	2.787409975993598	4.089219330855019	2.59699200578113	3.8567926070283525	2.370383928980003	3.765863053272346	2.341769234315217	3.690462890552266	2.206838877532057	3.402555910543131	2.136952846139395	3.486354982018194	2.0017157563625965	3.323661303086257	1.966789491314543	3.150621833256564	1.9272360263372903	3.0	1.929943066679533	2.7636829400463077	1.861366941347552	2.61474129679077	1.8513105329825585	2.521703183133526	1.758316691831864	2.4424686192468616	1.6496656742642395	2.280982905982906	1.612823916998574	4.7747694837610855	4.761904761904762	3.215140804925322	3.758031947650399	3.2422981655970906	3.488372093023256	4.761904761904762	4.920889258930521	11.841620825147348	17.2042	0.058078808229272895	20.998327255249023	0.0	20.760727882385254	-2.8610256777054574e-06	19.39316446375739	-1.1445347037228852e-05	17.090877670036395	-1.5276460978667375e-05	14.666160966114868	-1.9167442948106065e-05	12.552746834145784	-1.8369610090523504e-05	10.909579857674725	-1.963650858949977e-05	9.688663219717885	-2.0079333446446912e-05	8.76843824341508	-1.962643660351086e-05	8.066687450886604	-2.028598974810139e-05	7.518761894224386	-2.2128814039404778e-05	7.087391099734852	-2.2956603983659488e-05	6.743784341846594	-2.3843358670875815e-05	6.45939096036104	-2.4762772638126744e-05	6.222252083119021	-2.5717551843369823e-05	6.020198352359122	-2.669977438690643e-05	5.848403574044561	-2.6308283232207984e-05	5.690592326496884	-2.7257846314523985e-05	5.553177230688761	-2.9718785987592406e-05	5.431030505471792	-3.0757732109380644e-05	5.320066529942445	-3.177175173553194e-05	5.215408838590725	-3.2836516833640354e-05	5.116419150306853	-3.3906408141606724e-05	5.021330646007852	-3.499127842385285e-05	4.935838263017617	-3.611496839037392e-05	4.854789750083802	-3.7245404382666736e-05	4.777984297265174	-3.840245775729647e-05	4.7068644171754865	-3.957128470154348e-05	4.639225897485043	-4.078095529387776e-05
13	1	7	0	0	3549	4	2827	579	2360	3983	2005	8225	1741	10480	1402	10231	1190	8622	1100	6584	1037	4876	946	3711	845	2896	762	2343	701	1965	675	1649	637	1318	591	1179	530	1079	503	987	459	866	471	763	449	714	425	659	416	637	402	571	388	511	386	467	389	474	383	448	368	4065	4095	272.0	489.84303328940643	420.998140335083	30	1	0.7504415512084961	4.761904761904762	2.8455284552845526			6.08007400935396	1.2422360248447204	5.675567155189721	4.118065433854907	5.4497171227340955	6.299922496559797	5.244983911894734	7.202592057445598	5.038198865609445	7.617164786603094	4.4298398053650985	7.3580495523032114	4.027890603845112	6.6798890558904205	3.9326445246862822	5.884981855235167	3.8888472211805296	5.25833342320094	3.7002268638034885	4.784189356435643	3.430218397337014	4.423737875200489	3.1634008635004984	4.256208105506003	2.9856467481579285	4.153104789280128	2.942202074797315	4.060176293888807	2.8318662754512314	3.6839310171339132	2.6692561311593876	3.7059156346262654	2.4252962979911223	3.710836743818138	2.31872032452865	3.6755669757568983	2.132503252183609	3.4584664536741214	2.212098440728912	3.2282631690289825	2.139929463349538	3.1390134529147984	2.0337847537924105	3.0354675264854905	1.9993271495169895	3.047846889952153	1.9395927820129306	2.812946450564067	1.8807561803199222	2.574436999345055	1.8805417519243885	2.413187267465895	1.8946958258243631	2.47907949790795	1.8692957196544489	2.3931623931623935	1.8095097605349855	4.7747694837610855	4.761904761904762	3.101128719644282	3.656754562804436	3.1530213765472594	3.488372093023256	4.761904761904762	4.906858883229486	11.841620825147348	17.2042	0.058078808229272895	20.998327255249023	0.0	20.760727882385254	-2.8610256777054574e-06	19.39316446375739	-1.1445347037228852e-05	17.090877670036395	-1.5276460978667375e-05	14.666160966114868	-1.9167442948106065e-05	12.552746834145784	-1.8369610090523504e-05	10.909579857674725	-1.963650858949977e-05	9.688663219717885	-2.0079333446446912e-05	8.76843824341508	-1.962643660351086e-05	8.066687450886604	-2.028598974810139e-05	7.518761894224386	-2.2128814039404778e-05	7.087391099734852	-2.2956603983659488e-05	6.743784341846594	-2.3843358670875815e-05	6.45939096036104	-2.4762772638126744e-05	6.222252083119021	-2.5717551843369823e-05	6.020198352359122	-2.669977438690643e-05	5.848403574044561	-2.6308283232207984e-05	5.690592326496884	-2.7257846314523985e-05	5.553177230688761	-2.9718785987592406e-05	5.431030505471792	-3.0757732109380644e-05	5.320066529942445	-3.177175173553194e-05	5.215408838590725	-3.2836516833640354e-05	5.116419150306853	-3.3906408141606724e-05	5.021330646007852	-3.499127842385285e-05	4.935838263017617	-3.611496839037392e-05	4.854789750083802	-3.7245404382666736e-05	4.777984297265174	-3.840245775729647e-05	4.7068644171754865	-3.957128470154348e-05	4.639225897485043	-4.078095529387776e-05
14	1	7	0	0	3478	8	2710	813	2190	4753	1853	9029	1582	11067	1384	9852	1239	8097	1140	6207	1037	4528	912	3459	783	2622	760	2094	698	1766	641	1441	615	1271	591	1164	559	1051	542	910	541	782	542	742	494	694	478	642	473	604	438	603	441	562	429	538	420	540	382	497	364	4068	4095	263.0	482.44214163045405	412.7729768753052	27	1	0.7496356964111328	4.761904761904762	2.8455284552845526			5.958438265577085	2.484472049689441	5.4406745633406945	5.782361308677098	5.057152753723589	7.517833699761163	4.847359196379522	7.906650904155173	4.578076166222942	8.043813234096989	4.372965970488799	7.085475925060232	4.193744922826969	6.273145637386306	4.07564978012942	5.548007651191476	3.8888472211805296	4.883046296196444	3.567237737620277	4.459313118811881	3.1785337338637656	4.00519361490873	3.155097974094985	3.803883812603317	2.972869372630862	3.732510462019698	2.794002266585302	3.5480376224947063	2.7340624166444383	3.552561701651899	2.6692561311593876	3.658766580750613	2.558001189767995	3.6145407022732745	2.4985018208638734	3.3888206159460768	2.513473332094406	3.1230031948881787	2.545557016719895	3.139411889147451	2.3543990086741013	3.0510859052141037	2.287409676030052	2.957162597881161	2.2732734175998464	2.889952153110048	2.1132876580140887	2.9705896842208976	2.1376635967038293	2.831376895561489	2.090032154340836	2.780074410913601	2.0456870098874873	2.8242677824267783	1.8644150519791107	2.65491452991453	1.7898411761813444	4.7782932988782525	4.761904761904762	2.9985178428913466	3.6015057534849286	3.091419878275478	3.1395348837209305	4.761904761904762	4.90158969768843	11.841620825147348	17.2042	0.058078808229272895	20.998327255249023	0.0	20.760727882385254	-2.8610256777054574e-06	19.39316446375739	-1.1445347037228852e-05	17.090877670036395	-1.5276460978667375e-05	14.666160966114868	-1.9167442948106065e-05	12.552746834145784	-1.8369610090523504e-05	10.909579857674725	-1.963650858949977e-05	9.688663219717885	-2.0079333446446912e-05	8.76843824341508	-1.962643660351086e-05	8.066687450886604	-2.028598974810139e-05	7.518761894224386	-2.2128814039404778e-05	7.087391099734852	-2.2956603983659488e-05	6.743784341846594	-2.3843358670875815e-05	6.45939096036104	-2.4762772638126744e-05	6.222252083119021	-2.5717551843369823e-05	6.020198352359122	-2.669977438690643e-05	5.848403574044561	-2.6308283232207984e-05	5.690592326496884	-2.7257846314523985e-05	5.553177230688761	-2.9718785987592406e-05	5.431030505471792	-3.0757732109380644e-05	5.320066529942445	-3.177175173553194e-05	5.215408838590725	-3.2836516833640354e-05	5.116419150306853	-3.3906408141606724e-05	5.021330646007852	-3.499127842385285e-05	4.935838263017617	-3.611496839037392e-05	4.854789750083802	-3.7245404382666736e-05	4.777984297265174	-3.840245775729647e-05	4.7068644171754865	-3.957128470154348e-05	4.639225897485043	-4.078095529387776e-05
15	1	8	0	0	3221	9	2589	1089	1989	5470	1737	9906	1500	11095	1260	9542	1086	7582	1021	5512	924	4054	900	3080	817	2373	765	1908	733	1614	720	1323	683	1132	668	1030	650	926	611	886	566	822	525	752	513	739	486	700	472	678	452	641	446	617	427	564	429	517	409	519	384	4070	4095	254.0	478.28330438559004	406.1160726547241	25	1	0.7505083084106445	4.761904761904762	3.2520325203252036			5.518151136694591	2.7950310559006213	5.197751455531018	7.7453769559032715	4.59300311742293	8.651914651313604	4.543908755591597	8.674635491921713	4.340780182891538	8.064164437725317	3.9811684413409583	6.862526520191305	3.6758732737611695	5.874149712567984	3.6502091451860856	4.926795259121543	3.465086627165679	4.371879347345491	3.5203003989673785	3.9707095709570956	3.3165543557684503	3.6248376995341025	3.175855197608768	3.4660030154952857	3.1219387537799737	3.411252483408717	3.1383488797838024	3.257497414684592	3.036365252956344	3.164043938843391	3.017027234542252	3.23756836612812	2.97441998810232	3.1846476596622764	2.816576775918499	3.2994451271738723	2.6296227467013567	3.282747603833866	2.4657148224685326	3.1817220224243705	2.4449528167000287	3.2489228875406666	2.3256926831602622	3.22432058959005	2.2684673427211997	3.244019138755981	2.1808356653478724	3.157791024188384	2.1619001454192923	3.108468940500781	2.0802884146935594	2.9144274493592395	2.089523160099362	2.7039748953974896	1.9961930792132363	2.7724358974358974	1.8881840979495503	4.780642508956364	4.761904761904762	2.8959069661384107	3.5704593854902806	3.04156369294313	2.9069767441860463	4.761904761904762	4.907295383806852	11.841620825147348	17.2042	0.058078808229272895	20.998327255249023	0.0	20.760727882385254	-2.8610256777054574e-06	19.39316446375739	-1.1445347037228852e-05	17.090877670036395	-1.5276460978667375e-05	14.666160966114868	-1.9167442948106065e-05	12.552746834145784	-1.8369610090523504e-05	10.909579857674725	-1.963650858949977e-05	9.688663219717885	-2.0079333446446912e-05	8.76843824341508	-1.962643660351086e-05	8.066687450886604	-2.028598974810139e-05	7.518761894224386	-2.2128814039404778e-05	7.087391099734852	-2.2956603983659488e-05	6.743784341846594	-2.3843358670875815e-05	6.45939096036104	-2.4762772638126744e-05	6.222252083119021	-2.5717551843369823e-05	6.020198352359122	-2.669977438690643e-05	5.848403574044561	-2.6308283232207984e-05	5.690592326496884	-2.7257846314523985e-05	5.553177230688761	-2.9718785987592406e-05	5.431030505471792	-3.0757732109380644e-05	5.320066529942445	-3.177175173553194e-05	5.215408838590725	-3.2836516833640354e-05	5.116419150306853	-3.3906408141606724e-05	5.021330646007852	-3.499127842385285e-05	4.935838263017617	-3.611496839037392e-05	4.854789750083802	-3.7245404382666736e-05	4.777984297265174	-3.840245775729647e-05	4.7068644171754865	-3.957128470154348e-05	4.639225897485043	-4.078095529387776e-05
16	1	12	0	0	3017	19	2370	1406	1891	6076	1581	10438	1351	10857	1165	9124	1058	7183	966	5167	896	3752	806	2796	821	2182	726	1713	695	1437	662	1227	641	1086	598	964	631	888	607	793	576	790	562	747	539	672	539	649	504	606	493	610	457	609	427	576	411	560	408	534	401	4067	4095	248.0	481.33849641590245	403.98011016845703	28	1	0.7511892318725586	4.761904761904762	4.878048780487805			5.168662520772301	5.900621118012422	4.758080706685405	10.0	4.366701304699226	9.610426585261694	4.135820231773354	9.140505276062875	3.9095960180576457	7.891179206884521	3.681000979493823	6.561904419432558	3.581099377200108	5.565024714504858	3.4535769189517715	4.618423640036468	3.3600840021000526	4.046199139427794	3.1526245795196743	3.604579207920792	3.332792075992531	3.333078744367219	3.0139488542012622	3.111773147559447	2.960091997103795	3.03715602147356	2.885537442245663	3.021125720195007	2.849648795234285	3.0354697151801435	2.700871686012375	3.03011252907525	2.887475403834714	3.0539601747085325	2.7981376480892455	2.9531151081815814	2.676082512544137	3.1549520766773163	2.639489009956791	3.160566955785911	2.5688685539986658	2.9543656027433394	2.579317605397904	2.9894058037770614	2.422261738837891	2.8995215311004787	2.378654829682524	3.0050741415833295	2.2152205525933106	3.0681646430550655	2.0802884146935594	2.9764365440264573	2.0018508596756126	2.928870292887029	1.9913124115378984	2.8525641025641026	1.9717755814525249	4.7771186938391965	4.761904761904762	2.827499714969787	3.5932668700064236	3.0255666261310465	3.255813953488372	4.761904761904762	4.9117476896959795	11.841620825147348	17.2042	0.058078808229272895	20.998327255249023	0.0	20.760727882385254	-2.8610256777054574e-06	19.39316446375739	-1.1445347037228852e-05	17.090877670036395	-1.5276460978667375e-05	14.666160966114868	-1.9167442948106065e-05	12.552746834145784	-1.8369610090523504e-05	10.909579857674725	-1.963650858949977e-05	9.688663219717885	-2.0079333446446912e-05	8.76843824341508	-1.962643660351086e-05	8.066687450886604	-2.028598974810139e-05	7.518761894224386	-2.2128814039404778e-05	7.087391099734852	-2.2956603983659488e-05	6.743784341846594	-2.3843358670875815e-05	6.45939096036104	-2.4762772638126744e-05	6.222252083119021	-2.5717551843369823e-05	6.020198352359122	-2.669977438690643e-05	5.848403574044561	-2.6308283232207984e-05	5.690592326496884	-2.7257846314523985e-05	5.553177230688761	-2.9718785987592406e-05	5.431030505471792	-3.0757732109380644e-05	5.320066529942445	-3.177175173553194e-05	5.215408838590725	-3.2836516833640354e-05	5.116419150306853	-3.3906408141606724e-05	5.021330646007852	-3.499127842385285e-05	4.935838263017617	-3.611496839037392e-05	4.854789750083802	-3.7245404382666736e-05	4.777984297265174	-3.840245775729647e-05	4.7068644171754865	-3.957128470154348e-05	4.639225897485043	-4.078095529387776e-05
17	1	13	0	0	2821	14	2212	1677	1819	6863	1532	11158	1312	10605	1163	8561	1087	6306	951	4534	839	3333	823	2665	753	2043	739	1705	700	1427	706	1204	707	1104	650	971	622	838	582	800	552	751	547	718	538	708	569	702	592	671	548	626	502	583	486	552	449	548	423	541	419	4071	4095	241.0	486.9567043472161	404.27826976776123	24	1	0.7505226135253906	4.761904761904762	5.284552845528456			4.832879340768533	4.3478260869565215	4.440875326239711	11.927453769559031	4.200438748412424	10.855226737105166	4.007638580061213	9.771005735802794	3.796735733302466	7.708018374229561	3.6746816645075677	6.156999532525441	3.679258055781208	4.8855695182608425	3.3999499481605953	4.052628756323853	3.146328658216455	3.5943448112241048	3.2191191426112806	3.4356951320132016	3.0567508321831616	3.120751546627969	3.067917635337097	3.097240640156951	2.9813876229822394	3.01602062814389	3.077325429343562	2.9644950017235434	3.1430603716546637	3.085781367917936	2.935730093491712	3.0521154208838874	2.8462911270763738	2.8820029576641333	2.6828930991564097	2.979182959073474	2.5645790745214647	2.9992012779552715	2.5690400150291186	3.037867569282843	2.564102564102564	3.1126351886045898	2.722878882136192	3.2335329341317367	2.8451963281587926	3.2105263157894735	2.64402200135096	3.0838957584117446	2.433349491032477	2.9371756763564916	2.3677287342882196	2.8524183546920217	2.1869368272368614	2.8661087866108788	2.0645224266679683	2.889957264957265	2.06028421104391	4.7818171139954195	4.761904761904762	2.747691255273059	3.635207667550598	3.027799661149873	2.7906976744186047	4.761904761904762	4.907388919644858	11.841620825147348	17.2042	0.058078808229272895	20.998327255249023	0.0	20.760727882385254	-2.8610256777054574e-06	19.39316446375739	-1.1445347037228852e-05	17.090877670036395	-1.5276460978667375e-05	14.666160966114868	-1.9167442948106065e-05	12.552746834145784	-1.8369610090523504e-05	10.909579857674725	-1.963650858949977e-05	9.688663219717885	-2.0079333446446912e-05	8.76843824341508	-1.962643660351086e-05	8.066687450886604	-2.028598974810139e-05	7.518761894224386	-2.2128814039404778e-05	7.087391099734852	-2.2956603983659488e-05	6.743784341846594	-2.3843358670875815e-05	6.45939096036104	-2.4762772638126744e-05	6.222252083119021	-2.5717551843369823e-05	6.020198352359122	-2.669977438690643e-05	5.848403574044561	-2.6308283232207984e-05	5.690592326496884	-2.7257846314523985e-05	5.553177230688761	-2.9718785987592406e-05	5.431030505471792	-3.0757732109380644e-05	5.320066529942445	-3.177175173553194e-05	5.215408838590725	-3.2836516833640354e-05	5.116419150306853	-3.3906408141606724e-05	5.021330646007852	-3.499127842385285e-05	4.935838263017617	-3.611496839037392e-05	4.854789750083802	-3.7245404382666736e-05	4.777984297265174	-3.840245775729647e-05	4.7068644171754865	-3.957128470154348e-05	4.639225897485043	-4.078095529387776e-05
18	1	13	0	0	2409	44	1947	2040	1679	7710	1388	11181	1144	10544	993	7905	928	5902	879	4213	772	3149	738	2257	723	1871	688	1503	702	1259	642	1034	615	943	566	878	556	767	553	735	572	732	574	676	526	706	504	615	509	574	491	567	508	546	477	571	482	571	478	521	462	4070	4095	235.0	503.5003817290156	407.6913366317749	25	1	0.7551202774047852	4.761904761904762	5.284552845528456			4.127049390964691	13.664596273291925	3.9088536438466175	14.509246088193455	3.8771504445214178	12.19492906062667	3.6309414811520653	9.791146722711153	3.310568352818613	7.663681823467845	3.1375398906758507	5.685209824157647	3.14107771459518	4.57257077335482	3.1425404883629473	3.76570907595774	2.8950723768094204	3.3959171348768997	2.8866463271532505	2.9097050330033003	2.9349679305025576	2.858015733598106	2.856193955496513	2.730294828243928	2.9899058733336172	2.660946020205436	2.7983610844738904	2.5459201260649036	2.7340624166444383	2.6357715850965704	2.5563434352558603	2.7597912868548438	2.5442730975152155	2.637823709461086	2.5492094223943207	2.7371243436487545	2.6574986062070245	2.92332268370607	2.6958482058989293	2.86016500951978	2.506910685349347	3.1038424338345205	2.411829449203235	2.8327959465684014	2.446292113231124	2.7464114832535884	2.3690051143491266	2.7932410463569637	2.4624333494910324	2.750768300670059	2.3238819058754747	2.95059942124845	2.347669378013735	2.986401673640167	2.332959148811557	2.783119658119658	2.2717214928455522	4.780642508956364	4.761904761904762	2.679284004104435	3.75870879676992	3.0533614671313787	2.9069767441860463	4.761904761904762	4.937451337980277	11.841620825147348	17.2042	0.058078808229272895	20.998327255249023	0.0	20.760727882385254	-2.8610256777054574e-06	19.39316446375739	-1.1445347037228852e-05	17.090877670036395	-1.5276460978667375e-05	14.666160966114868	-1.9167442948106065e-05	12.552746834145784	-1.8369610090523504e-05	10.909579857674725	-1.963650858949977e-05	9.688663219717885	-2.0079333446446912e-05	8.76843824341508	-1.962643660351086e-05	8.066687450886604	-2.028598974810139e-05	7.518761894224386	-2.2128814039404778e-05	7.087391099734852	-2.2956603983659488e-05	6.743784341846594	-2.3843358670875815e-05	6.45939096036104	-2.4762772638126744e-05	6.222252083119021	-2.5717551843369823e-05	6.020198352359122	-2.669977438690643e-05	5.848403574044561	-2.6308283232207984e-05	5.690592326496884	-2.7257846314523985e-05	5.553177230688761	-2.9718785987592406e-05	5.431030505471792	-3.0757732109380644e-05	5.320066529942445	-3.177175173553194e-05	5.215408838590725	-3.2836516833640354e-05	5.116419150306853	-3.3906408141606724e-05	5.021330646007852	-3.499127842385285e-05	4.935838263017617	-3.611496839037392e-05	4.854789750083802	-3.7245404382666736e-05	4.777984297265174	-3.840245775729647e-05	4.7068644171754865	-3.957128470154348e-05	4.639225897485043	-4.078095529387776e-05
19	1	11	0	0	2377	77	1951	2594	1581	8218	1260	11416	1102	9976	915	7217	810	5176	759	4028	756	2987	715	2376	617	1906	633	1528	629	1263	569	996	556	878	537	755	547	761	570	718	574	617	549	629	478	619	465	579	457	554	458	555	467	577	457	568	454	561	455	478	442	4071	4095	231.0	519.7869716125293	414.3689546585083	24	1	0.7556972503662109	4.761904761904762	4.471544715447155			4.072227647290607	23.91304347826087	3.916884159807268	18.449502133712663	3.6508486317977136	12.998434114167312	3.296099615455045	9.996935067209597	3.1890265076976503	7.250843121293174	2.8910866062118865	5.19040598367435	2.7416734362307067	4.010102731766273	2.713524722033535	3.6003503816657427	2.835070876771919	3.2212145067885993	2.796683094735195	3.0631188118811883	2.504668344564423	2.9114794164820896	2.627864496844902	2.775708913876728	2.6789897355083263	2.669400177537304	2.4801673786069216	2.452356330329443	2.471770249844403	2.454090616876764	2.4253647080077685	2.3731690450744956	2.5030888207568753	2.617188843415758	2.627575715668649	2.673816705768443	2.6667905593755807	2.4640575079872202	2.5784332143528084	2.661307383118257	2.2781431703364787	2.7213576013364986	2.2251997894434608	2.666973744818056	2.1963762195415004	2.650717703349282	2.209784811348065	2.734124833735652	2.2636936500242366	2.9069474532722053	2.2264445094027088	2.9350971475816454	2.2112902440212365	2.934100418410042	2.220703792278784	2.5534188034188032	2.1733785710773468	4.7818171139954195	4.761904761904762	2.6336791699920195	3.880290727759387	3.103372786340413	2.7906976744186047	4.761904761904762	4.941223950113223	11.841620825147348	17.2042	0.058078808229272895	20.998327255249023	0.0	20.760727882385254	-2.8610256777054574e-06	19.39316446375739	-1.1445347037228852e-05	17.090877670036395	-1.5276460978667375e-05	14.666160966114868	-1.9167442948106065e-05	12.552746834145784	-1.8369610090523504e-05	10.909579857674725	-1.963650858949977e-05	9.688663219717885	-2.0079333446446912e-05	8.76843824341508	-1.962643660351086e-05	8.066687450886604	-2.028598974810139e-05	7.518761894224386	-2.2128814039404778e-05	7.087391099734852	-2.2956603983659488e-05	6.743784341846594	-2.3843358670875815e-05	6.45939096036104	-2.4762772638126744e-05	6.222252083119021	-2.5717551843369823e-05	6.020198352359122	-2.669977438690643e-05	5.848403574044561	-2.6308283232207984e-05	5.690592326496884	-2.7257846314523985e-05	5.553177230688761	-2.9718785987592406e-05	5.431030505471792	-3.0757732109380644e-05	5.320066529942445	-3.177175173553194e-05	5.215408838590725	-3.2836516833640354e-05	5.116419150306853	-3.3906408141606724e-05	5.021330646007852	-3.499127842385285e-05	4.935838263017617	-3.611496839037392e-05	4.854789750083802	-3.7245404382666736e-05	4.777984297265174	-3.840245775729647e-05	4.7068644171754865	-3.957128470154348e-05	4.639225897485043	-4.078095529387776e-05
20	1	10	0	0	2145	134	1798	2866	1472	8986	1248	11550	1022	9038	929	6717	839	5029	711	3729	660	2849	589	2239	585	1817	567	1472	564	1219	573	995	537	898	517	777	505	668	525	592	507	577	483	566	480	567	471	561	486	542	480	514	462	520	451	521	460	496	479	495	448	4076	4095	228.0	541.7220327203547	422.10064697265625	19	1	0.7584371566772461	4.761904761904762	4.0650406504065035			3.6747700056534924	41.61490683229814	3.609716924312387	20.38406827880512	3.3991455951968597	14.213181911646078	3.2647081905459494	10.11427820832786	2.9575182312767683	6.569077799744156	2.935321811115675	4.830810169369629	2.839832114811806	3.8962145745851218	2.54191841550177	3.3330949784586785	2.475061876546914	3.072393749528195	2.3038410388797623	2.886499587458746	2.374766582771779	2.775528908577102	2.3538691464629693	2.6739813620592563	2.4021465990885473	2.5764044468867566	2.4976026501612765	2.44989412517851	2.3873032808749	2.5099924532520896	2.3350345512849464	2.4423209907587853	2.310895529217956	2.2973484197131753	2.420135527589545	2.204595389714371	2.355510128228954	2.3043130990415337	2.26845763667105	2.394753543473662	2.287675150128682	2.492745977314693	2.2539120447911185	2.5840626439428838	2.335752391022252	2.5933014354066986	2.3159316800154395	2.532144440612838	2.2394571013087736	2.6197793339714845	2.197213290460879	2.692228193468375	2.240514344162486	2.594142259414226	2.337839816486895	2.644230769230769	2.2028814476078082	4.787690139190697	4.761904761904762	2.5994755444077073	4.044039376490387	3.161278484270555	2.2093023255813953	4.761904761904762	4.959139180952811	11.841620825147348	17.2042	0.058078808229272895	20.998327255249023	0.0	20.760727882385254	-2.8610256777054574e-06	19.39316446375739	-1.1445347037228852e-05	17.090877670036395	-1.5276460978667375e-05	14.666160966114868	-1.9167442948106065e-05	12.552746834145784	-1.8369610090523504e-05	10.909579857674725	-1.963650858949977e-05	9.688663219717885	-2.0079333446446912e-05	8.76843824341508	-1.962643660351086e-05	8.066687450886604	-2.028598974810139e-05	7.518761894224386	-2.2128814039404778e-05	7.087391099734852	-2.2956603983659488e-05	6.743784341846594	-2.3843358670875815e-05	6.45939096036104	-2.4762772638126744e-05	6.222252083119021	-2.5717551843369823e-05	6.020198352359122	-2.669977438690643e-05	5.848403574044561	-2.6308283232207984e-05	5.690592326496884	-2.7257846314523985e-05	5.553177230688761	-2.9718785987592406e-05	5.431030505471792	-3.0757732109380644e-05	5.320066529942445	-3.177175173553194e-05	5.215408838590725	-3.2836516833640354e-05	5.116419150306853	-3.3906408141606724e-05	5.021330646007852	-3.499127842385285e-05	4.935838263017617	-3.611496839037392e-05	4.854789750083802	-3.7245404382666736e-05	4.777984297265174	-3.840245775729647e-05	4.7068644171754865	-3.957128470154348e-05	4.639225897485043	-4.078095529387776e-05
