	counts(inten<0.01	MicrocoloniesPlatonic	MicrocoloniesAggregates	MicrocoloniesLarge	counts(Norminten<0.01	counts(inten<0.02	counts(Norminten<0.02	counts(inten<0.03	counts(Norminten<0.03	counts(inten<0.04	counts(Norminten<0.04	counts(inten<0.05	counts(Norminten<0.05	counts(inten<0.060000000000000005	counts(Norminten<0.060000000000000005	counts(inten<0.06999999999999999	counts(Norminten<0.06999999999999999	counts(inten<0.08	counts(Norminten<0.08	counts(inten<0.09	counts(Norminten<0.09	counts(inten<0.09999999999999999	counts(Norminten<0.09999999999999999	counts(inten<0.11	counts(Norminten<0.11	counts(inten<0.12	counts(Norminten<0.12	counts(inten<0.13	counts(Norminten<0.13	counts(inten<0.14	counts(Norminten<0.14	counts(inten<0.15000000000000002	counts(Norminten<0.15000000000000002	counts(inten<0.16	counts(Norminten<0.16	counts(inten<0.17	counts(Norminten<0.17	counts(inten<0.18000000000000002	counts(Norminten<0.18000000000000002	counts(inten<0.19	counts(Norminten<0.19	counts(inten<0.2	counts(Norminten<0.2	counts(inten<0.21000000000000002	counts(Norminten<0.21000000000000002	counts(inten<0.22	counts(Norminten<0.22	counts(inten<0.23	counts(Norminten<0.23	counts(inten<0.24000000000000002	counts(Norminten<0.24000000000000002	counts(inten<0.25	counts(Norminten<0.25	counts(inten<0.26	counts(Norminten<0.26	counts(inten<0.27	counts(Norminten<0.27	counts(inten<0.28	counts(Norminten<0.28	counts(inten<0.29000000000000004	counts(Norminten<0.29000000000000004	diff	max	med	std	mean	min	eigenLocal	minProp	counts(inten<0.01Normalized	MicrocoloniesPlatonicNormalized	MicrocoloniesAggregatesNormalized	MicrocoloniesLargeNormalized	counts(Norminten<0.01Normalized	counts(inten<0.02Normalized	counts(Norminten<0.02Normalized	counts(inten<0.03Normalized	counts(Norminten<0.03Normalized	counts(inten<0.04Normalized	counts(Norminten<0.04Normalized	counts(inten<0.05Normalized	counts(Norminten<0.05Normalized	counts(inten<0.060000000000000005Normalized	counts(Norminten<0.060000000000000005Normalized	counts(inten<0.06999999999999999Normalized	counts(Norminten<0.06999999999999999Normalized	counts(inten<0.08Normalized	counts(Norminten<0.08Normalized	counts(inten<0.09Normalized	counts(Norminten<0.09Normalized	counts(inten<0.09999999999999999Normalized	counts(Norminten<0.09999999999999999Normalized	counts(inten<0.11Normalized	counts(Norminten<0.11Normalized	counts(inten<0.12Normalized	counts(Norminten<0.12Normalized	counts(inten<0.13Normalized	counts(Norminten<0.13Normalized	counts(inten<0.14Normalized	counts(Norminten<0.14Normalized	counts(inten<0.15000000000000002Normalized	counts(Norminten<0.15000000000000002Normalized	counts(inten<0.16Normalized	counts(Norminten<0.16Normalized	counts(inten<0.17Normalized	counts(Norminten<0.17Normalized	counts(inten<0.18000000000000002Normalized	counts(Norminten<0.18000000000000002Normalized	counts(inten<0.19Normalized	counts(Norminten<0.19Normalized	counts(inten<0.2Normalized	counts(Norminten<0.2Normalized	counts(inten<0.21000000000000002Normalized	counts(Norminten<0.21000000000000002Normalized	counts(inten<0.22Normalized	counts(Norminten<0.22Normalized	counts(inten<0.23Normalized	counts(Norminten<0.23Normalized	counts(inten<0.24000000000000002Normalized	counts(Norminten<0.24000000000000002Normalized	counts(inten<0.25Normalized	counts(Norminten<0.25Normalized	counts(inten<0.26Normalized	counts(Norminten<0.26Normalized	counts(inten<0.27Normalized	counts(Norminten<0.27Normalized	counts(inten<0.28Normalized	counts(Norminten<0.28Normalized	counts(inten<0.29000000000000004Normalized	counts(Norminten<0.29000000000000004Normalized	diffNormalized	maxNormalized	medNormalized	stdNormalized	meanNormalized	minNormalized	eigenLocalNormalized	minPropNormalized	BioVolume	SubstratumCoverage	Homogenity	ThicknessThreshold=0.01	RoughnessThreshold=0.01	ThicknessThreshold=0.02	RoughnessThreshold=0.02	ThicknessThreshold=0.03	RoughnessThreshold=0.03	ThicknessThreshold=0.04	RoughnessThreshold=0.04	ThicknessThreshold=0.05	RoughnessThreshold=0.05	ThicknessThreshold=0.060000000000000005	RoughnessThreshold=0.060000000000000005	ThicknessThreshold=0.06999999999999999	RoughnessThreshold=0.06999999999999999	ThicknessThreshold=0.08	RoughnessThreshold=0.08	ThicknessThreshold=0.09	RoughnessThreshold=0.09	ThicknessThreshold=0.09999999999999999	RoughnessThreshold=0.09999999999999999	ThicknessThreshold=0.11	RoughnessThreshold=0.11	ThicknessThreshold=0.12	RoughnessThreshold=0.12	ThicknessThreshold=0.13	RoughnessThreshold=0.13	ThicknessThreshold=0.14	RoughnessThreshold=0.14	ThicknessThreshold=0.15000000000000002	RoughnessThreshold=0.15000000000000002	ThicknessThreshold=0.16	RoughnessThreshold=0.16	ThicknessThreshold=0.17	RoughnessThreshold=0.17	ThicknessThreshold=0.18000000000000002	RoughnessThreshold=0.18000000000000002	ThicknessThreshold=0.19	RoughnessThreshold=0.19	ThicknessThreshold=0.2	RoughnessThreshold=0.2	ThicknessThreshold=0.21000000000000002	RoughnessThreshold=0.21000000000000002	ThicknessThreshold=0.22	RoughnessThreshold=0.22	ThicknessThreshold=0.23	RoughnessThreshold=0.23	ThicknessThreshold=0.24000000000000002	RoughnessThreshold=0.24000000000000002	ThicknessThreshold=0.25	RoughnessThreshold=0.25	ThicknessThreshold=0.26	RoughnessThreshold=0.26	ThicknessThreshold=0.27	RoughnessThreshold=0.27	ThicknessThreshold=0.28	RoughnessThreshold=0.28	ThicknessThreshold=0.29000000000000004	RoughnessThreshold=0.29000000000000004
0	1	34	0	0	4124	67	4503	113	4855	191	5205	386	5592	570	5855	818	6071	1109	6238	1369	6351	1724	6365	2090	6321	2490	6196	2945	6043	3416	5936	3899	5747	4399	5514	4813	5226	5233	4927	5650	4681	5958	4424	6170	4144	6309	3845	6374	3580	6307	3317	6178	3032	6007	2817	5837	2544	5585	2327	5255	2111	4071	4095	524.0	382.15430989999476	595.5316638946533	24	1	0.572235107421875	0.0009242827565808931	12.099644128113878			10.044816835541699	0.034351047194237226	14.414212548015366	0.16051592374783374	17.025529527282927	0.5578922771351793	18.729084955561152	1.6376750106067035	20.025784271594326	2.879951495553759	20.833333333333336	4.498212812757767	21.203548477228278	6.218459123023439	21.593741345887565	7.4629306585259485	21.673548783401017	9.027595957480232	21.495390226604975	10.454181672669067	21.19362950544845	11.780290485877845	20.74113748200716	13.20568584368414	20.288054790841333	14.44702897018397	19.993937148438814	15.53386454183267	19.543630551588112	16.718607479477043	19.065071571813842	17.6203551162365	18.561534363345764	18.538330735439988	17.96208530805687	19.2747245249548	17.53906103638203	19.846768820786142	17.101550117901734	20.406813295849183	16.487626322909207	20.76080160584422	15.845868534926849	20.93748973491443	15.35360466612343	20.94792081838714	14.876440776786115	20.942372881355933	14.228729644751045	20.78259064489344	13.878214602423883	20.805560506148638	13.180664214289415	20.606574917905768	12.759074459918851	20.24580058560641	12.254019852557033	5.591802535609796	5.605749486652977	18.264203555245732	7.561246786001847	13.170940957464893	9.7165991902834	4.761904761904762	3.6377798697938264	1.4400290023201856	29.135600000000004	0.20230887327211933	15.010163718587211	-1.812736669468458e-05	9.950862893637128	-1.936477721307936e-05	8.22742873854123	-1.902911454525424e-05	7.332745757883304	-2.0947453313363427e-05	6.743302316041138	-2.2055458450273212e-05	6.294481627204712	-2.33364876485805e-05	5.924033469297707	-2.1070166132062842e-05	5.600791495715485	-2.2463180204917057e-05	5.313916539808836	-2.4051146886013126e-05	5.062522830772228	-2.5874914574730557e-05	4.829694057639028	-2.62922216105629e-05	4.61616274968739	-2.850012735994414e-05	4.434065934065934	-3.104246415080429e-05	4.265478764372267	-3.3948220476717884e-05	4.1180954554664595	-3.260575910865171e-05	3.9861107546695274	-3.592940385419848e-05	3.8608369701544207	-3.972611680045855e-05	3.748875250469433	-4.4107963692844745e-05	3.6509084779570307	-4.9164035805464935e-05	3.557816422008618	-5.4994264883804976e-05	3.481507573089116	-2.6417869046623135e-05	3.409889989764179	-2.484435014633322e-05	3.346533150413818	-2.811278850749206e-05	3.284244607073068	-3.192990746712816e-05	3.226139238665775	-3.635121085883371e-05	3.1714190926432777	-2.4882017765760685e-05	3.125013041952404	-2.8455438782866033e-05	3.0854315665719603	-3.2657682175437066e-05	3.043740043401362	-3.763171098845961e-05
1	2	38	0	0	3366	205	3604	437	3950	593	4261	740	4448	926	4611	1156	4837	1419	4897	1640	4955	1922	5049	2193	5140	2533	5100	2833	5072	3202	5021	3518	4872	3896	4662	4261	4495	4474	4320	4706	4133	4832	3959	4940	3782	5015	3601	5134	3430	5095	3192	5045	2988	4964	2804	4757	2581	4543	2414	4336	2251	4079	4095	464.0	401.0703292414121	554.7580652236938	16	1	0.5869083404541016	0.0018485655131617862	13.523131672597867			8.198558067030397	0.10510395037042733	11.536491677336748	0.6207562714849854	13.851872632907842	1.7320948708961326	15.332301824331617	3.1395842172252864	15.928950007162298	4.678658043654002	16.406917164816395	6.35688754467968	16.893685386979605	7.956711898620612	16.951675436167264	8.940252943741823	16.909531447292085	10.06440802220244	17.05109587653237	10.96938775510204	17.233864207879297	11.983725221176137	17.072272620761222	12.703466212277476	17.028134022695227	13.54197504757877	16.91198760483681	14.01593625498008	16.56804733727811	14.806932198236547	16.11921720489593	15.599487461101958	15.965192683359971	15.849511123706957	15.749179730222384	16.054310374236685	15.485780658698339	16.095936042638243	15.304031852796784	16.338680337357367	15.047346224238083	16.502681891473888	14.840304966000412	16.864303780836316	14.710297208045631	16.92241264780125	14.315827241332915	17.101694915254235	14.022244122201888	17.174093551065596	13.814168883633856	16.95597932632329	13.372364126211078	16.76198206840571	13.236100449610703	16.70519340422253	13.066697625819934	5.602791093773608	5.605749486652977	16.1728825374695	7.935516254496576	12.269180911312967	6.477732793522267	4.761904761904762	3.73105969666414	1.4400290023201856	29.135600000000004	0.20230887327211933	15.010163718587211	-1.812736669468458e-05	9.950862893637128	-1.936477721307936e-05	8.22742873854123	-1.902911454525424e-05	7.332745757883304	-2.0947453313363427e-05	6.743302316041138	-2.2055458450273212e-05	6.294481627204712	-2.33364876485805e-05	5.924033469297707	-2.1070166132062842e-05	5.600791495715485	-2.2463180204917057e-05	5.313916539808836	-2.4051146886013126e-05	5.062522830772228	-2.5874914574730557e-05	4.829694057639028	-2.62922216105629e-05	4.61616274968739	-2.850012735994414e-05	4.434065934065934	-3.104246415080429e-05	4.265478764372267	-3.3948220476717884e-05	4.1180954554664595	-3.260575910865171e-05	3.9861107546695274	-3.592940385419848e-05	3.8608369701544207	-3.972611680045855e-05	3.748875250469433	-4.4107963692844745e-05	3.6509084779570307	-4.9164035805464935e-05	3.557816422008618	-5.4994264883804976e-05	3.481507573089116	-2.6417869046623135e-05	3.409889989764179	-2.484435014633322e-05	3.346533150413818	-2.811278850749206e-05	3.284244607073068	-3.192990746712816e-05	3.226139238665775	-3.635121085883371e-05	3.1714190926432777	-2.4882017765760685e-05	3.125013041952404	-2.8455438782866033e-05	3.0854315665719603	-3.2657682175437066e-05	3.043740043401362	-3.763171098845961e-05
2	1	39	0	0	2854	672	3016	872	3210	939	3319	1152	3431	1339	3573	1534	3616	1721	3674	1985	3773	2147	3828	2434	3840	2733	3849	2866	3772	3047	3676	3264	3597	3380	3555	3531	3439	3593	3331	3674	3212	3768	3098	3811	2983	3835	2877	3812	2727	3721	2611	3637	2494	3560	2363	3439	2240	3317	2105	3188	1950	4080	4095	384.0	398.7585931015429	492.7283754348755	15	1	0.6087589263916016	0.0009242827565808931	13.87900355871886			6.951480904130943	0.34453587633623006	9.654289372599232	1.2386715531691241	11.2568382662365	2.742726954083421	11.942715267532654	4.8875689435723375	12.286921644463543	6.765359741309621	12.713492741246798	8.435523783337915	12.629226040793517	9.650106538073343	12.718083633342564	10.820976886175316	12.875814762993551	11.242603550295858	12.927628246259836	12.174869947979191	12.875104777870913	12.929933292330983	12.884544572021559	12.85144163938837	12.663667494796213	12.886445337280609	12.381690188285223	13.003984063745019	12.2321975107121	12.845849802371543	12.29168107323145	12.926963207029104	12.214526727046705	12.728496528269803	12.143638352169157	12.533688124722818	12.034920753868635	12.551632245169886	11.97572383934439	12.604597320985613	11.868385453966738	12.619697917009445	11.856583556562951	12.521761981407877	11.695329587854356	12.358841503919225	11.710095528546441	12.328813559322034	11.703974846309071	12.316634375864933	11.641541038525963	12.258064516129032	11.605616289311435	12.238497583293363	11.541835727601711	12.28232393280937	11.319440413304696	5.6041646635440845	5.605749486652977	13.384454513767864	7.889776596445238	10.89731534756536	6.0728744939271255	4.761904761904762	3.869966975570458	1.4400290023201856	29.135600000000004	0.20230887327211933	15.010163718587211	-1.812736669468458e-05	9.950862893637128	-1.936477721307936e-05	8.22742873854123	-1.902911454525424e-05	7.332745757883304	-2.0947453313363427e-05	6.743302316041138	-2.2055458450273212e-05	6.294481627204712	-2.33364876485805e-05	5.924033469297707	-2.1070166132062842e-05	5.600791495715485	-2.2463180204917057e-05	5.313916539808836	-2.4051146886013126e-05	5.062522830772228	-2.5874914574730557e-05	4.829694057639028	-2.62922216105629e-05	4.61616274968739	-2.850012735994414e-05	4.434065934065934	-3.104246415080429e-05	4.265478764372267	-3.3948220476717884e-05	4.1180954554664595	-3.260575910865171e-05	3.9861107546695274	-3.592940385419848e-05	3.8608369701544207	-3.972611680045855e-05	3.748875250469433	-4.4107963692844745e-05	3.6509084779570307	-4.9164035805464935e-05	3.557816422008618	-5.4994264883804976e-05	3.481507573089116	-2.6417869046623135e-05	3.409889989764179	-2.484435014633322e-05	3.346533150413818	-2.811278850749206e-05	3.284244607073068	-3.192990746712816e-05	3.226139238665775	-3.635121085883371e-05	3.1714190926432777	-2.4882017765760685e-05	3.125013041952404	-2.8455438782866033e-05	3.0854315665719603	-3.2657682175437066e-05	3.043740043401362	-3.763171098845961e-05
3	14	33	0	0	2197	1794	2337	1683	2405	1508	2468	1507	2552	1671	2607	1813	2605	1882	2653	1979	2680	2111	2701	2210	2694	2331	2687	2423	2652	2475	2682	2592	2659	2611	2589	2618	2530	2688	2472	2711	2424	2690	2365	2670	2291	2640	2194	2675	2105	2641	2009	2566	1922	2462	1837	2433	1738	2366	1654	2287	1541	4079	4095	287.0	379.13031437052456	412.6037826538086	16	1	0.6344976425170898	0.012939958592132506	11.743772241992882			5.351227591582229	0.9197877412904714	7.480793854033291	2.3906929174124265	8.433861691681862	4.40472017759084	8.880572847324673	6.39372083156555	9.139091820656066	8.4428051738076	9.276259607173357	9.969755292823756	9.098211791003074	10.552876527980262	9.183744115203545	10.788268643698212	9.1458212469713	11.05409226580091	9.121610212421059	11.054421768707483	9.032690695725062	11.028055069309742	8.994744418036355	10.86498363302094	8.903511716913986	10.467329245083528	9.033648826164573	10.326693227091633	9.042372304971774	9.923228944968075	8.9516630938386	9.584477393373604	8.985970520333867	9.52245996882528	9.01203062340503	9.248456316310168	9.082393495447564	8.960692871419054	9.142216552630561	8.830825202579792	9.115142834407576	8.68735397676791	9.041829796002473	8.786913247708833	9.027747995025088	8.771755015278332	9.01018074180383	8.698305084745762	9.019663053170023	8.51785220038749	9.050152724406345	8.672250935662092	9.004714781617533	8.72966092314504	9.06897686149797	8.811064879026045	8.945260347129507	5.602791093773608	5.605749486652977	10.003485535029627	7.501414472494579	9.125257966335953	6.477732793522267	4.761904761904762	4.033591650430909	1.4400290023201856	29.135600000000004	0.20230887327211933	15.010163718587211	-1.812736669468458e-05	9.950862893637128	-1.936477721307936e-05	8.22742873854123	-1.902911454525424e-05	7.332745757883304	-2.0947453313363427e-05	6.743302316041138	-2.2055458450273212e-05	6.294481627204712	-2.33364876485805e-05	5.924033469297707	-2.1070166132062842e-05	5.600791495715485	-2.2463180204917057e-05	5.313916539808836	-2.4051146886013126e-05	5.062522830772228	-2.5874914574730557e-05	4.829694057639028	-2.62922216105629e-05	4.61616274968739	-2.850012735994414e-05	4.434065934065934	-3.104246415080429e-05	4.265478764372267	-3.3948220476717884e-05	4.1180954554664595	-3.260575910865171e-05	3.9861107546695274	-3.592940385419848e-05	3.8608369701544207	-3.972611680045855e-05	3.748875250469433	-4.4107963692844745e-05	3.6509084779570307	-4.9164035805464935e-05	3.557816422008618	-5.4994264883804976e-05	3.481507573089116	-2.6417869046623135e-05	3.409889989764179	-2.484435014633322e-05	3.346533150413818	-2.811278850749206e-05	3.284244607073068	-3.192990746712816e-05	3.226139238665775	-3.635121085883371e-05	3.1714190926432777	-2.4882017765760685e-05	3.125013041952404	-2.8455438782866033e-05	3.0854315665719603	-3.2657682175437066e-05	3.043740043401362	-3.763171098845961e-05
4	191	24	0	0	1738	3203	1772	2483	1769	2133	1820	1847	1836	1776	1873	1724	1949	1709	1965	1752	1973	1772	2013	1769	2022	1826	2030	1837	2027	1891	1996	1978	1979	1988	1974	1993	1936	1988	1879	2030	1816	2041	1785	1985	1729	1970	1671	1975	1603	1940	1553	1860	1508	1820	1414	1754	1340	1705	1294	1631	1239	4083	4095	203.0	351.88074524701113	339.347448348999	12	1	0.663081169128418	0.1765380065069506	8.540925266903916			4.2332424006235385	1.642185136763311	5.672215108834827	3.5270888377510725	6.20353485762379	6.230283911671925	6.548882731819654	7.83623249893933	6.574989256553502	8.973322554567503	6.664531739254198	9.480340940335442	6.807069013690975	9.582819333856678	6.802132373303794	9.550806803314435	6.733099000102379	9.278944336806829	6.798149336395258	8.848539415766307	6.779547359597653	8.638879689643753	6.795434003950056	8.237298775839648	6.805210501577923	7.997462465637556	6.723028731179899	7.8804780876494025	6.7299190641365705	7.555487990270598	6.8252541318027795	7.296357312831778	6.876220919907654	7.04265268527703	6.850164053955524	6.925255006311193	6.804301397579528	6.798800799467022	6.900150759596428	6.565238961468496	6.879127874592187	6.482608838724538	6.886461982279004	6.4875340800840915	6.874812368658061	6.443470174040122	6.965062564470556	6.305084745762713	7.076822000093857	6.296706338223084	6.966203566853878	6.252004990197825	6.9426454587845186	6.290816514776962	7.095076214497204	6.28371089536138	7.192198293376677	5.608285372855514	5.605749486652977	7.075636110142907	6.9622586613014	7.505100865739476	4.8582995951417	4.761904761904762	4.215301189684582	1.4400290023201856	29.135600000000004	0.20230887327211933	15.010163718587211	-1.812736669468458e-05	9.950862893637128	-1.936477721307936e-05	8.22742873854123	-1.902911454525424e-05	7.332745757883304	-2.0947453313363427e-05	6.743302316041138	-2.2055458450273212e-05	6.294481627204712	-2.33364876485805e-05	5.924033469297707	-2.1070166132062842e-05	5.600791495715485	-2.2463180204917057e-05	5.313916539808836	-2.4051146886013126e-05	5.062522830772228	-2.5874914574730557e-05	4.829694057639028	-2.62922216105629e-05	4.61616274968739	-2.850012735994414e-05	4.434065934065934	-3.104246415080429e-05	4.265478764372267	-3.3948220476717884e-05	4.1180954554664595	-3.260575910865171e-05	3.9861107546695274	-3.592940385419848e-05	3.8608369701544207	-3.972611680045855e-05	3.748875250469433	-4.4107963692844745e-05	3.6509084779570307	-4.9164035805464935e-05	3.557816422008618	-5.4994264883804976e-05	3.481507573089116	-2.6417869046623135e-05	3.409889989764179	-2.484435014633322e-05	3.346533150413818	-2.811278850749206e-05	3.284244607073068	-3.192990746712816e-05	3.226139238665775	-3.635121085883371e-05	3.1714190926432777	-2.4882017765760685e-05	3.125013041952404	-2.8455438782866033e-05	3.0854315665719603	-3.2657682175437066e-05	3.043740043401362	-3.763171098845961e-05
5	622	18	0	0	1428	4429	1463	3186	1463	2312	1473	1855	1494	1598	1500	1481	1557	1431	1610	1454	1610	1475	1668	1493	1666	1501	1687	1519	1708	1571	1724	1609	1702	1649	1653	1679	1584	1668	1557	1710	1494	1723	1458	1699	1457	1655	1398	1564	1351	1539	1306	1484	1259	1459	1222	1435	1184	1376	1100	1338	1035	4083	4095	156.0	325.55959671677545	290.8178520202637	12	1	0.683680534362793	0.5749038745933156	6.405693950177936			3.47817614964926	2.2707580301981594	4.683098591549296	4.525696752748658	5.130453078973208	6.753125365112747	5.300277068115577	7.87017394993636	5.350236355822948	8.07396928051738	5.33731853116994	8.14407478691229	5.437971500419112	8.023999102837278	5.573248407643312	7.926297426951592	5.494317987919326	7.723726239723517	5.633041775016041	7.467987194877951	5.585917854149203	7.101291574017127	5.647239982592977	6.811353750952873	5.734237561270396	6.64411080566716	5.806864495267607	6.410358565737052	5.787934435149289	6.267102462754637	5.715372380886522	6.146805784367563	5.625998934469899	5.909026498512116	5.676266861100984	5.833589192508444	5.597811832590206	5.739506995336442	5.636089528006495	5.619315362989912	5.796928463435983	5.44604955740564	5.7613847104883575	5.137470025950136	5.7940558390873615	5.111598246313273	5.8572902184150335	5.030508474576271	5.9083016565770325	5.0477442568502635	6.020297566262686	5.114952771342007	6.134397181493187	5.0769287532745455	6.031363088057901	5.154877484974572	6.008010680907877	5.608285372855514	5.605749486652977	5.437434646218194	6.441472438112649	6.431807056716342	4.8582995951417	4.761904761904762	4.346254280832299	1.4400290023201856	29.135600000000004	0.20230887327211933	15.010163718587211	-1.812736669468458e-05	9.950862893637128	-1.936477721307936e-05	8.22742873854123	-1.902911454525424e-05	7.332745757883304	-2.0947453313363427e-05	6.743302316041138	-2.2055458450273212e-05	6.294481627204712	-2.33364876485805e-05	5.924033469297707	-2.1070166132062842e-05	5.600791495715485	-2.2463180204917057e-05	5.313916539808836	-2.4051146886013126e-05	5.062522830772228	-2.5874914574730557e-05	4.829694057639028	-2.62922216105629e-05	4.61616274968739	-2.850012735994414e-05	4.434065934065934	-3.104246415080429e-05	4.265478764372267	-3.3948220476717884e-05	4.1180954554664595	-3.260575910865171e-05	3.9861107546695274	-3.592940385419848e-05	3.8608369701544207	-3.972611680045855e-05	3.748875250469433	-4.4107963692844745e-05	3.6509084779570307	-4.9164035805464935e-05	3.557816422008618	-5.4994264883804976e-05	3.481507573089116	-2.6417869046623135e-05	3.409889989764179	-2.484435014633322e-05	3.346533150413818	-2.811278850749206e-05	3.284244607073068	-3.192990746712816e-05	3.226139238665775	-3.635121085883371e-05	3.1714190926432777	-2.4882017765760685e-05	3.125013041952404	-2.8455438782866033e-05	3.0854315665719603	-3.2657682175437066e-05	3.043740043401362	-3.763171098845961e-05
6	1579	14	0	0	1301	6074	1259	3645	1233	2093	1230	1615	1200	1474	1215	1303	1283	1256	1325	1233	1314	1212	1350	1170	1358	1214	1332	1315	1373	1317	1390	1341	1440	1331	1438	1341	1376	1341	1333	1384	1295	1436	1236	1433	1226	1384	1189	1331	1160	1287	1126	1237	1086	1223	1057	1180	1002	1148	943	1105	889	4083	4095	121.0	302.1493536687316	249.9991807937622	12	1	0.7056198120117188	1.4594424726412303	4.98220640569395			3.168842556508184	3.114153144146223	4.030089628681178	5.177703912042956	4.323888343386169	6.113447832690735	4.4258932748011945	6.8519304200254565	4.297378599054577	7.447453516572352	4.323228010247652	7.165246081935662	4.481000279407656	7.0427273746775825	4.586679590141235	6.721543829044919	4.484182506910555	6.346546577996544	4.559116544527372	5.852340936374549	4.553227158424141	5.7434829919099215	4.458875908010578	5.896596565176449	4.609548109850265	5.569887925565658	4.681868705581191	5.342629482071713	4.896959804121607	5.058528428093646	4.971993638060992	4.909390444810543	4.887231397620316	4.7506022389117195	4.859642726941305	4.721454644696892	4.852186293978793	4.783477681545636	4.777919517569291	4.739540267901439	4.877854698814355	4.554279509032874	4.900061817432516	4.37210524586933	4.974911009134965	4.274611398963731	5.050006727362426	4.193220338983051	5.096438124736027	4.231248270135621	5.207409597004631	4.206023881661023	5.191440857986633	4.235693465668007	5.170523083671455	4.257204499922946	5.160503860219423	5.608285372855514	5.605749486652977	4.217497385848728	5.9782809460348405	5.5290501736137765	4.8582995951417	4.761904761904762	4.485725385547726	1.4400290023201856	29.135600000000004	0.20230887327211933	15.010163718587211	-1.812736669468458e-05	9.950862893637128	-1.936477721307936e-05	8.22742873854123	-1.902911454525424e-05	7.332745757883304	-2.0947453313363427e-05	6.743302316041138	-2.2055458450273212e-05	6.294481627204712	-2.33364876485805e-05	5.924033469297707	-2.1070166132062842e-05	5.600791495715485	-2.2463180204917057e-05	5.313916539808836	-2.4051146886013126e-05	5.062522830772228	-2.5874914574730557e-05	4.829694057639028	-2.62922216105629e-05	4.61616274968739	-2.850012735994414e-05	4.434065934065934	-3.104246415080429e-05	4.265478764372267	-3.3948220476717884e-05	4.1180954554664595	-3.260575910865171e-05	3.9861107546695274	-3.592940385419848e-05	3.8608369701544207	-3.972611680045855e-05	3.748875250469433	-4.4107963692844745e-05	3.6509084779570307	-4.9164035805464935e-05	3.557816422008618	-5.4994264883804976e-05	3.481507573089116	-2.6417869046623135e-05	3.409889989764179	-2.484435014633322e-05	3.346533150413818	-2.811278850749206e-05	3.284244607073068	-3.192990746712816e-05	3.226139238665775	-3.635121085883371e-05	3.1714190926432777	-2.4882017765760685e-05	3.125013041952404	-2.8455438782866033e-05	3.0854315665719603	-3.2657682175437066e-05	3.043740043401362	-3.763171098845961e-05
7	3495	14	0	0	1146	6962	1038	3446	1045	1987	1028	1493	1034	1208	1020	1045	1033	1045	965	1027	1040	1040	1034	1026	1068	1022	1112	978	1147	1050	1192	1076	1207	1092	1207	1108	1216	1165	1181	1196	1163	1208	1129	1195	1104	1193	1066	1167	1014	1131	956	1112	904	1075	850	1020	822	954	774	903	735	4084	4095	98.0	281.0416952737057	216.7382297515869	11	1	0.7288894653320312	3.2303682342502222	4.98220640569395			2.7913094310210442	3.569432695019098	3.322663252240717	4.895025426858718	3.66460934212372	5.803832223390583	3.699039257313519	6.334323292320747	3.7029078928520267	6.1034761519805985	3.6293766011955593	5.7464943634863905	3.6078513551271305	5.859594033867893	3.3404873996122957	5.598560837331008	3.549124663003788	5.445881552076242	3.4919455607713346	5.132052821128451	3.5808885163453477	4.835123243601267	3.722424932213035	4.385453567104614	3.8508023903847444	4.44068513427786	4.014955033850922	4.286852589641434	4.104604502482487	4.150197628458498	4.17329368646705	4.056379278784551	4.318948676966791	4.127107836191016	4.305504921618666	4.080100979087777	4.357600509573232	4.023984010659561	4.36429703506127	3.95237307755912	4.392456433516352	3.9257626114712565	4.393158870801566	3.833393555168676	4.34875841660591	3.756476683937824	4.287572319146073	3.7694915254237285	4.242338917828148	3.7192084140603376	4.1876046901172534	3.635715558723935	4.258846691881249	3.5199055455115666	4.24388639105165	3.4789644012944985	4.2665583096302315	5.60965894262599	5.605749486652977	3.4158243290345065	5.560648042087795	4.793441894617018	4.4534412955465585	4.761904761904762	4.633653877399776	1.4400290023201856	29.135600000000004	0.20230887327211933	15.010163718587211	-1.812736669468458e-05	9.950862893637128	-1.936477721307936e-05	8.22742873854123	-1.902911454525424e-05	7.332745757883304	-2.0947453313363427e-05	6.743302316041138	-2.2055458450273212e-05	6.294481627204712	-2.33364876485805e-05	5.924033469297707	-2.1070166132062842e-05	5.600791495715485	-2.2463180204917057e-05	5.313916539808836	-2.4051146886013126e-05	5.062522830772228	-2.5874914574730557e-05	4.829694057639028	-2.62922216105629e-05	4.61616274968739	-2.850012735994414e-05	4.434065934065934	-3.104246415080429e-05	4.265478764372267	-3.3948220476717884e-05	4.1180954554664595	-3.260575910865171e-05	3.9861107546695274	-3.592940385419848e-05	3.8608369701544207	-3.972611680045855e-05	3.748875250469433	-4.4107963692844745e-05	3.6509084779570307	-4.9164035805464935e-05	3.557816422008618	-5.4994264883804976e-05	3.481507573089116	-2.6417869046623135e-05	3.409889989764179	-2.484435014633322e-05	3.346533150413818	-2.811278850749206e-05	3.284244607073068	-3.192990746712816e-05	3.226139238665775	-3.635121085883371e-05	3.1714190926432777	-2.4882017765760685e-05	3.125013041952404	-2.8455438782866033e-05	3.0854315665719603	-3.2657682175437066e-05	3.043740043401362	-3.763171098845961e-05
8	2197	15	0	0	1122	9019	1006	4438	937	2506	888	1591	878	1230	877	1075	837	944	847	900	845	874	866	877	875	839	897	847	900	835	950	861	993	880	998	889	1026	918	1068	975	1073	994	1062	1017	1063	1041	1053	1054	1029	1067	997	1067	958	1065	901	1016	900	993	859	965	819	3542	3553	83.0	263.8599714912566	192.18811511993408	11	1	0.7477045059204102	2.0306492162082224	5.338078291814947			2.7328526890101323	4.624061114101874	3.2202304737516005	6.304156368078638	3.285874596717632	7.319780348171516	3.1952790471735453	6.750106067034365	3.1442486749749317	6.214632174616006	3.1205522345573584	5.91146549353863	2.923302598491199	5.293260065044297	2.9320132927166993	4.906236371565634	2.8836637886905776	4.576635073571765	2.924588835230151	4.3867547018807524	2.933780385582565	3.969342858494583	3.002711478592709	3.798035962512892	3.0215537500839322	3.5314019877352507	3.1998383239583683	3.430278884462151	3.3768618649255253	3.3444816053511706	3.450660396929673	3.2546220025626944	3.64411294619073	3.2520901232818478	3.893547211082756	3.3261692764302526	4.020382929296714	3.3111259160559623	4.105299779659052	3.3636513973871343	4.229330786981778	3.4255816249300732	4.339583762621059	3.4622080609663963	4.413089162413689	3.5439085957220673	4.471453558774723	3.616949152542373	4.495752968229386	3.6846111264876837	4.438860971524288	3.6214578506505077	4.662970830526915	3.6638010552337383	4.709946266037942	3.7178301741408535	4.754164973587972	4.8651841270277325	4.863791923340178	2.8929940745904497	5.2206930805383305	4.250484853176325	4.4534412955465585	4.761904761904762	4.753263763291132	1.4400290023201856	29.135600000000004	0.20230887327211933	15.010163718587211	-1.812736669468458e-05	9.950862893637128	-1.936477721307936e-05	8.22742873854123	-1.902911454525424e-05	7.332745757883304	-2.0947453313363427e-05	6.743302316041138	-2.2055458450273212e-05	6.294481627204712	-2.33364876485805e-05	5.924033469297707	-2.1070166132062842e-05	5.600791495715485	-2.2463180204917057e-05	5.313916539808836	-2.4051146886013126e-05	5.062522830772228	-2.5874914574730557e-05	4.829694057639028	-2.62922216105629e-05	4.61616274968739	-2.850012735994414e-05	4.434065934065934	-3.104246415080429e-05	4.265478764372267	-3.3948220476717884e-05	4.1180954554664595	-3.260575910865171e-05	3.9861107546695274	-3.592940385419848e-05	3.8608369701544207	-3.972611680045855e-05	3.748875250469433	-4.4107963692844745e-05	3.6509084779570307	-4.9164035805464935e-05	3.557816422008618	-5.4994264883804976e-05	3.481507573089116	-2.6417869046623135e-05	3.409889989764179	-2.484435014633322e-05	3.346533150413818	-2.811278850749206e-05	3.284244607073068	-3.192990746712816e-05	3.226139238665775	-3.635121085883371e-05	3.1714190926432777	-2.4882017765760685e-05	3.125013041952404	-2.8455438782866033e-05	3.0854315665719603	-3.2657682175437066e-05	3.043740043401362	-3.763171098845961e-05
9	3182	10	0	0	1154	9856	916	4352	789	2211	793	1465	728	1123	716	864	711	790	706	764	745	718	718	727	749	697	820	728	820	741	845	741	869	797	888	810	863	830	896	859	919	890	907	869	890	897	867	919	871	909	832	876	823	867	789	850	776	832	723	802	722	3445	3456	71.0	247.57783238256545	170.15737056732178	11	1	0.7646169662475586	2.9410677314404023	3.558718861209965			2.8107950116913485	5.0531928529313745	2.9321382842509602	6.181993806642234	2.7668677233833634	6.458114265685245	2.8534417617214207	6.215528213831141	2.60707635009311	5.674009700889248	2.547680045545118	4.7511685455045365	2.4832355406538142	4.429740944263766	2.443921351426198	4.164849542084605	2.5424018018632903	3.759752840760329	2.4247745770152984	3.6364545818327327	2.5113160100586756	3.2975351279746414	2.744953637063569	3.2644276041433122	2.752971194520916	3.133854937618947	2.8461719828892855	2.952191235059761	2.9551792151261647	3.0290361812100945	3.0703270866468433	2.9654036243822075	3.065174924524951	2.9403429219214963	3.2664965366387166	2.930440418926756	3.4433661808235603	2.9646902065289806	3.5061270246240674	2.874152472300314	3.5410201320919867	2.9517259534700058	3.5730475994230377	3.0187563643530533	3.73547197323841	3.019131127939418	3.7314436919764993	2.969491525423729	3.862217842226289	2.9995848325491283	3.887082471179427	3.0297629656032794	4.020517071654319	3.0697708740729808	3.964250466059875	3.0898443519802745	4.1910953735415335	4.7319478592915125	4.731006160164271	2.474729871035204	4.898537163895539	3.763246888608958	4.4534412955465585	4.761904761904762	4.860778676180652	1.4400290023201856	29.135600000000004	0.20230887327211933	15.010163718587211	-1.812736669468458e-05	9.950862893637128	-1.936477721307936e-05	8.22742873854123	-1.902911454525424e-05	7.332745757883304	-2.0947453313363427e-05	6.743302316041138	-2.2055458450273212e-05	6.294481627204712	-2.33364876485805e-05	5.924033469297707	-2.1070166132062842e-05	5.600791495715485	-2.2463180204917057e-05	5.313916539808836	-2.4051146886013126e-05	5.062522830772228	-2.5874914574730557e-05	4.829694057639028	-2.62922216105629e-05	4.61616274968739	-2.850012735994414e-05	4.434065934065934	-3.104246415080429e-05	4.265478764372267	-3.3948220476717884e-05	4.1180954554664595	-3.260575910865171e-05	3.9861107546695274	-3.592940385419848e-05	3.8608369701544207	-3.972611680045855e-05	3.748875250469433	-4.4107963692844745e-05	3.6509084779570307	-4.9164035805464935e-05	3.557816422008618	-5.4994264883804976e-05	3.481507573089116	-2.6417869046623135e-05	3.409889989764179	-2.484435014633322e-05	3.346533150413818	-2.811278850749206e-05	3.284244607073068	-3.192990746712816e-05	3.226139238665775	-3.635121085883371e-05	3.1714190926432777	-2.4882017765760685e-05	3.125013041952404	-2.8455438782866033e-05	3.0854315665719603	-3.2657682175437066e-05	3.043740043401362	-3.763171098845961e-05
10	6693	11	0	0	1136	9177	826	3384	677	1719	614	1179	597	824	617	677	635	617	629	605	630	619	635	649	638	616	670	637	692	635	721	646	748	686	778	695	769	728	763	772	726	772	711	754	696	735	698	719	693	696	689	703	662	693	630	693	622	666	588	635	562	3644	3654	62.0	232.49525561587453	150.08569526672363	10	1	0.783294677734375	6.186224489795919	3.9145907473309607			2.7669524551831643	4.705068061216642	2.64404609475032	4.806954743032472	2.3741057651844577	5.021030494216614	2.2093483501853117	5.002121340687314	2.137945853029652	4.163298302344382	2.195417022487902	3.7228485015122352	2.217798267672534	3.4596837501401816	2.1773746884519523	3.2980811164413435	2.14995051701191	3.241346808399225	2.144473337611023	3.246298519407763	2.139145012573344	2.9143208591569287	2.2428279717470625	2.856374153625398	2.32323910562009	2.6855572002537533	2.4285088753410355	2.5737051792828685	2.5436985649187243	2.6071754332623898	2.6899937763640134	2.5443895295625114	2.7313088261410052	2.57899957489018	2.7816259569814075	2.6336437757991336	2.720221814230582	2.57161892071952	2.748463411805636	2.493798577807177	2.7691573167820485	2.4186383230774293	2.8765711930764475	2.361790887888841	2.9720804563194236	2.311677959346353	3.0901018074180384	2.383050847457627	3.1066685438077806	2.3975920287849433	3.1037540644398462	2.470147923721262	3.222630951764157	2.4572925506401506	3.224037723434587	2.4464478347973495	3.2623207755267893	5.005288243616334	5.002053388090348	2.1610317183687697	4.600115604469422	3.3193362347694855	4.048582995951417	4.761904761904762	4.979515541464356	1.4400290023201856	29.135600000000004	0.20230887327211933	15.010163718587211	-1.812736669468458e-05	9.950862893637128	-1.936477721307936e-05	8.22742873854123	-1.902911454525424e-05	7.332745757883304	-2.0947453313363427e-05	6.743302316041138	-2.2055458450273212e-05	6.294481627204712	-2.33364876485805e-05	5.924033469297707	-2.1070166132062842e-05	5.600791495715485	-2.2463180204917057e-05	5.313916539808836	-2.4051146886013126e-05	5.062522830772228	-2.5874914574730557e-05	4.829694057639028	-2.62922216105629e-05	4.61616274968739	-2.850012735994414e-05	4.434065934065934	-3.104246415080429e-05	4.265478764372267	-3.3948220476717884e-05	4.1180954554664595	-3.260575910865171e-05	3.9861107546695274	-3.592940385419848e-05	3.8608369701544207	-3.972611680045855e-05	3.748875250469433	-4.4107963692844745e-05	3.6509084779570307	-4.9164035805464935e-05	3.557816422008618	-5.4994264883804976e-05	3.481507573089116	-2.6417869046623135e-05	3.409889989764179	-2.484435014633322e-05	3.346533150413818	-2.811278850749206e-05	3.284244607073068	-3.192990746712816e-05	3.226139238665775	-3.635121085883371e-05	3.1714190926432777	-2.4882017765760685e-05	3.125013041952404	-2.8455438782866033e-05	3.0854315665719603	-3.2657682175437066e-05	3.043740043401362	-3.763171098845961e-05
11	1131	11	0	0	1250	14365	905	6036	723	2657	634	1648	608	1126	576	824	551	695	546	607	576	584	578	545	608	540	593	556	602	575	589	595	616	600	627	606	615	590	619	617	629	624	640	619	615	623	623	622	634	633	636	623	630	632	630	635	614	631	624	630	626	2824	2834	57.0	218.56839339754345	136.00021648406982	10	1	0.7945785522460938	1.0453637976929901	3.9145907473309607			3.044621979734996	7.364967058883848	2.8969270166453267	8.574107218955083	2.5354187123018654	7.760836546325506	2.281314094491022	6.991938905388205	2.177338490187652	5.689167340339531	2.0495303159692573	4.5312070387682155	1.9244202291142778	3.8970505775485025	1.890058155635558	3.3089838639337112	1.9656690441251747	3.0580719484735823	1.9519773057309782	2.72609043617447	2.038558256496228	2.5547617921180867	1.9850701302179226	2.493161741625936	2.021083730611697	2.431803764009304	1.9838997608541884	2.3705179282868527	2.0948105828742434	2.280328367284889	2.167899868612129	2.2185612300933553	2.1843367075119873	2.0901232818478106	2.256653299307328	2.1048681472384265	2.3567761999325567	2.0786142571618917	2.474003633692837	2.047296179923929	2.44688469801862	2.050083911941821	2.5674840304966002	2.043162631803699	2.71904618947549	2.1024312475089677	2.8524016683858817	2.1118644067796613	2.956497254681121	2.186548574591752	3.1037540644398462	2.2634111566565673	3.181182322159474	2.328155554735638	3.4214277881346637	2.4271844660194173	3.6338306147326875	3.878961031825612	3.8795345653661877	1.9867549668874174	4.324560836514553	3.0078179383438983	4.048582995951417	4.761904761904762	5.051248734726383	1.4400290023201856	29.135600000000004	0.20230887327211933	15.010163718587211	-1.812736669468458e-05	9.950862893637128	-1.936477721307936e-05	8.22742873854123	-1.902911454525424e-05	7.332745757883304	-2.0947453313363427e-05	6.743302316041138	-2.2055458450273212e-05	6.294481627204712	-2.33364876485805e-05	5.924033469297707	-2.1070166132062842e-05	5.600791495715485	-2.2463180204917057e-05	5.313916539808836	-2.4051146886013126e-05	5.062522830772228	-2.5874914574730557e-05	4.829694057639028	-2.62922216105629e-05	4.61616274968739	-2.850012735994414e-05	4.434065934065934	-3.104246415080429e-05	4.265478764372267	-3.3948220476717884e-05	4.1180954554664595	-3.260575910865171e-05	3.9861107546695274	-3.592940385419848e-05	3.8608369701544207	-3.972611680045855e-05	3.748875250469433	-4.4107963692844745e-05	3.6509084779570307	-4.9164035805464935e-05	3.557816422008618	-5.4994264883804976e-05	3.481507573089116	-2.6417869046623135e-05	3.409889989764179	-2.484435014633322e-05	3.346533150413818	-2.811278850749206e-05	3.284244607073068	-3.192990746712816e-05	3.226139238665775	-3.635121085883371e-05	3.1714190926432777	-2.4882017765760685e-05	3.125013041952404	-2.8455438782866033e-05	3.0854315665719603	-3.2657682175437066e-05	3.043740043401362	-3.763171098845961e-05
12	3725	5	0	0	1218	12881	883	4447	673	2041	515	1197	529	842	475	665	505	501	504	506	490	504	503	504	510	500	525	494	520	514	518	521	514	541	526	511	545	522	535	518	558	540	545	530	576	552	566	543	558	576	543	570	542	560	555	543	554	541	545	550	535	3087	3097	52.0	205.13312884226627	123.12025260925293	10	1	0.8061676025390625	3.4429532682638273	1.7793594306049825			2.9666796570537803	6.604116998641339	2.8265044814340587	6.316940822182449	2.36007855239164	5.961560930015189	1.8531179158720448	5.078489605430632	1.8944277324165593	4.254244139046079	1.6901508682038144	3.6568600494913386	1.763760827046661	2.8092407760457556	1.744669066740515	2.7583951155691233	1.6721837354537077	2.639157982929256	1.6986930532572355	2.5210084033613445	1.7099748533109809	2.365520177887117	1.7574398286077728	2.215147302811533	1.745786611159605	2.1738211038274478	1.744753949274142	2.0756972111553784	1.7479425967489626	2.056096077835208	1.818684738261531	1.8707669778509974	1.93571301722607	1.8492277171602665	1.9504192489974481	1.767134036093201	2.0907489977144142	1.798800799467022	2.1067687193165563	1.7529353398379361	2.2917164000954884	1.8164467405969265	2.332577786935916	1.783661268600335	2.393103744049406	1.9131127939418093	2.435305198008701	1.9322033898305087	2.5435262095828053	1.937448104068641	2.734259532958912	1.935483870967742	2.8703176001243462	1.9960889938383204	2.988266257265051	2.1189705655725075	3.1055900621118013	4.240209881460929	4.239561943874059	1.8124782154060648	4.058732744809246	2.7229611389252484	4.048582995951417	4.761904761904762	5.1249219737831915	1.4400290023201856	29.135600000000004	0.20230887327211933	15.010163718587211	-1.812736669468458e-05	9.950862893637128	-1.936477721307936e-05	8.22742873854123	-1.902911454525424e-05	7.332745757883304	-2.0947453313363427e-05	6.743302316041138	-2.2055458450273212e-05	6.294481627204712	-2.33364876485805e-05	5.924033469297707	-2.1070166132062842e-05	5.600791495715485	-2.2463180204917057e-05	5.313916539808836	-2.4051146886013126e-05	5.062522830772228	-2.5874914574730557e-05	4.829694057639028	-2.62922216105629e-05	4.61616274968739	-2.850012735994414e-05	4.434065934065934	-3.104246415080429e-05	4.265478764372267	-3.3948220476717884e-05	4.1180954554664595	-3.260575910865171e-05	3.9861107546695274	-3.592940385419848e-05	3.8608369701544207	-3.972611680045855e-05	3.748875250469433	-4.4107963692844745e-05	3.6509084779570307	-4.9164035805464935e-05	3.557816422008618	-5.4994264883804976e-05	3.481507573089116	-2.6417869046623135e-05	3.409889989764179	-2.484435014633322e-05	3.346533150413818	-2.811278850749206e-05	3.284244607073068	-3.192990746712816e-05	3.226139238665775	-3.635121085883371e-05	3.1714190926432777	-2.4882017765760685e-05	3.125013041952404	-2.8455438782866033e-05	3.0854315665719603	-3.2657682175437066e-05	3.043740043401362	-3.763171098845961e-05
13	9671	5	0	0	1226	10327	770	3062	627	1477	501	855	459	633	423	521	416	461	404	428	422	414	426	405	424	422	420	428	441	423	452	431	441	446	468	455	489	441	470	469	467	490	472	470	493	468	495	478	500	489	524	495	506	519	484	505	479	500	474	474	460	3305	3315	47.0	189.06898174770959	109.00772953033447	10	1	0.8192596435546875	8.93873853889382	1.7793594306049825			2.986165237724084	5.294675587684893	2.464788732394366	4.349555385096168	2.198765605274232	4.314172216380419	1.8027418948580474	3.627492575307594	1.6437473141383756	3.1982619240097008	1.505123825789923	2.864998625240583	1.452919810002794	2.5849500953235394	1.3985045693713651	2.3331879633667683	1.4401255844111525	2.1678797716918887	1.4386545540508595	2.025810324129652	1.42162615255658	1.996499030136727	1.4059518628862182	1.9191964485897495	1.4805613375411266	1.7889617255233663	1.5224493920307185	1.7171314741035857	1.4996939400122424	1.695044086348434	1.618145356476039	1.66575141863445	1.736814064997336	1.5622785886353974	1.7134524243528984	1.599972708354655	1.7497845554348233	1.632245169886742	1.8245776798484672	1.5544898296676037	1.9614864327206174	1.5400309322452204	2.0399752730269936	1.5701474887494662	2.1443581935926574	1.6241530490235154	2.3500919406198144	1.6779661016949152	2.374583509315313	1.7955992250207584	2.3844713764902945	1.8000356442701835	2.4817366975804362	1.8448142272073202	2.598969185217677	1.826167360147943	2.67022696929239	4.539648091424804	4.537987679671458	1.6382014639247124	3.7408899848509356	2.4108447234559005	4.048582995951417	4.761904761904762	5.208149938379295	1.4400290023201856	29.135600000000004	0.20230887327211933	15.010163718587211	-1.812736669468458e-05	9.950862893637128	-1.936477721307936e-05	8.22742873854123	-1.902911454525424e-05	7.332745757883304	-2.0947453313363427e-05	6.743302316041138	-2.2055458450273212e-05	6.294481627204712	-2.33364876485805e-05	5.924033469297707	-2.1070166132062842e-05	5.600791495715485	-2.2463180204917057e-05	5.313916539808836	-2.4051146886013126e-05	5.062522830772228	-2.5874914574730557e-05	4.829694057639028	-2.62922216105629e-05	4.61616274968739	-2.850012735994414e-05	4.434065934065934	-3.104246415080429e-05	4.265478764372267	-3.3948220476717884e-05	4.1180954554664595	-3.260575910865171e-05	3.9861107546695274	-3.592940385419848e-05	3.8608369701544207	-3.972611680045855e-05	3.748875250469433	-4.4107963692844745e-05	3.6509084779570307	-4.9164035805464935e-05	3.557816422008618	-5.4994264883804976e-05	3.481507573089116	-2.6417869046623135e-05	3.409889989764179	-2.484435014633322e-05	3.346533150413818	-2.811278850749206e-05	3.284244607073068	-3.192990746712816e-05	3.226139238665775	-3.635121085883371e-05	3.1714190926432777	-2.4882017765760685e-05	3.125013041952404	-2.8455438782866033e-05	3.0854315665719603	-3.2657682175437066e-05	3.043740043401362	-3.763171098845961e-05
14	7915	4	0	0	1355	12001	880	3282	558	1406	419	880	384	549	346	411	329	375	320	352	328	337	322	317	341	330	352	330	383	345	386	368	397	388	394	375	391	393	423	388	437	399	426	432	429	438	461	424	466	442	459	462	460	460	461	452	459	454	457	451	433	3075	3085	43.0	169.24864827708694	94.44205570220947	10	1	0.8302335739135742	7.31569801833777	1.4234875444839856			3.300370226032736	6.152939065343896	2.8169014084507045	4.662064263189295	1.9567961845981203	4.106788176188807	1.5076823432046347	3.7335596096733132	1.3751611516974647	2.7738480194017785	1.2311414745231997	2.2601044817157	1.1490639843531711	2.102725131770775	1.1077263915812794	1.9188835586567816	1.1193393167935022	1.7646750798554747	1.087433723953936	1.5856342537014807	1.143336127409891	1.5612433174054976	1.1783215612760687	1.4797542711089189	1.2858389847579401	1.4590822584055827	1.300144834787295	1.4661354581673307	1.350064612664082	1.4746123441775616	1.3622847659221353	1.3728720483250962	1.3887408985970522	1.3922346606206604	1.5421071819176084	1.323644799235834	1.6373786953426506	1.3291139240506329	1.6467586686767948	1.4288076732263932	1.706851277154452	1.4413110006910395	1.8998557593241296	1.392766810104129	1.998541836428357	1.468048359240069	2.0585729021841503	1.5661016949152542	2.158712281195739	1.5914752283420979	2.2711597201694746	1.6111210122972734	2.378115123568727	1.6750913183042468	2.505757210220419	1.737555863769456	2.513496255877402	4.22372704421521	4.223134839151267	1.4987800627396306	3.348727895166671	2.0887063022318997	4.048582995951417	4.761904761904762	5.277912772630998	1.4400290023201856	29.135600000000004	0.20230887327211933	15.010163718587211	-1.812736669468458e-05	9.950862893637128	-1.936477721307936e-05	8.22742873854123	-1.902911454525424e-05	7.332745757883304	-2.0947453313363427e-05	6.743302316041138	-2.2055458450273212e-05	6.294481627204712	-2.33364876485805e-05	5.924033469297707	-2.1070166132062842e-05	5.600791495715485	-2.2463180204917057e-05	5.313916539808836	-2.4051146886013126e-05	5.062522830772228	-2.5874914574730557e-05	4.829694057639028	-2.62922216105629e-05	4.61616274968739	-2.850012735994414e-05	4.434065934065934	-3.104246415080429e-05	4.265478764372267	-3.3948220476717884e-05	4.1180954554664595	-3.260575910865171e-05	3.9861107546695274	-3.592940385419848e-05	3.8608369701544207	-3.972611680045855e-05	3.748875250469433	-4.4107963692844745e-05	3.6509084779570307	-4.9164035805464935e-05	3.557816422008618	-5.4994264883804976e-05	3.481507573089116	-2.6417869046623135e-05	3.409889989764179	-2.484435014633322e-05	3.346533150413818	-2.811278850749206e-05	3.284244607073068	-3.192990746712816e-05	3.226139238665775	-3.635121085883371e-05	3.1714190926432777	-2.4882017765760685e-05	3.125013041952404	-2.8455438782866033e-05	3.0854315665719603	-3.2657682175437066e-05	3.043740043401362	-3.763171098845961e-05
15	23381	1	0	0	1140	4178	564	1201	378	577	318	385	300	318	304	295	318	304	314	320	339	319	342	345	350	347	360	350	384	365	376	396	395	389	407	396	426	416	419	421	420	417	406	412	395	395	389	391	344	364	324	342	290	308	268	284	244	263	217	234	203	4082	4092	41.0	155.06242281133396	84.81049919128418	10	1	0.8366546630859375	21.610655131617865	0.3558718861209964			2.7766952455183165	2.142069778769002	1.8053777208706785	1.7060143754083923	1.3255716089213074	1.685360439303657	1.1442553344607966	1.6334323292320745	1.0743446497636442	1.6067097817299918	1.0816965556504412	1.6222161121803684	1.1106454316848282	1.7046091734888418	1.0869565217391304	1.744439598778892	1.156878135344504	1.6704194376080013	1.1549761912802674	1.725690276110444	1.173512154233026	1.6416710034536592	1.2051015967596157	1.5694363481458231	1.2891962667024777	1.5436667371537323	1.2664623261140489	1.5776892430278886	1.3432632796028021	1.47841289145637	1.4072332480464698	1.4497528830313016	1.5130527437400108	1.4737140427943887	1.5275246080933285	1.4362228362842426	1.573682041290419	1.3890739506995338	1.5694460551238933	1.3626591698362824	1.571576350759927	1.299812432130047	1.6031320832474758	1.284367506487534	1.4753184371917485	1.2089810017271159	1.4531102838946943	1.159322033898305	1.3609273077103572	1.0655964572377525	1.3203271258252043	1.012297273213331	1.2641832029428528	0.9703722835110504	1.1898234455532404	0.9015256588072121	1.178382771231207	5.606911803085038	5.601642710472279	1.4290693621470896	3.0680414056266403	1.8756921674262579	4.048582995951417	4.761904761904762	5.318732548681812	1.4400290023201856	29.135600000000004	0.20230887327211933	15.010163718587211	-1.812736669468458e-05	9.950862893637128	-1.936477721307936e-05	8.22742873854123	-1.902911454525424e-05	7.332745757883304	-2.0947453313363427e-05	6.743302316041138	-2.2055458450273212e-05	6.294481627204712	-2.33364876485805e-05	5.924033469297707	-2.1070166132062842e-05	5.600791495715485	-2.2463180204917057e-05	5.313916539808836	-2.4051146886013126e-05	5.062522830772228	-2.5874914574730557e-05	4.829694057639028	-2.62922216105629e-05	4.61616274968739	-2.850012735994414e-05	4.434065934065934	-3.104246415080429e-05	4.265478764372267	-3.3948220476717884e-05	4.1180954554664595	-3.260575910865171e-05	3.9861107546695274	-3.592940385419848e-05	3.8608369701544207	-3.972611680045855e-05	3.748875250469433	-4.4107963692844745e-05	3.6509084779570307	-4.9164035805464935e-05	3.557816422008618	-5.4994264883804976e-05	3.481507573089116	-2.6417869046623135e-05	3.409889989764179	-2.484435014633322e-05	3.346533150413818	-2.811278850749206e-05	3.284244607073068	-3.192990746712816e-05	3.226139238665775	-3.635121085883371e-05	3.1714190926432777	-2.4882017765760685e-05	3.125013041952404	-2.8455438782866033e-05	3.0854315665719603	-3.2657682175437066e-05	3.043740043401362	-3.763171098845961e-05
16	9527	1	0	0	1619	11884	782	2824	517	1108	393	604	320	414	283	369	277	291	277	280	289	270	294	287	306	284	309	295	315	313	300	316	307	312	327	299	315	321	325	321	348	324	353	342	355	350	380	354	381	376	365	381	373	367	367	374	350	369	342	349	334	2970	2979	39.0	142.0764812388649	77.16296100616455	9	1	0.8422040939331055	8.80564182194617	0.3558718861209964			3.943394388152767	6.092952908303212	2.503201024327785	4.0114775987954205	1.813017253471735	3.236359387778946	1.414126875607211	2.562579550275774	1.1459676264145537	2.0917542441390458	1.006974096214062	2.0291448996425627	0.967449008102822	1.6317147022541212	0.958875657712545	1.526384648931531	0.9862471419308603	1.4138346337121013	0.9928742696970719	1.4355742296918768	1.0259849119865885	1.3436154610398827	1.0343788705520034	1.3228106362943366	1.0575438125293763	1.323747092408543	1.0104752601973794	1.2589641434262948	1.0440046249064816	1.185770750988142	1.1306272042044119	1.09463664653121	1.1188066062866275	1.1371687685985545	1.1848341232227488	1.0950772694708832	1.3039079770692046	1.0792804796802133	1.3645676292087052	1.1311394079708947	1.4124293785310735	1.151732534798776	1.566041623737894	1.1628288933416548	1.634000943517605	1.24883751826757	1.6369915235233439	1.2915254237288136	1.7504340888826317	1.269720453916413	1.8080599073800374	1.3330957048654428	1.813377545204912	1.3614728996790024	1.8752056146507292	1.3445831406996456	1.9388169733557787	4.079502218315179	4.078028747433264	1.3593586615545485	2.8111035498067367	1.7065571238797126	3.643724696356275	4.761904761904762	5.354011068931283	1.4400290023201856	29.135600000000004	0.20230887327211933	15.010163718587211	-1.812736669468458e-05	9.950862893637128	-1.936477721307936e-05	8.22742873854123	-1.902911454525424e-05	7.332745757883304	-2.0947453313363427e-05	6.743302316041138	-2.2055458450273212e-05	6.294481627204712	-2.33364876485805e-05	5.924033469297707	-2.1070166132062842e-05	5.600791495715485	-2.2463180204917057e-05	5.313916539808836	-2.4051146886013126e-05	5.062522830772228	-2.5874914574730557e-05	4.829694057639028	-2.62922216105629e-05	4.61616274968739	-2.850012735994414e-05	4.434065934065934	-3.104246415080429e-05	4.265478764372267	-3.3948220476717884e-05	4.1180954554664595	-3.260575910865171e-05	3.9861107546695274	-3.592940385419848e-05	3.8608369701544207	-3.972611680045855e-05	3.748875250469433	-4.4107963692844745e-05	3.6509084779570307	-4.9164035805464935e-05	3.557816422008618	-5.4994264883804976e-05	3.481507573089116	-2.6417869046623135e-05	3.409889989764179	-2.484435014633322e-05	3.346533150413818	-2.811278850749206e-05	3.284244607073068	-3.192990746712816e-05	3.226139238665775	-3.635121085883371e-05	3.1714190926432777	-2.4882017765760685e-05	3.125013041952404	-2.8455438782866033e-05	3.0854315665719603	-3.2657682175437066e-05	3.043740043401362	-3.763171098845961e-05
17	17844	1	0	0	1662	8135	756	1911	421	815	348	427	282	346	278	288	270	285	271	270	243	267	246	244	256	247	285	259	304	283	311	313	302	307	296	308	298	291	296	296	284	289	300	289	299	296	304	298	303	311	295	303	288	297	281	279	277	285	260	266	238	3197	3207	37.0	125.76316076123194	68.78299713134766	10	1	0.8407583236694336	16.49290150842946	0.3558718861209964			4.048129384255651	4.170832372016714	2.4199743918053778	2.7145657547089406	1.4763641464441015	2.380535109241734	1.2522039509193623	1.811624946966483	1.0098839707778255	1.748181083265966	0.9891830344434955	1.5837228485015125	0.9430008382229673	1.598071100145789	0.938105787870396	1.4718709114696904	0.8292666279903083	1.3981253600041892	0.8307723481138766	1.2204881952781113	0.8583403185247276	1.168566967876236	0.9540387641013625	1.161382897627909	1.0206137111394615	1.1968703742863185	1.04752601973795	1.247011952191235	1.0270012922532816	1.1667680145941015	1.0234423622156144	1.1275855756910123	1.0584265672171906	1.0308913135893438	1.079110462996719	1.0097908777675433	1.0641088088725692	0.9626915389740174	1.1596892032935173	0.9558458739871011	1.1896236174106787	0.9740366580012505	1.2528332989903153	0.9788785599316755	1.2994810653171505	1.0329480536734423	1.323047943669552	1.0271186440677966	1.351541602139941	1.027539440907833	1.384372844615233	0.9944751381215469	1.4351588000621731	1.0515441095081726	1.4255949117227766	1.0248112189859764	1.3815522145469321	4.391302556213343	4.3901437371663246	1.2896479609620077	2.488330683362291	1.5212235537063115	4.048582995951417	4.761904761904762	5.344820101978507	1.4400290023201856	29.135600000000004	0.20230887327211933	15.010163718587211	-1.812736669468458e-05	9.950862893637128	-1.936477721307936e-05	8.22742873854123	-1.902911454525424e-05	7.332745757883304	-2.0947453313363427e-05	6.743302316041138	-2.2055458450273212e-05	6.294481627204712	-2.33364876485805e-05	5.924033469297707	-2.1070166132062842e-05	5.600791495715485	-2.2463180204917057e-05	5.313916539808836	-2.4051146886013126e-05	5.062522830772228	-2.5874914574730557e-05	4.829694057639028	-2.62922216105629e-05	4.61616274968739	-2.850012735994414e-05	4.434065934065934	-3.104246415080429e-05	4.265478764372267	-3.3948220476717884e-05	4.1180954554664595	-3.260575910865171e-05	3.9861107546695274	-3.592940385419848e-05	3.8608369701544207	-3.972611680045855e-05	3.748875250469433	-4.4107963692844745e-05	3.6509084779570307	-4.9164035805464935e-05	3.557816422008618	-5.4994264883804976e-05	3.481507573089116	-2.6417869046623135e-05	3.409889989764179	-2.484435014633322e-05	3.346533150413818	-2.811278850749206e-05	3.284244607073068	-3.192990746712816e-05	3.226139238665775	-3.635121085883371e-05	3.1714190926432777	-2.4882017765760685e-05	3.125013041952404	-2.8455438782866033e-05	3.0854315665719603	-3.2657682175437066e-05	3.043740043401362	-3.763171098845961e-05
18	16918	1	0	0	1866	8835	781	1809	488	755	372	472	335	357	229	317	242	222	231	246	245	238	239	241	247	237	261	247	261	256	256	256	256	253	251	254	264	248	249	261	250	258	253	238	252	252	247	257	234	239	221	224	224	227	209	213	217	217	194	205	196	3059	3068	35.0	110.35609969397017	61.00214767456055	9	1	0.8409509658813477	15.637015675835553	0.3558718861209964			4.545011691348402	4.529723909866954	2.5	2.569675274865763	1.711319960723804	2.2052809907699498	1.338562844086215	2.0025456088247773	1.199684858902736	1.8037590945836703	0.8148306290919443	1.7431949408853449	0.8452081587035485	1.2448132780082988	0.7996399889227361	1.3410379415612734	0.8360918677268538	1.2462690474943707	0.8071324845496606	1.2054821928771509	0.8281642917015926	1.1212565643184937	0.8736986576507214	1.1075736514057666	0.8762505875243403	1.0826813279763163	0.8622722220350971	1.0199203187250996	0.8705706318438413	0.9615384615384616	0.8678514625544568	0.9298920007321984	0.9376664890783164	0.8785602947428086	0.9077652205614292	0.8903899293828677	0.9367155007681068	0.8594270486342438	0.9780045614441997	0.7871671903423185	1.002625925041776	0.8292474250551187	1.0179270554296311	0.8442006372565122	1.0035596346013638	0.7938089544307161	0.9911647306812577	0.7593220338983051	1.0511990238866207	0.7853584278992527	1.0296580943935363	0.7592229549099982	1.1242940780270452	0.8006493746079769	1.0637131264393025	0.7897981198952072	1.1377488825680617	4.201749927887588	4.199863107460644	1.2199372603694667	2.1834889271433098	1.3491401616595131	3.643724696356275	4.761904761904762	5.346044755886463	1.4400290023201856	29.135600000000004	0.20230887327211933	15.010163718587211	-1.812736669468458e-05	9.950862893637128	-1.936477721307936e-05	8.22742873854123	-1.902911454525424e-05	7.332745757883304	-2.0947453313363427e-05	6.743302316041138	-2.2055458450273212e-05	6.294481627204712	-2.33364876485805e-05	5.924033469297707	-2.1070166132062842e-05	5.600791495715485	-2.2463180204917057e-05	5.313916539808836	-2.4051146886013126e-05	5.062522830772228	-2.5874914574730557e-05	4.829694057639028	-2.62922216105629e-05	4.61616274968739	-2.850012735994414e-05	4.434065934065934	-3.104246415080429e-05	4.265478764372267	-3.3948220476717884e-05	4.1180954554664595	-3.260575910865171e-05	3.9861107546695274	-3.592940385419848e-05	3.8608369701544207	-3.972611680045855e-05	3.748875250469433	-4.4107963692844745e-05	3.6509084779570307	-4.9164035805464935e-05	3.557816422008618	-5.4994264883804976e-05	3.481507573089116	-2.6417869046623135e-05	3.409889989764179	-2.484435014633322e-05	3.346533150413818	-2.811278850749206e-05	3.284244607073068	-3.192990746712816e-05	3.226139238665775	-3.635121085883371e-05	3.1714190926432777	-2.4882017765760685e-05	3.125013041952404	-2.8455438782866033e-05	3.0854315665719603	-3.2657682175437066e-05	3.043740043401362	-3.763171098845961e-05
19	19	2	0	0	3848	30770	1589	10331	930	2938	619	1276	470	810	384	535	294	427	256	326	235	275	222	240	224	223	216	223	202	219	208	210	213	207	203	219	191	211	195	195	191	195	178	192	187	179	182	185	172	187	172	175	185	172	188	183	185	187	184	185	192	1920	1929	33.0	93.11863097659179	53.50795841217041	9	1	0.8283510208129883	0.017561372375036972	0.7117437722419928			9.372564302416212	15.77584659950268	5.086427656850192	14.675132816273189	3.2613269743302005	8.581610001168361	2.2273397862617395	5.413661434026305	1.6831399512963758	4.092562651576395	1.3663535439795047	2.941985152598295	1.0268231349538977	2.3943030167096557	0.8861811132650235	1.7771478412559967	0.8019656690441251	1.4400167565586217	0.7497213873222789	1.2004801920768309	0.7510477787091366	1.0550219993376544	0.7230609580557694	0.9999551589614816	0.6781709527966159	0.9262000422922394	0.7005961804035165	0.8366533864541833	0.7243419710263211	0.7867132867132868	0.701887836249222	0.8017572762218561	0.6783874977801456	0.7474847668981153	0.7109004739336493	0.6652338552860505	0.7156506425868335	0.6495669553630913	0.6880822606208202	0.6350256325450636	0.7440120951698894	0.5890289249399454	0.7500515145270966	0.607693065729396	0.7376592185958742	0.6210973827554139	0.7714042247836032	0.5932203389830508	0.8681777652635037	0.595073346249654	0.9261996255788748	0.6522901443592942	0.9584995596083103	0.6899605209755377	1.0088825529115033	0.7127446447834797	1.1145295176176933	2.6372539593148634	2.640657084188912	1.1502265597769257	1.8424310048286503	1.1833966247777052	3.643724696356275	4.761904761904762	5.265945115134443	1.4400290023201856	29.135600000000004	0.20230887327211933	15.010163718587211	-1.812736669468458e-05	9.950862893637128	-1.936477721307936e-05	8.22742873854123	-1.902911454525424e-05	7.332745757883304	-2.0947453313363427e-05	6.743302316041138	-2.2055458450273212e-05	6.294481627204712	-2.33364876485805e-05	5.924033469297707	-2.1070166132062842e-05	5.600791495715485	-2.2463180204917057e-05	5.313916539808836	-2.4051146886013126e-05	5.062522830772228	-2.5874914574730557e-05	4.829694057639028	-2.62922216105629e-05	4.61616274968739	-2.850012735994414e-05	4.434065934065934	-3.104246415080429e-05	4.265478764372267	-3.3948220476717884e-05	4.1180954554664595	-3.260575910865171e-05	3.9861107546695274	-3.592940385419848e-05	3.8608369701544207	-3.972611680045855e-05	3.748875250469433	-4.4107963692844745e-05	3.6509084779570307	-4.9164035805464935e-05	3.557816422008618	-5.4994264883804976e-05	3.481507573089116	-2.6417869046623135e-05	3.409889989764179	-2.484435014633322e-05	3.346533150413818	-2.811278850749206e-05	3.284244607073068	-3.192990746712816e-05	3.226139238665775	-3.635121085883371e-05	3.1714190926432777	-2.4882017765760685e-05	3.125013041952404	-2.8455438782866033e-05	3.0854315665719603	-3.2657682175437066e-05	3.043740043401362	-3.763171098845961e-05
20	84	0	0	0	4306	30211	1590	7456	868	2270	573	996	447	658	342	470	296	350	256	301	220	275	212	226	188	205	172	191	168	172	160	169	152	160	167	154	161	169	172	160	169	172	162	168	168	162	159	167	162	158	170	160	175	167	171	173	173	171	160	167	156	2011	2021	32.0	80.04372546048101	48.76486682891846	10	1	0.8118934631347656	0.07763975155279502	0.0			10.488113795791115	15.489246071419416	5.0896286811779765	10.591209977556181	3.0439051760415206	6.630447482182499	2.0618185743586053	4.22571064913025	1.6007735281478297	3.324575586095392	1.2169086251067465	2.5845477041517735	1.033808326348142	1.9625434563193898	0.8861811132650235	1.6408634976013956	0.7507763710200321	1.4400167565586217	0.7159501536591131	1.1304521808723489	0.6303436714165969	0.9698632729337181	0.5757707628962608	0.8564638357024349	0.564023366682334	0.7274265172340876	0.5389201387719357	0.6733067729083666	0.5169013126572808	0.6080875646093037	0.577415116520296	0.5637927878455061	0.5718344876576097	0.5986963298852203	0.6270506744440394	0.5458329069013749	0.6332196785192401	0.5729513657561626	0.6262321697784994	0.5556474284769307	0.668417283361184	0.5330876303925762	0.6552647846692767	0.5485661728476169	0.694772054724021	0.5247774677826491	0.762434408216352	0.5423728813559322	0.8212492374114224	0.577774702463327	0.8424475317765298	0.6166458741757262	0.896326615201285	0.6309264657049035	0.8772891764447855	0.6433965171829249	0.9055552330643757	2.762248808428224	2.7665982203969883	1.1153712094806554	1.583732922012728	1.0784971156729954	4.048582995951417	4.761904761904762	5.16132208300777	1.4400290023201856	29.135600000000004	0.20230887327211933	15.010163718587211	-1.812736669468458e-05	9.950862893637128	-1.936477721307936e-05	8.22742873854123	-1.902911454525424e-05	7.332745757883304	-2.0947453313363427e-05	6.743302316041138	-2.2055458450273212e-05	6.294481627204712	-2.33364876485805e-05	5.924033469297707	-2.1070166132062842e-05	5.600791495715485	-2.2463180204917057e-05	5.313916539808836	-2.4051146886013126e-05	5.062522830772228	-2.5874914574730557e-05	4.829694057639028	-2.62922216105629e-05	4.61616274968739	-2.850012735994414e-05	4.434065934065934	-3.104246415080429e-05	4.265478764372267	-3.3948220476717884e-05	4.1180954554664595	-3.260575910865171e-05	3.9861107546695274	-3.592940385419848e-05	3.8608369701544207	-3.972611680045855e-05	3.748875250469433	-4.4107963692844745e-05	3.6509084779570307	-4.9164035805464935e-05	3.557816422008618	-5.4994264883804976e-05	3.481507573089116	-2.6417869046623135e-05	3.409889989764179	-2.484435014633322e-05	3.346533150413818	-2.811278850749206e-05	3.284244607073068	-3.192990746712816e-05	3.226139238665775	-3.635121085883371e-05	3.1714190926432777	-2.4882017765760685e-05	3.125013041952404	-2.8455438782866033e-05	3.0854315665719603	-3.2657682175437066e-05	3.043740043401362	-3.763171098845961e-05
