	counts(inten<0.01	MicrocoloniesPlatonic	MicrocoloniesAggregates	MicrocoloniesLarge	counts(Norminten<0.01	counts(inten<0.02	counts(Norminten<0.02	counts(inten<0.03	counts(Norminten<0.03	counts(inten<0.04	counts(Norminten<0.04	counts(inten<0.05	counts(Norminten<0.05	counts(inten<0.060000000000000005	counts(Norminten<0.060000000000000005	counts(inten<0.06999999999999999	counts(Norminten<0.06999999999999999	counts(inten<0.08	counts(Norminten<0.08	counts(inten<0.09	counts(Norminten<0.09	counts(inten<0.09999999999999999	counts(Norminten<0.09999999999999999	counts(inten<0.11	counts(Norminten<0.11	counts(inten<0.12	counts(Norminten<0.12	counts(inten<0.13	counts(Norminten<0.13	counts(inten<0.14	counts(Norminten<0.14	counts(inten<0.15000000000000002	counts(Norminten<0.15000000000000002	counts(inten<0.16	counts(Norminten<0.16	counts(inten<0.17	counts(Norminten<0.17	counts(inten<0.18000000000000002	counts(Norminten<0.18000000000000002	counts(inten<0.19	counts(Norminten<0.19	counts(inten<0.2	counts(Norminten<0.2	counts(inten<0.21000000000000002	counts(Norminten<0.21000000000000002	counts(inten<0.22	counts(Norminten<0.22	counts(inten<0.23	counts(Norminten<0.23	counts(inten<0.24000000000000002	counts(Norminten<0.24000000000000002	counts(inten<0.25	counts(Norminten<0.25	counts(inten<0.26	counts(Norminten<0.26	counts(inten<0.27	counts(Norminten<0.27	counts(inten<0.28	counts(Norminten<0.28	counts(inten<0.29000000000000004	counts(Norminten<0.29000000000000004	diff	max	med	std	mean	min	eigenLocal	minProp	counts(inten<0.01Normalized	MicrocoloniesPlatonicNormalized	MicrocoloniesAggregatesNormalized	MicrocoloniesLargeNormalized	counts(Norminten<0.01Normalized	counts(inten<0.02Normalized	counts(Norminten<0.02Normalized	counts(inten<0.03Normalized	counts(Norminten<0.03Normalized	counts(inten<0.04Normalized	counts(Norminten<0.04Normalized	counts(inten<0.05Normalized	counts(Norminten<0.05Normalized	counts(inten<0.060000000000000005Normalized	counts(Norminten<0.060000000000000005Normalized	counts(inten<0.06999999999999999Normalized	counts(Norminten<0.06999999999999999Normalized	counts(inten<0.08Normalized	counts(Norminten<0.08Normalized	counts(inten<0.09Normalized	counts(Norminten<0.09Normalized	counts(inten<0.09999999999999999Normalized	counts(Norminten<0.09999999999999999Normalized	counts(inten<0.11Normalized	counts(Norminten<0.11Normalized	counts(inten<0.12Normalized	counts(Norminten<0.12Normalized	counts(inten<0.13Normalized	counts(Norminten<0.13Normalized	counts(inten<0.14Normalized	counts(Norminten<0.14Normalized	counts(inten<0.15000000000000002Normalized	counts(Norminten<0.15000000000000002Normalized	counts(inten<0.16Normalized	counts(Norminten<0.16Normalized	counts(inten<0.17Normalized	counts(Norminten<0.17Normalized	counts(inten<0.18000000000000002Normalized	counts(Norminten<0.18000000000000002Normalized	counts(inten<0.19Normalized	counts(Norminten<0.19Normalized	counts(inten<0.2Normalized	counts(Norminten<0.2Normalized	counts(inten<0.21000000000000002Normalized	counts(Norminten<0.21000000000000002Normalized	counts(inten<0.22Normalized	counts(Norminten<0.22Normalized	counts(inten<0.23Normalized	counts(Norminten<0.23Normalized	counts(inten<0.24000000000000002Normalized	counts(Norminten<0.24000000000000002Normalized	counts(inten<0.25Normalized	counts(Norminten<0.25Normalized	counts(inten<0.26Normalized	counts(Norminten<0.26Normalized	counts(inten<0.27Normalized	counts(Norminten<0.27Normalized	counts(inten<0.28Normalized	counts(Norminten<0.28Normalized	counts(inten<0.29000000000000004Normalized	counts(Norminten<0.29000000000000004Normalized	diffNormalized	maxNormalized	medNormalized	stdNormalized	meanNormalized	minNormalized	eigenLocalNormalized	minPropNormalized	BioVolume	SubstratumCoverage	Homogenity	ThicknessThreshold=0.01	RoughnessThreshold=0.01	ThicknessThreshold=0.02	RoughnessThreshold=0.02	ThicknessThreshold=0.03	RoughnessThreshold=0.03	ThicknessThreshold=0.04	RoughnessThreshold=0.04	ThicknessThreshold=0.05	RoughnessThreshold=0.05	ThicknessThreshold=0.060000000000000005	RoughnessThreshold=0.060000000000000005	ThicknessThreshold=0.06999999999999999	RoughnessThreshold=0.06999999999999999	ThicknessThreshold=0.08	RoughnessThreshold=0.08	ThicknessThreshold=0.09	RoughnessThreshold=0.09	ThicknessThreshold=0.09999999999999999	RoughnessThreshold=0.09999999999999999	ThicknessThreshold=0.11	RoughnessThreshold=0.11	ThicknessThreshold=0.12	RoughnessThreshold=0.12	ThicknessThreshold=0.13	RoughnessThreshold=0.13	ThicknessThreshold=0.14	RoughnessThreshold=0.14	ThicknessThreshold=0.15000000000000002	RoughnessThreshold=0.15000000000000002	ThicknessThreshold=0.16	RoughnessThreshold=0.16	ThicknessThreshold=0.17	RoughnessThreshold=0.17	ThicknessThreshold=0.18000000000000002	RoughnessThreshold=0.18000000000000002	ThicknessThreshold=0.19	RoughnessThreshold=0.19	ThicknessThreshold=0.2	RoughnessThreshold=0.2	ThicknessThreshold=0.21000000000000002	RoughnessThreshold=0.21000000000000002	ThicknessThreshold=0.22	RoughnessThreshold=0.22	ThicknessThreshold=0.23	RoughnessThreshold=0.23	ThicknessThreshold=0.24000000000000002	RoughnessThreshold=0.24000000000000002	ThicknessThreshold=0.25	RoughnessThreshold=0.25	ThicknessThreshold=0.26	RoughnessThreshold=0.26	ThicknessThreshold=0.27	RoughnessThreshold=0.27	ThicknessThreshold=0.28	RoughnessThreshold=0.28	ThicknessThreshold=0.29000000000000004	RoughnessThreshold=0.29000000000000004
0	1	13	0	0	2329	1	2371	1	2410	3	2455	44	2497	247	2537	494	2577	728	2607	836	2651	866	2677	931	2733	918	2793	851	2832	813	2862	767	2906	702	2948	686	2959	691	3006	692	3054	741	3100	764	3125	829	3157	861	3198	939	3213	1005	3238	1077	3279	1143	3320	1199	3366	1306	3398	4024	4095	1295.0	1248.5424493026985	1701.7900381088257	71	1	0.5992231369018555	4.761904761904762	4.482758620689655			7.859215765674563	3.8461538461538463	8.334798045488101	0.011502185415228893	8.77129130877857	0.004977765978628791	9.240439626618487	0.04144687264506405	9.709530660652486	0.22009160087680218	10.054293980105419	0.4978985456121431	10.32948532948533	0.8703969392635102	10.594546267322306	1.1747347713061196	10.920250453122424	1.4130009137188357	11.150449850049982	1.7148014440433215	11.501073096831208	1.885784716516023	11.896243291592128	1.9267342872667994	12.157115260785577	2.0380026070390054	12.417024599765716	2.1188430619630374	12.623257026193476	2.139722019019751	12.884052270442725	2.247780071430912	12.919704842160415	2.4026425591098746	13.15939237403143	2.563912560207484	13.41179570506346	2.8625511859692496	13.562584766154789	3.0596716059271127	13.66000786816453	3.456038687622462	13.848313374566828	3.698771372111006	14.009111617312072	4.122760800842993	14.206756278740714	4.499261315306442	14.345206450469608	4.913321167883212	14.61034621039968	5.238313473877177	14.835999642506032	5.556327911395338	15.083348270299338	6.09198619274186	15.291152911529116	4.736012051879576	4.761904761904762	12.308715901530274	6.496450396570454	9.284218566549246	6.899902818270165	4.761904761904762	4.020922869859138	9.200277136258661	14.635400000000002	0.041640458114620166	20.99967384338379	0.0	20.84543594878764	-1.0490437489390353e-05	19.534693371483073	-1.7167398347542533e-05	17.529606299513294	-1.8139377246538004e-05	15.790626241076243	-1.9185738089733616e-05	14.414092729617813	-1.260705083259873e-05	13.3096075366849	-9.866846901070059e-06	12.39156366909851	-8.073631519457453e-06	11.596746573567492	-6.219517883705381e-06	10.904548722270825	-6.409215597467078e-06	10.297366990753654	-6.6147774127400616e-06	9.765921576573602	-5.691772315447128e-06	9.296835266690415	-7.053910688085474e-06	8.885732455011917	-4.854398388339735e-06	8.503939027655779	-3.7538429967679413e-06	8.149878438289555	-3.865242196076006e-06	7.825579052305604	-3.97701286563662e-06	7.528920911939186	-4.088441159154837e-06	7.256655011965089	-2.8004928867480677e-06	7.009300291838728	-2.8766796213138947e-06	6.785202311115308	-1.475433297873753e-06	6.575639461486996	-1.5136997394922748e-06	6.384067929790561	-1.552896306902003e-06	6.205951368923105	-1.5919586982235333e-06	6.035483455141478	-1.631725974466752e-06	5.878070473136652	-1.6718046797156594e-06	5.731857303828726	-1.7124665854957505e-06	5.593120542139002	-1.7529098303183284e-06	5.4652360545829115	-1.7945492361501176e-06
1	1	18	0	0	2336	1	2350	1	2354	6	2393	80	2401	366	2408	672	2423	828	2442	917	2473	1067	2494	1102	2540	1125	2546	1099	2557	1085	2581	1063	2601	1061	2620	1136	2672	1196	2673	1219	2697	1282	2714	1409	2727	1438	2752	1463	2790	1581	2826	1651	2850	1699	2848	1809	2855	1894	2850	1953	2890	4016	4095	1043.0	1159.4025146260599	1474.6516742706299	79	1	0.6341238021850586	4.761904761904762	6.206896551724138			7.882837281500979	3.8461538461538463	8.260976552887826	0.011502185415228893	8.567477070898239	0.009955531957257582	9.007076181872929	0.07535795026375283	9.336236730567329	0.3261276353073263	9.543058692981413	0.6773032847193525	9.712201378868047	0.9899569583931133	9.924005364327224	1.2885547670905642	10.187015982863734	1.7409607100900666	10.388203932022659	2.0297649745818904	10.688886083406977	2.3110106820049303	10.844194565124797	2.4882267705125884	10.97660442154969	2.719843577659681	11.197882771486832	2.936545208431172	11.298379740237174	3.2339673250426726	11.45054849001355	3.722271371932239	11.666593895996158	4.15855354659249	11.701615374512981	4.516487587995554	11.844012120679812	4.952483968168122	11.87382421140132	5.642771325590709	11.920269266075097	5.994913911702172	12.071763828573935	6.284904201391872	12.221832836867005	6.941517386722866	12.495578351609481	7.391323812508394	12.626262626262626	7.750912408759124	12.689925589270596	8.290559120073327	12.758065957636965	8.777051763288382	12.771105932962898	9.109991603694374	13.005130051300512	4.726596520961325	4.761904761904762	9.91350632069195	6.032635037866605	8.045051473371478	7.6773566569484935	4.761904761904762	4.255114232923136	9.200277136258661	14.635400000000002	0.041640458114620166	20.99967384338379	0.0	20.84543594878764	-1.0490437489390353e-05	19.534693371483073	-1.7167398347542533e-05	17.529606299513294	-1.8139377246538004e-05	15.790626241076243	-1.9185738089733616e-05	14.414092729617813	-1.260705083259873e-05	13.3096075366849	-9.866846901070059e-06	12.39156366909851	-8.073631519457453e-06	11.596746573567492	-6.219517883705381e-06	10.904548722270825	-6.409215597467078e-06	10.297366990753654	-6.6147774127400616e-06	9.765921576573602	-5.691772315447128e-06	9.296835266690415	-7.053910688085474e-06	8.885732455011917	-4.854398388339735e-06	8.503939027655779	-3.7538429967679413e-06	8.149878438289555	-3.865242196076006e-06	7.825579052305604	-3.97701286563662e-06	7.528920911939186	-4.088441159154837e-06	7.256655011965089	-2.8004928867480677e-06	7.009300291838728	-2.8766796213138947e-06	6.785202311115308	-1.475433297873753e-06	6.575639461486996	-1.5136997394922748e-06	6.384067929790561	-1.552896306902003e-06	6.205951368923105	-1.5919586982235333e-06	6.035483455141478	-1.631725974466752e-06	5.878070473136652	-1.6718046797156594e-06	5.731857303828726	-1.7124665854957505e-06	5.593120542139002	-1.7529098303183284e-06	5.4652360545829115	-1.7945492361501176e-06
2	1	20	0	0	2378	1	2402	1	2440	2	2441	107	2450	446	2440	734	2452	1019	2445	1176	2470	1214	2492	1359	2476	1411	2492	1412	2497	1415	2500	1514	2518	1445	2515	1559	2496	1599	2509	1661	2512	1764	2524	1909	2523	1945	2532	1958	2526	2012	2507	2088	2509	2109	2515	2168	2510	2232	2494	2230	2497	4015	4095	907.0	1066.043239076941	1305.7187900543213	80	1	0.6535806655883789	4.761904761904762	6.896551724137931			8.024566376459472	3.8461538461538463	8.44377262980279	0.011502185415228893	8.880477507643034	0.003318510652419194	9.18774465522433	0.1007912584777694	9.526772174048295	0.3974123643362501	9.669876748702096	0.7397925758690547	9.828443161776496	1.2183165949306551	9.936197017108952	1.6524977165741588	10.174658098533532	1.980811904451116	10.379873375541486	2.503131216385471	10.419559819888061	2.898520953163517	10.614192009540847	3.1968846223510234	10.719038420261858	3.547077108192119	10.846457546965162	4.1824359788944445	10.937839364058902	4.404413557668861	10.991652462742014	5.108293194403486	10.89813561542156	5.55980528511822	10.98367114652191	6.154131159688774	11.0315752492205	6.814494321254733	11.04256901605635	7.64517420905086	11.028543952441316	8.108558802684787	11.10672456902224	8.411375547727468	11.065358331873139	8.833860203723217	11.085072515033605	9.347719031203832	11.115541378699273	9.621350364963503	11.20616673350265	9.93583868010999	11.21637322370185	10.3433894063673	11.175837963792794	10.402089747177909	11.23661236612366	4.725419579596545	4.761904761904762	8.620853531033172	5.5468654887388755	7.1234278975955165	7.774538386783285	4.761904761904762	4.385674190001278	9.200277136258661	14.635400000000002	0.041640458114620166	20.99967384338379	0.0	20.84543594878764	-1.0490437489390353e-05	19.534693371483073	-1.7167398347542533e-05	17.529606299513294	-1.8139377246538004e-05	15.790626241076243	-1.9185738089733616e-05	14.414092729617813	-1.260705083259873e-05	13.3096075366849	-9.866846901070059e-06	12.39156366909851	-8.073631519457453e-06	11.596746573567492	-6.219517883705381e-06	10.904548722270825	-6.409215597467078e-06	10.297366990753654	-6.6147774127400616e-06	9.765921576573602	-5.691772315447128e-06	9.296835266690415	-7.053910688085474e-06	8.885732455011917	-4.854398388339735e-06	8.503939027655779	-3.7538429967679413e-06	8.149878438289555	-3.865242196076006e-06	7.825579052305604	-3.97701286563662e-06	7.528920911939186	-4.088441159154837e-06	7.256655011965089	-2.8004928867480677e-06	7.009300291838728	-2.8766796213138947e-06	6.785202311115308	-1.475433297873753e-06	6.575639461486996	-1.5136997394922748e-06	6.384067929790561	-1.552896306902003e-06	6.205951368923105	-1.5919586982235333e-06	6.035483455141478	-1.631725974466752e-06	5.878070473136652	-1.6718046797156594e-06	5.731857303828726	-1.7124665854957505e-06	5.593120542139002	-1.7529098303183284e-06	5.4652360545829115	-1.7945492361501176e-06
3	1	35	0	0	2000	1	1972	1	1963	10	1931	214	1956	612	1918	1168	1960	1520	1953	1762	1933	2011	1948	2207	1947	2311	1901	2454	1899	2515	1884	2504	1892	2420	1865	2359	1843	2321	1868	2276	1858	2213	1888	2214	1897	2162	1899	2188	1849	2082	1818	2086	1816	2043	1802	2037	1775	2008	1741	1986	1719	4017	4095	746.0	980.6614376033741	1120.4374895095825	78	1	0.6794986724853516	4.761904761904762	12.068965517241379			6.7490045218330295	3.8461538461538463	6.932189686082892	0.011502185415228893	7.1444169456980635	0.016592553262095973	7.268142125865704	0.2015825169555388	7.605863825485088	0.5453281770712669	7.601157214758452	1.1772176139169699	7.856341189674524	1.8173122907699666	7.936765960905433	2.475936204594955	7.962596803427253	3.2812296044902753	8.113962012662446	4.065055625138142	8.19340992298952	4.747329498767461	8.09694181787205	5.55605868502083	8.151963940759819	6.30452220996691	8.173890407392946	6.917318157960165	8.21858303288302	7.376249695196294	8.15086753201346	7.729611061961402	8.046980744880583	8.070236439499306	8.177559865166572	8.432752871433864	8.159501119845418	8.549022637719231	8.260051625322658	8.866639967961554	8.292171176290598	9.013215491724685	8.33004342676668	9.399432940974311	8.09970212020326	9.141201264488934	8.038556773965334	9.338765277342526	8.045365940102782	9.320255474452555	8.0292296038854	9.335472043996333	7.931897399231389	9.305343157699616	7.801577343609965	9.263923873495662	7.735577355773558	4.727773462326107	4.761904761904762	7.090580743275354	5.10260455203413	6.1126145469288975	7.580174927113703	4.761904761904762	4.559589882262462	9.200277136258661	14.635400000000002	0.041640458114620166	20.99967384338379	0.0	20.84543594878764	-1.0490437489390353e-05	19.534693371483073	-1.7167398347542533e-05	17.529606299513294	-1.8139377246538004e-05	15.790626241076243	-1.9185738089733616e-05	14.414092729617813	-1.260705083259873e-05	13.3096075366849	-9.866846901070059e-06	12.39156366909851	-8.073631519457453e-06	11.596746573567492	-6.219517883705381e-06	10.904548722270825	-6.409215597467078e-06	10.297366990753654	-6.6147774127400616e-06	9.765921576573602	-5.691772315447128e-06	9.296835266690415	-7.053910688085474e-06	8.885732455011917	-4.854398388339735e-06	8.503939027655779	-3.7538429967679413e-06	8.149878438289555	-3.865242196076006e-06	7.825579052305604	-3.97701286563662e-06	7.528920911939186	-4.088441159154837e-06	7.256655011965089	-2.8004928867480677e-06	7.009300291838728	-2.8766796213138947e-06	6.785202311115308	-1.475433297873753e-06	6.575639461486996	-1.5136997394922748e-06	6.384067929790561	-1.552896306902003e-06	6.205951368923105	-1.5919586982235333e-06	6.035483455141478	-1.631725974466752e-06	5.878070473136652	-1.6718046797156594e-06	5.731857303828726	-1.7124665854957505e-06	5.593120542139002	-1.7529098303183284e-06	5.4652360545829115	-1.7945492361501176e-06
4	1	32	0	0	2100	1	2052	1	1960	21	1925	260	1876	798	1818	1432	1786	1928	1749	2420	1713	2799	1707	3114	1675	3161	1614	3292	1592	3247	1536	3105	1522	2964	1524	2802	1503	2693	1479	2623	1462	2521	1463	2400	1463	2297	1440	2208	1401	2165	1396	2126	1377	2057	1362	1961	1364	1876	1359	1811	1364	4026	4095	664.0	907.7393177473809	1003.4615163803101	69	1	0.6930294036865234	4.761904761904762	11.03448275862069			7.086454747924681	3.8461538461538463	7.213414419798221	0.011502185415228893	7.133498325811617	0.03484436185040154	7.2455585666967774	0.24491333835719667	7.294785550414123	0.7110651720635147	7.204850790631316	1.4433010471995726	7.158890492223826	2.305117168818747	7.107733571747876	3.400548022201925	7.0563519525457234	4.566962537527738	7.1101299566811065	5.7356516613865764	7.048773303034128	6.49342645850452	6.874520828009201	7.453359898569099	6.834084567503757	8.139476586784317	6.664063516855395	8.577585016160667	6.611354849919639	9.034381858083394	6.6605480529697125	9.181165831121596	6.562459066497839	9.363699582753824	6.474631178041414	9.718414227491664	6.420447059856836	9.738854979525613	6.400665004156276	9.61153384060873	6.395069283559908	9.576020344353191	6.316620607974734	9.48535097516969	6.137199929910636	9.50561995082543	6.172621153165901	9.517840354568653	6.100478468899522	9.38412408759124	6.068707392059885	8.987167736021998	6.0952721422825995	8.693637332591871	6.089801039612834	8.447616382125197	6.138061380613806	4.738365934609138	4.761904761904762	6.311187149510503	4.723174173257819	5.474445044671236	6.705539358600583	4.761904761904762	4.650384151011833	9.200277136258661	14.635400000000002	0.041640458114620166	20.99967384338379	0.0	20.84543594878764	-1.0490437489390353e-05	19.534693371483073	-1.7167398347542533e-05	17.529606299513294	-1.8139377246538004e-05	15.790626241076243	-1.9185738089733616e-05	14.414092729617813	-1.260705083259873e-05	13.3096075366849	-9.866846901070059e-06	12.39156366909851	-8.073631519457453e-06	11.596746573567492	-6.219517883705381e-06	10.904548722270825	-6.409215597467078e-06	10.297366990753654	-6.6147774127400616e-06	9.765921576573602	-5.691772315447128e-06	9.296835266690415	-7.053910688085474e-06	8.885732455011917	-4.854398388339735e-06	8.503939027655779	-3.7538429967679413e-06	8.149878438289555	-3.865242196076006e-06	7.825579052305604	-3.97701286563662e-06	7.528920911939186	-4.088441159154837e-06	7.256655011965089	-2.8004928867480677e-06	7.009300291838728	-2.8766796213138947e-06	6.785202311115308	-1.475433297873753e-06	6.575639461486996	-1.5136997394922748e-06	6.384067929790561	-1.552896306902003e-06	6.205951368923105	-1.5919586982235333e-06	6.035483455141478	-1.631725974466752e-06	5.878070473136652	-1.6718046797156594e-06	5.731857303828726	-1.7124665854957505e-06	5.593120542139002	-1.7529098303183284e-06	5.4652360545829115	-1.7945492361501176e-06
5	1	33	0	0	1995	1	1955	1	1864	27	1830	377	1826	1038	1808	1865	1807	2490	1812	3027	1743	3347	1675	3429	1626	3582	1620	3520	1578	3396	1545	3111	1493	2877	1439	2721	1418	2609	1396	2529	1390	2403	1369	2285	1341	2183	1306	2122	1331	2006	1336	1925	1315	1866	1287	1844	1246	1809	1215	1819	1186	4017	4095	628.0	882.3738998381097	954.2851867675781	78	1	0.6959857940673828	4.761904761904762	11.379310344827587			6.732132010528447	3.8461538461538463	6.872429430168384	0.011502185415228893	6.784102489445335	0.04479989380765913	6.887985546522132	0.3551243406179352	7.1003616284947695	0.924919359150286	7.165220148218602	1.8797181934547509	7.243065576398909	2.977044476327116	7.363758280164181	4.253495398018689	7.179930795847751	5.4611016838532835	6.97684105298234	6.315847638694468	6.842570382527459	7.358258011503698	6.900076667518527	7.969570729940228	6.773985833869929	8.512985059661085	6.70311076402447	8.594160059670157	6.485382911254941	8.769202633504024	6.289060792797517	8.915757397031356	6.191328646902153	9.07162726008345	6.111281355338615	9.3701370878103	6.104255412586184	9.28301012130109	5.989412433827711	9.150981177412895	5.861782576386764	9.100762913244674	5.728823968065973	9.115903428129563	5.830558962677414	8.807516684229014	5.907322249734701	8.617988091507364	5.825801878433457	8.512773722627736	5.734527469589628	8.45096241979835	5.567968540530878	8.383150284999305	5.4445241082631295	8.48493329601642	5.337053370533705	4.727773462326107	4.761904761904762	5.969014352247886	4.591192133457818	5.206160601701618	7.580174927113703	4.761904761904762	4.670222199582671	9.200277136258661	14.635400000000002	0.041640458114620166	20.99967384338379	0.0	20.84543594878764	-1.0490437489390353e-05	19.534693371483073	-1.7167398347542533e-05	17.529606299513294	-1.8139377246538004e-05	15.790626241076243	-1.9185738089733616e-05	14.414092729617813	-1.260705083259873e-05	13.3096075366849	-9.866846901070059e-06	12.39156366909851	-8.073631519457453e-06	11.596746573567492	-6.219517883705381e-06	10.904548722270825	-6.409215597467078e-06	10.297366990753654	-6.6147774127400616e-06	9.765921576573602	-5.691772315447128e-06	9.296835266690415	-7.053910688085474e-06	8.885732455011917	-4.854398388339735e-06	8.503939027655779	-3.7538429967679413e-06	8.149878438289555	-3.865242196076006e-06	7.825579052305604	-3.97701286563662e-06	7.528920911939186	-4.088441159154837e-06	7.256655011965089	-2.8004928867480677e-06	7.009300291838728	-2.8766796213138947e-06	6.785202311115308	-1.475433297873753e-06	6.575639461486996	-1.5136997394922748e-06	6.384067929790561	-1.552896306902003e-06	6.205951368923105	-1.5919586982235333e-06	6.035483455141478	-1.631725974466752e-06	5.878070473136652	-1.6718046797156594e-06	5.731857303828726	-1.7124665854957505e-06	5.593120542139002	-1.7529098303183284e-06	5.4652360545829115	-1.7945492361501176e-06
6	1	25	0	0	1974	1	1934	1	1842	70	1731	566	1689	1495	1693	2436	1645	3375	1619	3956	1604	4083	1575	4175	1536	4149	1481	3811	1455	3554	1412	3294	1405	3027	1358	2767	1339	2567	1270	2441	1231	2245	1234	2204	1209	2084	1186	1965	1166	1840	1124	1692	1118	1698	1087	1665	1064	1623	1040	1587	1025	4039	4095	577.0	842.5377178289002	886.8632144927979	56	1	0.7004766464233398	4.761904761904762	8.620689655172415			6.6612674630492	3.8461538461538463	6.798607937568109	0.011502185415228893	6.704032610278062	0.1161478728346718	6.515356820234869	0.5331574981160513	6.567640082435743	1.332133373728013	6.709467760472397	2.455224407107653	6.593714927048261	4.035150645624103	6.5794286178729635	5.5589123867069485	6.607348821881693	6.661989296436496	6.560313228923692	7.689899064318868	6.4638303244539825	8.523007395234181	6.308033052219099	8.628418764716537	6.2459755312298775	8.909054447006918	6.126079222525923	9.099698886709577	6.103123235306894	9.226408193123628	5.93505528604519	9.066483174415938	5.846395668689691	8.925591098748262	5.559690058223525	9.044090403853279	5.4059988581968295	8.672641582322491	5.39878374239839	8.82659191029235	5.284783844035494	8.688039354650435	5.2024389174014125	8.44144685969585	5.107762397056247	8.078679311556023	4.969932790944464	7.5748757666651745	4.953039163565479	7.746350364963504	4.843381009668939	7.630614115490377	4.7546697649477165	7.5212011678020305	4.660333393081197	7.402742793171005	4.612546125461255	4.753666172351294	4.761904761904762	5.484269556125843	4.383915416069381	4.838335950734391	5.442176870748299	4.761904761904762	4.700356835298825	9.200277136258661	14.635400000000002	0.041640458114620166	20.99967384338379	0.0	20.84543594878764	-1.0490437489390353e-05	19.534693371483073	-1.7167398347542533e-05	17.529606299513294	-1.8139377246538004e-05	15.790626241076243	-1.9185738089733616e-05	14.414092729617813	-1.260705083259873e-05	13.3096075366849	-9.866846901070059e-06	12.39156366909851	-8.073631519457453e-06	11.596746573567492	-6.219517883705381e-06	10.904548722270825	-6.409215597467078e-06	10.297366990753654	-6.6147774127400616e-06	9.765921576573602	-5.691772315447128e-06	9.296835266690415	-7.053910688085474e-06	8.885732455011917	-4.854398388339735e-06	8.503939027655779	-3.7538429967679413e-06	8.149878438289555	-3.865242196076006e-06	7.825579052305604	-3.97701286563662e-06	7.528920911939186	-4.088441159154837e-06	7.256655011965089	-2.8004928867480677e-06	7.009300291838728	-2.8766796213138947e-06	6.785202311115308	-1.475433297873753e-06	6.575639461486996	-1.5136997394922748e-06	6.384067929790561	-1.552896306902003e-06	6.205951368923105	-1.5919586982235333e-06	6.035483455141478	-1.631725974466752e-06	5.878070473136652	-1.6718046797156594e-06	5.731857303828726	-1.7124665854957505e-06	5.593120542139002	-1.7529098303183284e-06	5.4652360545829115	-1.7945492361501176e-06
7	1	16	0	0	2005	1	1931	1	1835	149	1692	1187	1653	2558	1549	3965	1465	4703	1412	4988	1344	4762	1314	4481	1271	4228	1231	3994	1198	3642	1196	3256	1203	2824	1151	2612	1176	2466	1141	2221	1101	2085	1113	1935	1118	1844	1071	1700	1046	1593	975	1459	953	1416	943	1342	911	1268	891	1234	862	4043	4095	515.0	789.5993573503299	802.5061922073364	52	1	0.7032184600830078	4.761904761904762	5.517241379310345			6.765877033137613	3.8461538461538463	6.7880620100537845	0.011502185415228893	6.678555830543019	0.24722904360522996	6.368563685636857	1.1181235870384325	6.427654858653808	2.2793292106998377	6.138786509729323	3.996290958202727	5.872214205547539	5.622907699665232	5.738204575933677	7.009063444108761	5.536332179930796	7.76987338467563	5.4731756081306235	8.253518013703678	5.348651264570972	8.685291700903862	5.243206405997103	9.04274587936968	5.142734492380339	9.129650055148902	5.1889452904681335	8.99472361114948	5.225663524607967	8.607656669105095	5.030374546567021	8.558602837576592	5.134698511112081	8.574408901251738	4.994965634986648	8.228973693960725	4.835097272847042	8.054546859306189	4.869405433783961	7.749299158990788	4.887004414914543	7.687497394421978	4.697986577181208	7.303032906607097	4.582092167513579	6.994204425711276	4.311107180756986	6.531763441822984	4.222045011518696	6.45985401459854	4.2017555585260435	6.15032080659945	4.070962552506926	5.876083229065295	3.992651012726295	5.75613396772087	3.8790387903879036	4.758373937810418	4.761904761904762	4.894971960840224	4.108465083470062	4.378121109312569	5.053449951409135	4.761904761904762	4.718755025505652	9.200277136258661	14.635400000000002	0.041640458114620166	20.99967384338379	0.0	20.84543594878764	-1.0490437489390353e-05	19.534693371483073	-1.7167398347542533e-05	17.529606299513294	-1.8139377246538004e-05	15.790626241076243	-1.9185738089733616e-05	14.414092729617813	-1.260705083259873e-05	13.3096075366849	-9.866846901070059e-06	12.39156366909851	-8.073631519457453e-06	11.596746573567492	-6.219517883705381e-06	10.904548722270825	-6.409215597467078e-06	10.297366990753654	-6.6147774127400616e-06	9.765921576573602	-5.691772315447128e-06	9.296835266690415	-7.053910688085474e-06	8.885732455011917	-4.854398388339735e-06	8.503939027655779	-3.7538429967679413e-06	8.149878438289555	-3.865242196076006e-06	7.825579052305604	-3.97701286563662e-06	7.528920911939186	-4.088441159154837e-06	7.256655011965089	-2.8004928867480677e-06	7.009300291838728	-2.8766796213138947e-06	6.785202311115308	-1.475433297873753e-06	6.575639461486996	-1.5136997394922748e-06	6.384067929790561	-1.552896306902003e-06	6.205951368923105	-1.5919586982235333e-06	6.035483455141478	-1.631725974466752e-06	5.878070473136652	-1.6718046797156594e-06	5.731857303828726	-1.7124665854957505e-06	5.593120542139002	-1.7529098303183284e-06	5.4652360545829115	-1.7945492361501176e-06
8	1	15	0	0	1812	1	1690	7	1657	443	1521	2131	1327	4190	1297	5283	1234	5707	1212	5518	1183	5125	1124	4648	1125	4166	1122	3824	1105	3239	1066	2842	1044	2440	975	2135	999	2060	968	1806	984	1706	956	1590	945	1381	945	1301	974	1238	984	1200	961	1119	930	1156	901	1127	887	1074	879	4040	4095	459.0	763.0248593214056	745.857668876648	55	1	0.7060556411743164	4.761904761904762	5.172413793103448			6.114598096780725	3.8461538461538463	5.9408724997363525	0.08051529790660225	6.0307177172805355	0.7350501095108516	5.724932249322493	2.007347400150716	5.160010887739627	3.733537682889883	5.1400943209289425	5.324692341030267	4.946288279621613	6.8232902917264475	4.925427723818426	7.753811564673646	4.873125720876586	8.362158987077404	4.681772742419193	8.561113976276431	4.734250725918445	8.557929334428923	4.778941988244314	8.657851838435066	4.743507190384203	8.119422440589592	4.624929498025945	7.851045608994724	4.5349897919291084	7.4372104364789084	4.261177396092828	6.995642059045185	4.361873990306947	7.162726008344923	4.237622028630215	6.691367173027047	4.321285846032234	6.590434984161322	4.18252614078838	6.367641169403283	4.130786379332955	5.7572851961479135	4.145282273983419	5.5889681244093135	4.26669002978798	5.4355461889708465	4.350902016271666	5.372252316783812	4.2574871522239945	5.1049270072992705	4.143831038631199	5.297891842346472	4.026275806595764	5.222670188609296	3.9747266535221364	5.009795689896446	3.9555395553955544	4.754843113716074	4.761904761904762	4.362703165098375	3.9701919247520028	4.069071661203892	5.344995140913508	4.761904761904762	4.73779315276315	9.200277136258661	14.635400000000002	0.041640458114620166	20.99967384338379	0.0	20.84543594878764	-1.0490437489390353e-05	19.534693371483073	-1.7167398347542533e-05	17.529606299513294	-1.8139377246538004e-05	15.790626241076243	-1.9185738089733616e-05	14.414092729617813	-1.260705083259873e-05	13.3096075366849	-9.866846901070059e-06	12.39156366909851	-8.073631519457453e-06	11.596746573567492	-6.219517883705381e-06	10.904548722270825	-6.409215597467078e-06	10.297366990753654	-6.6147774127400616e-06	9.765921576573602	-5.691772315447128e-06	9.296835266690415	-7.053910688085474e-06	8.885732455011917	-4.854398388339735e-06	8.503939027655779	-3.7538429967679413e-06	8.149878438289555	-3.865242196076006e-06	7.825579052305604	-3.97701286563662e-06	7.528920911939186	-4.088441159154837e-06	7.256655011965089	-2.8004928867480677e-06	7.009300291838728	-2.8766796213138947e-06	6.785202311115308	-1.475433297873753e-06	6.575639461486996	-1.5136997394922748e-06	6.384067929790561	-1.552896306902003e-06	6.205951368923105	-1.5919586982235333e-06	6.035483455141478	-1.631725974466752e-06	5.878070473136652	-1.6718046797156594e-06	5.731857303828726	-1.7124665854957505e-06	5.593120542139002	-1.7529098303183284e-06	5.4652360545829115	-1.7945492361501176e-06
9	1	9	0	0	1794	1	1633	2	1583	553	1450	2883	1326	5113	1300	5968	1256	6414	1226	5752	1149	5137	1085	4545	1045	3826	982	3411	968	2916	927	2567	904	2204	920	1983	906	1896	905	1653	874	1579	881	1443	887	1329	862	1252	851	1230	816	1135	810	1056	763	1022	784	957	753	919	716	4041	4095	429.0	749.7191993045888	715.6270799636841	54	1	0.7091331481933594	4.761904761904762	3.103448275862069			6.053857056084228	3.8461538461538463	5.740499876964178	0.023004370830457786	5.761391760081526	0.9175681953939072	5.457693465823548	2.7157121326299922	5.156122409301241	4.555985244061091	5.151983513652756	6.0150982190552025	5.034471701138368	7.668579626972741	4.982322103466493	8.082624885828709	4.733069698467622	8.381738676413	4.519326891036321	8.371399101156708	4.397592896519799	7.8594905505341	4.182639066359997	7.722785727223329	4.155398154110324	7.309736287977539	4.0218664584146815	7.091356114809802	3.926849398375396	6.717873689344063	4.020803286569643	6.497591664209181	3.9558136488669606	6.592489568845619	3.96182638007267	6.124490552056317	3.8382152738131836	6.099822297767133	3.854399089994313	5.778934721665999	3.8772566332998206	5.540501104765081	3.7811992806070975	5.378468940630638	3.727878044506746	5.400421496311907	3.6080650866643085	5.081255316291355	3.588516746411483	4.817518248175182	3.3997237445974244	4.683776351970669	3.5034408794351592	4.4348672320311415	3.3742606201828282	4.286780483254035	3.222032220322203	4.756020055080856	4.761904761904762	4.077559167379527	3.9009595487593742	3.904146853455365	5.247813411078718	4.761904761904762	4.758443921388341	9.200277136258661	14.635400000000002	0.041640458114620166	20.99967384338379	0.0	20.84543594878764	-1.0490437489390353e-05	19.534693371483073	-1.7167398347542533e-05	17.529606299513294	-1.8139377246538004e-05	15.790626241076243	-1.9185738089733616e-05	14.414092729617813	-1.260705083259873e-05	13.3096075366849	-9.866846901070059e-06	12.39156366909851	-8.073631519457453e-06	11.596746573567492	-6.219517883705381e-06	10.904548722270825	-6.409215597467078e-06	10.297366990753654	-6.6147774127400616e-06	9.765921576573602	-5.691772315447128e-06	9.296835266690415	-7.053910688085474e-06	8.885732455011917	-4.854398388339735e-06	8.503939027655779	-3.7538429967679413e-06	8.149878438289555	-3.865242196076006e-06	7.825579052305604	-3.97701286563662e-06	7.528920911939186	-4.088441159154837e-06	7.256655011965089	-2.8004928867480677e-06	7.009300291838728	-2.8766796213138947e-06	6.785202311115308	-1.475433297873753e-06	6.575639461486996	-1.5136997394922748e-06	6.384067929790561	-1.552896306902003e-06	6.205951368923105	-1.5919586982235333e-06	6.035483455141478	-1.631725974466752e-06	5.878070473136652	-1.6718046797156594e-06	5.731857303828726	-1.7124665854957505e-06	5.593120542139002	-1.7529098303183284e-06	5.4652360545829115	-1.7945492361501176e-06
10	1	10	0	0	1617	1	1531	11	1410	931	1356	3729	1181	6006	1147	6770	1079	6400	1035	5699	1017	4889	975	4116	923	3494	875	2990	813	2672	799	2266	781	2007	798	1788	796	1625	784	1529	785	1392	788	1222	795	1151	802	1085	786	1030	785	993	789	936	779	870	768	814	739	808	715	4045	4095	402.0	760.6233224446563	701.1903924942017	50	1	0.7152919769287109	4.761904761904762	3.4482758620689653			5.456570155902004	3.8461538461538463	5.381938341477133	0.12652403956751784	5.131751346629786	1.544766708701135	5.103884372177055	3.512622456669179	4.592293035735117	5.351701031846453	4.545634684738239	6.823427436830381	4.324995991662658	7.651841224294596	4.206120209696428	8.008150073772219	4.189322787938705	7.977091763477352	4.06114628457181	7.581227436823104	3.8841897066868665	7.177485620377978	3.7268932617769828	6.769606955261728	3.4900193174500966	6.698084829038403	3.4665278320100654	6.25984143208376	3.392554624038921	6.117410387710315	3.4876098072636683	5.858645433991939	3.4755272235078376	5.650208623087622	3.432123626493893	5.665061133753242	3.447367265381406	5.3774240902418295	3.4475215470096687	4.893872647176612	3.475106001661057	4.7984324842623085	3.518006755274817	4.661053355099235	3.4431400035044684	4.522304179838427	3.4709939865581885	4.4455387921386045	3.4954811270600747	4.2700729927007295	3.4710154613910795	3.987167736021998	3.4319420859772993	3.7721859214977527	3.311525362968274	3.769008303013341	3.217532175321753	4.76072782053998	4.761904761904762	3.820929569432564	3.957696182052946	3.825386631076471	4.8590864917395535	4.761904761904762	4.799771056120751	9.200277136258661	14.635400000000002	0.041640458114620166	20.99967384338379	0.0	20.84543594878764	-1.0490437489390353e-05	19.534693371483073	-1.7167398347542533e-05	17.529606299513294	-1.8139377246538004e-05	15.790626241076243	-1.9185738089733616e-05	14.414092729617813	-1.260705083259873e-05	13.3096075366849	-9.866846901070059e-06	12.39156366909851	-8.073631519457453e-06	11.596746573567492	-6.219517883705381e-06	10.904548722270825	-6.409215597467078e-06	10.297366990753654	-6.6147774127400616e-06	9.765921576573602	-5.691772315447128e-06	9.296835266690415	-7.053910688085474e-06	8.885732455011917	-4.854398388339735e-06	8.503939027655779	-3.7538429967679413e-06	8.149878438289555	-3.865242196076006e-06	7.825579052305604	-3.97701286563662e-06	7.528920911939186	-4.088441159154837e-06	7.256655011965089	-2.8004928867480677e-06	7.009300291838728	-2.8766796213138947e-06	6.785202311115308	-1.475433297873753e-06	6.575639461486996	-1.5136997394922748e-06	6.384067929790561	-1.552896306902003e-06	6.205951368923105	-1.5919586982235333e-06	6.035483455141478	-1.631725974466752e-06	5.878070473136652	-1.6718046797156594e-06	5.731857303828726	-1.7124665854957505e-06	5.593120542139002	-1.7529098303183284e-06	5.4652360545829115	-1.7945492361501176e-06
11	1	10	0	0	1404	1	1221	45	1124	1682	1070	5261	1032	7556	952	7588	940	6321	897	5329	844	4105	812	3286	803	2878	792	2461	786	2156	749	1832	736	1613	706	1474	644	1326	619	1178	625	1070	653	1032	644	969	661	909	644	872	618	822	648	803	666	784	666	778	667	747	677	4060	4095	368.0	783.3016538351039	689.5009536743164	35	1	0.7190542221069336	4.761904761904762	3.4482758620689653			4.737801174326787	3.8461538461538463	4.292192498330228	0.5175983436853002	4.090842917455233	2.7908674586845423	4.027401385124962	4.955727204220045	4.012909748415445	6.732842656781851	3.7728371576903266	7.647882923289355	3.767837101170435	7.55738880918221	3.645304181736904	7.488231574509942	3.476684791563684	6.697885393551756	3.3822059313562143	6.052457083916599	3.3792029625888986	5.912078882497946	3.3733708152312802	5.571907263176961	3.374114616870573	5.4045923994785925	3.249598681070762	5.060913284897373	3.1970809261109423	4.916483784442819	3.0855294786067042	4.829778170975458	2.8118587084661395	4.610570236439499	2.7098016897955612	4.364579473879215	2.7447191603355146	4.133508460171521	2.8568928555803472	4.132959551461754	2.8150544214713467	4.039688164422396	2.8995043207439575	3.904974654179912	2.8210968985456457	3.8285914998243764	2.7325787053413513	3.679992836996911	2.8708133971291865	3.6633211678832116	2.967517711535891	3.593033913840513	2.976137277683439	3.6053570601047316	2.9888868972934217	3.4844668345927787	3.046530465304653	4.778381941011698	4.761904761904762	3.4977663720178693	4.07569669940605	3.7616141900033493	3.4013605442176873	4.761904761904762	4.82501657276977	9.200277136258661	14.635400000000002	0.041640458114620166	20.99967384338379	0.0	20.84543594878764	-1.0490437489390353e-05	19.534693371483073	-1.7167398347542533e-05	17.529606299513294	-1.8139377246538004e-05	15.790626241076243	-1.9185738089733616e-05	14.414092729617813	-1.260705083259873e-05	13.3096075366849	-9.866846901070059e-06	12.39156366909851	-8.073631519457453e-06	11.596746573567492	-6.219517883705381e-06	10.904548722270825	-6.409215597467078e-06	10.297366990753654	-6.6147774127400616e-06	9.765921576573602	-5.691772315447128e-06	9.296835266690415	-7.053910688085474e-06	8.885732455011917	-4.854398388339735e-06	8.503939027655779	-3.7538429967679413e-06	8.149878438289555	-3.865242196076006e-06	7.825579052305604	-3.97701286563662e-06	7.528920911939186	-4.088441159154837e-06	7.256655011965089	-2.8004928867480677e-06	7.009300291838728	-2.8766796213138947e-06	6.785202311115308	-1.475433297873753e-06	6.575639461486996	-1.5136997394922748e-06	6.384067929790561	-1.552896306902003e-06	6.205951368923105	-1.5919586982235333e-06	6.035483455141478	-1.631725974466752e-06	5.878070473136652	-1.6718046797156594e-06	5.731857303828726	-1.7124665854957505e-06	5.593120542139002	-1.7529098303183284e-06	5.4652360545829115	-1.7945492361501176e-06
12	1	8	0	0	1139	1	1024	80	943	2540	867	6719	851	8268	805	7932	763	6333	732	4875	749	3710	749	2972	718	2462	698	2021	724	1724	697	1538	666	1427	636	1219	651	1102	653	942	634	891	628	846	613	799	603	743	634	742	621	746	609	719	591	681	613	724	613	660	600	4057	4095	342.0	809.6608368259953	686.6769514083862	38	1	0.7219963073730469	4.761904761904762	2.7586206896551726			3.84355807518391	3.8461538461538463	3.599676591556227	0.9201748332183115	3.4320861843063035	4.214508528572377	3.263324299909666	6.329125847776941	3.309095151067387	7.367276745139273	3.190266714223437	7.99459769999093	3.058361391694725	7.571736011477761	2.9747632787418214	6.850277524063795	3.085351787773933	6.053387286255059	3.119793402199267	5.474102998600163	3.0215040188528386	5.057518488085456	2.9729959962518104	4.575710921934433	3.107963082206482	4.321668504963401	3.023992364093887	4.248736152932402	2.8930107293340863	4.349548890514509	2.779598793759014	3.9942331006913725	2.842422390079902	3.8317107093184974	2.85864378584249	3.490181548721749	2.7842431162443457	3.4420149887970335	2.747517171982325	3.388065678814577	2.6795471434191547	3.330970942593905	2.6450848795894197	3.191854970358278	2.7772910460837568	3.257815244116614	2.7458436505129113	3.3397501902672695	2.698032961190856	3.2801094890510947	2.633337789065633	3.1209899175068743	2.7392975243542765	3.3551137680152	2.746908048037283	3.0786453960257485	2.7000270002700026	4.774851116917355	4.761904761904762	3.2506415739948675	4.212849524998872	3.746207674697582	3.69290573372206	4.761904761904762	4.844758630783008	9.200277136258661	14.635400000000002	0.041640458114620166	20.99967384338379	0.0	20.84543594878764	-1.0490437489390353e-05	19.534693371483073	-1.7167398347542533e-05	17.529606299513294	-1.8139377246538004e-05	15.790626241076243	-1.9185738089733616e-05	14.414092729617813	-1.260705083259873e-05	13.3096075366849	-9.866846901070059e-06	12.39156366909851	-8.073631519457453e-06	11.596746573567492	-6.219517883705381e-06	10.904548722270825	-6.409215597467078e-06	10.297366990753654	-6.6147774127400616e-06	9.765921576573602	-5.691772315447128e-06	9.296835266690415	-7.053910688085474e-06	8.885732455011917	-4.854398388339735e-06	8.503939027655779	-3.7538429967679413e-06	8.149878438289555	-3.865242196076006e-06	7.825579052305604	-3.97701286563662e-06	7.528920911939186	-4.088441159154837e-06	7.256655011965089	-2.8004928867480677e-06	7.009300291838728	-2.8766796213138947e-06	6.785202311115308	-1.475433297873753e-06	6.575639461486996	-1.5136997394922748e-06	6.384067929790561	-1.552896306902003e-06	6.205951368923105	-1.5919586982235333e-06	6.035483455141478	-1.631725974466752e-06	5.878070473136652	-1.6718046797156594e-06	5.731857303828726	-1.7124665854957505e-06	5.593120542139002	-1.7529098303183284e-06	5.4652360545829115	-1.7945492361501176e-06
13	1	4	0	0	906	1	806	182	769	3354	740	7854	679	8774	630	7566	657	5682	638	4289	643	3313	637	2625	625	2123	632	1778	608	1436	621	1217	615	1077	634	980	646	891	654	794	598	742	602	678	606	640	572	637	568	655	543	650	556	626	559	628	567	600	572	605	563	4060	4095	321.0	847.5198234810313	692.5022087097168	35	1	0.7271661758422852	4.761904761904762	1.3793103448275863			3.0572990483903624	3.8461538461538463	2.833339192181952	2.0933977455716586	2.7988062308924153	5.565142364106989	2.785305630834086	7.398266767143934	2.640276859664813	7.818152656247215	2.496730472000951	7.625709303849139	2.6334776334776335	6.7934002869440455	2.592758158247653	6.026839036042999	2.6487065414401054	5.4056258974024285	2.653282239253582	4.8349664775657555	2.6301392921769136	4.36113393590797	2.6918817616492037	4.025538851657308	2.6100021463833443	3.5997192419532738	2.694260054666146	3.3619713251747285	2.6714738716823767	3.282735918068764	2.7708579170490797	3.211114387758446	2.820591188927215	3.098052851182197	2.8630214945497525	2.941830307521304	2.62614729260902	2.8664142779881017	2.6337664610403815	2.7152583099719663	2.648948725794466	2.6681118939425525	2.509102074834408	2.736489389122777	2.48817241983529	2.8758342114506497	2.4009550760523526	2.9099700049245647	2.4632287790182525	2.8558394160583944	2.4907543554783227	2.8780934922089827	2.533738493162928	2.7804810232170163	2.5631833661946586	2.822091613023603	2.5335253352533527	4.778381941011698	4.761904761904762	3.051040775591674	4.409838445164322	3.7779877185225192	3.4013605442176873	4.761904761904762	4.879449618299947	9.200277136258661	14.635400000000002	0.041640458114620166	20.99967384338379	0.0	20.84543594878764	-1.0490437489390353e-05	19.534693371483073	-1.7167398347542533e-05	17.529606299513294	-1.8139377246538004e-05	15.790626241076243	-1.9185738089733616e-05	14.414092729617813	-1.260705083259873e-05	13.3096075366849	-9.866846901070059e-06	12.39156366909851	-8.073631519457453e-06	11.596746573567492	-6.219517883705381e-06	10.904548722270825	-6.409215597467078e-06	10.297366990753654	-6.6147774127400616e-06	9.765921576573602	-5.691772315447128e-06	9.296835266690415	-7.053910688085474e-06	8.885732455011917	-4.854398388339735e-06	8.503939027655779	-3.7538429967679413e-06	8.149878438289555	-3.865242196076006e-06	7.825579052305604	-3.97701286563662e-06	7.528920911939186	-4.088441159154837e-06	7.256655011965089	-2.8004928867480677e-06	7.009300291838728	-2.8766796213138947e-06	6.785202311115308	-1.475433297873753e-06	6.575639461486996	-1.5136997394922748e-06	6.384067929790561	-1.552896306902003e-06	6.205951368923105	-1.5919586982235333e-06	6.035483455141478	-1.631725974466752e-06	5.878070473136652	-1.6718046797156594e-06	5.731857303828726	-1.7124665854957505e-06	5.593120542139002	-1.7529098303183284e-06	5.4652360545829115	-1.7945492361501176e-06
14	1	5	0	0	844	1	780	334	716	4315	689	8638	615	9407	614	7273	597	5404	577	3885	547	2845	546	2173	553	1657	551	1431	535	1221	529	1148	540	1063	527	946	527	818	522	729	544	698	533	648	536	616	533	601	567	557	552	542	537	552	511	554	514	544	524	528	524	4061	4095	303.0	876.9840427210598	695.1799001693726	34	1	0.7321062088012695	4.761904761904762	1.7241379310344827			2.848079908213539	3.8461538461538463	2.7419411537244702	3.841729928686451	2.60591061289853	7.159686732594412	2.5933453778982236	8.136774679728711	2.3914142396080416	8.382193074688574	2.4333214441406095	7.330397008577159	2.392977392977393	6.461023433763749	2.3448612183525013	5.459144242253917	2.25325424287362	4.642018013314188	2.2742419193602132	4.002431297428719	2.327147245718133	3.4038619556285945	2.346877928273277	3.2399021916319506	2.2966301781498175	3.060764062970019	2.295110416937828	3.1713583248156025	2.345684375135746	3.2400633991709338	2.3032210130676107	3.099708378387234	2.301008601493254	2.8442280945758	2.285163945191087	2.7010003705075953	2.3890035571560317	2.6964382291586184	2.3318895743098396	2.5951141369643573	2.3429645495475806	2.5680576979197065	2.3380269333684254	2.5818369275710973	2.483791834589101	2.445556726378644	2.4407499115670324	2.4264672964140215	2.3790536948431686	2.5182481751824817	2.276879205097358	2.538955087076077	2.2968987398337655	2.520969461050095	2.348091055744757	2.462916316820599	2.3580235802358027	4.77955888237648	4.761904761904762	2.879954376960365	4.563147480730894	3.792596026368094	3.3041788143828956	4.761904761904762	4.912598357524766	9.200277136258661	14.635400000000002	0.041640458114620166	20.99967384338379	0.0	20.84543594878764	-1.0490437489390353e-05	19.534693371483073	-1.7167398347542533e-05	17.529606299513294	-1.8139377246538004e-05	15.790626241076243	-1.9185738089733616e-05	14.414092729617813	-1.260705083259873e-05	13.3096075366849	-9.866846901070059e-06	12.39156366909851	-8.073631519457453e-06	11.596746573567492	-6.219517883705381e-06	10.904548722270825	-6.409215597467078e-06	10.297366990753654	-6.6147774127400616e-06	9.765921576573602	-5.691772315447128e-06	9.296835266690415	-7.053910688085474e-06	8.885732455011917	-4.854398388339735e-06	8.503939027655779	-3.7538429967679413e-06	8.149878438289555	-3.865242196076006e-06	7.825579052305604	-3.97701286563662e-06	7.528920911939186	-4.088441159154837e-06	7.256655011965089	-2.8004928867480677e-06	7.009300291838728	-2.8766796213138947e-06	6.785202311115308	-1.475433297873753e-06	6.575639461486996	-1.5136997394922748e-06	6.384067929790561	-1.552896306902003e-06	6.205951368923105	-1.5919586982235333e-06	6.035483455141478	-1.631725974466752e-06	5.878070473136652	-1.6718046797156594e-06	5.731857303828726	-1.7124665854957505e-06	5.593120542139002	-1.7529098303183284e-06	5.4652360545829115	-1.7945492361501176e-06
15	1	5	0	0	656	2	603	481	577	4962	572	9832	557	9805	554	7308	540	5000	509	3468	501	2465	464	1909	441	1558	442	1307	470	1097	481	918	493	804	478	743	470	650	481	604	493	580	503	565	510	556	500	532	492	507	515	485	506	446	482	442	459	479	465	479	474	4060	4095	287.0	910.6193962539568	701.2682981491089	35	1	0.7369861602783203	4.761904761904762	1.7241379310344827			2.2136734831612337	7.6923076923076925	2.119731430379302	5.532551184725098	2.1000145581598484	8.233224928652021	2.1529659741041858	9.261492087415222	2.165882490181592	8.736834601607471	2.1955375896643283	7.365673221322959	2.1645021645021645	5.978000956480153	2.0685170886333157	4.873182041733998	2.0637666831438457	4.021994517686986	1.9326891036321225	3.5161718116849627	1.8558262845600304	3.200493015612161	1.8826135105204873	2.9591559500090563	2.017600343421335	2.7499247969517695	2.086858432036097	2.5359816569518494	2.1415229572998564	2.4506217995610826	2.0890695336742273	2.4345489694944136	2.052132908352618	2.2600834492350486	2.1056778881933194	2.237865876250463	2.165034473672654	2.2405933709340955	2.2006387539922123	2.2627152583099717	2.2293132840844514	2.3179222078625923	2.1932710444356713	2.2854197095970443	2.155247941124934	2.2260273972602738	2.2771489211177927	2.1712853113667907	2.241715399610136	2.0346715328467155	2.147662968408858	2.0256645279560037	2.05112163732237	2.219750683534918	2.08370675748342	2.234350219236869	2.133021330213302	4.778381941011698	4.761904761904762	2.7278775781769795	4.738159876921038	3.8258116500926436	3.4013605442176873	4.761904761904762	4.945343936407663	9.200277136258661	14.635400000000002	0.041640458114620166	20.99967384338379	0.0	20.84543594878764	-1.0490437489390353e-05	19.534693371483073	-1.7167398347542533e-05	17.529606299513294	-1.8139377246538004e-05	15.790626241076243	-1.9185738089733616e-05	14.414092729617813	-1.260705083259873e-05	13.3096075366849	-9.866846901070059e-06	12.39156366909851	-8.073631519457453e-06	11.596746573567492	-6.219517883705381e-06	10.904548722270825	-6.409215597467078e-06	10.297366990753654	-6.6147774127400616e-06	9.765921576573602	-5.691772315447128e-06	9.296835266690415	-7.053910688085474e-06	8.885732455011917	-4.854398388339735e-06	8.503939027655779	-3.7538429967679413e-06	8.149878438289555	-3.865242196076006e-06	7.825579052305604	-3.97701286563662e-06	7.528920911939186	-4.088441159154837e-06	7.256655011965089	-2.8004928867480677e-06	7.009300291838728	-2.8766796213138947e-06	6.785202311115308	-1.475433297873753e-06	6.575639461486996	-1.5136997394922748e-06	6.384067929790561	-1.552896306902003e-06	6.205951368923105	-1.5919586982235333e-06	6.035483455141478	-1.631725974466752e-06	5.878070473136652	-1.6718046797156594e-06	5.731857303828726	-1.7124665854957505e-06	5.593120542139002	-1.7529098303183284e-06	5.4652360545829115	-1.7945492361501176e-06
16	1	5	0	0	586	1	572	786	547	6361	495	9975	453	9445	423	6995	435	4588	436	3126	444	2253	448	1715	442	1342	452	1102	431	943	431	865	428	766	444	707	443	594	465	554	483	520	463	463	460	432	450	442	456	437	438	453	447	440	461	458	456	429	460	434	447	4057	4095	273.0	934.2697399687635	701.20787525177	38	1	0.7427215576171875	4.761904761904762	1.7241379310344827			1.9774583248970776	3.8461538461538463	2.0107568460646115	9.04071773636991	1.990828359295385	10.554523130019247	1.8631436314363143	9.39619442351168	1.7614807325893378	8.416053320977314	1.6763761740577816	7.050203090196236	1.7436267436267436	5.485413677666188	1.771853537611249	4.3926087261996765	1.828966880869995	3.6760866727581254	1.866044651782739	3.15884476534296	1.860034507427513	2.7567789646672147	1.9252065763693669	2.4950190182937875	1.8501824425842455	2.363882482703299	1.8699292810967938	2.389568772618028	1.8591720602927762	2.334796391124116	1.9404746296053494	2.3165896654543072	1.9342444221281057	2.0653685674547986	2.035634548877118	2.05261207854761	2.1211189671072854	2.0088078498029827	2.0256376602353763	1.854225070084101	2.010753158193819	1.800975528411223	1.9739439399921042	1.8987885557178452	1.9975468722621341	1.9186863364945559	1.9366819950477536	2.028025249585889	1.9803296119085594	2.0072992700729926	2.0540925901171856	2.0989917506874427	2.0377156135490213	1.988043931600167	2.061301308478222	2.02444257859875	2.011520115201152	4.774851116917355	4.761904761904762	2.5948103792415167	4.861217995522365	3.8254820093186606	3.69290573372206	4.761904761904762	4.983829750635089	9.200277136258661	14.635400000000002	0.041640458114620166	20.99967384338379	0.0	20.84543594878764	-1.0490437489390353e-05	19.534693371483073	-1.7167398347542533e-05	17.529606299513294	-1.8139377246538004e-05	15.790626241076243	-1.9185738089733616e-05	14.414092729617813	-1.260705083259873e-05	13.3096075366849	-9.866846901070059e-06	12.39156366909851	-8.073631519457453e-06	11.596746573567492	-6.219517883705381e-06	10.904548722270825	-6.409215597467078e-06	10.297366990753654	-6.6147774127400616e-06	9.765921576573602	-5.691772315447128e-06	9.296835266690415	-7.053910688085474e-06	8.885732455011917	-4.854398388339735e-06	8.503939027655779	-3.7538429967679413e-06	8.149878438289555	-3.865242196076006e-06	7.825579052305604	-3.97701286563662e-06	7.528920911939186	-4.088441159154837e-06	7.256655011965089	-2.8004928867480677e-06	7.009300291838728	-2.8766796213138947e-06	6.785202311115308	-1.475433297873753e-06	6.575639461486996	-1.5136997394922748e-06	6.384067929790561	-1.552896306902003e-06	6.205951368923105	-1.5919586982235333e-06	6.035483455141478	-1.631725974466752e-06	5.878070473136652	-1.6718046797156594e-06	5.731857303828726	-1.7124665854957505e-06	5.593120542139002	-1.7529098303183284e-06	5.4652360545829115	-1.7945492361501176e-06
17	1	6	0	0	494	1	458	1106	408	7430	418	11139	390	9196	385	6270	389	3988	372	2684	338	2093	346	1600	332	1238	342	972	330	816	335	635	347	587	354	537	387	496	398	442	373	416	382	395	397	375	396	383	406	357	420	333	405	327	406	356	431	329	435	329	430	4070	4095	255.0	971.6335177716608	704.9477796554565	25	1	0.7501239776611328	4.761904761904762	2.0689655172413794			1.6670041168927583	3.8461538461538463	1.6100116005202658	12.721417069243158	1.484932304556704	12.328267073737306	1.5733212887684433	10.492652599849283	1.516506590970953	8.194179601874788	1.5257797328894702	6.319481540461816	1.5592432259098925	4.7680535628885705	1.5117649449343682	3.771516897351226	1.3923216345361673	3.4150241482835137	1.4411862712429189	2.947027186325794	1.3971299920043765	2.543138866064092	1.4566828520316892	2.2006882811084947	1.4166130070830651	2.0455229118620277	1.4534253112933315	1.754192104754275	1.5073194040224143	1.7891977566447208	1.547135177658319	1.7595596185982503	1.6897349692180061	1.7246175243393602	1.7423280654905222	1.6376435716932196	1.638048394888235	1.607046279842386	1.6712604453777837	1.5818982779335202	1.7353673995716221	1.5633468128569643	1.7370706671930518	1.6453303548414813	1.7785176099526896	1.5674394099051632	1.857092324018394	1.4908000179075076	1.7942583732057416	1.4917883211678833	1.8090273136389965	1.6315307057745188	1.9259987487711145	1.524630427730664	1.9492740634522314	1.5346580837764718	1.935019350193502	4.7901513546595105	4.761904761904762	2.423723980610208	5.055630231374312	3.845885284178826	2.4295432458697768	4.761904761904762	5.0335016645082655	9.200277136258661	14.635400000000002	0.041640458114620166	20.99967384338379	0.0	20.84543594878764	-1.0490437489390353e-05	19.534693371483073	-1.7167398347542533e-05	17.529606299513294	-1.8139377246538004e-05	15.790626241076243	-1.9185738089733616e-05	14.414092729617813	-1.260705083259873e-05	13.3096075366849	-9.866846901070059e-06	12.39156366909851	-8.073631519457453e-06	11.596746573567492	-6.219517883705381e-06	10.904548722270825	-6.409215597467078e-06	10.297366990753654	-6.6147774127400616e-06	9.765921576573602	-5.691772315447128e-06	9.296835266690415	-7.053910688085474e-06	8.885732455011917	-4.854398388339735e-06	8.503939027655779	-3.7538429967679413e-06	8.149878438289555	-3.865242196076006e-06	7.825579052305604	-3.97701286563662e-06	7.528920911939186	-4.088441159154837e-06	7.256655011965089	-2.8004928867480677e-06	7.009300291838728	-2.8766796213138947e-06	6.785202311115308	-1.475433297873753e-06	6.575639461486996	-1.5136997394922748e-06	6.384067929790561	-1.552896306902003e-06	6.205951368923105	-1.5919586982235333e-06	6.035483455141478	-1.631725974466752e-06	5.878070473136652	-1.6718046797156594e-06	5.731857303828726	-1.7124665854957505e-06	5.593120542139002	-1.7529098303183284e-06	5.4652360545829115	-1.7945492361501176e-06
18	1	7	0	0	428	1	415	1627	387	8266	315	11646	312	9146	293	5979	306	3885	297	2645	304	1877	314	1371	322	1103	299	865	314	700	306	633	318	508	334	458	335	416	355	414	348	347	348	312	351	293	372	293	372	300	358	314	360	320	386	303	396	305	406	304	410	4075	4095	244.0	981.1926177305062	696.3566284179688	20	1	0.75579833984375	4.761904761904762	2.413793103448276			1.4442869676722683	3.8461538461538463	1.4588533061482758	18.71405567057741	1.4085019653515796	13.71540452644853	1.1856368563685638	10.970233609645817	1.2132052727767624	8.149626646231711	1.1611778226925058	6.026185028775311	1.2265512265512266	4.644906743185079	1.206973625391149	3.7167146771587154	1.2522656121272038	3.062589740242788	1.3078973675441519	2.5252339202829144	1.355047763329546	2.2658175842235004	1.273532668881506	1.9584314435790617	1.347928740072977	1.7547377920385039	1.3276064037485358	1.748667090251112	1.381347465357717	1.5484028285783955	1.4597264105589791	1.5007044791769062	1.4626904772300573	1.4464534075104312	1.5540865910782296	1.533901444979622	1.5282596284748144	1.3404929305416056	1.522509515684473	1.249499399279135	1.5342920837522402	1.2214949764455747	1.6317936570601395	1.258699200962282	1.6295777115822676	1.3171759747102214	1.582950123806155	1.4057393562250975	1.5948963317384368	1.4598540145985401	1.7199126676469279	1.388634280476627	1.769595138082045	1.4134111868019834	1.819322459222083	1.4180427278664054	1.8450184501845017	4.796036061483417	4.761904761904762	2.319171181446631	5.105368403074585	3.799015738558641	1.9436345966958213	4.761904761904762	5.0715779190232615	9.200277136258661	14.635400000000002	0.041640458114620166	20.99967384338379	0.0	20.84543594878764	-1.0490437489390353e-05	19.534693371483073	-1.7167398347542533e-05	17.529606299513294	-1.8139377246538004e-05	15.790626241076243	-1.9185738089733616e-05	14.414092729617813	-1.260705083259873e-05	13.3096075366849	-9.866846901070059e-06	12.39156366909851	-8.073631519457453e-06	11.596746573567492	-6.219517883705381e-06	10.904548722270825	-6.409215597467078e-06	10.297366990753654	-6.6147774127400616e-06	9.765921576573602	-5.691772315447128e-06	9.296835266690415	-7.053910688085474e-06	8.885732455011917	-4.854398388339735e-06	8.503939027655779	-3.7538429967679413e-06	8.149878438289555	-3.865242196076006e-06	7.825579052305604	-3.97701286563662e-06	7.528920911939186	-4.088441159154837e-06	7.256655011965089	-2.8004928867480677e-06	7.009300291838728	-2.8766796213138947e-06	6.785202311115308	-1.475433297873753e-06	6.575639461486996	-1.5136997394922748e-06	6.384067929790561	-1.552896306902003e-06	6.205951368923105	-1.5919586982235333e-06	6.035483455141478	-1.631725974466752e-06	5.878070473136652	-1.6718046797156594e-06	5.731857303828726	-1.7124665854957505e-06	5.593120542139002	-1.7529098303183284e-06	5.4652360545829115	-1.7945492361501176e-06
19	1	7	0	0	410	4	361	1916	355	9176	359	11690	328	8773	317	5842	300	3734	312	2530	298	1735	300	1359	305	1062	302	833	297	685	297	600	303	526	323	459	342	364	333	349	350	359	356	324	357	327	364	310	376	305	372	298	367	295	386	293	379	289	397	311	391	4067	4095	236.0	979.3436672949734	682.9218549728394	28	1	0.7616500854492188	4.761904761904762	2.413793103448276			1.383545926975771	15.384615384615385	1.2690266108904278	22.03818725557856	1.2920366865628186	15.225326873299263	1.3512496236073472	11.011680482290883	1.2754209277909554	7.817261597134354	1.2562913644830183	5.888103853170323	1.2025012025012025	4.464371114299379	1.2679318892997928	3.5551183868474676	1.2275498434667984	2.8308967497715702	1.2495834721759413	2.503131216385471	1.283507974582334	2.1815940838126537	1.28631058863617	1.885980800579605	1.2749517063747586	1.7171362679233932	1.2885591565794612	1.6575043509489213	1.3161895660483904	1.6032674957327482	1.411651588654342	1.5039811265113536	1.4932541588438197	1.265646731571627	1.457776999518452	1.2930715079659132	1.537042729787888	1.386850034767828	1.5575097344358402	1.2975570684821787	1.560519298859116	1.3632384208112727	1.5967013203491687	1.331729530028353	1.647100052567023	1.3391289076220583	1.6448532012734347	1.3341093253346465	1.6259082048555733	1.345802919708029	1.7199126676469279	1.3428047662694775	1.6936276700330684	1.339265026182863	1.7789926510127265	1.450695027521224	1.7595175951759516	4.786620530565167	4.761904761904762	2.2431327820549374	5.09574789333792	3.7257215187879904	2.7210884353741496	4.761904761904762	5.110844456452508	9.200277136258661	14.635400000000002	0.041640458114620166	20.99967384338379	0.0	20.84543594878764	-1.0490437489390353e-05	19.534693371483073	-1.7167398347542533e-05	17.529606299513294	-1.8139377246538004e-05	15.790626241076243	-1.9185738089733616e-05	14.414092729617813	-1.260705083259873e-05	13.3096075366849	-9.866846901070059e-06	12.39156366909851	-8.073631519457453e-06	11.596746573567492	-6.219517883705381e-06	10.904548722270825	-6.409215597467078e-06	10.297366990753654	-6.6147774127400616e-06	9.765921576573602	-5.691772315447128e-06	9.296835266690415	-7.053910688085474e-06	8.885732455011917	-4.854398388339735e-06	8.503939027655779	-3.7538429967679413e-06	8.149878438289555	-3.865242196076006e-06	7.825579052305604	-3.97701286563662e-06	7.528920911939186	-4.088441159154837e-06	7.256655011965089	-2.8004928867480677e-06	7.009300291838728	-2.8766796213138947e-06	6.785202311115308	-1.475433297873753e-06	6.575639461486996	-1.5136997394922748e-06	6.384067929790561	-1.552896306902003e-06	6.205951368923105	-1.5919586982235333e-06	6.035483455141478	-1.631725974466752e-06	5.878070473136652	-1.6718046797156594e-06	5.731857303828726	-1.7124665854957505e-06	5.593120542139002	-1.7529098303183284e-06	5.4652360545829115	-1.7945492361501176e-06
20	1	7	0	0	427	2	386	2109	332	9967	318	11828	318	8987	345	5677	337	3593	325	2283	328	1592	326	1175	325	886	311	740	306	620	295	524	306	466	332	448	351	380	364	334	375	332	359	332	373	337	394	325	395	328	399	334	401	316	400	304	399	295	442	314	455	4076	4095	227.0	974.0480347395016	666.9704847335815	19	1	0.765406608581543	4.761904761904762	2.413793103448276			1.4409124654113517	7.6923076923076925	1.3569093401764685	24.258109040717738	1.2083272674333965	16.537797836331055	1.1969286359530262	11.141672946495856	1.236536143407085	8.007948247286725	1.3672571632386161	5.721801707368697	1.3508096841430175	4.295791487326638	1.320762384687284	3.2080376589615685	1.3511286867688252	2.597572118522386	1.3578807064311895	2.164223089958005	1.3676724319319953	1.8200493015612162	1.3246443479001617	1.6754211193624344	1.313586606567933	1.5541963300912465	1.279881990541889	1.4475537998287245	1.3292211459102559	1.4203852718849062	1.4509855338490452	1.4679380058324323	1.532550320918657	1.321279554937413	1.5934859694435932	1.2374953686550574	1.6468314962013089	1.2825465502588274	1.5706348164676027	1.329595514617541	1.6304585391441184	1.404927669154125	1.7282975830153091	1.396168055674886	1.730331172244612	1.4401123990165086	1.7642377078174745	1.495276894838161	1.7765373028530922	1.4416058394160582	1.782292919841376	1.393217231897342	1.7830011618553936	1.367069836415033	1.980641692059509	1.464688870230432	2.047520475204752	4.797213002848198	4.761904761904762	2.1575895827392833	5.068193512440178	3.638697852871015	1.84645286686103	4.761904761904762	5.136051576878486	9.200277136258661	14.635400000000002	0.041640458114620166	20.99967384338379	0.0	20.84543594878764	-1.0490437489390353e-05	19.534693371483073	-1.7167398347542533e-05	17.529606299513294	-1.8139377246538004e-05	15.790626241076243	-1.9185738089733616e-05	14.414092729617813	-1.260705083259873e-05	13.3096075366849	-9.866846901070059e-06	12.39156366909851	-8.073631519457453e-06	11.596746573567492	-6.219517883705381e-06	10.904548722270825	-6.409215597467078e-06	10.297366990753654	-6.6147774127400616e-06	9.765921576573602	-5.691772315447128e-06	9.296835266690415	-7.053910688085474e-06	8.885732455011917	-4.854398388339735e-06	8.503939027655779	-3.7538429967679413e-06	8.149878438289555	-3.865242196076006e-06	7.825579052305604	-3.97701286563662e-06	7.528920911939186	-4.088441159154837e-06	7.256655011965089	-2.8004928867480677e-06	7.009300291838728	-2.8766796213138947e-06	6.785202311115308	-1.475433297873753e-06	6.575639461486996	-1.5136997394922748e-06	6.384067929790561	-1.552896306902003e-06	6.205951368923105	-1.5919586982235333e-06	6.035483455141478	-1.631725974466752e-06	5.878070473136652	-1.6718046797156594e-06	5.731857303828726	-1.7124665854957505e-06	5.593120542139002	-1.7529098303183284e-06	5.4652360545829115	-1.7945492361501176e-06
