	counts(inten<0.01	MicrocoloniesPlatonic	MicrocoloniesAggregates	MicrocoloniesLarge	counts(Norminten<0.01	counts(inten<0.02	counts(Norminten<0.02	counts(inten<0.03	counts(Norminten<0.03	counts(inten<0.04	counts(Norminten<0.04	counts(inten<0.05	counts(Norminten<0.05	counts(inten<0.060000000000000005	counts(Norminten<0.060000000000000005	counts(inten<0.06999999999999999	counts(Norminten<0.06999999999999999	counts(inten<0.08	counts(Norminten<0.08	counts(inten<0.09	counts(Norminten<0.09	counts(inten<0.09999999999999999	counts(Norminten<0.09999999999999999	counts(inten<0.11	counts(Norminten<0.11	counts(inten<0.12	counts(Norminten<0.12	counts(inten<0.13	counts(Norminten<0.13	counts(inten<0.14	counts(Norminten<0.14	counts(inten<0.15000000000000002	counts(Norminten<0.15000000000000002	counts(inten<0.16	counts(Norminten<0.16	counts(inten<0.17	counts(Norminten<0.17	counts(inten<0.18000000000000002	counts(Norminten<0.18000000000000002	counts(inten<0.19	counts(Norminten<0.19	counts(inten<0.2	counts(Norminten<0.2	counts(inten<0.21000000000000002	counts(Norminten<0.21000000000000002	counts(inten<0.22	counts(Norminten<0.22	counts(inten<0.23	counts(Norminten<0.23	counts(inten<0.24000000000000002	counts(Norminten<0.24000000000000002	counts(inten<0.25	counts(Norminten<0.25	counts(inten<0.26	counts(Norminten<0.26	counts(inten<0.27	counts(Norminten<0.27	counts(inten<0.28	counts(Norminten<0.28	counts(inten<0.29000000000000004	counts(Norminten<0.29000000000000004	diff	max	med	std	mean	min	eigenLocal	minProp	counts(inten<0.01Normalized	MicrocoloniesPlatonicNormalized	MicrocoloniesAggregatesNormalized	MicrocoloniesLargeNormalized	counts(Norminten<0.01Normalized	counts(inten<0.02Normalized	counts(Norminten<0.02Normalized	counts(inten<0.03Normalized	counts(Norminten<0.03Normalized	counts(inten<0.04Normalized	counts(Norminten<0.04Normalized	counts(inten<0.05Normalized	counts(Norminten<0.05Normalized	counts(inten<0.060000000000000005Normalized	counts(Norminten<0.060000000000000005Normalized	counts(inten<0.06999999999999999Normalized	counts(Norminten<0.06999999999999999Normalized	counts(inten<0.08Normalized	counts(Norminten<0.08Normalized	counts(inten<0.09Normalized	counts(Norminten<0.09Normalized	counts(inten<0.09999999999999999Normalized	counts(Norminten<0.09999999999999999Normalized	counts(inten<0.11Normalized	counts(Norminten<0.11Normalized	counts(inten<0.12Normalized	counts(Norminten<0.12Normalized	counts(inten<0.13Normalized	counts(Norminten<0.13Normalized	counts(inten<0.14Normalized	counts(Norminten<0.14Normalized	counts(inten<0.15000000000000002Normalized	counts(Norminten<0.15000000000000002Normalized	counts(inten<0.16Normalized	counts(Norminten<0.16Normalized	counts(inten<0.17Normalized	counts(Norminten<0.17Normalized	counts(inten<0.18000000000000002Normalized	counts(Norminten<0.18000000000000002Normalized	counts(inten<0.19Normalized	counts(Norminten<0.19Normalized	counts(inten<0.2Normalized	counts(Norminten<0.2Normalized	counts(inten<0.21000000000000002Normalized	counts(Norminten<0.21000000000000002Normalized	counts(inten<0.22Normalized	counts(Norminten<0.22Normalized	counts(inten<0.23Normalized	counts(Norminten<0.23Normalized	counts(inten<0.24000000000000002Normalized	counts(Norminten<0.24000000000000002Normalized	counts(inten<0.25Normalized	counts(Norminten<0.25Normalized	counts(inten<0.26Normalized	counts(Norminten<0.26Normalized	counts(inten<0.27Normalized	counts(Norminten<0.27Normalized	counts(inten<0.28Normalized	counts(Norminten<0.28Normalized	counts(inten<0.29000000000000004Normalized	counts(Norminten<0.29000000000000004Normalized	diffNormalized	maxNormalized	medNormalized	stdNormalized	meanNormalized	minNormalized	eigenLocalNormalized	minPropNormalized	BioVolume	SubstratumCoverage	Homogenity	ThicknessThreshold=0.01	RoughnessThreshold=0.01	ThicknessThreshold=0.02	RoughnessThreshold=0.02	ThicknessThreshold=0.03	RoughnessThreshold=0.03	ThicknessThreshold=0.04	RoughnessThreshold=0.04	ThicknessThreshold=0.05	RoughnessThreshold=0.05	ThicknessThreshold=0.060000000000000005	RoughnessThreshold=0.060000000000000005	ThicknessThreshold=0.06999999999999999	RoughnessThreshold=0.06999999999999999	ThicknessThreshold=0.08	RoughnessThreshold=0.08	ThicknessThreshold=0.09	RoughnessThreshold=0.09	ThicknessThreshold=0.09999999999999999	RoughnessThreshold=0.09999999999999999	ThicknessThreshold=0.11	RoughnessThreshold=0.11	ThicknessThreshold=0.12	RoughnessThreshold=0.12	ThicknessThreshold=0.13	RoughnessThreshold=0.13	ThicknessThreshold=0.14	RoughnessThreshold=0.14	ThicknessThreshold=0.15000000000000002	RoughnessThreshold=0.15000000000000002	ThicknessThreshold=0.16	RoughnessThreshold=0.16	ThicknessThreshold=0.17	RoughnessThreshold=0.17	ThicknessThreshold=0.18000000000000002	RoughnessThreshold=0.18000000000000002	ThicknessThreshold=0.19	RoughnessThreshold=0.19	ThicknessThreshold=0.2	RoughnessThreshold=0.2	ThicknessThreshold=0.21000000000000002	RoughnessThreshold=0.21000000000000002	ThicknessThreshold=0.22	RoughnessThreshold=0.22	ThicknessThreshold=0.23	RoughnessThreshold=0.23	ThicknessThreshold=0.24000000000000002	RoughnessThreshold=0.24000000000000002	ThicknessThreshold=0.25	RoughnessThreshold=0.25	ThicknessThreshold=0.26	RoughnessThreshold=0.26	ThicknessThreshold=0.27	RoughnessThreshold=0.27	ThicknessThreshold=0.28	RoughnessThreshold=0.28	ThicknessThreshold=0.29000000000000004	RoughnessThreshold=0.29000000000000004
0	1	50	0	0	4246	18	4507	39	4741	54	4915	75	5083	118	5281	218	5370	374	5547	568	5671	813	5754	1085	5817	1438	5867	1775	5878	2140	5869	2448	5853	2792	5794	3128	5690	3494	5605	3835	5471	4165	5393	4492	5284	4769	5210	4998	5082	5193	4912	5371	4754	5556	4591	5709	4444	5803	4299	5870	4159	4062	4095	690.0	507.10003393808284	795.2806234359741	33	1	0.5804977416992188	0.002474451290426348	14.792899408284024			13.774086809835854	0.013548809586535496	15.152635825712748	0.0610806577916993	16.070096942580165	0.1433729821580289	16.632262867584853	0.2683651196908434	17.009101860527373	0.5108225108225108	17.522728780941005	1.019263138208341	17.669704846829653	1.797472004613832	17.988714489557662	2.698978379662628	18.122842899143553	3.7503459728757265	18.25565531901393	4.88914924297044	18.229966467140933	6.2418612726799205	18.27839740793819	7.463314131942984	18.168892185954498	8.655557353179097	18.05679475740701	9.489107682766106	17.98211926633691	10.45771218817889	17.89099891925274	11.423980132208465	17.604653321370005	12.380412444192473	17.439870562245247	13.151577503429355	17.11773724226401	13.840887943639505	16.922401079418872	14.61050577329647	16.82909739473852	15.252990468879934	16.70300076942806	15.697236180904522	16.51233063651428	16.10682050804876	16.269749263025403	16.385490710515878	16.036431101366166	16.853216853216853	15.8016107936945	17.319418742226134	15.63137530777348	17.659768715763846	15.42740256943946	17.939001283540126	15.262385321100918	4.7724228681533	4.7914350903878775	16.185784658691063	6.371734169983181	11.027347583001923	9.401709401709402	4.761904761904762	3.845716206012713	3.466346863468635	13.739700000000001	0.13405169798358257	18.302819016991922	-1.4305387599708552e-05	13.382611550252047	-1.2442072581308944e-05	11.16559044936889	-9.714623228052723e-06	9.83754455500733	-7.96292462295552e-06	8.909950616523444	-6.160107350137422e-06	8.186831931708989	-6.384731128330967e-06	7.58799467591516	-6.6440400192677165e-06	7.0922342671980125	-3.469327100879937e-06	6.667271224963533	-6.0577057045414616e-06	6.299977339447439	-6.365331856576343e-06	5.97712128509315	-5.366188718124839e-06	5.691678905793691	-4.252984531895258e-06	5.436145157053327	-3.0022186395746456e-06	5.205619233549792	-3.184789445607777e-06	4.99607873015873	-1.6931245597876144e-06	4.804027177671409	-1.805588658014286e-06	4.625020714106788	-1.926897367665506e-06	4.458437550219834	-2.0603051311899294e-06	4.308298152335194	0.0	4.16702131188717	0.0	4.038199427937419	0.0	3.9127680685904744	0.0	3.7991153137649727	0.0	3.6959395143516063	0.0	3.6029506404356764	0.0	3.50962172778794	0.0	3.428125711868268	-4.067835220130903e-06	3.353546257747968	-4.424269774273756e-06	3.2798040283070224	-4.817419789960497e-06
1	1	46	0	0	3364	37	3497	89	3718	151	3816	256	3997	440	4097	702	4237	967	4297	1294	4398	1535	4501	1770	4536	1995	4509	2297	4518	2529	4534	2815	4494	3034	4447	3209	4369	3360	4304	3517	4248	3760	4158	3939	4071	4089	4007	4241	3919	4308	3811	4440	3700	4542	3595	4526	3502	4518	3392	4543	3311	4071	4095	576.0	499.99817147205295	705.4870071411133	24	1	0.6008586883544922	0.002474451290426348	13.609467455621301			10.912865762667877	0.027850330816767403	11.756993006993007	0.139389193422083	12.602535421327369	0.4009133389974512	12.913268586511457	0.9160196085447454	13.37505019408379	1.9047619047619049	13.594133651868074	3.282214325790163	13.941627455496693	4.647474407651271	13.935011026073422	6.148728914231409	14.054710469129489	7.0809115232032465	14.280275389447636	7.975847152126893	14.215425115171268	8.659605868564979	14.047604212100442	9.658159189336923	13.96513353115727	10.228927358032681	13.94948158631511	10.911698581285371	13.806875787274569	11.364147127125628	13.73166589470434	11.719805704685731	13.517527304229448	11.90560555594926	13.391829241731228	12.061042524005487	13.291198648352681	12.495015286454873	13.047161818695283	12.81183932346723	12.96579399961781	13.078104010746497	12.846242626314439	13.319723618090451	12.733534782467427	13.361868428398624	12.622967109403465	13.54525763446109	12.481025468038455	13.777413777413777	12.373511392579335	13.730546370172616	12.317973971157228	13.749239196591601	12.17254001291897	13.8836256952509	12.150458715596331	4.782996921775501	4.7914350903878775	13.511611541168191	6.282498956579806	9.782270828409205	6.837606837606838	4.761904761904762	3.980604624859512	3.466346863468635	13.739700000000001	0.13405169798358257	18.302819016991922	-1.4305387599708552e-05	13.382611550252047	-1.2442072581308944e-05	11.16559044936889	-9.714623228052723e-06	9.83754455500733	-7.96292462295552e-06	8.909950616523444	-6.160107350137422e-06	8.186831931708989	-6.384731128330967e-06	7.58799467591516	-6.6440400192677165e-06	7.0922342671980125	-3.469327100879937e-06	6.667271224963533	-6.0577057045414616e-06	6.299977339447439	-6.365331856576343e-06	5.97712128509315	-5.366188718124839e-06	5.691678905793691	-4.252984531895258e-06	5.436145157053327	-3.0022186395746456e-06	5.205619233549792	-3.184789445607777e-06	4.99607873015873	-1.6931245597876144e-06	4.804027177671409	-1.805588658014286e-06	4.625020714106788	-1.926897367665506e-06	4.458437550219834	-2.0603051311899294e-06	4.308298152335194	0.0	4.16702131188717	0.0	4.038199427937419	0.0	3.9127680685904744	0.0	3.7991153137649727	0.0	3.6959395143516063	0.0	3.6029506404356764	0.0	3.50962172778794	0.0	3.428125711868268	-4.067835220130903e-06	3.353546257747968	-4.424269774273756e-06	3.2798040283070224	-4.817419789960497e-06
2	1	31	0	0	3011	75	3079	194	3161	366	3257	674	3348	932	3365	1200	3434	1515	3505	1698	3572	1982	3602	2193	3629	2338	3651	2438	3606	2659	3616	2838	3550	2993	3510	3069	3463	3149	3444	3256	3404	3385	3365	3409	3290	3494	3203	3567	3116	3602	3046	3663	2966	3607	2925	3600	2835	3569	2756	3516	2683	4072	4095	488.0	483.6202175987131	630.5283613204956	23	1	0.6173009872436523	0.002474451290426348	9.171597633136095			9.767728540842146	0.05645337327723122	10.351667563206025	0.3038371182458888	10.714527828621788	0.9717502124044181	11.02162363371798	2.4117078756217123	11.20331950207469	4.034632034632034	11.165306257880417	5.610622779128483	11.299397848047118	7.2812034411496125	11.366584511609807	8.068424803991448	11.4150581618305	9.142909862533443	11.428027538944765	9.881939437635184	11.372966874549501	10.148450386318258	11.374540469811203	10.251019635874364	11.146142433234422	10.754732243973466	11.125126911362027	11.000852779285216	10.906633076284985	11.21057757135366	10.838351088466883	11.20850224608305	10.71439621298846	11.157961873715541	10.715952580976385	11.165980795610425	10.650480272832514	11.248836900172805	10.55885029338856	11.087981785656204	10.478374418752786	11.175078359879741	10.268658630418056	11.202889447236181	10.124443577996555	11.172110046214447	10.089099400483589	11.174837548430396	10.005059875189746	10.941244274577608	10.067460590624355	10.921336043442647	9.97186071051706	10.861229458307973	9.890188760496663	10.745064482611086	9.845871559633029	4.784171816622412	4.7914350903878775	11.44733755571194	6.076709247754999	8.742895521811366	6.552706552706552	4.761904761904762	4.08953255129219	3.466346863468635	13.739700000000001	0.13405169798358257	18.302819016991922	-1.4305387599708552e-05	13.382611550252047	-1.2442072581308944e-05	11.16559044936889	-9.714623228052723e-06	9.83754455500733	-7.96292462295552e-06	8.909950616523444	-6.160107350137422e-06	8.186831931708989	-6.384731128330967e-06	7.58799467591516	-6.6440400192677165e-06	7.0922342671980125	-3.469327100879937e-06	6.667271224963533	-6.0577057045414616e-06	6.299977339447439	-6.365331856576343e-06	5.97712128509315	-5.366188718124839e-06	5.691678905793691	-4.252984531895258e-06	5.436145157053327	-3.0022186395746456e-06	5.205619233549792	-3.184789445607777e-06	4.99607873015873	-1.6931245597876144e-06	4.804027177671409	-1.805588658014286e-06	4.625020714106788	-1.926897367665506e-06	4.458437550219834	-2.0603051311899294e-06	4.308298152335194	0.0	4.16702131188717	0.0	4.038199427937419	0.0	3.9127680685904744	0.0	3.7991153137649727	0.0	3.6959395143516063	0.0	3.6029506404356764	0.0	3.50962172778794	0.0	3.428125711868268	-4.067835220130903e-06	3.353546257747968	-4.424269774273756e-06	3.2798040283070224	-4.817419789960497e-06
3	1	24	0	0	2386	182	2410	821	2400	1477	2491	1573	2525	1729	2513	1905	2502	2044	2551	2066	2539	2182	2541	2228	2576	2291	2560	2348	2568	2384	2567	2380	2552	2411	2533	2538	2487	2498	2439	2499	2402	2556	2406	2541	2374	2539	2368	2561	2310	2552	2251	2575	2220	2555	2190	2528	2112	2474	2053	2433	1978	4068	4095	379.0	458.8270206011196	533.5032415390015	27	1	0.6404228210449219	0.002474451290426348	7.100591715976331			7.740219295399988	0.13699351915274777	8.102474448628296	1.2858261550509005	8.135041692088672	3.921516567544605	8.429494771750532	5.628511110315955	8.449337438093965	7.484848484848484	8.33831043864888	8.906863661866467	8.23270047053404	9.823617051953669	8.272798028278636	9.817058683772869	8.113894925220503	10.065504197804225	8.061803991243377	10.039653929343908	8.072957472813314	9.944439621494922	7.97557480216836	9.87259807425472	7.937685459940654	9.642452677560264	7.89773251699843	9.225521358244825	7.840486650895572	9.030638999175968	7.821522309711286	9.26920127095431	7.69468766436682	8.851250797250373	7.588910669280313	8.569958847736626	7.515409405212603	8.493951880898578	7.5496564059117	8.264758497316636	7.560991145932862	8.120642231177637	7.591690176968453	8.043341708542712	7.505604834779218	7.91538723984988	7.455864330429598	7.855639281247139	7.488615280823073	7.750174416841084	7.537688442211055	7.669204866061949	7.428772423496306	7.528910529519173	7.3674011339984204	7.435364586516717	7.258715596330275	4.779472237234768	4.7914350903878775	8.890452732817264	5.765181639945808	7.397546863006695	7.6923076923076925	4.761904761904762	4.242711460657092	3.466346863468635	13.739700000000001	0.13405169798358257	18.302819016991922	-1.4305387599708552e-05	13.382611550252047	-1.2442072581308944e-05	11.16559044936889	-9.714623228052723e-06	9.83754455500733	-7.96292462295552e-06	8.909950616523444	-6.160107350137422e-06	8.186831931708989	-6.384731128330967e-06	7.58799467591516	-6.6440400192677165e-06	7.0922342671980125	-3.469327100879937e-06	6.667271224963533	-6.0577057045414616e-06	6.299977339447439	-6.365331856576343e-06	5.97712128509315	-5.366188718124839e-06	5.691678905793691	-4.252984531895258e-06	5.436145157053327	-3.0022186395746456e-06	5.205619233549792	-3.184789445607777e-06	4.99607873015873	-1.6931245597876144e-06	4.804027177671409	-1.805588658014286e-06	4.625020714106788	-1.926897367665506e-06	4.458437550219834	-2.0603051311899294e-06	4.308298152335194	0.0	4.16702131188717	0.0	4.038199427937419	0.0	3.9127680685904744	0.0	3.7991153137649727	0.0	3.6959395143516063	0.0	3.6029506404356764	0.0	3.50962172778794	0.0	3.428125711868268	-4.067835220130903e-06	3.353546257747968	-4.424269774273756e-06	3.2798040283070224	-4.817419789960497e-06
4	1	20	0	0	2087	468	2064	1755	2104	2225	2102	2149	2071	2079	2027	2076	2057	1980	2059	2013	2064	2050	2055	2034	2034	2046	2078	2061	2114	2069	2085	2132	2067	2071	2065	2027	2082	2060	2039	2093	2011	2059	1998	2064	2003	2078	1944	2122	1910	2080	1858	2078	1789	2066	1747	2068	1711	2007	1653	2000	1625	4076	4095	317.0	437.5762972766234	474.4017524719238	19	1	0.6540956497192383	0.002474451290426348	5.9171597633136095			6.770258872380458	0.35226904924992286	6.939214631522324	2.7486296006264683	7.131719883397736	5.90749787595582	7.113126459341477	7.689555229541632	6.930129835363405	9.0	6.725728316411176	9.706377407892276	6.768451186206442	9.516028259720287	6.6772603450512396	9.565217391304348	6.5959350632749585	9.456591936525511	6.519876899647832	9.165465032444125	6.374377134977592	8.880979251671151	6.473923608947597	8.665853761089855	6.534371909000989	8.368386992396053	6.41479248069409	8.264206527637802	6.3504255123045255	7.757135365945015	6.376408831249035	7.402943647054528	6.441632375235915	7.2992700729927	6.344316873580386	7.177640603566529	6.292043427927788	6.842350126279411	6.269415419373059	6.713286713286713	6.3793872221160575	6.646197147060705	6.2323672736599125	6.664572864321608	6.205933001917016	6.451412797369809	6.154151899572721	6.339424631623905	6.034744476302918	6.2668729335396005	6.012941419425897	6.2737008160664995	6.018290538163911	6.1077297626293365	5.931960094739109	6.112095837662734	5.963302752293578	4.788871396010057	4.7914350903878775	7.436077879427633	5.498165369226953	6.578046621947292	5.413105413105413	4.761904761904762	4.333292034943113	3.466346863468635	13.739700000000001	0.13405169798358257	18.302819016991922	-1.4305387599708552e-05	13.382611550252047	-1.2442072581308944e-05	11.16559044936889	-9.714623228052723e-06	9.83754455500733	-7.96292462295552e-06	8.909950616523444	-6.160107350137422e-06	8.186831931708989	-6.384731128330967e-06	7.58799467591516	-6.6440400192677165e-06	7.0922342671980125	-3.469327100879937e-06	6.667271224963533	-6.0577057045414616e-06	6.299977339447439	-6.365331856576343e-06	5.97712128509315	-5.366188718124839e-06	5.691678905793691	-4.252984531895258e-06	5.436145157053327	-3.0022186395746456e-06	5.205619233549792	-3.184789445607777e-06	4.99607873015873	-1.6931245597876144e-06	4.804027177671409	-1.805588658014286e-06	4.625020714106788	-1.926897367665506e-06	4.458437550219834	-2.0603051311899294e-06	4.308298152335194	0.0	4.16702131188717	0.0	4.038199427937419	0.0	3.9127680685904744	0.0	3.7991153137649727	0.0	3.6959395143516063	0.0	3.6029506404356764	0.0	3.50962172778794	0.0	3.428125711868268	-4.067835220130903e-06	3.353546257747968	-4.424269774273756e-06	3.2798040283070224	-4.817419789960497e-06
5	1	19	0	0	1730	1098	1770	3010	1713	2921	1729	2483	1781	2321	1797	2038	1753	1856	1806	1836	1816	1831	1763	1771	1762	1763	1758	1724	1756	1731	1744	1797	1756	1766	1743	1769	1707	1802	1698	1807	1699	1764	1674	1763	1629	1754	1605	1744	1620	1745	1580	1731	1541	1709	1492	1695	1468	1701	1455	1629	1430	4076	4095	268.0	421.85026271500004	428.2422227859497	19	1	0.666229248046875	0.002474451290426348	5.621301775147929			5.612145591383897	0.8264773847786652	5.950779989241528	4.7141738449491	5.80638600772829	7.755416312659304	5.850901830733308	8.884674562564856	5.959710882077366	10.047619047619047	5.962572168027076	9.528707686553208	5.768155045901747	8.920074974768106	5.856790764042029	8.72416250890948	5.803400230090758	8.446351139404005	5.5934515688949515	7.9803532804614274	5.521953053997305	7.65257400816043	5.476976758676553	7.248875247025185	5.427794263105836	7.001294288950008	5.365658554594961	6.965656252422668	5.394943009001812	6.6147276949584235	5.382121352477999	6.4606844162010155	5.281395996411002	6.385089646375168	5.283300662746196	6.19684499314129	5.3158536966928445	5.86202312907085	5.252753459474724	5.734265734265734	5.188228549589146	5.609927717008891	5.145550141061811	5.477386934673366	5.263670923091919	5.412363140101113	5.233347686396608	5.280820037218952	5.198178444931692	5.183971850638517	5.135265367935568	5.14212905378758	5.163559620119592	5.176506390748631	5.2214167803057485	4.978302059776298	5.247706422018348	4.788871396010057	4.7914350903878775	6.286652592071311	5.3005670551498	5.937999369298351	5.413105413105413	4.761904761904762	4.413675423841841	3.466346863468635	13.739700000000001	0.13405169798358257	18.302819016991922	-1.4305387599708552e-05	13.382611550252047	-1.2442072581308944e-05	11.16559044936889	-9.714623228052723e-06	9.83754455500733	-7.96292462295552e-06	8.909950616523444	-6.160107350137422e-06	8.186831931708989	-6.384731128330967e-06	7.58799467591516	-6.6440400192677165e-06	7.0922342671980125	-3.469327100879937e-06	6.667271224963533	-6.0577057045414616e-06	6.299977339447439	-6.365331856576343e-06	5.97712128509315	-5.366188718124839e-06	5.691678905793691	-4.252984531895258e-06	5.436145157053327	-3.0022186395746456e-06	5.205619233549792	-3.184789445607777e-06	4.99607873015873	-1.6931245597876144e-06	4.804027177671409	-1.805588658014286e-06	4.625020714106788	-1.926897367665506e-06	4.458437550219834	-2.0603051311899294e-06	4.308298152335194	0.0	4.16702131188717	0.0	4.038199427937419	0.0	3.9127680685904744	0.0	3.7991153137649727	0.0	3.6959395143516063	0.0	3.6029506404356764	0.0	3.50962172778794	0.0	3.428125711868268	-4.067835220130903e-06	3.353546257747968	-4.424269774273756e-06	3.2798040283070224	-4.817419789960497e-06
6	1	16	0	0	1516	2797	1482	4336	1441	3255	1440	2471	1407	2029	1443	1795	1399	1663	1371	1613	1422	1559	1409	1511	1449	1450	1423	1438	1406	1430	1401	1409	1402	1391	1372	1376	1413	1434	1393	1432	1395	1436	1391	1417	1383	1400	1385	1392	1365	1391	1329	1415	1339	1398	1300	1379	1270	1377	1248	1390	1216	4076	4095	217.0	409.58838414598665	381.66164684295654	19	1	0.6815948486328125	0.002474451290426348	4.733727810650888			4.9179264257445015	2.1053344674188765	4.9825174825174825	6.790916209866875	4.8844146159582404	8.642204757858964	4.872931542079794	8.84173614341432	4.708205059563646	8.783549783549784	4.787975313557634	8.39255657377969	4.603336514099569	7.992502523189311	4.446101958749513	7.664528391541935	4.544292470919085	7.191622843435741	4.47031948983153	6.808759913482336	4.5410385784574885	6.293949127528431	4.433298024799053	6.0463356178783165	4.3459446092977245	5.783853745348649	4.310371350336892	5.461663694860067	4.307351992380718	5.210128099483107	4.23652925737224	5.025382564552062	4.371770675412271	5.081142371199773	4.334297893525001	4.910836762688615	4.364694471387003	4.772032433869467	4.364743167341303	4.608879492600423	4.404739155360214	4.477707413804132	4.440241087458323	4.371859296482413	4.435130129642265	4.3143823082410595	4.401974098241198	4.316788187559108	4.516781919379322	4.240604240604241	4.47442692916638	4.183478445529836	4.467112205416813	4.190505173463177	4.478576042489054	4.247906607175601	4.462385321100918	4.788871396010057	4.7914350903878775	5.0903119868637114	5.146496013072318	5.292113896418907	5.413105413105413	4.761904761904762	4.515470374870395	3.466346863468635	13.739700000000001	0.13405169798358257	18.302819016991922	-1.4305387599708552e-05	13.382611550252047	-1.2442072581308944e-05	11.16559044936889	-9.714623228052723e-06	9.83754455500733	-7.96292462295552e-06	8.909950616523444	-6.160107350137422e-06	8.186831931708989	-6.384731128330967e-06	7.58799467591516	-6.6440400192677165e-06	7.0922342671980125	-3.469327100879937e-06	6.667271224963533	-6.0577057045414616e-06	6.299977339447439	-6.365331856576343e-06	5.97712128509315	-5.366188718124839e-06	5.691678905793691	-4.252984531895258e-06	5.436145157053327	-3.0022186395746456e-06	5.205619233549792	-3.184789445607777e-06	4.99607873015873	-1.6931245597876144e-06	4.804027177671409	-1.805588658014286e-06	4.625020714106788	-1.926897367665506e-06	4.458437550219834	-2.0603051311899294e-06	4.308298152335194	0.0	4.16702131188717	0.0	4.038199427937419	0.0	3.9127680685904744	0.0	3.7991153137649727	0.0	3.6959395143516063	0.0	3.6029506404356764	0.0	3.50962172778794	0.0	3.428125711868268	-4.067835220130903e-06	3.353546257747968	-4.424269774273756e-06	3.2798040283070224	-4.817419789960497e-06
7	5	12	0	0	1275	4534	1279	5395	1278	3200	1216	2333	1198	1856	1201	1575	1201	1432	1214	1303	1198	1312	1145	1265	1179	1257	1225	1189	1220	1181	1256	1201	1234	1209	1213	1181	1237	1165	1223	1221	1234	1237	1232	1242	1204	1233	1183	1228	1197	1241	1183	1227	1172	1240	1155	1227	1125	1196	1122	1192	1101	4077	4095	179.0	398.2437077797258	346.66390800476074	18	1	0.6942167282104492	0.01237225645213174	3.5502958579881656			4.1361188607020045	3.4127945925195515	4.300026896180743	8.449490994518403	4.331909701037217	8.496176720475786	4.114919968867381	8.347944323183167	4.008834158747156	8.034632034632034	3.985002322649147	7.363942397606134	3.951827843769537	6.882299226221944	3.936956803735893	6.191494416726064	3.8284545570752906	6.0522188393763265	3.6327294647672836	5.700252343186734	3.6948823216020563	5.456202795381544	3.816437161193844	4.9993692973973	3.7710187932739863	4.776735156123604	3.8642586838138016	4.655399643383208	3.7912071031368093	4.52842909581242	3.745561216612629	4.313209890069756	3.8272330682837787	4.127985259726454	3.8053455303525308	4.18724279835391	3.8609555395638435	4.110727103549116	3.865825724057862	4.039681248983575	3.834639148990381	3.9435808865860675	3.7926391382405744	3.85678391959799	3.8892679598401405	3.849136193046122	3.918386274055182	3.74325025168553	3.9534491482543435	3.7613370946704276	3.9753562332208987	3.722355368140036	3.9570875835385158	3.6396835057821058	4.026412115122372	3.64280911924699	4.040366972477064	4.790046290856968	4.7914350903878775	4.1989209476894205	5.003949656904787	4.806835845608982	5.128205128205128	4.761904761904762	4.599088558637955	3.466346863468635	13.739700000000001	0.13405169798358257	18.302819016991922	-1.4305387599708552e-05	13.382611550252047	-1.2442072581308944e-05	11.16559044936889	-9.714623228052723e-06	9.83754455500733	-7.96292462295552e-06	8.909950616523444	-6.160107350137422e-06	8.186831931708989	-6.384731128330967e-06	7.58799467591516	-6.6440400192677165e-06	7.0922342671980125	-3.469327100879937e-06	6.667271224963533	-6.0577057045414616e-06	6.299977339447439	-6.365331856576343e-06	5.97712128509315	-5.366188718124839e-06	5.691678905793691	-4.252984531895258e-06	5.436145157053327	-3.0022186395746456e-06	5.205619233549792	-3.184789445607777e-06	4.99607873015873	-1.6931245597876144e-06	4.804027177671409	-1.805588658014286e-06	4.625020714106788	-1.926897367665506e-06	4.458437550219834	-2.0603051311899294e-06	4.308298152335194	0.0	4.16702131188717	0.0	4.038199427937419	0.0	3.9127680685904744	0.0	3.7991153137649727	0.0	3.6959395143516063	0.0	3.6029506404356764	0.0	3.50962172778794	0.0	3.428125711868268	-4.067835220130903e-06	3.353546257747968	-4.424269774273756e-06	3.2798040283070224	-4.817419789960497e-06
8	16	11	0	0	1112	6350	1083	5585	1060	3013	1059	2118	1060	1559	1059	1372	1054	1201	1073	1114	1115	1075	1131	1048	1069	1056	1119	1076	1125	1050	1124	1039	1106	1118	1089	1133	1100	1070	1142	1119	1129	1121	1132	1123	1106	1107	1080	1106	1081	1114	1100	1122	1086	1117	1074	1108	1057	1091	1032	1080	1004	4078	4095	155.0	392.47498727208193	325.006308555603	17	1	0.7048149108886719	0.039591220646821565	3.2544378698224854			3.6073444494906894	4.779718937472244	3.641070467993545	8.747063429913862	3.592976747339163	7.999681393372981	3.583635071571182	7.578630980069417	3.547048587873109	6.748917748917749	3.5138363527772247	6.414812044136899	3.4681320127669375	5.7720959292545775	3.479699053054871	5.293418864338323	3.5632110443563847	4.95894455208045	3.588311811922967	4.722422494592646	3.3501519947350276	4.583731226668982	3.48619851704156	4.524240003363747	3.477373887240356	4.246885617214043	3.458142325323816	4.027443987906039	3.397953854189069	4.187579593977077	3.362667901806392	4.137905847120265	3.403360044553077	3.791368435971937	3.5533152867232958	3.8374485596707824	3.5324301492443912	3.725242589392529	3.5520411685336843	3.6526264433241176	3.52251735779349	3.540587219343696	3.4624262631443963	3.4736180904522613	3.512363128310102	3.455227815514407	3.643469908250803	3.4229232130327345	3.663349637375611	3.3882367215700553	3.6965650168651476	3.361344537815126	3.717903622933521	3.3201460742544127	3.7034378812890263	3.3005317523378763	3.684403669724771	4.79122118570388	4.7914350903878775	3.635937133474079	4.931465430685774	4.5065319404195705	4.843304843304843	4.761904761904762	4.6693000339843	3.466346863468635	13.739700000000001	0.13405169798358257	18.302819016991922	-1.4305387599708552e-05	13.382611550252047	-1.2442072581308944e-05	11.16559044936889	-9.714623228052723e-06	9.83754455500733	-7.96292462295552e-06	8.909950616523444	-6.160107350137422e-06	8.186831931708989	-6.384731128330967e-06	7.58799467591516	-6.6440400192677165e-06	7.0922342671980125	-3.469327100879937e-06	6.667271224963533	-6.0577057045414616e-06	6.299977339447439	-6.365331856576343e-06	5.97712128509315	-5.366188718124839e-06	5.691678905793691	-4.252984531895258e-06	5.436145157053327	-3.0022186395746456e-06	5.205619233549792	-3.184789445607777e-06	4.99607873015873	-1.6931245597876144e-06	4.804027177671409	-1.805588658014286e-06	4.625020714106788	-1.926897367665506e-06	4.458437550219834	-2.0603051311899294e-06	4.308298152335194	0.0	4.16702131188717	0.0	4.038199427937419	0.0	3.9127680685904744	0.0	3.7991153137649727	0.0	3.6959395143516063	0.0	3.6029506404356764	0.0	3.50962172778794	0.0	3.428125711868268	-4.067835220130903e-06	3.353546257747968	-4.424269774273756e-06	3.2798040283070224	-4.817419789960497e-06
9	25	14	0	0	985	7947	984	5363	953	2802	959	1932	965	1449	1009	1266	998	1076	995	991	987	952	982	960	976	964	965	981	1030	1000	1035	995	1060	988	1059	966	1079	974	1067	967	1072	1042	1096	1066	1086	1070	1089	1061	1085	1086	1089	1070	1068	1091	1057	1083	1041	1100	1013	1089	1007	4043	4059	139.0	387.5762761937394	308.8824100494385	16	1	0.7124872207641602	0.06186128226065869	4.142011834319527			3.1953545708168427	5.981799432455421	3.3082302313071543	8.399373531714957	3.23028947190021	7.43946474086661	3.2452370478156403	6.9130854832361255	3.2291527238656137	6.2727272727272725	3.3479328422589423	5.91920703198055	3.2838669342897564	5.171336569423752	3.2267479569334547	4.70895699691138	3.154160807874217	4.39154903588892	3.1155810780798885	4.325883201153569	3.058698172929268	4.18439100616373	3.00641784534862	4.124795021654123	3.183728981206726	4.04465296877528	3.1843214472510226	3.8568881308628575	3.2566284678484747	3.7006517342123004	3.270032422417786	3.5279938643584967	3.338386807338882	3.4512082772305295	3.319953950029559	3.3161865569272972	3.354087794499546	3.4627143426824407	3.439078728544981	3.46723044397463	3.458819033059431	3.4222478091217297	3.4912798153372657	3.332286432160804	3.525359846638724	3.3683818740113525	3.6070352091682953	3.2642850605570635	3.6026311350986675	3.309369976036643	3.638053280099126	3.2855019264023295	3.6616250439676397	3.3475349969567865	3.6352544319242086	3.3280361836073586	3.6954128440366976	4.750099866061987	4.749312584098754	3.2606145906638515	4.869912911108224	4.282958238281163	4.5584045584045585	4.761904761904762	4.720128011952567	3.466346863468635	13.739700000000001	0.13405169798358257	18.302819016991922	-1.4305387599708552e-05	13.382611550252047	-1.2442072581308944e-05	11.16559044936889	-9.714623228052723e-06	9.83754455500733	-7.96292462295552e-06	8.909950616523444	-6.160107350137422e-06	8.186831931708989	-6.384731128330967e-06	7.58799467591516	-6.6440400192677165e-06	7.0922342671980125	-3.469327100879937e-06	6.667271224963533	-6.0577057045414616e-06	6.299977339447439	-6.365331856576343e-06	5.97712128509315	-5.366188718124839e-06	5.691678905793691	-4.252984531895258e-06	5.436145157053327	-3.0022186395746456e-06	5.205619233549792	-3.184789445607777e-06	4.99607873015873	-1.6931245597876144e-06	4.804027177671409	-1.805588658014286e-06	4.625020714106788	-1.926897367665506e-06	4.458437550219834	-2.0603051311899294e-06	4.308298152335194	0.0	4.16702131188717	0.0	4.038199427937419	0.0	3.9127680685904744	0.0	3.7991153137649727	0.0	3.6959395143516063	0.0	3.6029506404356764	0.0	3.50962172778794	0.0	3.428125711868268	-4.067835220130903e-06	3.353546257747968	-4.424269774273756e-06	3.2798040283070224	-4.817419789960497e-06
10	134	12	0	0	959	9728	930	4952	888	2505	865	1731	876	1173	890	981	904	933	928	925	922	876	882	857	935	892	921	910	938	921	931	925	958	897	957	916	972	912	975	942	988	932	978	952	966	970	960	976	946	976	949	990	945	972	956	962	935	946	961	945	965	4082	4095	119.0	377.23037416457396	285.1543445587158	13	1	0.7245960235595703	0.33157647291713066	3.5502958579881656			3.111010186206449	7.322378869878738	3.126681011296396	7.755677368833203	3.0099654260728084	6.650913338997451	2.927142905485432	6.193866962464665	2.931334493374381	5.077922077922078	2.9530824872254295	4.586684121937535	2.974564838274489	4.4840678617772864	3.009469451290699	4.395343311950582	2.9464399846606164	4.040963188486023	2.798312129191916	3.8617519826964672	2.930207778369739	3.8718638770726628	2.869337653436351	3.826262456376403	2.8993570722057367	3.7251253842420318	2.8643509829861857	3.5855492673850686	2.943254785093244	3.359802232376957	2.955071792496526	3.3453854862861108	3.0073326939141736	3.2315215080433703	3.0336973770185756	3.230452674897119	3.091267482243985	3.0971686827063674	3.0688129530264523	3.0964384452756546	3.0766290846550732	3.1024115652785773	3.0777122339061296	3.0653266331658293	3.0737238847191084	3.027201389535064	3.1433208572091016	3.020226364440648	3.187721369539551	2.9484029484029484	3.290424726371584	2.9184236871643963	3.2887794583186776	2.878880097382836	3.448647096820498	2.887965283295642	3.541284403669725	4.795920765091524	4.7914350903878775	2.7914614121510675	4.739916198296762	3.9539452862140645	3.7037037037037033	4.761904761904762	4.800347133924362	3.466346863468635	13.739700000000001	0.13405169798358257	18.302819016991922	-1.4305387599708552e-05	13.382611550252047	-1.2442072581308944e-05	11.16559044936889	-9.714623228052723e-06	9.83754455500733	-7.96292462295552e-06	8.909950616523444	-6.160107350137422e-06	8.186831931708989	-6.384731128330967e-06	7.58799467591516	-6.6440400192677165e-06	7.0922342671980125	-3.469327100879937e-06	6.667271224963533	-6.0577057045414616e-06	6.299977339447439	-6.365331856576343e-06	5.97712128509315	-5.366188718124839e-06	5.691678905793691	-4.252984531895258e-06	5.436145157053327	-3.0022186395746456e-06	5.205619233549792	-3.184789445607777e-06	4.99607873015873	-1.6931245597876144e-06	4.804027177671409	-1.805588658014286e-06	4.625020714106788	-1.926897367665506e-06	4.458437550219834	-2.0603051311899294e-06	4.308298152335194	0.0	4.16702131188717	0.0	4.038199427937419	0.0	3.9127680685904744	0.0	3.7991153137649727	0.0	3.6959395143516063	0.0	3.6029506404356764	0.0	3.50962172778794	0.0	3.428125711868268	-4.067835220130903e-06	3.353546257747968	-4.424269774273756e-06	3.2798040283070224	-4.817419789960497e-06
11	280	9	0	0	870	10741	789	4424	794	2192	776	1416	801	1091	814	865	821	796	790	798	790	790	824	787	835	810	825	811	854	790	842	787	856	834	860	830	914	846	908	854	921	850	950	851	941	873	946	909	949	909	967	934	980	953	970	943	955	950	927	966	899	4082	4095	104.0	371.95516120498456	266.95915031433105	13	1	0.7369585037231445	0.6928463613193775	2.6627218934911245			2.822292869655486	8.084875764943208	2.652635825712749	6.92873923257635	2.6913429597993357	5.819881053525913	2.625968664343	5.066733459763123	2.680364074421095	4.722943722943723	2.70090915123764	4.044323919955115	2.701457668388668	3.825635603402701	2.5619405889220395	3.791874554526016	2.5246069282883803	3.6442476243195867	2.614296138836892	3.5463229992790195	2.616816572126986	3.515930202274503	2.5702535983550376	3.4099987385947945	2.6397131552917905	3.1952758453324703	2.5905301049133924	3.0506240793859987	2.6298811023380133	3.123829500337104	2.6555504091400337	3.031299076001607	2.8278828006559205	2.9976613989086527	2.8252279162388376	2.9286694101508917	2.881636995087763	2.8246710089060216	2.9809532774796823	2.7679297446739306	2.9970061787374993	2.79217040875072	3.0328289304949987	2.8548994974874375	3.083471423465575	2.819391458081325	3.2029412738895693	2.849385277159157	3.3057851239669422	2.8907695574362244	3.338610862531837	2.8607833024906713	3.3591276820260285	2.8910529519172243	3.3266346084834564	2.9521422895911007	3.2990825688073393	4.795920765091524	4.7914350903878775	2.439596528266479	4.6736329160663805	3.7016510326382766	3.7037037037037033	4.761904761904762	4.882246832917854	3.466346863468635	13.739700000000001	0.13405169798358257	18.302819016991922	-1.4305387599708552e-05	13.382611550252047	-1.2442072581308944e-05	11.16559044936889	-9.714623228052723e-06	9.83754455500733	-7.96292462295552e-06	8.909950616523444	-6.160107350137422e-06	8.186831931708989	-6.384731128330967e-06	7.58799467591516	-6.6440400192677165e-06	7.0922342671980125	-3.469327100879937e-06	6.667271224963533	-6.0577057045414616e-06	6.299977339447439	-6.365331856576343e-06	5.97712128509315	-5.366188718124839e-06	5.691678905793691	-4.252984531895258e-06	5.436145157053327	-3.0022186395746456e-06	5.205619233549792	-3.184789445607777e-06	4.99607873015873	-1.6931245597876144e-06	4.804027177671409	-1.805588658014286e-06	4.625020714106788	-1.926897367665506e-06	4.458437550219834	-2.0603051311899294e-06	4.308298152335194	0.0	4.16702131188717	0.0	4.038199427937419	0.0	3.9127680685904744	0.0	3.7991153137649727	0.0	3.6959395143516063	0.0	3.6029506404356764	0.0	3.50962172778794	0.0	3.428125711868268	-4.067835220130903e-06	3.353546257747968	-4.424269774273756e-06	3.2798040283070224	-4.817419789960497e-06
12	536	8	0	0	807	11087	789	3885	780	1970	763	1309	731	948	735	844	734	781	718	780	704	756	740	723	756	733	795	725	796	701	833	722	846	743	833	775	859	796	889	811	912	841	940	836	924	856	930	881	940	914	927	942	921	925	878	931	886	940	876	931	882	4081	4095	94.0	365.90529731446657	253.66344165802002	14	1	0.745513916015625	1.3263058916685226	2.366863905325444			2.617919937714916	8.345313993662169	2.652635825712749	6.084573218480815	2.643888549928818	5.230458793542906	2.5819769212547796	4.683865889004187	2.446125016731361	4.103896103896104	2.438781604618754	3.9461380213203667	2.415188707183048	3.753544480223002	2.328447269425347	3.706343549536707	2.2497763006519236	3.4874065873235534	2.347790221770995	3.2579307858687816	2.3692375191952117	3.1816998003298895	2.4767898311421273	3.0483959130471345	2.4604352126607316	2.8353017311114703	2.5628403531981663	2.7986665632994807	2.599158192263971	2.7829799985017605	2.5721784776902887	2.830429860121982	2.6577147984282665	2.82049464956417	2.7661097109430908	2.781207133058985	2.8534776759175244	2.794762727635252	2.9495748219272646	2.7191413237924866	2.9428626027135487	2.7377982472973836	2.981533726596563	2.7669597989949746	3.0542288072261754	2.834899661921156	3.070451459044086	2.8737911467707984	3.1067633665036265	2.8058361391694726	3.021959110621601	2.8243788490125294	3.1164263102356666	2.8606208155812536	3.143615875977894	2.845180612432003	3.2366972477064224	4.794745870244613	4.7914350903878775	2.2050199390100866	4.597616110909417	3.517292962801217	3.9886039886039883	4.761904761904762	4.938925240668422	3.466346863468635	13.739700000000001	0.13405169798358257	18.302819016991922	-1.4305387599708552e-05	13.382611550252047	-1.2442072581308944e-05	11.16559044936889	-9.714623228052723e-06	9.83754455500733	-7.96292462295552e-06	8.909950616523444	-6.160107350137422e-06	8.186831931708989	-6.384731128330967e-06	7.58799467591516	-6.6440400192677165e-06	7.0922342671980125	-3.469327100879937e-06	6.667271224963533	-6.0577057045414616e-06	6.299977339447439	-6.365331856576343e-06	5.97712128509315	-5.366188718124839e-06	5.691678905793691	-4.252984531895258e-06	5.436145157053327	-3.0022186395746456e-06	5.205619233549792	-3.184789445607777e-06	4.99607873015873	-1.6931245597876144e-06	4.804027177671409	-1.805588658014286e-06	4.625020714106788	-1.926897367665506e-06	4.458437550219834	-2.0603051311899294e-06	4.308298152335194	0.0	4.16702131188717	0.0	4.038199427937419	0.0	3.9127680685904744	0.0	3.7991153137649727	0.0	3.6959395143516063	0.0	3.6029506404356764	0.0	3.50962172778794	0.0	3.428125711868268	-4.067835220130903e-06	3.353546257747968	-4.424269774273756e-06	3.2798040283070224	-4.817419789960497e-06
13	860	10	0	0	785	11244	769	3567	700	1793	665	1176	645	950	604	789	643	730	638	691	645	678	686	624	723	626	734	641	796	665	808	661	835	719	848	726	825	771	825	812	850	835	887	843	851	824	868	834	850	861	839	850	842	844	848	861	828	843	841	840	827	4082	4095	87.0	358.617168672049	241.05292415618896	13	1	0.7544641494750977	2.1280281097666593	2.9585798816568047			2.5465516122753518	8.463489721722507	2.585395373856912	5.586530931871574	2.3727204935258626	4.760514018691589	2.2503468579743493	4.207965076752425	2.15834560299826	4.112554112554113	2.0041144070608534	3.6889844772769775	2.115757954657629	3.508434661412025	2.0690102477623555	3.2834402470895703	2.0612297072734242	3.127594796567949	2.1764649893714902	2.81182408074982	2.2658184211351027	2.7172497612639988	2.2867468378092095	2.695202455535467	2.4604352126607316	2.6896942242355606	2.4859243762114267	2.562214125125979	2.565362991182525	2.6930856243913404	2.6184962173845916	2.6514736496110443	2.5525200334148077	2.7319112748919285	2.5669747036311024	2.784636488340192	2.6594912549669907	2.774823873454739	2.7832690074994506	2.7419092535371603	2.7103637174342317	2.635450649267575	2.7827648114901256	2.619346733668342	2.76180264483218	2.670512701218945	2.7789738663840216	2.59312364623692	2.840276606510373	2.560135893469227	2.9187031045639156	2.6120195370567	2.9124164614843475	2.5654290931223374	3.018014785042704	2.5670802518183486	3.034862385321101	4.795920765091524	4.7914350903878775	2.0408163265306123	4.506040454829308	3.3424357418451534	3.7037037037037033	4.761904761904762	4.99821928333246	3.466346863468635	13.739700000000001	0.13405169798358257	18.302819016991922	-1.4305387599708552e-05	13.382611550252047	-1.2442072581308944e-05	11.16559044936889	-9.714623228052723e-06	9.83754455500733	-7.96292462295552e-06	8.909950616523444	-6.160107350137422e-06	8.186831931708989	-6.384731128330967e-06	7.58799467591516	-6.6440400192677165e-06	7.0922342671980125	-3.469327100879937e-06	6.667271224963533	-6.0577057045414616e-06	6.299977339447439	-6.365331856576343e-06	5.97712128509315	-5.366188718124839e-06	5.691678905793691	-4.252984531895258e-06	5.436145157053327	-3.0022186395746456e-06	5.205619233549792	-3.184789445607777e-06	4.99607873015873	-1.6931245597876144e-06	4.804027177671409	-1.805588658014286e-06	4.625020714106788	-1.926897367665506e-06	4.458437550219834	-2.0603051311899294e-06	4.308298152335194	0.0	4.16702131188717	0.0	4.038199427937419	0.0	3.9127680685904744	0.0	3.7991153137649727	0.0	3.6959395143516063	0.0	3.6029506404356764	0.0	3.50962172778794	0.0	3.428125711868268	-4.067835220130903e-06	3.353546257747968	-4.424269774273756e-06	3.2798040283070224	-4.817419789960497e-06
14	1896	10	0	0	747	10719	656	3281	625	1639	630	1101	642	781	622	658	600	618	590	643	610	618	674	612	687	615	642	577	691	609	736	674	738	693	738	640	730	716	736	709	780	750	799	744	846	731	856	767	827	784	813	833	793	855	787	825	790	815	783	796	751	4082	4095	80.0	348.8171520818518	226.20436477661133	13	1	0.7643680572509766	4.691559646648356	2.9585798816568047			2.423279050152469	8.068316108781886	2.205486820871436	5.138606108065779	2.1185004406480914	4.3516355140186915	2.13190754965991	3.9395999570615805	2.1483067862401284	3.380952380952381	2.063839670847435	3.0764914905554517	1.9742686979697937	2.9701542750036043	1.9133480347645608	3.05535756711808	1.9493800332353317	2.850816495986715	2.1383927155049336	2.7577505407354	2.152997586887712	2.6695025609861966	2.000124618356284	2.4261026783837196	2.135880316518299	2.463193657984145	2.2644063624896167	2.6126056283432826	2.2673507634643153	2.595700052438385	2.2788327929597036	2.3373872393265405	2.2585934841124966	2.537027850612997	2.2900525840878685	2.4314128943758573	2.4404743280873564	2.4923567725641367	2.507138598638175	2.419905675719629	2.6944391362507165	2.3380029424934436	2.744293408566299	2.40891959798995	2.687071514442603	2.4316863620855433	2.692855486734457	2.5412611733121815	2.674987350312026	2.5935025935025937	2.708749225579955	2.5028061766222733	2.77875483644038	2.480219111381619	2.809875834350104	2.4326141433897686	2.7559633027522934	4.795920765091524	4.7914350903878775	1.8766127140511377	4.382902816503326	3.1365458703202895	3.7037037037037033	4.761904761904762	5.063831284724686	3.466346863468635	13.739700000000001	0.13405169798358257	18.302819016991922	-1.4305387599708552e-05	13.382611550252047	-1.2442072581308944e-05	11.16559044936889	-9.714623228052723e-06	9.83754455500733	-7.96292462295552e-06	8.909950616523444	-6.160107350137422e-06	8.186831931708989	-6.384731128330967e-06	7.58799467591516	-6.6440400192677165e-06	7.0922342671980125	-3.469327100879937e-06	6.667271224963533	-6.0577057045414616e-06	6.299977339447439	-6.365331856576343e-06	5.97712128509315	-5.366188718124839e-06	5.691678905793691	-4.252984531895258e-06	5.436145157053327	-3.0022186395746456e-06	5.205619233549792	-3.184789445607777e-06	4.99607873015873	-1.6931245597876144e-06	4.804027177671409	-1.805588658014286e-06	4.625020714106788	-1.926897367665506e-06	4.458437550219834	-2.0603051311899294e-06	4.308298152335194	0.0	4.16702131188717	0.0	4.038199427937419	0.0	3.9127680685904744	0.0	3.7991153137649727	0.0	3.6959395143516063	0.0	3.6029506404356764	0.0	3.50962172778794	0.0	3.428125711868268	-4.067835220130903e-06	3.353546257747968	-4.424269774273756e-06	3.2798040283070224	-4.817419789960497e-06
15	3059	10	0	0	685	10457	633	3190	610	1449	579	987	599	682	585	626	570	613	565	595	581	585	576	568	594	561	627	554	633	568	636	591	668	618	702	637	706	640	709	667	714	700	718	712	699	714	730	710	754	720	747	697	748	728	729	748	714	748	689	743	696	4083	4095	73.0	329.60565174061946	205.5981960296631	12	1	0.7768421173095703	7.569346497414198	2.9585798816568047			2.2221501330046065	7.871105658133426	2.1281603012372243	4.996084573218481	2.0676564300725375	3.847175021240442	1.959324557544584	3.5316849751314985	2.004417079373578	2.9523809523809526	1.941071073063906	2.9268748831120255	1.875555263071304	2.9461239006103717	1.8322739654948759	2.8272748871465905	1.8567045890323406	2.698588430667036	1.8274691455947205	2.5594808940158615	1.8615437650819517	2.4351072141678967	1.9533927347498286	2.3293949459698102	1.9566023738872402	2.2973628862643585	1.9567424545426575	2.29087526164819	2.05229039294602	2.3147801333433216	2.1676702176933764	2.3264307366421972	2.1843383558677023	2.267734391609383	2.206042502878123	2.287379972565158	2.2339726541722724	2.326199654393194	2.2529731086635914	2.3158237111725484	2.2262564494553794	2.2836307810401077	2.3403436778661195	2.229899497487437	2.449881404945251	2.233181352935703	2.4742472922394088	2.1263613899142744	2.523191094619666	2.2082688749355417	2.509120947201762	2.2692109334708612	2.5114315863524443	2.276323797930615	2.472547190124166	2.270643603691706	2.554128440366972	4.797095659938436	4.7914350903878775	1.7124091015716632	4.1415094720181225	2.8508210853445832	3.418803418803419	4.761904761904762	5.146470184889377	3.466346863468635	13.739700000000001	0.13405169798358257	18.302819016991922	-1.4305387599708552e-05	13.382611550252047	-1.2442072581308944e-05	11.16559044936889	-9.714623228052723e-06	9.83754455500733	-7.96292462295552e-06	8.909950616523444	-6.160107350137422e-06	8.186831931708989	-6.384731128330967e-06	7.58799467591516	-6.6440400192677165e-06	7.0922342671980125	-3.469327100879937e-06	6.667271224963533	-6.0577057045414616e-06	6.299977339447439	-6.365331856576343e-06	5.97712128509315	-5.366188718124839e-06	5.691678905793691	-4.252984531895258e-06	5.436145157053327	-3.0022186395746456e-06	5.205619233549792	-3.184789445607777e-06	4.99607873015873	-1.6931245597876144e-06	4.804027177671409	-1.805588658014286e-06	4.625020714106788	-1.926897367665506e-06	4.458437550219834	-2.0603051311899294e-06	4.308298152335194	0.0	4.16702131188717	0.0	4.038199427937419	0.0	3.9127680685904744	0.0	3.7991153137649727	0.0	3.6959395143516063	0.0	3.6029506404356764	0.0	3.50962172778794	0.0	3.428125711868268	-4.067835220130903e-06	3.353546257747968	-4.424269774273756e-06	3.2798040283070224	-4.817419789960497e-06
16	3989	11	0	0	783	9330	624	2962	573	1363	524	887	489	708	480	593	499	543	528	497	532	486	543	496	578	516	595	542	592	541	624	571	638	596	638	587	645	624	654	634	640	635	647	655	627	648	638	639	632	645	648	646	643	628	645	617	651	644	653	647	635	4084	4095	67.0	315.3940567911659	190.56860446929932	11	1	0.7872295379638672	9.870586197510702	3.2544378698224854			2.540063582689937	7.022799635687564	2.097902097902098	4.6389976507439314	1.9422412039861705	3.6188402718776556	1.7732056444790363	3.1738648155437073	1.636327131575425	3.0649350649350646	1.5926737009755128	2.772582756685992	1.6419334671448782	2.609698659105109	1.7122843429757426	2.3616060822047995	1.7001150453790106	2.241904234707999	1.7227703924616897	2.235039653929344	1.8114011720831114	2.2397777584859795	1.853698049722724	2.2789387377538577	1.8298714144411472	2.188157256107426	1.9198227855890224	2.2133498720831075	1.960121662723893	2.2323769570754366	1.9700478616643506	2.1438223585698113	1.9956065715788496	2.211041031819148	2.034910855969383	2.174211248285322	2.0024404743280875	2.110195400770969	2.030186074241426	2.1304277118230606	1.9969424804127653	2.072538860103627	2.045396255450115	2.0069095477386933	2.05348149592228	2.0005582953382337	2.146335000496837	1.9707739711400594	2.1689998313374934	1.9049352382685716	2.2200041302402425	1.8717956496678092	2.2898346816742876	1.9598295800365186	2.3433574965908277	1.9772630034838947	2.330275229357798	4.798270554785346	4.7914350903878775	1.5716631480178278	3.9629401580976067	2.642421024683447	3.133903133903134	4.761904761904762	5.215285391356792	3.466346863468635	13.739700000000001	0.13405169798358257	18.302819016991922	-1.4305387599708552e-05	13.382611550252047	-1.2442072581308944e-05	11.16559044936889	-9.714623228052723e-06	9.83754455500733	-7.96292462295552e-06	8.909950616523444	-6.160107350137422e-06	8.186831931708989	-6.384731128330967e-06	7.58799467591516	-6.6440400192677165e-06	7.0922342671980125	-3.469327100879937e-06	6.667271224963533	-6.0577057045414616e-06	6.299977339447439	-6.365331856576343e-06	5.97712128509315	-5.366188718124839e-06	5.691678905793691	-4.252984531895258e-06	5.436145157053327	-3.0022186395746456e-06	5.205619233549792	-3.184789445607777e-06	4.99607873015873	-1.6931245597876144e-06	4.804027177671409	-1.805588658014286e-06	4.625020714106788	-1.926897367665506e-06	4.458437550219834	-2.0603051311899294e-06	4.308298152335194	0.0	4.16702131188717	0.0	4.038199427937419	0.0	3.9127680685904744	0.0	3.7991153137649727	0.0	3.6959395143516063	0.0	3.6029506404356764	0.0	3.50962172778794	0.0	3.428125711868268	-4.067835220130903e-06	3.353546257747968	-4.424269774273756e-06	3.2798040283070224	-4.817419789960497e-06
17	5697	9	0	0	800	9400	615	2804	520	1370	490	877	471	641	467	552	472	475	483	475	505	467	515	466	541	483	540	499	548	521	547	546	577	536	579	546	597	554	604	582	580	591	586	596	600	588	620	581	621	603	616	630	628	629	629	626	625	635	619	631	606	4001	4013	63.0	297.8288689830962	174.6862506866455	12	1	0.7975645065307617	14.096949001558903	2.6627218934911245			2.595211834165964	7.075489450746314	2.0676438945669715	4.391542678151918	1.7625923666192125	3.637425658453696	1.6581503164021523	3.1380827995849283	1.5760942310266364	2.774891774891775	1.5495387882407592	2.580886478399102	1.5530913757362377	2.2828855673571393	1.5663510182903102	2.2570681872178664	1.6138310111210534	2.154257772857275	1.6339350867730573	2.099855803893295	1.6954464257732929	2.096536157652574	1.6823478098323883	2.0981373249800277	1.6938674579624133	2.1072641967319203	1.6829215764698642	2.116443135126754	1.7727119112722358	2.007641021799386	1.7878647522000926	1.9940834885504546	1.8470963150892608	1.9630075827368718	1.8793366315068918	1.9958847736625516	1.8147116798598293	1.9639771367805396	1.8387774953716778	1.9385265896893804	1.910949742021785	1.8806371137977353	1.9876891510643753	1.824748743718593	2.017740520518569	1.8702893830836513	2.0403431486204497	1.921962231916776	2.1184010794400407	1.9079685746352413	2.16493426034281	1.8990989897764161	2.198381990854731	1.932440657334145	2.221345008253786	1.9283662367825927	2.223853211009174	4.700754282491717	4.695489381618207	1.477832512315271	3.74223280280582	2.4221965775683603	3.418803418803419	4.761904761904762	5.283753110094159	3.466346863468635	13.739700000000001	0.13405169798358257	18.302819016991922	-1.4305387599708552e-05	13.382611550252047	-1.2442072581308944e-05	11.16559044936889	-9.714623228052723e-06	9.83754455500733	-7.96292462295552e-06	8.909950616523444	-6.160107350137422e-06	8.186831931708989	-6.384731128330967e-06	7.58799467591516	-6.6440400192677165e-06	7.0922342671980125	-3.469327100879937e-06	6.667271224963533	-6.0577057045414616e-06	6.299977339447439	-6.365331856576343e-06	5.97712128509315	-5.366188718124839e-06	5.691678905793691	-4.252984531895258e-06	5.436145157053327	-3.0022186395746456e-06	5.205619233549792	-3.184789445607777e-06	4.99607873015873	-1.6931245597876144e-06	4.804027177671409	-1.805588658014286e-06	4.625020714106788	-1.926897367665506e-06	4.458437550219834	-2.0603051311899294e-06	4.308298152335194	0.0	4.16702131188717	0.0	4.038199427937419	0.0	3.9127680685904744	0.0	3.7991153137649727	0.0	3.6959395143516063	0.0	3.6029506404356764	0.0	3.50962172778794	0.0	3.428125711868268	-4.067835220130903e-06	3.353546257747968	-4.424269774273756e-06	3.2798040283070224	-4.817419789960497e-06
18	4631	8	0	0	893	10381	578	3013	499	1564	449	964	415	593	415	503	439	439	439	423	438	416	435	443	442	427	453	421	462	448	474	451	479	458	513	472	530	461	549	495	533	516	546	550	546	553	563	549	572	547	555	555	541	574	542	553	550	547	546	546	552	3812	3824	59.0	282.40786609119107	159.97215270996094	12	1	0.8087196350097656	11.459183925964417	2.366863905325444			2.8969052098877572	7.813899573212497	1.943249058633674	4.718872357086922	1.6914107518134363	4.152506372132541	1.5194071266623803	3.449386338426307	1.3887029848748493	2.567099567099567	1.3769991373017452	2.351786048251356	1.444506597347899	2.1098668717258615	1.4236606563756649	2.0099786172487524	1.3997187779624185	1.9189962173632251	1.3801199276626797	1.9962148521989904	1.3851891315929674	1.8534595016928552	1.411302884914948	1.770171971576336	1.4280415430267062	1.8120045300113252	1.4583269236685843	1.7481975346926117	1.471627392546622	1.7154843059405198	1.5840666975451598	1.7238230890033235	1.63980074873921	1.6334774289561336	1.708204984598152	1.6975308641975309	1.6676574575263603	1.714741459524126	1.713263673162007	1.7889087656529516	1.7389642652398243	1.7686944284526323	1.804949987176199	1.724246231155779	1.8585307209929494	1.6965975000775408	1.8382961809810872	1.6931572043076362	1.8249283184348117	1.7411350744684078	1.8654918427755214	1.6776385644510512	1.9345761519521634	1.664637857577602	1.9593770185889616	1.6686021636819266	2.0256880733944955	4.4786991564255	4.474346223600304	1.384001876612714	3.5484672250386553	2.218171145566484	3.418803418803419	4.761904761904762	5.357654273337766	3.466346863468635	13.739700000000001	0.13405169798358257	18.302819016991922	-1.4305387599708552e-05	13.382611550252047	-1.2442072581308944e-05	11.16559044936889	-9.714623228052723e-06	9.83754455500733	-7.96292462295552e-06	8.909950616523444	-6.160107350137422e-06	8.186831931708989	-6.384731128330967e-06	7.58799467591516	-6.6440400192677165e-06	7.0922342671980125	-3.469327100879937e-06	6.667271224963533	-6.0577057045414616e-06	6.299977339447439	-6.365331856576343e-06	5.97712128509315	-5.366188718124839e-06	5.691678905793691	-4.252984531895258e-06	5.436145157053327	-3.0022186395746456e-06	5.205619233549792	-3.184789445607777e-06	4.99607873015873	-1.6931245597876144e-06	4.804027177671409	-1.805588658014286e-06	4.625020714106788	-1.926897367665506e-06	4.458437550219834	-2.0603051311899294e-06	4.308298152335194	0.0	4.16702131188717	0.0	4.038199427937419	0.0	3.9127680685904744	0.0	3.7991153137649727	0.0	3.6959395143516063	0.0	3.6029506404356764	0.0	3.50962172778794	0.0	3.428125711868268	-4.067835220130903e-06	3.353546257747968	-4.424269774273756e-06	3.2798040283070224	-4.817419789960497e-06
19	7422	4	0	0	880	8758	591	2904	456	1330	443	806	424	520	403	443	400	415	394	390	429	416	420	399	430	430	435	428	436	424	447	430	457	433	452	440	475	461	469	462	495	469	504	467	498	489	528	504	532	500	521	529	520	528	519	523	510	521	524	521	516	3942	3954	57.0	269.74052499518405	148.68946838378906	12	1	0.8169984817504883	18.365377477544353	1.183431952662722			2.8547330175825603	6.5922485754932145	1.9869553523399677	4.548159749412687	1.5456579214968478	3.5312234494477486	1.4991032452370479	2.884030486277597	1.4188194351492438	2.2510822510822512	1.3371822947773575	2.071254909294932	1.3161791319798624	1.9945210746383428	1.2777273316902322	1.8531717747683536	1.370957433209766	1.9189962173632251	1.3325295853294838	1.797945205479452	1.3475821868438371	1.866481465404983	1.3552246245872017	1.7996047597023086	1.347675568743818	1.7149328587607184	1.3752576685229057	1.6667958756492751	1.404036990383729	1.6218443329088321	1.3957078894549946	1.6069537270369965	1.469632746511556	1.6334774289561336	1.4592862254581662	1.5843621399176955	1.54876255436313	1.55855376844344	1.5814741598418527	1.5189461701089608	1.5860882858780814	1.5639992323930147	1.6927417286483715	1.5829145728643215	1.7285635377067292	1.550820383983127	1.7256798383624257	1.6138381280698006	1.7540900657783773	1.6016016016016015	1.7863289047979625	1.5866274307556958	1.7938797045374604	1.585514303104078	1.8804277614296994	1.5922009657111424	1.8935779816513763	4.631435486523956	4.626455274088808	1.3370865587614356	3.3893015285241974	2.0617256368145638	3.418803418803419	4.761904761904762	5.41250047305716	3.466346863468635	13.739700000000001	0.13405169798358257	18.302819016991922	-1.4305387599708552e-05	13.382611550252047	-1.2442072581308944e-05	11.16559044936889	-9.714623228052723e-06	9.83754455500733	-7.96292462295552e-06	8.909950616523444	-6.160107350137422e-06	8.186831931708989	-6.384731128330967e-06	7.58799467591516	-6.6440400192677165e-06	7.0922342671980125	-3.469327100879937e-06	6.667271224963533	-6.0577057045414616e-06	6.299977339447439	-6.365331856576343e-06	5.97712128509315	-5.366188718124839e-06	5.691678905793691	-4.252984531895258e-06	5.436145157053327	-3.0022186395746456e-06	5.205619233549792	-3.184789445607777e-06	4.99607873015873	-1.6931245597876144e-06	4.804027177671409	-1.805588658014286e-06	4.625020714106788	-1.926897367665506e-06	4.458437550219834	-2.0603051311899294e-06	4.308298152335194	0.0	4.16702131188717	0.0	4.038199427937419	0.0	3.9127680685904744	0.0	3.7991153137649727	0.0	3.6959395143516063	0.0	3.6029506404356764	0.0	3.50962172778794	0.0	3.428125711868268	-4.067835220130903e-06	3.353546257747968	-4.424269774273756e-06	3.2798040283070224	-4.817419789960497e-06
20	11856	4	0	0	905	7502	615	2281	488	1025	383	629	356	501	331	387	304	356	345	332	354	299	341	352	361	347	376	348	385	363	394	386	423	398	440	416	441	435	467	446	483	448	469	483	470	487	479	470	469	470	450	481	449	450	425	451	421	435	424	414	407	4084	4095	52.0	244.2299366129168	129.6876630783081	11	1	0.8288850784301758	29.33709449929478	1.183431952662722			2.9358333874002462	5.6468427510105155	2.0676438945669715	3.5724353954581045	1.65412514405803	2.7214316057774	1.296064430983723	2.2506888038072064	1.1912729219649312	2.1688311688311686	1.0982812396310306	1.8094258462689357	1.0002961403046955	1.7109626567981928	1.11882215592165	1.5775718698028036	1.1312795602709957	1.3792785312298181	1.0818871157079857	1.5861571737563085	1.1313422545363379	1.5062071360361142	1.171412549068478	1.4632300382626247	1.190034619188922	1.4682090276654263	1.2121957973110176	1.4962400186060936	1.2995790961319855	1.4907483706644693	1.3586536976995522	1.519301705562251	1.3644379814980971	1.5413507192970024	1.4530632564796664	1.5294924554183813	1.5112167954694784	1.4887677788116442	1.4716495654083905	1.5709871523825012	1.4969106312503981	1.5576025075161517	1.5356501667094127	1.4761306532663316	1.523865224030932	1.4577711609441395	1.4905104170116923	1.4674029103999513	1.514589306797099	1.365001365001365	1.4627934191505474	1.368200709886843	1.4808301090397467	1.3237979306147292	1.5215675016148713	1.2652038383961859	1.4935779816513761	4.798270554785346	4.7914350903878775	1.2197982641332394	3.068759866498761	1.7982469280001048	3.133903133903134	4.761904761904762	5.4912475106452865	3.466346863468635	13.739700000000001	0.13405169798358257	18.302819016991922	-1.4305387599708552e-05	13.382611550252047	-1.2442072581308944e-05	11.16559044936889	-9.714623228052723e-06	9.83754455500733	-7.96292462295552e-06	8.909950616523444	-6.160107350137422e-06	8.186831931708989	-6.384731128330967e-06	7.58799467591516	-6.6440400192677165e-06	7.0922342671980125	-3.469327100879937e-06	6.667271224963533	-6.0577057045414616e-06	6.299977339447439	-6.365331856576343e-06	5.97712128509315	-5.366188718124839e-06	5.691678905793691	-4.252984531895258e-06	5.436145157053327	-3.0022186395746456e-06	5.205619233549792	-3.184789445607777e-06	4.99607873015873	-1.6931245597876144e-06	4.804027177671409	-1.805588658014286e-06	4.625020714106788	-1.926897367665506e-06	4.458437550219834	-2.0603051311899294e-06	4.308298152335194	0.0	4.16702131188717	0.0	4.038199427937419	0.0	3.9127680685904744	0.0	3.7991153137649727	0.0	3.6959395143516063	0.0	3.6029506404356764	0.0	3.50962172778794	0.0	3.428125711868268	-4.067835220130903e-06	3.353546257747968	-4.424269774273756e-06	3.2798040283070224	-4.817419789960497e-06
