	counts(inten<0.01	MicrocoloniesPlatonic	MicrocoloniesAggregates	MicrocoloniesLarge	counts(Norminten<0.01	counts(inten<0.02	counts(Norminten<0.02	counts(inten<0.03	counts(Norminten<0.03	counts(inten<0.04	counts(Norminten<0.04	counts(inten<0.05	counts(Norminten<0.05	counts(inten<0.060000000000000005	counts(Norminten<0.060000000000000005	counts(inten<0.06999999999999999	counts(Norminten<0.06999999999999999	counts(inten<0.08	counts(Norminten<0.08	counts(inten<0.09	counts(Norminten<0.09	counts(inten<0.09999999999999999	counts(Norminten<0.09999999999999999	counts(inten<0.11	counts(Norminten<0.11	counts(inten<0.12	counts(Norminten<0.12	counts(inten<0.13	counts(Norminten<0.13	counts(inten<0.14	counts(Norminten<0.14	counts(inten<0.15000000000000002	counts(Norminten<0.15000000000000002	counts(inten<0.16	counts(Norminten<0.16	counts(inten<0.17	counts(Norminten<0.17	counts(inten<0.18000000000000002	counts(Norminten<0.18000000000000002	counts(inten<0.19	counts(Norminten<0.19	counts(inten<0.2	counts(Norminten<0.2	counts(inten<0.21000000000000002	counts(Norminten<0.21000000000000002	counts(inten<0.22	counts(Norminten<0.22	counts(inten<0.23	counts(Norminten<0.23	counts(inten<0.24000000000000002	counts(Norminten<0.24000000000000002	counts(inten<0.25	counts(Norminten<0.25	counts(inten<0.26	counts(Norminten<0.26	counts(inten<0.27	counts(Norminten<0.27	counts(inten<0.28	counts(Norminten<0.28	counts(inten<0.29000000000000004	counts(Norminten<0.29000000000000004	diff	max	med	std	mean	min	eigenLocal	minProp	counts(inten<0.01Normalized	MicrocoloniesPlatonicNormalized	MicrocoloniesAggregatesNormalized	MicrocoloniesLargeNormalized	counts(Norminten<0.01Normalized	counts(inten<0.02Normalized	counts(Norminten<0.02Normalized	counts(inten<0.03Normalized	counts(Norminten<0.03Normalized	counts(inten<0.04Normalized	counts(Norminten<0.04Normalized	counts(inten<0.05Normalized	counts(Norminten<0.05Normalized	counts(inten<0.060000000000000005Normalized	counts(Norminten<0.060000000000000005Normalized	counts(inten<0.06999999999999999Normalized	counts(Norminten<0.06999999999999999Normalized	counts(inten<0.08Normalized	counts(Norminten<0.08Normalized	counts(inten<0.09Normalized	counts(Norminten<0.09Normalized	counts(inten<0.09999999999999999Normalized	counts(Norminten<0.09999999999999999Normalized	counts(inten<0.11Normalized	counts(Norminten<0.11Normalized	counts(inten<0.12Normalized	counts(Norminten<0.12Normalized	counts(inten<0.13Normalized	counts(Norminten<0.13Normalized	counts(inten<0.14Normalized	counts(Norminten<0.14Normalized	counts(inten<0.15000000000000002Normalized	counts(Norminten<0.15000000000000002Normalized	counts(inten<0.16Normalized	counts(Norminten<0.16Normalized	counts(inten<0.17Normalized	counts(Norminten<0.17Normalized	counts(inten<0.18000000000000002Normalized	counts(Norminten<0.18000000000000002Normalized	counts(inten<0.19Normalized	counts(Norminten<0.19Normalized	counts(inten<0.2Normalized	counts(Norminten<0.2Normalized	counts(inten<0.21000000000000002Normalized	counts(Norminten<0.21000000000000002Normalized	counts(inten<0.22Normalized	counts(Norminten<0.22Normalized	counts(inten<0.23Normalized	counts(Norminten<0.23Normalized	counts(inten<0.24000000000000002Normalized	counts(Norminten<0.24000000000000002Normalized	counts(inten<0.25Normalized	counts(Norminten<0.25Normalized	counts(inten<0.26Normalized	counts(Norminten<0.26Normalized	counts(inten<0.27Normalized	counts(Norminten<0.27Normalized	counts(inten<0.28Normalized	counts(Norminten<0.28Normalized	counts(inten<0.29000000000000004Normalized	counts(Norminten<0.29000000000000004Normalized	diffNormalized	maxNormalized	medNormalized	stdNormalized	meanNormalized	minNormalized	eigenLocalNormalized	minPropNormalized	BioVolume	SubstratumCoverage	Homogenity	ThicknessThreshold=0.01	RoughnessThreshold=0.01	ThicknessThreshold=0.02	RoughnessThreshold=0.02	ThicknessThreshold=0.03	RoughnessThreshold=0.03	ThicknessThreshold=0.04	RoughnessThreshold=0.04	ThicknessThreshold=0.05	RoughnessThreshold=0.05	ThicknessThreshold=0.060000000000000005	RoughnessThreshold=0.060000000000000005	ThicknessThreshold=0.06999999999999999	RoughnessThreshold=0.06999999999999999	ThicknessThreshold=0.08	RoughnessThreshold=0.08	ThicknessThreshold=0.09	RoughnessThreshold=0.09	ThicknessThreshold=0.09999999999999999	RoughnessThreshold=0.09999999999999999	ThicknessThreshold=0.11	RoughnessThreshold=0.11	ThicknessThreshold=0.12	RoughnessThreshold=0.12	ThicknessThreshold=0.13	RoughnessThreshold=0.13	ThicknessThreshold=0.14	RoughnessThreshold=0.14	ThicknessThreshold=0.15000000000000002	RoughnessThreshold=0.15000000000000002	ThicknessThreshold=0.16	RoughnessThreshold=0.16	ThicknessThreshold=0.17	RoughnessThreshold=0.17	ThicknessThreshold=0.18000000000000002	RoughnessThreshold=0.18000000000000002	ThicknessThreshold=0.19	RoughnessThreshold=0.19	ThicknessThreshold=0.2	RoughnessThreshold=0.2	ThicknessThreshold=0.21000000000000002	RoughnessThreshold=0.21000000000000002	ThicknessThreshold=0.22	RoughnessThreshold=0.22	ThicknessThreshold=0.23	RoughnessThreshold=0.23	ThicknessThreshold=0.24000000000000002	RoughnessThreshold=0.24000000000000002	ThicknessThreshold=0.25	RoughnessThreshold=0.25	ThicknessThreshold=0.26	RoughnessThreshold=0.26	ThicknessThreshold=0.27	RoughnessThreshold=0.27	ThicknessThreshold=0.28	RoughnessThreshold=0.28	ThicknessThreshold=0.29000000000000004	RoughnessThreshold=0.29000000000000004
0	1	22	0	0	2843	1	2886	1	2946	1	3002	9	3046	75	3119	217	3172	441	3209	626	3274	765	3341	930	3399	857	3460	855	3507	882	3557	803	3619	815	3660	776	3719	737	3767	753	3812	778	3846	758	3890	782	3940	868	3988	912	4042	991	4090	1094	4130	1180	4182	1224	4237	1330	4277	3992	4095	1311.0	1256.2663061785174	1734.1015119552612	103	1	0.6010465621948242	4.761904761904762	6.727828746177369			8.830563752135424	4.761904761904762	9.31328256099135	0.07722007722007722	9.827862289831865	0.005064060363599534	10.239094102800232	0.01506906655504395	10.637331936441417	0.08186432352780658	11.136501588888493	0.20573400584019114	11.475706378206288	0.42363926300217103	11.817780069234734	0.6524503366476977	12.164220694779862	0.908723747980614	12.549299477895055	1.2621464632756092	12.82399547255235	1.3380380646067855	13.165404664967086	1.5375485541648684	13.44914864242982	1.7847386632671645	13.700265762816317	1.8518945596273146	14.018981212473369	2.135688268127146	14.249562001167998	2.263578554343387	14.540975914920237	2.343253211242528	14.77370774178367	2.58594045125176	15.085678103605208	2.8236489674445613	15.343493178010053	2.8695816770774183	15.48690182339358	3.060425798371947	15.752438829361907	3.449372118900016	15.965410945193964	3.7074677832432212	16.28525382755842	4.078692842737786	16.55133341426895	4.58104769482015	16.7688497299931	4.947174241153782	16.989640463132236	5.156723963599596	17.306592598643903	5.614420195027227	17.454293176624226	4.712048064778857	4.761904761904762	11.622340425531915	6.432199414059634	9.005536696688273	8.072100313479623	4.761904761904762	4.032130986821359	14.305777777777779	12.928500000000001	0.048308649179764546	20.99995708465576	0.0	20.971362113952637	-9.536752259018191e-07	20.50013113184425	-9.5368704950208e-07	19.196982155837368	-9.539281329623189e-07	17.45798634502463	-1.9111250410891882e-05	15.73370049109111	-1.9209527925851223e-05	14.220249533665877	-1.8449467878505398e-05	12.951543230312955	-1.9765384881457103e-05	11.891071213521148	-2.024004695690894e-05	11.002713068536734	-2.082172955696565e-05	10.256155767830407	-1.1814275296242953e-05	9.62645895400252	-7.767041999724825e-06	9.090133565195048	-2.29414888796868e-06	8.629369651281323	-2.370626046779564e-06	8.228155666618928	-2.4481302405287962e-06	7.877076109816405	-1.2631302388326656e-06	7.5627718201841505	-1.3025242920780474e-06	7.281402714264443	-1.3414392032924284e-06	7.032028391123631	-1.3808931340612482e-06	6.800403457803855	-1.4206280880903065e-06	6.592459261831835	-1.4592362357542062e-06	6.39288127619216	-1.4983024233543396e-06	6.2114309278858135	-1.5387337759757496e-06	6.040552401760512	0.0	5.877095559962764	0.0	5.7269167268171675	-1.6593269106319712e-06	5.585877353278653	-1.6998881473599038e-06	5.45275356973222	0.0	5.323909025183328	0.0
1	1	32	0	0	3046	1	3125	1	3172	1	3210	12	3270	105	3302	346	3349	601	3392	838	3406	969	3418	1156	3450	1174	3458	1133	3439	1094	3471	1069	3489	1020	3489	1030	3495	1071	3513	1107	3492	1177	3486	1289	3483	1412	3473	1546	3499	1698	3504	1841	3502	1940	3494	2055	3492	2208	3516	2326	3506	4003	4095	1050.0	1123.8201332699484	1457.3523635864258	92	1	0.6368265151977539	4.761904761904762	9.785932721712538			9.461096443547135	4.761904761904762	10.084548857622305	0.07722007722007722	10.581798772351213	0.005064060363599534	10.948531668883659	0.020092088740058602	11.41959140911472	0.11461005293892922	11.789909665440783	0.32803670977283933	12.116059476864079	0.5773405829122558	12.491713927966414	0.8734079586434036	12.65465353891882	1.1510500807754442	12.838523081546033	1.5688616253189296	13.016411997736277	1.8329716310949429	13.157794604467105	2.037476622068767	13.188372449762234	2.213723466682855	13.369025151176675	2.4653490463780816	13.515398024404416	2.6728859306621944	13.583803776523261	3.004492153316609	13.665154832655615	3.4051888592140402	13.777551180484743	3.8016415398880454	13.81930428588389	4.271767139694408	13.90728476821192	4.8798031421540795	13.866549884544948	5.525986224170319	13.885335039181193	6.1436973454140835	14.007766523880058	6.902719622748892	14.117647058823529	7.577067127628926	14.17182631216867	8.123612914032076	14.186528076657599	8.61562971658561	14.186471663619743	9.30232558139535	14.3615717670125	9.818903288446114	14.307868103166829	4.7250321651577565	4.761904761904762	9.308510638297872	5.754062786827766	7.5683229037064255	7.210031347962382	4.761904761904762	4.2721614042374405	14.305777777777779	12.928500000000001	0.048308649179764546	20.99995708465576	0.0	20.971362113952637	-9.536752259018191e-07	20.50013113184425	-9.5368704950208e-07	19.196982155837368	-9.539281329623189e-07	17.45798634502463	-1.9111250410891882e-05	15.73370049109111	-1.9209527925851223e-05	14.220249533665877	-1.8449467878505398e-05	12.951543230312955	-1.9765384881457103e-05	11.891071213521148	-2.024004695690894e-05	11.002713068536734	-2.082172955696565e-05	10.256155767830407	-1.1814275296242953e-05	9.62645895400252	-7.767041999724825e-06	9.090133565195048	-2.29414888796868e-06	8.629369651281323	-2.370626046779564e-06	8.228155666618928	-2.4481302405287962e-06	7.877076109816405	-1.2631302388326656e-06	7.5627718201841505	-1.3025242920780474e-06	7.281402714264443	-1.3414392032924284e-06	7.032028391123631	-1.3808931340612482e-06	6.800403457803855	-1.4206280880903065e-06	6.592459261831835	-1.4592362357542062e-06	6.39288127619216	-1.4983024233543396e-06	6.2114309278858135	-1.5387337759757496e-06	6.040552401760512	0.0	5.877095559962764	0.0	5.7269167268171675	-1.6593269106319712e-06	5.585877353278653	-1.6998881473599038e-06	5.45275356973222	0.0	5.323909025183328	0.0
2	1	31	0	0	2989	1	3005	1	2970	1	2981	13	2990	119	3016	348	2992	708	2993	979	2985	1215	2965	1480	2908	1490	2876	1490	2842	1522	2818	1457	2767	1506	2766	1573	2752	1764	2704	1889	2684	2076	2691	2245	2665	2462	2604	2608	2578	2654	2518	2791	2497	2882	2472	2904	2454	2953	2414	2971	2417	4000	4095	883.0	1022.5612231049048	1261.1509199142456	95	1	0.6688566207885742	4.761904761904762	9.480122324159021			9.284050318372419	4.761904761904762	9.697302181489608	0.07722007722007722	9.907926341072857	0.005064060363599534	10.16746819468604	0.021766429468396818	10.441767068273093	0.12989139333078645	10.768736387331739	0.3299328757252835	10.824499837198365	0.680128340602125	11.022317154010459	1.0203656223292268	11.0904699981423	1.443267129145681	11.136986815911055	2.0085771673633355	10.971514808526694	2.3263438929569547	10.943266998972643	2.6794705797726945	10.898910875901212	3.079787126408871	10.853907483726841	3.3601623578792004	10.71857447220608	3.9464374623306515	10.768931282849913	4.588413744822356	10.760087582108227	5.608546356352537	10.60475331398541	6.487173323259728	10.62171039613756	7.534569738322505	10.735657863241045	8.498958924853303	10.60992117206784	9.63525360050094	10.411002718695027	10.364012080750278	10.320669362264303	10.789056465709988	10.1450443190975	11.487014857801375	10.104811622354418	12.068171349608475	10.036948312964391	12.175079657890324	9.969530773918342	12.441017863161443	9.860305530593907	12.541686014605935	9.863695723147242	4.721491046872602	4.761904761904762	7.828014184397163	5.235607822757944	6.549409484421766	7.445141065830721	4.761904761904762	4.487035907125029	14.305777777777779	12.928500000000001	0.048308649179764546	20.99995708465576	0.0	20.971362113952637	-9.536752259018191e-07	20.50013113184425	-9.5368704950208e-07	19.196982155837368	-9.539281329623189e-07	17.45798634502463	-1.9111250410891882e-05	15.73370049109111	-1.9209527925851223e-05	14.220249533665877	-1.8449467878505398e-05	12.951543230312955	-1.9765384881457103e-05	11.891071213521148	-2.024004695690894e-05	11.002713068536734	-2.082172955696565e-05	10.256155767830407	-1.1814275296242953e-05	9.62645895400252	-7.767041999724825e-06	9.090133565195048	-2.29414888796868e-06	8.629369651281323	-2.370626046779564e-06	8.228155666618928	-2.4481302405287962e-06	7.877076109816405	-1.2631302388326656e-06	7.5627718201841505	-1.3025242920780474e-06	7.281402714264443	-1.3414392032924284e-06	7.032028391123631	-1.3808931340612482e-06	6.800403457803855	-1.4206280880903065e-06	6.592459261831835	-1.4592362357542062e-06	6.39288127619216	-1.4983024233543396e-06	6.2114309278858135	-1.5387337759757496e-06	6.040552401760512	0.0	5.877095559962764	0.0	5.7269167268171675	-1.6593269106319712e-06	5.585877353278653	-1.6998881473599038e-06	5.45275356973222	0.0	5.323909025183328	0.0
3	1	28	0	0	2931	1	2910	1	2900	1	2844	35	2816	182	2786	408	2758	821	2688	1128	2692	1376	2652	1534	2647	1587	2593	1702	2562	1765	2522	1801	2534	1797	2501	1951	2459	2097	2450	2347	2407	2422	2357	2600	2340	2687	2331	2757	2313	2822	2283	2868	2264	2881	2255	2898	2236	2888	2211	2915	2174	4012	4095	830.0	994.7517604209389	1200.8399486541748	83	1	0.6765432357788086	4.761904761904762	8.56269113149847			9.103898120826216	4.761904761904762	9.390731896217892	0.07722007722007722	9.674406191619962	0.005064060363599534	9.700194413179167	0.05860192549183759	9.834119085035796	0.19865742509414397	9.94751312171957	0.3868178542986082	9.977931333888066	0.7886798977886222	9.899094056124328	1.1756613094865862	10.001857700167193	1.634514872184738	9.96131164782331	2.081863091037403	9.986794944350121	2.4777904416930787	9.866443438225334	3.060710689109481	9.825126553152325	3.571500839757988	9.713823518083426	4.153501994880192	9.815998450513268	4.708996095490161	9.73720070079813	5.69103319526282	9.614482327181733	6.667302556276231	9.608596752686486	8.06002953398125	9.525505560172544	8.790331361376257	9.403175616372776	9.842892296043914	9.316028346205908	10.51581089542893	9.319526627218936	10.956127801621363	9.259778213699507	11.472011057360056	9.19822723609992	11.803926410667984	9.161911699243252	12.063983920271346	9.15587315765967	12.14992453463022	9.083891935811497	12.167172227839568	9.031124908095743	12.305289374815315	8.872020894547829	4.73565552001322	4.761904761904762	7.358156028368794	5.093220807599312	6.2362025232657965	6.5047021943573675	4.761904761904762	4.538601693264312	14.305777777777779	12.928500000000001	0.048308649179764546	20.99995708465576	0.0	20.971362113952637	-9.536752259018191e-07	20.50013113184425	-9.5368704950208e-07	19.196982155837368	-9.539281329623189e-07	17.45798634502463	-1.9111250410891882e-05	15.73370049109111	-1.9209527925851223e-05	14.220249533665877	-1.8449467878505398e-05	12.951543230312955	-1.9765384881457103e-05	11.891071213521148	-2.024004695690894e-05	11.002713068536734	-2.082172955696565e-05	10.256155767830407	-1.1814275296242953e-05	9.62645895400252	-7.767041999724825e-06	9.090133565195048	-2.29414888796868e-06	8.629369651281323	-2.370626046779564e-06	8.228155666618928	-2.4481302405287962e-06	7.877076109816405	-1.2631302388326656e-06	7.5627718201841505	-1.3025242920780474e-06	7.281402714264443	-1.3414392032924284e-06	7.032028391123631	-1.3808931340612482e-06	6.800403457803855	-1.4206280880903065e-06	6.592459261831835	-1.4592362357542062e-06	6.39288127619216	-1.4983024233543396e-06	6.2114309278858135	-1.5387337759757496e-06	6.040552401760512	0.0	5.877095559962764	0.0	5.7269167268171675	-1.6593269106319712e-06	5.585877353278653	-1.6998881473599038e-06	5.45275356973222	0.0	5.323909025183328	0.0
4	1	20	0	0	2358	1	2298	1	2213	1	2182	36	2132	292	2072	729	2042	1323	2069	1820	2025	2227	2012	2620	1973	2893	1901	2973	1852	3056	1815	3184	1783	3094	1747	3020	1726	2967	1729	2933	1689	2862	1657	2750	1639	2668	1598	2695	1580	2586	1571	2488	1565	2389	1537	2344	1544	2200	1524	2166	1516	4005	4095	706.0	929.1118213785179	1058.0925178527832	90	1	0.6976547241210938	4.761904761904762	6.116207951070336			7.324118651964591	4.761904761904762	7.415773847941138	0.07722007722007722	7.382572724846543	0.005064060363599534	7.4422729288174905	0.0602762662201758	7.445433909551248	0.3187250996015936	7.398150462384404	0.6911524896658956	7.387576426323215	1.270917789006513	7.619503572217721	1.8969003397744564	7.523685677131711	2.645395799676898	7.5573752018931	3.555724444926985	7.443878513488021	4.516854283439241	7.233362505231916	5.3463530427276655	7.10231630618193	6.183856411501649	6.990717559604052	7.343004082009179	6.906837110207244	8.107753989675324	6.801635195639479	8.809287672831223	6.748514232092587	9.433422357878673	6.780923994038749	10.072461279576908	6.684079306660334	10.38725365658912	6.610548152876407	10.410751466969526	6.525201051039095	10.441452723857232	6.388933312010235	10.70974407884279	6.325313263141038	10.51262246432782	6.329572925060435	10.239947318599004	6.333211929909758	10.003768686403417	6.240610662227455	9.827268153613952	6.272598009343897	9.268621503201887	6.224981619148762	9.143484317615771	6.186745021221025	4.727392910681194	4.761904761904762	6.258865248226949	4.757138262544113	5.4948865059638825	7.053291536050156	4.761904761904762	4.680228468421299	14.305777777777779	12.928500000000001	0.048308649179764546	20.99995708465576	0.0	20.971362113952637	-9.536752259018191e-07	20.50013113184425	-9.5368704950208e-07	19.196982155837368	-9.539281329623189e-07	17.45798634502463	-1.9111250410891882e-05	15.73370049109111	-1.9209527925851223e-05	14.220249533665877	-1.8449467878505398e-05	12.951543230312955	-1.9765384881457103e-05	11.891071213521148	-2.024004695690894e-05	11.002713068536734	-2.082172955696565e-05	10.256155767830407	-1.1814275296242953e-05	9.62645895400252	-7.767041999724825e-06	9.090133565195048	-2.29414888796868e-06	8.629369651281323	-2.370626046779564e-06	8.228155666618928	-2.4481302405287962e-06	7.877076109816405	-1.2631302388326656e-06	7.5627718201841505	-1.3025242920780474e-06	7.281402714264443	-1.3414392032924284e-06	7.032028391123631	-1.3808931340612482e-06	6.800403457803855	-1.4206280880903065e-06	6.592459261831835	-1.4592362357542062e-06	6.39288127619216	-1.4983024233543396e-06	6.2114309278858135	-1.5387337759757496e-06	6.040552401760512	0.0	5.877095559962764	0.0	5.7269167268171675	-1.6593269106319712e-06	5.585877353278653	-1.6998881473599038e-06	5.45275356973222	0.0	5.323909025183328	0.0
5	1	12	0	0	1893	1	1802	1	1709	4	1660	71	1579	485	1485	1424	1472	2492	1425	3626	1363	4388	1333	4882	1333	5124	1304	5089	1292	4938	1270	4521	1232	3974	1221	3444	1183	3073	1168	2729	1114	2528	1111	2293	1127	2052	1132	1900	1101	1737	1071	1673	1052	1575	1041	1499	1038	1457	1018	1368	1016	4016	4095	582.0	847.3582439089818	903.4379730224609	79	1	0.7180614471435547	4.761904761904762	3.669724770642202			5.879794999223482	4.761904761904762	5.815154253259326	0.07722007722007722	5.701227648785695	0.020256241454398135	5.661857498550428	0.1188781917120134	5.514230836389034	0.5293892921464826	5.302245867104652	1.3500701581402403	5.325422379798126	2.3938980575995696	5.247845621271267	3.7792091384737247	5.064090655768159	5.212391903449587	5.006948878789017	6.625590358829597	5.029239766081871	8.000124904370091	4.961759445987596	9.151560926485399	4.954747660684154	9.99210829842773	4.891576474213304	10.426420054888034	4.7724191361611465	10.413773223972118	4.753747323340471	10.046088326235342	4.625430090710041	9.770443850947476	4.580751431484822	9.371887770871252	4.408563852942341	9.175044459768445	4.432298731349238	8.680673859549499	4.4868221992196835	8.030682529743268	4.525827602750679	7.550468923859483	4.407702470074863	7.061262652953372	4.315068493150685	6.885623739556324	4.2572133867508395	6.595201205979649	4.22672459295952	6.284588294482643	4.216940889701402	6.1383552409841595	4.158157013315906	5.774832200599434	4.146261834802481	4.740377011060093	4.761904761904762	5.159574468085106	4.338552401798991	4.69173445911011	6.191222570532915	4.761904761904762	4.817127313558814	14.305777777777779	12.928500000000001	0.048308649179764546	20.99995708465576	0.0	20.971362113952637	-9.536752259018191e-07	20.50013113184425	-9.5368704950208e-07	19.196982155837368	-9.539281329623189e-07	17.45798634502463	-1.9111250410891882e-05	15.73370049109111	-1.9209527925851223e-05	14.220249533665877	-1.8449467878505398e-05	12.951543230312955	-1.9765384881457103e-05	11.891071213521148	-2.024004695690894e-05	11.002713068536734	-2.082172955696565e-05	10.256155767830407	-1.1814275296242953e-05	9.62645895400252	-7.767041999724825e-06	9.090133565195048	-2.29414888796868e-06	8.629369651281323	-2.370626046779564e-06	8.228155666618928	-2.4481302405287962e-06	7.877076109816405	-1.2631302388326656e-06	7.5627718201841505	-1.3025242920780474e-06	7.281402714264443	-1.3414392032924284e-06	7.032028391123631	-1.3808931340612482e-06	6.800403457803855	-1.4206280880903065e-06	6.592459261831835	-1.4592362357542062e-06	6.39288127619216	-1.4983024233543396e-06	6.2114309278858135	-1.5387337759757496e-06	6.040552401760512	0.0	5.877095559962764	0.0	5.7269167268171675	-1.6593269106319712e-06	5.585877353278653	-1.6998881473599038e-06	5.45275356973222	0.0	5.323909025183328	0.0
6	1	10	0	0	1831	1	1673	1	1561	2	1481	134	1398	841	1320	2180	1258	3793	1217	5332	1166	6101	1162	6290	1093	6074	1091	5620	1097	5004	1107	4321	1082	3661	1066	3070	1057	2722	1049	2280	1005	2050	938	1871	943	1673	957	1539	934	1458	931	1314	879	1250	879	1203	870	1164	870	1087	889	4019	4095	528.0	809.477515189763	835.2955102920532	76	1	0.7231321334838867	4.761904761904762	3.058103975535168			5.687218512191334	4.761904761904762	5.398864076416678	0.07722007722007722	5.207499332799573	0.010128120727199067	5.051331900815171	0.22436165759732105	4.882137244630696	0.9179719478251379	4.713107437426358	2.0668208881641323	4.551210158822039	3.6436819151184463	4.481844295499742	5.557292643778792	4.332156789894111	7.2472203744179415	4.364647109642039	8.536452961294176	4.1237502358045655	9.483364299208418	4.151288002739622	10.106459502229894	4.20693357876975	10.12566017118922	4.263759966105612	9.965176079887456	4.191361611466202	9.59356410995519	4.150282265913958	8.955136806487369	4.13278073193619	8.654457586163042	4.11404816064005	7.8299392149455675	3.977205271281016	7.440206148150836	3.742120801085135	7.083096725345447	3.7542797993470813	6.547432686286787	3.826163441548057	6.115879828326181	3.7391408783378037	5.92707020610594	3.751007252215955	5.40807507099642	3.5571203107927643	5.23428667141242	3.568963417109911	5.043602213650847	3.534430225472273	4.903943377148635	3.5536312392778364	4.588627633078644	3.6279791054521713	4.743918129345247	4.761904761904762	4.680851063829787	4.144599575178099	4.33785699317706	5.956112852664576	4.761904761904762	4.85114409828618	14.305777777777779	12.928500000000001	0.048308649179764546	20.99995708465576	0.0	20.971362113952637	-9.536752259018191e-07	20.50013113184425	-9.5368704950208e-07	19.196982155837368	-9.539281329623189e-07	17.45798634502463	-1.9111250410891882e-05	15.73370049109111	-1.9209527925851223e-05	14.220249533665877	-1.8449467878505398e-05	12.951543230312955	-1.9765384881457103e-05	11.891071213521148	-2.024004695690894e-05	11.002713068536734	-2.082172955696565e-05	10.256155767830407	-1.1814275296242953e-05	9.62645895400252	-7.767041999724825e-06	9.090133565195048	-2.29414888796868e-06	8.629369651281323	-2.370626046779564e-06	8.228155666618928	-2.4481302405287962e-06	7.877076109816405	-1.2631302388326656e-06	7.5627718201841505	-1.3025242920780474e-06	7.281402714264443	-1.3414392032924284e-06	7.032028391123631	-1.3808931340612482e-06	6.800403457803855	-1.4206280880903065e-06	6.592459261831835	-1.4592362357542062e-06	6.39288127619216	-1.4983024233543396e-06	6.2114309278858135	-1.5387337759757496e-06	6.040552401760512	0.0	5.877095559962764	0.0	5.7269167268171675	-1.6593269106319712e-06	5.585877353278653	-1.6998881473599038e-06	5.45275356973222	0.0	5.323909025183328	0.0
7	1	9	0	0	1762	1	1561	1	1469	11	1368	239	1306	1292	1266	2932	1206	4797	1150	6167	1139	6675	1087	6613	1060	6176	1020	5413	990	4579	1029	3938	1003	3326	1012	2888	988	2469	959	2115	929	1808	916	1613	939	1459	916	1350	909	1250	879	1215	876	1141	866	1138	852	1065	842	1015	828	4041	4095	500.0	792.3379042640362	800.1772041320801	54	1	0.7266178131103516	4.761904761904762	2.7522935779816518			5.4728995185587825	4.761904761904762	5.037433845359494	0.07722007722007722	4.900587136375767	0.055704663999594874	4.665916300010233	0.40016743407283384	4.560852104068448	1.4102494133056813	4.5202984968043705	2.779779286283136	4.363083824753084	4.608157697554228	4.235103483832953	6.42757384362037	4.231840980865688	7.929060153948493	4.082935807384593	8.974811356603876	3.999245425391436	9.642617371075271	3.8811308549902974	9.734210904905769	3.7965945697192818	9.265667051134178	3.9633324346184953	9.081893867761352	3.885337981793531	8.715704515080843	3.9400428265524625	8.424245959978997	3.8629965592743196	7.850057230064861	3.7610793003372813	7.263298877021876	3.6764414895722033	6.561898885783762	3.6543525093752494	6.106378951353398	3.7383549645672427	5.709924859110833	3.6622421237805853	5.36480686695279	3.6390568077184833	5.0815073783487135	3.541498791297341	5.000617360167922	3.54497996843511	4.7778568736652565	3.516180112875066	4.7710883783330535	3.4613040828762953	4.48685540950455	3.439261498243608	4.28468909620499	3.3790401567091086	4.769886330103047	4.761904761904762	4.432624113475177	4.056843185620036	4.1554805909486925	4.231974921630094	4.761904761904762	4.8745278387749	14.305777777777779	12.928500000000001	0.048308649179764546	20.99995708465576	0.0	20.971362113952637	-9.536752259018191e-07	20.50013113184425	-9.5368704950208e-07	19.196982155837368	-9.539281329623189e-07	17.45798634502463	-1.9111250410891882e-05	15.73370049109111	-1.9209527925851223e-05	14.220249533665877	-1.8449467878505398e-05	12.951543230312955	-1.9765384881457103e-05	11.891071213521148	-2.024004695690894e-05	11.002713068536734	-2.082172955696565e-05	10.256155767830407	-1.1814275296242953e-05	9.62645895400252	-7.767041999724825e-06	9.090133565195048	-2.29414888796868e-06	8.629369651281323	-2.370626046779564e-06	8.228155666618928	-2.4481302405287962e-06	7.877076109816405	-1.2631302388326656e-06	7.5627718201841505	-1.3025242920780474e-06	7.281402714264443	-1.3414392032924284e-06	7.032028391123631	-1.3808931340612482e-06	6.800403457803855	-1.4206280880903065e-06	6.592459261831835	-1.4592362357542062e-06	6.39288127619216	-1.4983024233543396e-06	6.2114309278858135	-1.5387337759757496e-06	6.040552401760512	0.0	5.877095559962764	0.0	5.7269167268171675	-1.6593269106319712e-06	5.585877353278653	-1.6998881473599038e-06	5.45275356973222	0.0	5.323909025183328	0.0
8	1	13	0	0	1624	1	1473	1	1417	30	1252	622	1187	2354	1116	4662	1102	6589	1070	7357	1038	7071	969	6229	975	5433	949	4598	916	4097	905	3452	917	2879	860	2463	866	2125	850	1744	875	1509	842	1419	845	1238	825	1175	782	1120	759	1069	738	1016	759	976	769	939	754	930	755	4026	4095	464.0	781.6864624858271	760.5701904296875	69	1	0.7277193069458008	4.761904761904762	3.9755351681957185			5.044261531293679	4.761904761904762	4.75345294952885	0.07722007722007722	4.7271150253536165	0.15192181090798604	4.270268426617552	1.0414399330263708	4.145276759210756	2.5694482344594225	3.9847181061877386	4.419962835147332	3.9868311566151733	6.329612480547177	3.9404875893054427	7.667854835011361	3.8565855470926995	8.399458329373752	3.6397100251662096	8.453667010477172	3.6785512167515564	8.482568033849084	3.610973707240973	8.268594446842181	3.5128087129927903	8.290333677330581	3.485729692254362	7.961071008509951	3.552198334301763	7.544351563114174	3.3482577379793654	7.184528323901756	3.385986862683766	6.7563271016151605	3.3335947917483724	5.9892166626601195	3.462740907831731	5.476717598809567	3.3591318918056334	5.371947756956274	3.3641213472410225	4.845021916092674	3.2984167599552214	4.669368939755206	3.1306297289723366	4.553030611000447	3.058017727639001	4.399720130057209	2.9865242199830035	4.254428206524015	3.0817329164805716	4.0919000503102465	3.124111314239285	3.956016177957533	3.0798137407074586	3.9258727679513696	3.0811296114920013	4.752180738677274	4.761904761904762	4.113475177304964	4.0023068208160675	3.9497934308348888	5.407523510971787	4.761904761904762	4.881917228724139	14.305777777777779	12.928500000000001	0.048308649179764546	20.99995708465576	0.0	20.971362113952637	-9.536752259018191e-07	20.50013113184425	-9.5368704950208e-07	19.196982155837368	-9.539281329623189e-07	17.45798634502463	-1.9111250410891882e-05	15.73370049109111	-1.9209527925851223e-05	14.220249533665877	-1.8449467878505398e-05	12.951543230312955	-1.9765384881457103e-05	11.891071213521148	-2.024004695690894e-05	11.002713068536734	-2.082172955696565e-05	10.256155767830407	-1.1814275296242953e-05	9.62645895400252	-7.767041999724825e-06	9.090133565195048	-2.29414888796868e-06	8.629369651281323	-2.370626046779564e-06	8.228155666618928	-2.4481302405287962e-06	7.877076109816405	-1.2631302388326656e-06	7.5627718201841505	-1.3025242920780474e-06	7.281402714264443	-1.3414392032924284e-06	7.032028391123631	-1.3808931340612482e-06	6.800403457803855	-1.4206280880903065e-06	6.592459261831835	-1.4592362357542062e-06	6.39288127619216	-1.4983024233543396e-06	6.2114309278858135	-1.5387337759757496e-06	6.040552401760512	0.0	5.877095559962764	0.0	5.7269167268171675	-1.6593269106319712e-06	5.585877353278653	-1.6998881473599038e-06	5.45275356973222	0.0	5.323909025183328	0.0
9	1	12	0	0	1523	1	1407	1	1235	53	1178	1201	1149	3563	1038	6030	1015	7687	969	7869	938	6927	888	5735	884	4757	880	3882	891	3351	899	2889	827	2512	797	2109	778	1777	754	1521	726	1373	725	1210	708	1160	715	1052	717	1015	720	963	716	922	710	882	712	880	687	906	666	4028	4095	436.0	795.3364593522006	744.041916847229	67	1	0.730097770690918	4.761904761904762	3.669724770642202			4.730548221773567	4.761904761904762	4.540467277655867	0.07722007722007722	4.119962636776087	0.2683951992707753	4.017872369453255	2.010883214734198	4.0125720272393925	3.8891011297276643	3.7062163030670905	5.716940346619136	3.6720813284613434	7.384387788430133	3.568535022464462	8.20148833718967	3.485045513654096	8.228404447400932	3.335461818728167	7.783236523532924	3.3352197698547443	7.427126106574653	3.348426619991629	6.981009926629262	3.4169351127473537	6.780792812481029	3.4626198821399683	6.6626692188833285	3.2035638194847955	6.582636723356307	3.1029783920576213	6.151916457616242	3.0419142946512356	5.649879180974183	2.957094674092086	5.2233936604965825	2.8730855989552415	4.983123434834683	2.89236415862124	4.580730645466591	2.818695756031531	4.539762053850971	2.858627858627859	4.180575425210618	2.870411145362104	4.126183991219155	2.9008863819500403	3.9634522780590196	2.8974950426935373	3.8608098488338007	2.8827804620569246	3.6978031192352843	2.892545196018688	3.7074486012807553	2.8061432889469815	3.8245599223268187	2.7179236043095005	4.75454148420071	4.761904761904762	3.8652482269503547	4.072196064373736	3.8639587935581443	5.2507836990595615	4.761904761904762	4.897873192822324	14.305777777777779	12.928500000000001	0.048308649179764546	20.99995708465576	0.0	20.971362113952637	-9.536752259018191e-07	20.50013113184425	-9.5368704950208e-07	19.196982155837368	-9.539281329623189e-07	17.45798634502463	-1.9111250410891882e-05	15.73370049109111	-1.9209527925851223e-05	14.220249533665877	-1.8449467878505398e-05	12.951543230312955	-1.9765384881457103e-05	11.891071213521148	-2.024004695690894e-05	11.002713068536734	-2.082172955696565e-05	10.256155767830407	-1.1814275296242953e-05	9.62645895400252	-7.767041999724825e-06	9.090133565195048	-2.29414888796868e-06	8.629369651281323	-2.370626046779564e-06	8.228155666618928	-2.4481302405287962e-06	7.877076109816405	-1.2631302388326656e-06	7.5627718201841505	-1.3025242920780474e-06	7.281402714264443	-1.3414392032924284e-06	7.032028391123631	-1.3808931340612482e-06	6.800403457803855	-1.4206280880903065e-06	6.592459261831835	-1.4592362357542062e-06	6.39288127619216	-1.4983024233543396e-06	6.2114309278858135	-1.5387337759757496e-06	6.040552401760512	0.0	5.877095559962764	0.0	5.7269167268171675	-1.6593269106319712e-06	5.585877353278653	-1.6998881473599038e-06	5.45275356973222	0.0	5.323909025183328	0.0
10	1	10	0	0	1386	1	1355	1	1258	179	1141	1666	1016	4506	979	6938	960	8030	918	7705	883	6324	859	5147	861	4248	844	3526	822	3007	775	2518	770	2028	771	1759	769	1526	728	1378	730	1313	716	1184	710	1056	704	975	691	954	652	899	656	858	634	863	616	853	592	813	580	4032	4095	419.0	813.1706967825928	739.5433855056763	63	1	0.7291784286499023	4.761904761904762	3.058103975535168			4.30501630687995	4.761904761904762	4.372660384665031	0.07722007722007722	4.1966906858820385	0.9064668050843167	3.8916743408711074	2.789451653411469	3.54810546533962	4.918408557550619	3.495554682757882	6.577799689028783	3.473101552042256	7.713884992987377	3.3807173897031744	8.03055885602318	3.2806984952628646	7.512116316639742	3.2265334485219546	6.98523424352641	3.248443689869836	6.6324220518665395	3.2114455309919716	6.340814271327866	3.1523239760699493	6.084704263542362	2.985017139775835	5.807061645257259	2.9827619601007167	5.3143261444930685	3.0017519953280125	5.130972522023219	3.006725054738818	4.8518377209716395	2.8551258922268414	4.732305367629383	2.888915271676758	4.765361303669292	2.8564589483762863	4.482301722506151	2.8266581734214506	4.132748904195367	2.8146489684951224	3.8745827372436814	2.766323711918011	3.8782064311557383	2.626913779210314	3.7000452730789806	2.6546881955404475	3.592814371257485	2.5742011449916764	3.618145228911622	2.5025391021734715	3.5936973373778227	2.4181030961522754	3.4319726455316815	2.366960496245511	4.759262975247583	4.761904761904762	3.714539007092198	4.163509005734808	3.840597018714942	4.93730407523511	4.761904761904762	4.8917057712543	14.305777777777779	12.928500000000001	0.048308649179764546	20.99995708465576	0.0	20.971362113952637	-9.536752259018191e-07	20.50013113184425	-9.5368704950208e-07	19.196982155837368	-9.539281329623189e-07	17.45798634502463	-1.9111250410891882e-05	15.73370049109111	-1.9209527925851223e-05	14.220249533665877	-1.8449467878505398e-05	12.951543230312955	-1.9765384881457103e-05	11.891071213521148	-2.024004695690894e-05	11.002713068536734	-2.082172955696565e-05	10.256155767830407	-1.1814275296242953e-05	9.62645895400252	-7.767041999724825e-06	9.090133565195048	-2.29414888796868e-06	8.629369651281323	-2.370626046779564e-06	8.228155666618928	-2.4481302405287962e-06	7.877076109816405	-1.2631302388326656e-06	7.5627718201841505	-1.3025242920780474e-06	7.281402714264443	-1.3414392032924284e-06	7.032028391123631	-1.3808931340612482e-06	6.800403457803855	-1.4206280880903065e-06	6.592459261831835	-1.4592362357542062e-06	6.39288127619216	-1.4983024233543396e-06	6.2114309278858135	-1.5387337759757496e-06	6.040552401760512	0.0	5.877095559962764	0.0	5.7269167268171675	-1.6593269106319712e-06	5.585877353278653	-1.6998881473599038e-06	5.45275356973222	0.0	5.323909025183328	0.0
11	1	8	0	0	1240	1	1124	2	1089	405	1025	2381	949	5451	902	7638	837	8126	776	7272	767	5918	727	4679	719	3632	729	2969	734	2532	720	2044	715	1724	703	1550	738	1367	755	1221	737	1125	743	1062	721	976	688	911	692	819	705	781	677	733	700	726	726	721	696	727	704	4032	4095	402.0	833.0088634752389	741.8015727996826	63	1	0.7264614105224609	4.761904761904762	2.4464831804281344			3.851529740642957	4.761904761904762	3.6272105331095905	0.15444015444015444	3.632906325060048	2.0509444472578116	3.4960264674784267	3.9866052741732947	3.3141260694953725	5.949899034000982	3.2206234155746776	7.24145777238424	3.028110415686842	7.806105784933429	2.8577741769168448	7.5792633356262895	2.849712056474085	7.029839399410815	2.7307215565488487	6.3500895716844905	2.7126957177890962	5.6706584021608455	2.7738670522430655	5.339159833117537	2.814848903206013	5.123535482304377	2.773177213727227	4.7139134245058925	2.769707534379237	4.51770131809963	2.737006034650574	4.5213231433405285	2.885517672818267	4.346305481368434	2.961016550317672	4.193138500635324	2.916617198939412	4.083039959351069	2.9641745791111465	4.020442930153322	2.8704514690660083	3.819661865998748	2.7506796737565966	3.620251152439994	2.770327074742784	3.3294036342940774	2.8404512489927476	3.214388607647035	2.739670592044029	3.069385704116243	2.842177920337813	3.043769914472581	2.949421084704449	3.0375800471857093	2.8429049914222695	3.068934948710372	2.87300032647731	4.759262975247583	4.761904761904762	3.563829787234043	4.265082249838294	3.85232423791403	4.93730407523511	4.761904761904762	4.873478609379509	14.305777777777779	12.928500000000001	0.048308649179764546	20.99995708465576	0.0	20.971362113952637	-9.536752259018191e-07	20.50013113184425	-9.5368704950208e-07	19.196982155837368	-9.539281329623189e-07	17.45798634502463	-1.9111250410891882e-05	15.73370049109111	-1.9209527925851223e-05	14.220249533665877	-1.8449467878505398e-05	12.951543230312955	-1.9765384881457103e-05	11.891071213521148	-2.024004695690894e-05	11.002713068536734	-2.082172955696565e-05	10.256155767830407	-1.1814275296242953e-05	9.62645895400252	-7.767041999724825e-06	9.090133565195048	-2.29414888796868e-06	8.629369651281323	-2.370626046779564e-06	8.228155666618928	-2.4481302405287962e-06	7.877076109816405	-1.2631302388326656e-06	7.5627718201841505	-1.3025242920780474e-06	7.281402714264443	-1.3414392032924284e-06	7.032028391123631	-1.3808931340612482e-06	6.800403457803855	-1.4206280880903065e-06	6.592459261831835	-1.4592362357542062e-06	6.39288127619216	-1.4983024233543396e-06	6.2114309278858135	-1.5387337759757496e-06	6.040552401760512	0.0	5.877095559962764	0.0	5.7269167268171675	-1.6593269106319712e-06	5.585877353278653	-1.6998881473599038e-06	5.45275356973222	0.0	5.323909025183328	0.0
12	1	14	0	0	1109	1	1025	5	917	528	891	3087	835	6136	808	7917	793	8171	772	6950	753	5393	756	4192	746	3334	734	2686	711	2341	693	1903	725	1518	736	1333	758	1215	747	1087	760	985	699	901	721	854	707	808	703	765	713	786	695	754	667	757	653	740	637	698	639	4044	4095	390.0	846.7940149155712	740.7324628829956	51	1	0.7269287109375	4.761904761904762	4.281345565749235			3.4446342599782573	4.761904761904762	3.3077320253001163	0.3861003861003861	3.059113957832933	2.673823871980554	3.038984958559296	5.168689828380075	2.9160118735812817	6.697593188888283	2.884993037454922	7.5059729227502	2.868926594551572	7.849334281158139	2.8430433821904693	7.243657890896962	2.797696451792681	6.406205454718236	2.8396499267550617	5.689159111883177	2.8145632899452933	5.205389623569455	2.7928922034930177	4.830240253200978	2.7266451909802116	4.737044456585523	2.669183068212456	4.388736422130486	2.808444702692233	3.9778831791619713	2.8654856920381544	3.8883379032728547	2.9637159837347515	3.8630293780999616	2.9296415405129816	3.732957862563962	3.0076378170881317	3.574928319965158	2.7886379956913747	3.4109407533598333	2.8704514690660083	3.342204132748904	2.8266432112585957	3.2109362581465586	2.814364065815285	3.1098825155494123	2.8726833199033037	3.2349672799111002	2.812512646189956	3.1573217201959713	2.7081895326647447	3.1737380513164513	2.652853950842982	3.1176272328951806	2.6019116085287153	2.9465152602473723	2.607737512242899	4.773427448388201	4.761904761904762	3.4574468085106385	4.335663497286499	3.8467721358478353	3.9968652037617556	4.761904761904762	4.876613502085247	14.305777777777779	12.928500000000001	0.048308649179764546	20.99995708465576	0.0	20.971362113952637	-9.536752259018191e-07	20.50013113184425	-9.5368704950208e-07	19.196982155837368	-9.539281329623189e-07	17.45798634502463	-1.9111250410891882e-05	15.73370049109111	-1.9209527925851223e-05	14.220249533665877	-1.8449467878505398e-05	12.951543230312955	-1.9765384881457103e-05	11.891071213521148	-2.024004695690894e-05	11.002713068536734	-2.082172955696565e-05	10.256155767830407	-1.1814275296242953e-05	9.62645895400252	-7.767041999724825e-06	9.090133565195048	-2.29414888796868e-06	8.629369651281323	-2.370626046779564e-06	8.228155666618928	-2.4481302405287962e-06	7.877076109816405	-1.2631302388326656e-06	7.5627718201841505	-1.3025242920780474e-06	7.281402714264443	-1.3414392032924284e-06	7.032028391123631	-1.3808931340612482e-06	6.800403457803855	-1.4206280880903065e-06	6.592459261831835	-1.4592362357542062e-06	6.39288127619216	-1.4983024233543396e-06	6.2114309278858135	-1.5387337759757496e-06	6.040552401760512	0.0	5.877095559962764	0.0	5.7269167268171675	-1.6593269106319712e-06	5.585877353278653	-1.6998881473599038e-06	5.45275356973222	0.0	5.323909025183328	0.0
13	1	13	0	0	937	1	869	18	830	821	857	3783	780	6678	808	8526	744	7998	700	6465	706	4931	700	3895	691	3050	673	2508	652	2131	632	1756	654	1431	620	1221	626	1050	646	951	658	850	677	835	651	832	658	813	667	748	641	687	641	696	638	694	609	666	629	647	625	4056	4095	380.0	870.1313660104531	748.774619102478	39	1	0.7280035018920898	4.761904761904762	3.9755351681957185			2.9103898120826215	4.761904761904762	2.804311346327611	1.3899613899613898	2.768881772084334	4.1575935585152175	2.92301920256489	6.334030975303475	2.7239392352016765	7.289199366915898	2.884993037454922	8.083355455269444	2.6916537028327485	7.6831447290053605	2.57788907711571	6.738165217935088	2.6230726360765373	5.857407583388768	2.629305487736168	5.286086531675805	2.6070552725900775	4.761979109744102	2.560785358243598	4.51014242555028	2.5003834944009817	4.312106679617151	2.434233332049455	4.049722100505062	2.5334108076699593	3.749901732134902	2.4138602297060543	3.5616358438830877	2.4476071316859556	3.3384204502098433	2.533532041728763	3.2659088567601913	2.6039811626894616	3.0849635248430296	2.700869703981489	3.161082718152565	2.591766860418823	3.2561051972448336	2.6307372461218614	3.230805913209347	2.6702430041234635	3.04077401520387	2.5825946817083	2.827509569082603	2.593986483752175	2.9144508186424356	2.590442161679321	2.90960925708536	2.474101157830591	2.8058645096056622	2.5692345396617924	2.7312254632952007	2.55060398302318	4.7875919215288185	4.761904761904762	3.368794326241135	4.455152888429074	3.8885366648882305	3.0564263322884013	4.761904761904762	4.883823755308446	14.305777777777779	12.928500000000001	0.048308649179764546	20.99995708465576	0.0	20.971362113952637	-9.536752259018191e-07	20.50013113184425	-9.5368704950208e-07	19.196982155837368	-9.539281329623189e-07	17.45798634502463	-1.9111250410891882e-05	15.73370049109111	-1.9209527925851223e-05	14.220249533665877	-1.8449467878505398e-05	12.951543230312955	-1.9765384881457103e-05	11.891071213521148	-2.024004695690894e-05	11.002713068536734	-2.082172955696565e-05	10.256155767830407	-1.1814275296242953e-05	9.62645895400252	-7.767041999724825e-06	9.090133565195048	-2.29414888796868e-06	8.629369651281323	-2.370626046779564e-06	8.228155666618928	-2.4481302405287962e-06	7.877076109816405	-1.2631302388326656e-06	7.5627718201841505	-1.3025242920780474e-06	7.281402714264443	-1.3414392032924284e-06	7.032028391123631	-1.3808931340612482e-06	6.800403457803855	-1.4206280880903065e-06	6.592459261831835	-1.4592362357542062e-06	6.39288127619216	-1.4983024233543396e-06	6.2114309278858135	-1.5387337759757496e-06	6.040552401760512	0.0	5.877095559962764	0.0	5.7269167268171675	-1.6593269106319712e-06	5.585877353278653	-1.6998881473599038e-06	5.45275356973222	0.0	5.323909025183328	0.0
14	1	13	0	0	944	1	855	29	764	1084	733	4630	740	7666	675	8647	695	7370	645	6076	620	4478	616	3322	618	2573	641	2136	627	1794	620	1458	600	1271	593	1168	566	1059	559	990	545	872	572	766	576	710	581	705	589	700	560	642	532	611	536	625	548	625	552	630	564	4053	4095	367.0	901.8907096502901	759.960654258728	42	1	0.7290983200073242	4.761904761904762	3.9755351681957185			2.932132318683025	4.761904761904762	2.7591325674454628	2.2393822393822393	2.548705631171604	5.489441434141895	2.500085268938231	7.752197572205944	2.5842500436528724	8.367625388855537	2.410111757774842	8.198073495392316	2.514380811113925	7.0798670483582775	2.3753406496280474	6.332728826631646	2.3035482073193383	5.3193005796826	2.313788829207828	4.508441452689865	2.331635540464063	4.017236803072648	2.4390243902439024	3.8411739318083726	2.404509894155545	3.630182723244096	2.388013711820668	3.3624685777542034	2.324230098779779	3.3306255077173033	2.3087405100253067	3.4070357622075726	2.213012198936503	3.3670354826402136	2.192328810102753	3.399842027542155	2.1567929083066204	3.164809639603673	2.2819755844570335	2.899867499526784	2.293176208296839	2.7786474639949907	2.3228850151927074	2.8016213638531235	2.3579807037911844	2.845644131875279	2.2562449637389204	2.642301518706013	2.1528873780907287	2.558519324986391	2.1762962361443825	2.620325339594164	2.2262847856997765	2.6331311088641725	2.254717751817662	2.6594621976444763	2.3016650342801177	4.784050803243664	4.761904761904762	3.25354609929078	4.61776365857103	3.9466279873370937	3.2915360501567394	4.761904761904762	4.891168361076175	14.305777777777779	12.928500000000001	0.048308649179764546	20.99995708465576	0.0	20.971362113952637	-9.536752259018191e-07	20.50013113184425	-9.5368704950208e-07	19.196982155837368	-9.539281329623189e-07	17.45798634502463	-1.9111250410891882e-05	15.73370049109111	-1.9209527925851223e-05	14.220249533665877	-1.8449467878505398e-05	12.951543230312955	-1.9765384881457103e-05	11.891071213521148	-2.024004695690894e-05	11.002713068536734	-2.082172955696565e-05	10.256155767830407	-1.1814275296242953e-05	9.62645895400252	-7.767041999724825e-06	9.090133565195048	-2.29414888796868e-06	8.629369651281323	-2.370626046779564e-06	8.228155666618928	-2.4481302405287962e-06	7.877076109816405	-1.2631302388326656e-06	7.5627718201841505	-1.3025242920780474e-06	7.281402714264443	-1.3414392032924284e-06	7.032028391123631	-1.3808931340612482e-06	6.800403457803855	-1.4206280880903065e-06	6.592459261831835	-1.4592362357542062e-06	6.39288127619216	-1.4983024233543396e-06	6.2114309278858135	-1.5387337759757496e-06	6.040552401760512	0.0	5.877095559962764	0.0	5.7269167268171675	-1.6593269106319712e-06	5.585877353278653	-1.6998881473599038e-06	5.45275356973222	0.0	5.323909025183328	0.0
15	1	12	0	0	775	1	725	47	686	1507	693	5346	694	8400	667	8442	658	6712	667	5195	665	4069	635	3181	640	2399	653	1829	652	1494	641	1248	608	1135	569	1017	567	888	558	801	561	757	566	696	558	679	572	691	545	662	535	674	541	662	562	639	552	653	537	661	553	4064	4095	359.0	932.487837048429	774.2782344818115	31	1	0.7267751693725586	4.761904761904762	3.669724770642202			2.4072060879018484	4.761904761904762	2.339615334968375	3.6293436293436296	2.2884974646383776	7.631538967944499	2.3636549677683414	8.951025533696107	2.423607473371748	9.168804235114338	2.3815474702752883	8.003716485266791	2.3805216887956298	6.447770370228054	2.4563600206231126	5.414503991828737	2.4707412223667102	4.8334600399125724	2.3851556924463813	4.317083763096466	2.4146387474061495	3.745569798123312	2.4846847532437883	3.289095094231046	2.5003834944009817	3.0231287561464213	2.4688980472210456	2.878162404003598	2.3552198334301764	2.9742407169623437	2.2153007591979756	2.9665713785660115	2.216922114482327	2.823349866463182	2.188406933877167	2.7507812768295614	2.2201115991926867	2.7474322215366747	2.2580387776270645	2.6348665530948323	2.221514451787563	2.657326236693801	2.2869022869022873	2.745986329677317	2.181832739501181	2.6911663075734786	2.1555197421434324	2.7740050211960323	2.1893084051636924	2.772078221180018	2.2818628446140727	2.6790206272010733	2.2425350396099937	2.7510953825412874	2.193448247692182	2.790324623242855	2.2567744041789095	4.797034903622564	4.761904761904762	3.182624113475177	4.774423774307868	4.020982050935928	2.4294670846394983	4.761904761904762	4.875583465910505	14.305777777777779	12.928500000000001	0.048308649179764546	20.99995708465576	0.0	20.971362113952637	-9.536752259018191e-07	20.50013113184425	-9.5368704950208e-07	19.196982155837368	-9.539281329623189e-07	17.45798634502463	-1.9111250410891882e-05	15.73370049109111	-1.9209527925851223e-05	14.220249533665877	-1.8449467878505398e-05	12.951543230312955	-1.9765384881457103e-05	11.891071213521148	-2.024004695690894e-05	11.002713068536734	-2.082172955696565e-05	10.256155767830407	-1.1814275296242953e-05	9.62645895400252	-7.767041999724825e-06	9.090133565195048	-2.29414888796868e-06	8.629369651281323	-2.370626046779564e-06	8.228155666618928	-2.4481302405287962e-06	7.877076109816405	-1.2631302388326656e-06	7.5627718201841505	-1.3025242920780474e-06	7.281402714264443	-1.3414392032924284e-06	7.032028391123631	-1.3808931340612482e-06	6.800403457803855	-1.4206280880903065e-06	6.592459261831835	-1.4592362357542062e-06	6.39288127619216	-1.4983024233543396e-06	6.2114309278858135	-1.5387337759757496e-06	6.040552401760512	0.0	5.877095559962764	0.0	5.7269167268171675	-1.6593269106319712e-06	5.585877353278653	-1.6998881473599038e-06	5.45275356973222	0.0	5.323909025183328	0.0
16	1	15	0	0	736	1	703	102	675	1942	724	6127	685	8613	628	8305	624	6550	616	4893	605	3624	598	2699	583	2123	572	1630	588	1334	587	1120	574	974	569	867	554	832	561	794	536	731	536	683	554	704	530	690	548	641	573	616	574	598	554	588	545	583	545	580	549	4054	4095	349.0	952.3899081418917	781.9556999206543	41	1	0.7256231307983398	4.761904761904762	4.587155963302752			2.286069265413884	4.761904761904762	2.268620111010714	7.876447876447877	2.251801441152922	9.834405226110295	2.4693884511750057	10.258685642528254	2.3921774052732667	9.401298913933308	2.242296568714964	7.873829117524365	2.2575160088274666	6.292147783819094	2.268542387861825	5.09974360577825	2.247817202303548	4.30485602964934	2.246178116666041	3.662939036968677	2.19958498396529	3.3146497213071244	2.176477302994559	2.931232916127176	2.2549470777726643	2.699366640360995	2.2609097561915035	2.5829662600032286	2.2235134611659886	2.5523440161421345	2.2153007591979756	2.529023977597573	2.1660932123866123	2.6453007757853237	2.200172562553926	2.7267419897661322	2.1211761446832087	2.6530686313650054	2.13835474347722	2.585652091614613	2.2055896170077234	2.7551659361302443	2.118982888213657	2.7420123986647593	2.1938428279754993	2.6057969836172203	2.3086220789685736	2.5352924229328724	2.3228521710978915	2.5040827436037016	2.2493808112387836	2.4652020794901897	2.2140970952671135	2.4561846983485	2.2261253165591044	2.448393769259994	2.2404505386875613	4.785231176005382	4.761904761904762	3.0939716312056738	4.876324214840541	4.060852667661876	3.213166144200627	4.761904761904762	4.867854995729829	14.305777777777779	12.928500000000001	0.048308649179764546	20.99995708465576	0.0	20.971362113952637	-9.536752259018191e-07	20.50013113184425	-9.5368704950208e-07	19.196982155837368	-9.539281329623189e-07	17.45798634502463	-1.9111250410891882e-05	15.73370049109111	-1.9209527925851223e-05	14.220249533665877	-1.8449467878505398e-05	12.951543230312955	-1.9765384881457103e-05	11.891071213521148	-2.024004695690894e-05	11.002713068536734	-2.082172955696565e-05	10.256155767830407	-1.1814275296242953e-05	9.62645895400252	-7.767041999724825e-06	9.090133565195048	-2.29414888796868e-06	8.629369651281323	-2.370626046779564e-06	8.228155666618928	-2.4481302405287962e-06	7.877076109816405	-1.2631302388326656e-06	7.5627718201841505	-1.3025242920780474e-06	7.281402714264443	-1.3414392032924284e-06	7.032028391123631	-1.3808931340612482e-06	6.800403457803855	-1.4206280880903065e-06	6.592459261831835	-1.4592362357542062e-06	6.39288127619216	-1.4983024233543396e-06	6.2114309278858135	-1.5387337759757496e-06	6.040552401760512	0.0	5.877095559962764	0.0	5.7269167268171675	-1.6593269106319712e-06	5.585877353278653	-1.6998881473599038e-06	5.45275356973222	0.0	5.323909025183328	0.0
17	1	14	0	0	667	1	689	150	653	2290	628	6817	606	8649	600	7942	580	6094	559	4461	521	3348	522	2511	521	1942	539	1511	558	1258	581	1031	571	914	592	831	563	761	549	722	534	680	525	675	534	657	547	607	541	584	553	572	556	542	543	520	547	528	547	538	555	4055	4095	342.0	972.4646473413279	789.8993377685547	40	1	0.7253646850585938	4.761904761904762	4.281345565749235			2.0717502717813323	4.761904761904762	2.2234413321285658	11.583011583011583	2.178409394182012	11.596698232642932	2.1419557283672703	11.413980745081624	2.116291251964379	9.440593789226655	2.142321562466526	7.529674997155751	2.0983321876921965	5.854099022075352	2.0586285630109744	4.649490338315302	1.9357235742151215	3.9770027558680985	1.9607106637118281	3.407795450844145	1.9656668553103187	3.0320535839747693	2.0509113047448726	2.717234930225867	2.1398987574781407	2.545579635362917	2.23779994607711	2.377712691127972	2.21189231067209	2.395115431985535	2.304847187074168	2.424012601365148	2.20128245229903	2.419559964390182	2.15311004784689	2.47948075139943	2.1132613083224507	2.4679708198744237	2.094470597622277	2.555366269165247	2.125965443108528	2.571227301189731	2.186950263873341	2.4121761246224764	2.1658192882020897	2.374080247164519	2.2280419016921837	2.354200107009096	2.2500101169519646	2.269586700724425	2.204718015347761	2.1801106825423444	2.2222222222222223	2.224469160768453	2.234294583775835	2.271096289417029	2.264936336924584	4.7864115487671	4.761904761904762	3.0319148936170213	4.979108732009359	4.1021055710537935	3.1347962382445136	4.761904761904762	4.866121208131348	14.305777777777779	12.928500000000001	0.048308649179764546	20.99995708465576	0.0	20.971362113952637	-9.536752259018191e-07	20.50013113184425	-9.5368704950208e-07	19.196982155837368	-9.539281329623189e-07	17.45798634502463	-1.9111250410891882e-05	15.73370049109111	-1.9209527925851223e-05	14.220249533665877	-1.8449467878505398e-05	12.951543230312955	-1.9765384881457103e-05	11.891071213521148	-2.024004695690894e-05	11.002713068536734	-2.082172955696565e-05	10.256155767830407	-1.1814275296242953e-05	9.62645895400252	-7.767041999724825e-06	9.090133565195048	-2.29414888796868e-06	8.629369651281323	-2.370626046779564e-06	8.228155666618928	-2.4481302405287962e-06	7.877076109816405	-1.2631302388326656e-06	7.5627718201841505	-1.3025242920780474e-06	7.281402714264443	-1.3414392032924284e-06	7.032028391123631	-1.3808931340612482e-06	6.800403457803855	-1.4206280880903065e-06	6.592459261831835	-1.4592362357542062e-06	6.39288127619216	-1.4983024233543396e-06	6.2114309278858135	-1.5387337759757496e-06	6.040552401760512	0.0	5.877095559962764	0.0	5.7269167268171675	-1.6593269106319712e-06	5.585877353278653	-1.6998881473599038e-06	5.45275356973222	0.0	5.323909025183328	0.0
18	1	15	0	0	513	1	504	264	526	3125	534	7472	513	8785	494	7425	463	5465	431	3937	458	3000	456	2416	486	1907	492	1500	486	1156	488	1028	480	892	498	763	516	663	525	588	524	541	504	517	551	521	549	539	561	524	561	489	564	432	581	450	569	462	559	483	558	4070	4095	335.0	1004.2625739793681	804.0350294113159	25	1	0.72662353515625	4.761904761904762	4.587155963302752			1.5934151265724492	4.761904761904762	1.6264360397573254	20.386100386100388	1.7547371230317588	15.825188636248544	1.8213445206180294	12.510673922143155	1.7915138816134102	9.58904109589041	1.7638447530974397	7.039516098448936	1.6750479360370465	5.249860708178831	1.5872431317669589	4.10334980092969	1.7016533531488016	3.5636225411004467	1.7128047177252752	3.2788665110471746	1.833616298811545	2.977407922059673	1.87207488299532	2.6974536037980146	1.863782788771284	2.3391812865497075	1.8795978893040095	2.3707940315029634	1.8593840790238232	2.337464951128115	1.938874829667121	2.2256577795927894	2.0175164216452925	2.10797405570393	2.0589850184328182	2.0193001133280677	2.073687126518659	1.9634885493412695	2.010691773717386	1.9572212757902707	2.1936459909228443	2.0389793362554793	2.1949464257156563	2.1419488157685582	2.245886544697546	2.1301678930037804	2.26027397260274	2.012594147425608	2.2823843632390437	1.8089694736401323	2.359007673880385	1.886634244507798	2.3115986187284174	1.9464105156723963	2.283310187076219	2.0389210181940984	2.277179236043095	4.804117140192873	4.761904761904762	2.969858156028369	5.141917050662497	4.175515050801275	1.9592476489028214	4.761904761904762	4.874566225216194	14.305777777777779	12.928500000000001	0.048308649179764546	20.99995708465576	0.0	20.971362113952637	-9.536752259018191e-07	20.50013113184425	-9.5368704950208e-07	19.196982155837368	-9.539281329623189e-07	17.45798634502463	-1.9111250410891882e-05	15.73370049109111	-1.9209527925851223e-05	14.220249533665877	-1.8449467878505398e-05	12.951543230312955	-1.9765384881457103e-05	11.891071213521148	-2.024004695690894e-05	11.002713068536734	-2.082172955696565e-05	10.256155767830407	-1.1814275296242953e-05	9.62645895400252	-7.767041999724825e-06	9.090133565195048	-2.29414888796868e-06	8.629369651281323	-2.370626046779564e-06	8.228155666618928	-2.4481302405287962e-06	7.877076109816405	-1.2631302388326656e-06	7.5627718201841505	-1.3025242920780474e-06	7.281402714264443	-1.3414392032924284e-06	7.032028391123631	-1.3808931340612482e-06	6.800403457803855	-1.4206280880903065e-06	6.592459261831835	-1.4592362357542062e-06	6.39288127619216	-1.4983024233543396e-06	6.2114309278858135	-1.5387337759757496e-06	6.040552401760512	0.0	5.877095559962764	0.0	5.7269167268171675	-1.6593269106319712e-06	5.585877353278653	-1.6998881473599038e-06	5.45275356973222	0.0	5.323909025183328	0.0
19	1	13	0	0	536	1	487	285	498	3650	472	7848	469	8661	463	7347	477	5275	461	3779	476	2782	478	2167	458	1640	430	1278	415	1046	402	897	439	850	472	759	462	675	471	593	483	558	510	503	501	492	497	472	526	475	531	464	549	469	541	476	573	476	576	444	571	4056	4095	326.0	1022.4385834319994	809.9860363006592	39	1	0.727447509765625	4.761904761904762	3.9755351681957185			1.664854791116633	4.761904761904762	1.57157609397186	22.00772200772201	1.6613290632506006	18.4838203271383	1.6098775538046999	13.140226035998326	1.637855770909726	9.453692080991104	1.6531581390366694	6.965565626303614	1.725697333670996	5.067340390785606	1.6977240922147752	3.9386738373668524	1.7685305591677505	3.3046659697804808	1.795440033054126	2.9409369741056404	1.7279758536125258	2.5605395868787957	1.6361630074959097	2.2982304704359082	1.5915017640742446	2.1165948319472268	1.5483572776643684	2.068679227877586	1.7005616889405384	2.2274049422184956	1.8376484329375122	2.2139898489002974	1.806380982170785	2.1461274322777566	1.847203702251157	2.0364710326590885	1.9114329811231154	2.02518781983813	2.034628580547355	1.9042210865038804	1.9945855561748544	1.9254852849092046	1.9870462178154487	1.8756954379271975	2.1057688458304975	1.930972803772511	2.139403706688155	1.9097007861052804	2.221682651450771	1.96390435911394	2.1965975070039385	1.9956397786349154	2.327848872638635	2.0053926525109538	2.35274895841843	1.8742876440542025	2.3302317988899772	4.7875919215288185	4.761904761904762	2.8900709219858154	5.234979896315658	4.206419822266354	3.0564263322884013	4.761904761904762	4.880093872762639	14.305777777777779	12.928500000000001	0.048308649179764546	20.99995708465576	0.0	20.971362113952637	-9.536752259018191e-07	20.50013113184425	-9.5368704950208e-07	19.196982155837368	-9.539281329623189e-07	17.45798634502463	-1.9111250410891882e-05	15.73370049109111	-1.9209527925851223e-05	14.220249533665877	-1.8449467878505398e-05	12.951543230312955	-1.9765384881457103e-05	11.891071213521148	-2.024004695690894e-05	11.002713068536734	-2.082172955696565e-05	10.256155767830407	-1.1814275296242953e-05	9.62645895400252	-7.767041999724825e-06	9.090133565195048	-2.29414888796868e-06	8.629369651281323	-2.370626046779564e-06	8.228155666618928	-2.4481302405287962e-06	7.877076109816405	-1.2631302388326656e-06	7.5627718201841505	-1.3025242920780474e-06	7.281402714264443	-1.3414392032924284e-06	7.032028391123631	-1.3808931340612482e-06	6.800403457803855	-1.4206280880903065e-06	6.592459261831835	-1.4592362357542062e-06	6.39288127619216	-1.4983024233543396e-06	6.2114309278858135	-1.5387337759757496e-06	6.040552401760512	0.0	5.877095559962764	0.0	5.7269167268171675	-1.6593269106319712e-06	5.585877353278653	-1.6998881473599038e-06	5.45275356973222	0.0	5.323909025183328	0.0
20	1	11	0	0	552	1	512	382	488	4111	463	8196	475	8762	463	7073	444	5055	427	3471	435	2603	449	2006	460	1636	442	1280	443	1038	431	923	426	840	443	690	434	614	456	576	468	558	449	545	462	478	488	463	515	475	518	474	547	436	530	435	528	451	539	454	562	4061	4095	321.0	1029.150961303986	809.9214496612549	34	1	0.7283639907836914	4.761904761904762	3.3639143730886847			1.714551949060413	4.761904761904762	1.6522524848328384	29.498069498069494	1.6279690419001867	20.818352154757687	1.579180736041475	13.722896609460026	1.6588091496420463	9.563936036675216	1.6531581390366694	6.705790890818765	1.6063094678195433	4.85600107590924	1.5725123370405836	3.6176599337127135	1.6161991454579232	3.092036491494821	1.6865116628479135	2.7224363498181425	1.7355215996981703	2.5542943683742134	1.6818233704957954	2.3018270752409724	1.6988801963491333	2.1004067261579555	1.6600546932172708	2.128640944627661	1.6502033701336432	2.201200178192395	1.7247420673544873	2.012718044454816	1.696903346887707	1.952181101360804	1.7883755588673622	1.9780899069336173	1.8520717084174285	2.02518781983813	1.7912710444426712	2.0632216543630513	1.8393184170714227	1.8706950532247963	1.9510634895250278	1.839930058814179	2.061731854757997	1.930972803772511	2.087026591458501	1.9508581306334114	2.2135890898790014	1.8257191909886519	2.1519347111129155	1.823746436357538	2.1450335161486898	1.9000674081563869	2.2016175149089126	1.916501329731099	2.2935031015344434	4.79349378533741	4.761904761904762	2.845744680851064	5.269347890428685	4.206084410903604	2.664576802507837	4.761904761904762	4.886242101110015	14.305777777777779	12.928500000000001	0.048308649179764546	20.99995708465576	0.0	20.971362113952637	-9.536752259018191e-07	20.50013113184425	-9.5368704950208e-07	19.196982155837368	-9.539281329623189e-07	17.45798634502463	-1.9111250410891882e-05	15.73370049109111	-1.9209527925851223e-05	14.220249533665877	-1.8449467878505398e-05	12.951543230312955	-1.9765384881457103e-05	11.891071213521148	-2.024004695690894e-05	11.002713068536734	-2.082172955696565e-05	10.256155767830407	-1.1814275296242953e-05	9.62645895400252	-7.767041999724825e-06	9.090133565195048	-2.29414888796868e-06	8.629369651281323	-2.370626046779564e-06	8.228155666618928	-2.4481302405287962e-06	7.877076109816405	-1.2631302388326656e-06	7.5627718201841505	-1.3025242920780474e-06	7.281402714264443	-1.3414392032924284e-06	7.032028391123631	-1.3808931340612482e-06	6.800403457803855	-1.4206280880903065e-06	6.592459261831835	-1.4592362357542062e-06	6.39288127619216	-1.4983024233543396e-06	6.2114309278858135	-1.5387337759757496e-06	6.040552401760512	0.0	5.877095559962764	0.0	5.7269167268171675	-1.6593269106319712e-06	5.585877353278653	-1.6998881473599038e-06	5.45275356973222	0.0	5.323909025183328	0.0
