	counts(inten<0.01	MicrocoloniesPlatonic	MicrocoloniesAggregates	MicrocoloniesLarge	counts(Norminten<0.01	counts(inten<0.02	counts(Norminten<0.02	counts(inten<0.03	counts(Norminten<0.03	counts(inten<0.04	counts(Norminten<0.04	counts(inten<0.05	counts(Norminten<0.05	counts(inten<0.060000000000000005	counts(Norminten<0.060000000000000005	counts(inten<0.06999999999999999	counts(Norminten<0.06999999999999999	counts(inten<0.08	counts(Norminten<0.08	counts(inten<0.09	counts(Norminten<0.09	counts(inten<0.09999999999999999	counts(Norminten<0.09999999999999999	counts(inten<0.11	counts(Norminten<0.11	counts(inten<0.12	counts(Norminten<0.12	counts(inten<0.13	counts(Norminten<0.13	counts(inten<0.14	counts(Norminten<0.14	counts(inten<0.15000000000000002	counts(Norminten<0.15000000000000002	counts(inten<0.16	counts(Norminten<0.16	counts(inten<0.17	counts(Norminten<0.17	counts(inten<0.18000000000000002	counts(Norminten<0.18000000000000002	counts(inten<0.19	counts(Norminten<0.19	counts(inten<0.2	counts(Norminten<0.2	counts(inten<0.21000000000000002	counts(Norminten<0.21000000000000002	counts(inten<0.22	counts(Norminten<0.22	counts(inten<0.23	counts(Norminten<0.23	counts(inten<0.24000000000000002	counts(Norminten<0.24000000000000002	counts(inten<0.25	counts(Norminten<0.25	counts(inten<0.26	counts(Norminten<0.26	counts(inten<0.27	counts(Norminten<0.27	counts(inten<0.28	counts(Norminten<0.28	counts(inten<0.29000000000000004	counts(Norminten<0.29000000000000004	diff	max	med	std	mean	min	eigenLocal	minProp	counts(inten<0.01Normalized	MicrocoloniesPlatonicNormalized	MicrocoloniesAggregatesNormalized	MicrocoloniesLargeNormalized	counts(Norminten<0.01Normalized	counts(inten<0.02Normalized	counts(Norminten<0.02Normalized	counts(inten<0.03Normalized	counts(Norminten<0.03Normalized	counts(inten<0.04Normalized	counts(Norminten<0.04Normalized	counts(inten<0.05Normalized	counts(Norminten<0.05Normalized	counts(inten<0.060000000000000005Normalized	counts(Norminten<0.060000000000000005Normalized	counts(inten<0.06999999999999999Normalized	counts(Norminten<0.06999999999999999Normalized	counts(inten<0.08Normalized	counts(Norminten<0.08Normalized	counts(inten<0.09Normalized	counts(Norminten<0.09Normalized	counts(inten<0.09999999999999999Normalized	counts(Norminten<0.09999999999999999Normalized	counts(inten<0.11Normalized	counts(Norminten<0.11Normalized	counts(inten<0.12Normalized	counts(Norminten<0.12Normalized	counts(inten<0.13Normalized	counts(Norminten<0.13Normalized	counts(inten<0.14Normalized	counts(Norminten<0.14Normalized	counts(inten<0.15000000000000002Normalized	counts(Norminten<0.15000000000000002Normalized	counts(inten<0.16Normalized	counts(Norminten<0.16Normalized	counts(inten<0.17Normalized	counts(Norminten<0.17Normalized	counts(inten<0.18000000000000002Normalized	counts(Norminten<0.18000000000000002Normalized	counts(inten<0.19Normalized	counts(Norminten<0.19Normalized	counts(inten<0.2Normalized	counts(Norminten<0.2Normalized	counts(inten<0.21000000000000002Normalized	counts(Norminten<0.21000000000000002Normalized	counts(inten<0.22Normalized	counts(Norminten<0.22Normalized	counts(inten<0.23Normalized	counts(Norminten<0.23Normalized	counts(inten<0.24000000000000002Normalized	counts(Norminten<0.24000000000000002Normalized	counts(inten<0.25Normalized	counts(Norminten<0.25Normalized	counts(inten<0.26Normalized	counts(Norminten<0.26Normalized	counts(inten<0.27Normalized	counts(Norminten<0.27Normalized	counts(inten<0.28Normalized	counts(Norminten<0.28Normalized	counts(inten<0.29000000000000004Normalized	counts(Norminten<0.29000000000000004Normalized	diffNormalized	maxNormalized	medNormalized	stdNormalized	meanNormalized	minNormalized	eigenLocalNormalized	minPropNormalized	BioVolume	SubstratumCoverage	Homogenity	ThicknessThreshold=0.01	RoughnessThreshold=0.01	ThicknessThreshold=0.02	RoughnessThreshold=0.02	ThicknessThreshold=0.03	RoughnessThreshold=0.03	ThicknessThreshold=0.04	RoughnessThreshold=0.04	ThicknessThreshold=0.05	RoughnessThreshold=0.05	ThicknessThreshold=0.060000000000000005	RoughnessThreshold=0.060000000000000005	ThicknessThreshold=0.06999999999999999	RoughnessThreshold=0.06999999999999999	ThicknessThreshold=0.08	RoughnessThreshold=0.08	ThicknessThreshold=0.09	RoughnessThreshold=0.09	ThicknessThreshold=0.09999999999999999	RoughnessThreshold=0.09999999999999999	ThicknessThreshold=0.11	RoughnessThreshold=0.11	ThicknessThreshold=0.12	RoughnessThreshold=0.12	ThicknessThreshold=0.13	RoughnessThreshold=0.13	ThicknessThreshold=0.14	RoughnessThreshold=0.14	ThicknessThreshold=0.15000000000000002	RoughnessThreshold=0.15000000000000002	ThicknessThreshold=0.16	RoughnessThreshold=0.16	ThicknessThreshold=0.17	RoughnessThreshold=0.17	ThicknessThreshold=0.18000000000000002	RoughnessThreshold=0.18000000000000002	ThicknessThreshold=0.19	RoughnessThreshold=0.19	ThicknessThreshold=0.2	RoughnessThreshold=0.2	ThicknessThreshold=0.21000000000000002	RoughnessThreshold=0.21000000000000002	ThicknessThreshold=0.22	RoughnessThreshold=0.22	ThicknessThreshold=0.23	RoughnessThreshold=0.23	ThicknessThreshold=0.24000000000000002	RoughnessThreshold=0.24000000000000002	ThicknessThreshold=0.25	RoughnessThreshold=0.25	ThicknessThreshold=0.26	RoughnessThreshold=0.26	ThicknessThreshold=0.27	RoughnessThreshold=0.27	ThicknessThreshold=0.28	RoughnessThreshold=0.28	ThicknessThreshold=0.29000000000000004	RoughnessThreshold=0.29000000000000004
0	1	19	0	0	2533	1	2637	1	2759	17	2852	167	2966	434	3068	707	3165	761	3240	840	3345	737	3426	657	3522	587	3645	492	3731	531	3782	561	3881	594	3959	595	4042	654	4139	711	4188	780	4258	831	4370	881	4442	956	4528	1039	4595	1128	4648	1245	4716	1353	4743	1483	4798	1588	4836	4015	4095	1095.0	1058.3697542784369	1410.527593612671	80	1	0.5990285873413086	4.761904761904762	5.654761904761905			6.122942299789698	0.33333333333333337	6.811313444401394	0.0032887164139836222	7.493413726608544	0.018278783708227605	8.080235720761559	0.1497542953477528	8.642442961624756	0.41484653545790834	9.181505311985635	0.7790032724748504	9.602257213069992	0.993316973842218	10.01019556956159	1.307881543300221	10.477682067345341	1.3943808532778357	10.78749330898328	1.4715104819924745	11.06711915535445	1.536649214659686	11.455059710873664	1.4709399665151879	11.645545914226856	1.7632994620442317	11.796631316281973	1.9971520113919543	12.083943083102406	2.24430422790645	12.316450970632156	2.329587721702361	12.589155012925529	2.6208223130560233	12.940440831639833	2.8891868828477385	13.091591122225696	3.2072368421052633	13.320819646488346	3.4065753873903417	13.717980914113511	3.593718131756068	13.939184736561334	3.8742097584697683	14.314165586570986	4.16766947452868	14.52918484790995	4.4395465994962215	14.740113531855517	4.876042768182352	15.009070366952038	5.258861940298507	15.105095541401273	5.706919110290156	15.272958777653987	6.064540767615047	15.487590072057648	4.7191988528174145	4.761904761904762	12.367291619606958	7.012934265457566	9.764527787126081	8.724100327153762	4.761904761904762	4.0045400262104085	9.32313432835821	12.455300000000001	0.06782066833328886	20.999011993408203	0.0	20.610809537524293	0.0	18.58320439269436	9.539390528339144e-07	16.126825004255874	3.8255071427000235e-06	14.012094943958033	-8.691680034148645e-06	12.337562774090127	-9.852721518737906e-06	11.053125313890948	-7.1021862558491575e-06	10.06069298566367	-7.355204910755096e-06	9.280558498421764	-7.637518984690048e-06	8.657833223751332	-5.668040977669052e-06	8.140111651656245	-7.059122504011935e-06	7.707975557398644	-1.2196921740891033e-06	7.335894453558227	-1.2628813901798343e-06	7.014202177554001	-2.612859186486292e-06	6.7282110525094065	-4.048741448720665e-06	6.4802839446611875	-2.7886962984239684e-06	6.257236119023369	-2.877188641434681e-06	6.058641169172687	-1.484025210620278e-06	5.8756524559267165	0.0	5.710998034911445	0.0	5.566472854391097	-1.621410400050588e-06	5.432653095277824	-1.6686161665545912e-06	5.307533327153691	-1.7165702240295799e-06	5.192606966105256	-1.7656302417147802e-06	5.0872067994020185	-1.816471032736441e-06	4.98888795463251	0.0	4.896206116168001	0.0	4.812644829405037	0.0	4.735248041775457	0.0
1	1	20	0	0	2816	1	2885	3	2961	42	3067	184	3177	566	3244	878	3313	991	3378	933	3455	833	3507	816	3575	745	3645	692	3702	668	3786	740	3846	774	3924	854	3984	936	4022	1022	4093	1165	4169	1251	4195	1343	4250	1442	4291	1579	4346	1720	4382	1842	4430	1955	4498	2101	4535	2265	4568	4031	4095	964.0	1111.8229285725772	1365.1104249954224	64	1	0.6240272521972656	4.761904761904762	5.952380952380952			6.807029418163359	0.33333333333333337	7.451892031512333	0.009866149241950867	8.042043510144218	0.045159347985032905	8.689369900271986	0.16499874457476954	9.257262740755849	0.5410210577630786	9.708214873559779	0.9674184911356699	10.051272716240407	1.2935310395238344	10.436555751228102	1.4526827141656027	10.822239624119028	1.5760098382366854	11.04253912276835	1.8276294570865437	11.233660130718954	1.9502617801047122	11.455059710873664	2.06888304233437	11.555028403770523	2.218237364680879	11.80910792264504	2.6343894624421504	11.974966528629698	2.9243964181811313	12.207565953210553	3.343643553502212	12.40850904787118	3.750901659052657	12.57464436454588	4.152952171969605	12.794623319787435	4.790296052631579	13.042390114187393	5.128310240223006	13.16863385233551	5.4782786049357535	13.336680578655036	5.843734803047496	13.564947997344545	6.3337344564781395	13.741857964965535	6.769521410579345	13.89655281768306	7.214193396780637	14.098851086852743	7.5987251243781095	14.32484076433121	8.085122758408374	14.435779086423683	8.649990452549169	14.629303442754205	4.73800512470909	4.761904761904762	10.88773435735261	7.367123901064096	9.450122590812358	6.9792802617230105	4.761904761904762	4.171657516315201	9.32313432835821	12.455300000000001	0.06782066833328886	20.999011993408203	0.0	20.610809537524293	0.0	18.58320439269436	9.539390528339144e-07	16.126825004255874	3.8255071427000235e-06	14.012094943958033	-8.691680034148645e-06	12.337562774090127	-9.852721518737906e-06	11.053125313890948	-7.1021862558491575e-06	10.06069298566367	-7.355204910755096e-06	9.280558498421764	-7.637518984690048e-06	8.657833223751332	-5.668040977669052e-06	8.140111651656245	-7.059122504011935e-06	7.707975557398644	-1.2196921740891033e-06	7.335894453558227	-1.2628813901798343e-06	7.014202177554001	-2.612859186486292e-06	6.7282110525094065	-4.048741448720665e-06	6.4802839446611875	-2.7886962984239684e-06	6.257236119023369	-2.877188641434681e-06	6.058641169172687	-1.484025210620278e-06	5.8756524559267165	0.0	5.710998034911445	0.0	5.566472854391097	-1.621410400050588e-06	5.432653095277824	-1.6686161665545912e-06	5.307533327153691	-1.7165702240295799e-06	5.192606966105256	-1.7656302417147802e-06	5.0872067994020185	-1.816471032736441e-06	4.98888795463251	0.0	4.896206116168001	0.0	4.812644829405037	0.0	4.735248041775457	0.0
2	1	27	0	0	2778	1	2859	5	2923	77	2964	296	3033	676	3094	1125	3156	1215	3222	1172	3271	1086	3325	974	3380	934	3404	1003	3432	1065	3475	1183	3507	1266	3558	1422	3620	1557	3670	1645	3709	1777	3743	1901	3777	2009	3798	2100	3810	2185	3840	2278	3871	2349	3919	2428	3953	2532	3980	2622	4000	4031	4095	811.0	1070.589959768496	1230.9868087768555	64	1	0.6491527557373047	4.761904761904762	8.035714285714286			6.715173197321667	0.33333333333333337	7.3847345989926385	0.01644358206991811	7.938835927102854	0.08279213797256033	8.397552130553038	0.26543276301158575	8.837670095282496	0.6461664930173873	9.259314679036361	1.239573806979076	9.574952216255575	1.5859134339268	9.954583371952914	1.824806153271261	10.245888801879405	2.0546778923469873	10.469473220189553	2.181508690198889	10.620915032679738	2.445026178010471	10.69767441860465	2.9986845252331977	10.71227916848742	3.536561067941821	10.839051777916406	4.211463154147383	10.919450758165459	4.783315071598595	11.068939771030363	5.56751889119455	11.274799887874918	6.23948064438567	11.474128497733313	6.684546304197651	11.594248202563302	7.306743421052632	11.709682465196309	7.792899893416413	11.856479156202914	8.194982663675301	11.91828537358396	8.510293402496352	12.044384029336452	8.764540713999198	12.141908556251185	8.965680100755668	12.276028287825453	9.199859005992245	12.472550205276725	9.437189054726367	12.589171974522293	9.7437081505426	12.669107114435779	10.01336643116288	12.810248198558845	4.73800512470909	4.761904761904762	9.1597018296815	7.0939073823344705	8.521637544928414	6.9792802617230105	4.761904761904762	4.339622930205289	9.32313432835821	12.455300000000001	0.06782066833328886	20.999011993408203	0.0	20.610809537524293	0.0	18.58320439269436	9.539390528339144e-07	16.126825004255874	3.8255071427000235e-06	14.012094943958033	-8.691680034148645e-06	12.337562774090127	-9.852721518737906e-06	11.053125313890948	-7.1021862558491575e-06	10.06069298566367	-7.355204910755096e-06	9.280558498421764	-7.637518984690048e-06	8.657833223751332	-5.668040977669052e-06	8.140111651656245	-7.059122504011935e-06	7.707975557398644	-1.2196921740891033e-06	7.335894453558227	-1.2628813901798343e-06	7.014202177554001	-2.612859186486292e-06	6.7282110525094065	-4.048741448720665e-06	6.4802839446611875	-2.7886962984239684e-06	6.257236119023369	-2.877188641434681e-06	6.058641169172687	-1.484025210620278e-06	5.8756524559267165	0.0	5.710998034911445	0.0	5.566472854391097	-1.621410400050588e-06	5.432653095277824	-1.6686161665545912e-06	5.307533327153691	-1.7165702240295799e-06	5.192606966105256	-1.7656302417147802e-06	5.0872067994020185	-1.816471032736441e-06	4.98888795463251	0.0	4.896206116168001	0.0	4.812644829405037	0.0	4.735248041775457	0.0
3	1	29	0	0	2781	1	2840	5	2860	88	2899	416	2955	909	2991	1246	3042	1423	3074	1435	3089	1372	3138	1363	3217	1415	3272	1501	3321	1572	3368	1643	3386	1725	3417	1829	3420	1941	3419	2075	3416	2156	3410	2251	3436	2385	3462	2446	3465	2522	3489	2661	3494	2719	3484	2771	3482	2843	3480	2889	3501	4046	4095	695.0	981.1691245260788	1079.1548376083374	49	1	0.6680116653442383	4.761904761904762	8.630952380952381			6.72242500423022	0.33333333333333337	7.335658013689785	0.01644358206991811	7.767728618376382	0.09461958625435465	8.21339528558477	0.37304063990817465	8.610390745651097	0.8688836422378773	8.951069878796948	1.3728968564408255	9.22908892327296	1.8574113715866967	9.49732752494825	2.234297636471211	9.675802662490211	2.5957809100368934	9.880663748858591	3.0527683210894105	10.108722976370036	3.7041884816753927	10.282840980515399	4.487562784022961	10.365815593982147	5.220163379159195	10.505302557704304	5.849056603773585	10.542703241274092	6.517550156799033	10.630288700846192	7.161035198308602	10.65188276699785	7.778312094253426	10.689385649523214	8.431874517452965	10.678336980306344	8.865131578947368	10.667918035351164	9.227678937443635	10.786037167252637	9.728737507648379	10.863903097247936	9.912465553574323	10.953750829829609	10.116325711993582	11.03206222728135	10.473079345088161	11.080455395934417	10.648964085693024	11.088125775755069	10.770366915422885	11.089171974522293	10.940506426537366	11.077510743275505	11.033034179873974	11.212169735788631	4.7556360046075365	4.761904761904762	7.849559521120398	6.501390034798474	7.470564522207929	5.343511450381679	4.761904761904762	4.46569580880836	9.32313432835821	12.455300000000001	0.06782066833328886	20.999011993408203	0.0	20.610809537524293	0.0	18.58320439269436	9.539390528339144e-07	16.126825004255874	3.8255071427000235e-06	14.012094943958033	-8.691680034148645e-06	12.337562774090127	-9.852721518737906e-06	11.053125313890948	-7.1021862558491575e-06	10.06069298566367	-7.355204910755096e-06	9.280558498421764	-7.637518984690048e-06	8.657833223751332	-5.668040977669052e-06	8.140111651656245	-7.059122504011935e-06	7.707975557398644	-1.2196921740891033e-06	7.335894453558227	-1.2628813901798343e-06	7.014202177554001	-2.612859186486292e-06	6.7282110525094065	-4.048741448720665e-06	6.4802839446611875	-2.7886962984239684e-06	6.257236119023369	-2.877188641434681e-06	6.058641169172687	-1.484025210620278e-06	5.8756524559267165	0.0	5.710998034911445	0.0	5.566472854391097	-1.621410400050588e-06	5.432653095277824	-1.6686161665545912e-06	5.307533327153691	-1.7165702240295799e-06	5.192606966105256	-1.7656302417147802e-06	5.0872067994020185	-1.816471032736441e-06	4.98888795463251	0.0	4.896206116168001	0.0	4.812644829405037	0.0	4.735248041775457	0.0
4	1	37	0	0	2638	1	2633	2	2654	142	2767	591	2794	1271	2845	1753	2861	1949	2870	2163	2881	2165	2870	2183	2878	2178	2865	2131	2895	2103	2903	2136	2921	2185	2927	2273	2921	2292	2926	2333	2929	2447	2948	2527	2909	2552	2874	2640	2844	2646	2836	2704	2835	2769	2805	2845	2770	2874	2743	2869	2698	4037	4095	588.0	864.6034391011873	915.1315402984619	58	1	0.6842098236083984	4.761904761904762	11.011904761904761			6.376755541589113	0.33333333333333337	6.800981531706057	0.0065774328279672445	7.208234878731091	0.1526816050922541	7.83941523118767	0.5299687937156999	8.14126285730936	1.2149077109838746	8.514140356127488	1.9315314521193956	8.679955098449684	2.543987887015089	8.867055952049927	3.3677949739980693	9.02427564604542	4.096112004540724	9.036808463742561	4.889356746102849	9.043489190548014	5.701570680628272	9.003771213073538	6.371083472853384	9.036144578313253	6.983462841203426	9.054897067997505	7.604129583481665	9.094871874708097	8.255563531945441	9.105898456943754	8.899416624251204	9.097704550409567	9.184900216398173	9.148038142879475	9.480271445406153	9.155986245701781	10.061677631578947	9.2225872047552	10.359104697876527	9.131717729784029	10.409953089944931	9.0187341136599	10.698654563138273	8.99061107071729	10.613718411552346	8.96730538164801	10.642317380352646	8.990581295785367	10.8447890964634	8.927150631743102	11.057991293532337	8.821656050955413	11.05980143154006	8.731497692185263	10.956654573228947	8.640512409927942	4.745057476668469	4.761904761904762	6.6410661847752435	5.729006388924077	6.335095743312051	6.324972737186478	4.761904761904762	4.573981414020656	9.32313432835821	12.455300000000001	0.06782066833328886	20.999011993408203	0.0	20.610809537524293	0.0	18.58320439269436	9.539390528339144e-07	16.126825004255874	3.8255071427000235e-06	14.012094943958033	-8.691680034148645e-06	12.337562774090127	-9.852721518737906e-06	11.053125313890948	-7.1021862558491575e-06	10.06069298566367	-7.355204910755096e-06	9.280558498421764	-7.637518984690048e-06	8.657833223751332	-5.668040977669052e-06	8.140111651656245	-7.059122504011935e-06	7.707975557398644	-1.2196921740891033e-06	7.335894453558227	-1.2628813901798343e-06	7.014202177554001	-2.612859186486292e-06	6.7282110525094065	-4.048741448720665e-06	6.4802839446611875	-2.7886962984239684e-06	6.257236119023369	-2.877188641434681e-06	6.058641169172687	-1.484025210620278e-06	5.8756524559267165	0.0	5.710998034911445	0.0	5.566472854391097	-1.621410400050588e-06	5.432653095277824	-1.6686161665545912e-06	5.307533327153691	-1.7165702240295799e-06	5.192606966105256	-1.7656302417147802e-06	5.0872067994020185	-1.816471032736441e-06	4.98888795463251	0.0	4.896206116168001	0.0	4.812644829405037	0.0	4.735248041775457	0.0
5	1	45	0	0	2527	1	2516	8	2530	213	2537	886	2516	1797	2534	2476	2537	2908	2566	3092	2526	2991	2505	2957	2502	2676	2533	2517	2504	2513	2469	2423	2455	2405	2432	2463	2393	2514	2381	2475	2354	2522	2327	2503	2299	2537	2265	2504	2238	2550	2209	2541	2192	2548	2176	2517	2142	2506	2132	2526	2106	4041	4095	510.0	767.4913477307771	788.7436752319336	54	1	0.6960601806640625	4.761904761904762	13.392857142857142			6.1084386859725885	0.33333333333333337	6.4987730853674295	0.026309731311868978	6.871452239332953	0.22902240763838116	7.187783318223027	0.7945048244198142	7.331215944520528	1.7176940650181136	7.583420619482268	2.7281642187379487	7.696975213130669	3.795750013052786	7.927827725770074	4.814249680814623	7.912294440093969	5.658878062624161	7.8875279448345355	6.622917039956996	7.861990950226244	7.005235602094241	7.960402262727845	7.525113609184405	7.815718833884762	8.344955834495584	7.701185277604491	8.625845496618014	7.643926892300028	9.08678732005894	7.565953210552514	9.643318585803218	7.4532033512941105	10.074537148352968	7.444114428638423	10.057296111178838	7.358549546733355	10.370065789473685	7.279837322071016	10.260719849143232	7.216850828729282	10.348766061594942	7.10766623780086	10.147511752309937	7.074890146366136	10.22864019253911	6.984759375197622	10.000787153652393	6.9514476897218795	9.97924254885834	6.92530473250374	9.783115671641792	6.821656050955414	9.64365427537905	6.786566926627407	9.646744319266757	6.744595676541233	4.7497590446413875	4.761904761904762	5.760108425570364	5.085525497289841	5.460162260276237	5.888767720828789	4.761904761904762	4.653201721961072	9.32313432835821	12.455300000000001	0.06782066833328886	20.999011993408203	0.0	20.610809537524293	0.0	18.58320439269436	9.539390528339144e-07	16.126825004255874	3.8255071427000235e-06	14.012094943958033	-8.691680034148645e-06	12.337562774090127	-9.852721518737906e-06	11.053125313890948	-7.1021862558491575e-06	10.06069298566367	-7.355204910755096e-06	9.280558498421764	-7.637518984690048e-06	8.657833223751332	-5.668040977669052e-06	8.140111651656245	-7.059122504011935e-06	7.707975557398644	-1.2196921740891033e-06	7.335894453558227	-1.2628813901798343e-06	7.014202177554001	-2.612859186486292e-06	6.7282110525094065	-4.048741448720665e-06	6.4802839446611875	-2.7886962984239684e-06	6.257236119023369	-2.877188641434681e-06	6.058641169172687	-1.484025210620278e-06	5.8756524559267165	0.0	5.710998034911445	0.0	5.566472854391097	-1.621410400050588e-06	5.432653095277824	-1.6686161665545912e-06	5.307533327153691	-1.7165702240295799e-06	5.192606966105256	-1.7656302417147802e-06	5.0872067994020185	-1.816471032736441e-06	4.98888795463251	0.0	4.896206116168001	0.0	4.812644829405037	0.0	4.735248041775457	0.0
6	1	39	0	0	2408	1	2407	9	2338	371	2321	1399	2289	2817	2265	3708	2249	4137	2244	3968	2175	3602	2185	3370	2112	3194	2094	2929	2070	2720	2060	2560	2048	2479	2001	2435	1969	2383	1930	2335	1892	2314	1864	2278	1844	2238	1830	2228	1780	2191	1719	2185	1671	2116	1627	2094	1597	2060	1576	2048	1544	4037	4095	448.0	675.4272113365186	681.9916877746582	58	1	0.7019472122192383	4.761904761904762	11.607142857142858			5.820783678599918	0.33333333333333337	6.217228464419476	0.0295984477258526	6.349982346071322	0.39890757386779063	6.575815956482321	1.2545284981527314	6.66977476033684	2.6926790101035203	6.7783929373036065	4.085635267803035	6.823215315069324	5.399937346629771	6.932987301881546	6.178183290256283	6.812842599843383	6.814870873143505	6.879939544695992	7.547930478408888	6.636500754147813	8.361256544502618	6.580766813324952	8.756876345371921	6.461077470503778	9.032343760377232	6.4254522769806615	9.113563545745818	6.376685244574524	9.366380776060755	6.22511199601792	9.533690928311342	6.132619055034728	9.549571211028292	6.03407847428482	9.48839855337478	5.91434823382307	9.514802631578947	5.8313780697638045	9.33836189226859	5.7885484681064785	9.129104629818478	5.742617755044403	9.029016047981845	5.627035058325166	8.788608102687526	5.435401252134319	8.599653652392947	5.299210351060793	8.287314455802296	5.178065624900544	8.138992537313433	5.085987261146497	7.927345493727392	5.016711761897183	7.82127172045064	4.944755804643715	4.745057476668469	4.761904761904762	5.059859950304947	4.475493196074628	4.721160235375946	6.324972737186478	4.761904761904762	4.692556861259012	9.32313432835821	12.455300000000001	0.06782066833328886	20.999011993408203	0.0	20.610809537524293	0.0	18.58320439269436	9.539390528339144e-07	16.126825004255874	3.8255071427000235e-06	14.012094943958033	-8.691680034148645e-06	12.337562774090127	-9.852721518737906e-06	11.053125313890948	-7.1021862558491575e-06	10.06069298566367	-7.355204910755096e-06	9.280558498421764	-7.637518984690048e-06	8.657833223751332	-5.668040977669052e-06	8.140111651656245	-7.059122504011935e-06	7.707975557398644	-1.2196921740891033e-06	7.335894453558227	-1.2628813901798343e-06	7.014202177554001	-2.612859186486292e-06	6.7282110525094065	-4.048741448720665e-06	6.4802839446611875	-2.7886962984239684e-06	6.257236119023369	-2.877188641434681e-06	6.058641169172687	-1.484025210620278e-06	5.8756524559267165	0.0	5.710998034911445	0.0	5.566472854391097	-1.621410400050588e-06	5.432653095277824	-1.6686161665545912e-06	5.307533327153691	-1.7165702240295799e-06	5.192606966105256	-1.7656302417147802e-06	5.0872067994020185	-1.816471032736441e-06	4.98888795463251	0.0	4.896206116168001	0.0	4.812644829405037	0.0	4.735248041775457	0.0
7	1	19	0	0	2625	1	2497	33	2307	617	2205	2384	2082	4565	2006	5677	1879	5582	1765	5049	1726	4580	1712	3975	1626	3563	1557	3190	1571	2831	1495	2598	1456	2400	1404	2246	1367	2096	1310	1991	1296	1868	1254	1755	1207	1700	1149	1666	1116	1584	1098	1574	1052	1495	1007	1458	972	1394	963	1337	935	4042	4095	387.0	567.2762888186313	571.4030313491821	53	1	0.7083101272583008	4.761904761904762	5.654761904761905			6.345331044985375	0.33333333333333337	6.449696500064575	0.10852764166145953	6.265786686221787	0.6634123263515548	6.2471668177697195	2.1378098210122314	6.066610332468895	4.363535563053806	6.003291934759838	6.255164890862412	5.700676557143291	7.286064846238187	5.453084932184014	7.861302276336686	5.406421299921692	8.665216157411788	5.390597940741207	8.902974377351729	5.109351432880844	9.327225130890051	4.893148962916404	9.537192059315954	4.903552031962045	9.400943082951452	4.663131628197131	9.24884300462798	4.533424666064701	9.067895870329089	4.367844698855152	8.79370424024118	4.257638521194755	8.39945499719484	4.095669845239956	8.090535982770533	4.051266020631447	7.680921052631579	3.923040825903332	7.194392063622203	3.7889251632345555	6.934529879665511	3.6056108199705026	6.7514994326471065	3.527961306230835	6.353790613718411	3.4718269778030733	6.194899244332493	3.336187486125646	5.855167822034231	3.204862989720251	5.666977611940299	3.095541401273885	5.36442699915339	3.0654146108546874	5.105976704219974	2.9943955164131304	4.750934436634617	4.761904761904762	4.370905805285746	3.7588671707177066	3.9555984601243344	5.779716466739368	4.761904761904762	4.73509330859351	9.32313432835821	12.455300000000001	0.06782066833328886	20.999011993408203	0.0	20.610809537524293	0.0	18.58320439269436	9.539390528339144e-07	16.126825004255874	3.8255071427000235e-06	14.012094943958033	-8.691680034148645e-06	12.337562774090127	-9.852721518737906e-06	11.053125313890948	-7.1021862558491575e-06	10.06069298566367	-7.355204910755096e-06	9.280558498421764	-7.637518984690048e-06	8.657833223751332	-5.668040977669052e-06	8.140111651656245	-7.059122504011935e-06	7.707975557398644	-1.2196921740891033e-06	7.335894453558227	-1.2628813901798343e-06	7.014202177554001	-2.612859186486292e-06	6.7282110525094065	-4.048741448720665e-06	6.4802839446611875	-2.7886962984239684e-06	6.257236119023369	-2.877188641434681e-06	6.058641169172687	-1.484025210620278e-06	5.8756524559267165	0.0	5.710998034911445	0.0	5.566472854391097	-1.621410400050588e-06	5.432653095277824	-1.6686161665545912e-06	5.307533327153691	-1.7165702240295799e-06	5.192606966105256	-1.7656302417147802e-06	5.0872067994020185	-1.816471032736441e-06	4.98888795463251	0.0	4.896206116168001	0.0	4.812644829405037	0.0	4.735248041775457	0.0
8	1	12	0	0	2806	1	2490	45	2248	1190	2022	4070	1819	6342	1634	6975	1546	6346	1409	5511	1321	4629	1283	4006	1293	3585	1225	2991	1200	2597	1201	2323	1172	2028	1117	1809	1071	1618	1050	1478	1045	1365	1007	1304	971	1312	968	1221	919	1201	882	1184	836	1145	785	1074	771	1029	729	1045	704	4057	4095	350.0	515.0508746982833	515.3270883560181	38	1	0.7116003036499023	4.761904761904762	3.571428571428571			6.782856728468177	0.33333333333333337	6.431615652847733	0.147992238629263	6.105543333604932	1.279514859575932	5.728694469628286	3.6497004914093045	5.3002709869168685	6.0621122762075	4.890019452341763	7.685357603270271	4.6903916750098595	8.28329765571973	4.353199246145765	8.580637125151808	4.137823022709475	8.757922618484534	4.0397997418054725	8.972406378785164	4.062971342383107	9.384816753926701	3.8497800125707102	8.942238698875867	3.7455521568137833	8.623895862389585	3.7461010605115406	8.269846920612316	3.649157766914718	7.66237201042808	3.474987555998009	7.0827297286715485	3.3357211822966955	6.483930431994871	3.2827888072533997	6.0059327888171	3.266645826820882	5.612664473684211	3.1503206632254024	5.345576781175699	3.0480914113510797	5.351825413012441	3.0376251294442524	4.94812773545145	2.905193943034173	4.817488969113517	2.788844621513944	4.659949622166247	2.6511908159705704	4.484392746641601	2.4983291429298875	4.174440298507463	2.4554140127388537	3.9598245208958667	2.320547509151679	3.990834447202597	2.2546036829463567	4.768565316533064	4.761904761904762	3.9530155861757397	3.412812878508648	3.5674067607732853	4.143947655398037	4.761904761904762	4.757088324076726	9.32313432835821	12.455300000000001	0.06782066833328886	20.999011993408203	0.0	20.610809537524293	0.0	18.58320439269436	9.539390528339144e-07	16.126825004255874	3.8255071427000235e-06	14.012094943958033	-8.691680034148645e-06	12.337562774090127	-9.852721518737906e-06	11.053125313890948	-7.1021862558491575e-06	10.06069298566367	-7.355204910755096e-06	9.280558498421764	-7.637518984690048e-06	8.657833223751332	-5.668040977669052e-06	8.140111651656245	-7.059122504011935e-06	7.707975557398644	-1.2196921740891033e-06	7.335894453558227	-1.2628813901798343e-06	7.014202177554001	-2.612859186486292e-06	6.7282110525094065	-4.048741448720665e-06	6.4802839446611875	-2.7886962984239684e-06	6.257236119023369	-2.877188641434681e-06	6.058641169172687	-1.484025210620278e-06	5.8756524559267165	0.0	5.710998034911445	0.0	5.566472854391097	-1.621410400050588e-06	5.432653095277824	-1.6686161665545912e-06	5.307533327153691	-1.7165702240295799e-06	5.192606966105256	-1.7656302417147802e-06	5.0872067994020185	-1.816471032736441e-06	4.98888795463251	0.0	4.896206116168001	0.0	4.812644829405037	0.0	4.735248041775457	0.0
9	1	9	0	0	2828	1	2409	81	2073	1980	1802	5686	1690	7647	1415	7453	1348	6554	1270	5851	1140	4858	1101	3989	1053	3122	991	2615	975	2159	955	1809	925	1706	908	1399	870	1317	840	1243	821	1117	759	1091	749	1031	717	972	713	955	677	917	633	880	608	865	623	837	597	778	582	4043	4095	318.0	484.05552084107325	475.8020887374878	52	1	0.7198638916015625	4.761904761904762	2.6785714285714284			6.836036645797577	0.33333333333333337	6.222394420767144	0.26638602953267343	5.630245253809175	2.1289406907229793	5.105394378966455	5.098819900283368	4.924385908680322	7.309519485360888	4.2346251683375735	8.21203874081338	4.089681745092685	8.554795593379627	3.923749497945438	9.110017749820946	3.5708692247454974	9.191183426355122	3.4667338392266758	8.93433076509586	3.308823529411765	8.172774869109947	3.1143934632306727	7.818105716335805	3.043261127411199	7.169422859799429	2.9787897691827823	6.44001423994304	2.8800946539215992	6.445762647825594	2.8247884519661524	5.477467601111938	2.7096894758152428	5.277710988218322	2.62623104580272	5.050997602503149	2.5664270084401375	4.592927631578948	2.3744720788362272	4.472411248667705	2.3512054244098444	4.205588415255965	2.249976464681332	3.9390500891554545	2.253975278980811	3.830726032892098	2.1406437741099094	3.6090994962216625	2.0074207972600133	3.4465201895586106	1.9350116164348685	3.3620957711442787	1.9840764331210192	3.2209651350727313	1.9003660671653668	2.971166698491503	1.8638911128903122	4.752109828627847	4.761904761904762	3.5915970182968153	3.207432501512325	3.293790733118837	5.670665212649945	4.761904761904762	4.812330877457034	9.32313432835821	12.455300000000001	0.06782066833328886	20.999011993408203	0.0	20.610809537524293	0.0	18.58320439269436	9.539390528339144e-07	16.126825004255874	3.8255071427000235e-06	14.012094943958033	-8.691680034148645e-06	12.337562774090127	-9.852721518737906e-06	11.053125313890948	-7.1021862558491575e-06	10.06069298566367	-7.355204910755096e-06	9.280558498421764	-7.637518984690048e-06	8.657833223751332	-5.668040977669052e-06	8.140111651656245	-7.059122504011935e-06	7.707975557398644	-1.2196921740891033e-06	7.335894453558227	-1.2628813901798343e-06	7.014202177554001	-2.612859186486292e-06	6.7282110525094065	-4.048741448720665e-06	6.4802839446611875	-2.7886962984239684e-06	6.257236119023369	-2.877188641434681e-06	6.058641169172687	-1.484025210620278e-06	5.8756524559267165	0.0	5.710998034911445	0.0	5.566472854391097	-1.621410400050588e-06	5.432653095277824	-1.6686161665545912e-06	5.307533327153691	-1.7165702240295799e-06	5.192606966105256	-1.7656302417147802e-06	5.0872067994020185	-1.816471032736441e-06	4.98888795463251	0.0	4.896206116168001	0.0	4.812644829405037	0.0	4.735248041775457	0.0
10	1	10	0	0	2516	1	2118	246	1816	3291	1593	7286	1425	8282	1160	7782	1060	6825	986	5519	928	4312	841	3295	868	2561	856	2087	848	1768	819	1532	745	1277	745	1068	745	1028	727	945	692	844	679	864	639	853	634	839	604	778	592	755	588	748	550	725	547	690	539	678	516	4062	4095	293.0	494.08515767757547	456.97168731689453	33	1	0.7307157516479492	4.761904761904762	2.976190476190476			6.081848727307888	0.33333333333333337	5.470747772181325	0.809024237839971	4.932236073766262	3.5385574813986493	4.5132592928377155	6.533591592237885	4.152218887496722	7.916495407056215	3.471494837647763	8.574545214143262	3.2159218470313404	8.908526079465357	3.0463126023418914	8.593093139849906	2.906812842599843	8.158168574401666	2.6480682641141096	7.37994982977961	2.7275012569130217	6.704188481675392	2.690131992457574	6.2395359961731645	2.6468568574817404	5.871023444245202	2.554585152838428	5.4538981844072625	2.3196438023476667	4.8248762610042695	2.317695370831259	4.181512078618692	2.3203662752670757	4.11958002725014	2.27294044083164	3.840058515177374	2.1631759924976555	3.470394736842105	2.124198341936493	3.541854554398623	2.0059015570065295	3.479502345502753	1.9895189380864216	3.4000648403306855	1.9093984130496633	3.120738066586442	1.8718775690887244	2.971505037783375	1.8647131576443727	2.929542161124819	1.7504216924986473	2.8179415422885574	1.7420382165605097	2.655275917801893	1.7157408881107752	2.5892686652663737	1.6525220176140911	4.7744422764992125	4.761904761904762	3.309238762141405	3.273890545647151	3.1634352698533577	3.598691384950927	4.761904761904762	4.884876176350807	9.32313432835821	12.455300000000001	0.06782066833328886	20.999011993408203	0.0	20.610809537524293	0.0	18.58320439269436	9.539390528339144e-07	16.126825004255874	3.8255071427000235e-06	14.012094943958033	-8.691680034148645e-06	12.337562774090127	-9.852721518737906e-06	11.053125313890948	-7.1021862558491575e-06	10.06069298566367	-7.355204910755096e-06	9.280558498421764	-7.637518984690048e-06	8.657833223751332	-5.668040977669052e-06	8.140111651656245	-7.059122504011935e-06	7.707975557398644	-1.2196921740891033e-06	7.335894453558227	-1.2628813901798343e-06	7.014202177554001	-2.612859186486292e-06	6.7282110525094065	-4.048741448720665e-06	6.4802839446611875	-2.7886962984239684e-06	6.257236119023369	-2.877188641434681e-06	6.058641169172687	-1.484025210620278e-06	5.8756524559267165	0.0	5.710998034911445	0.0	5.566472854391097	-1.621410400050588e-06	5.432653095277824	-1.6686161665545912e-06	5.307533327153691	-1.7165702240295799e-06	5.192606966105256	-1.7656302417147802e-06	5.0872067994020185	-1.816471032736441e-06	4.98888795463251	0.0	4.896206116168001	0.0	4.812644829405037	0.0	4.735248041775457	0.0
11	1	8	0	0	2408	2	1925	466	1705	4682	1428	8558	1194	8856	1097	7527	954	6257	854	4840	836	3668	751	2880	735	2301	699	1850	690	1611	677	1293	679	1136	648	972	603	863	583	837	576	753	566	742	573	671	538	684	527	674	520	652	512	605	489	583	468	580	485	584	465	4055	4095	276.0	508.76471378031823	449.30838203430176	40	1	0.7394008636474609	4.761904761904762	2.380952380952381			5.820783678599918	0.6666666666666667	4.97223298463128	1.5325418489163678	4.630761291724381	5.034192077760096	4.045784224841341	7.674235087341727	3.4791223520498846	8.465163405565061	3.2829567559479274	8.293575151228003	2.894329662328206	8.16712786508641	2.638489819878271	7.5358888923488925	2.6186374314800314	6.939740800302715	2.364684026575144	6.450456907364272	2.3095776772247363	6.023560209424083	2.196731615336266	5.530973451327434	2.1536924901679253	5.3496712492528395	2.11166562694947	4.60306158775365	2.1141451567705576	4.292137378622436	2.0159283225485316	3.8056458243608313	1.878095119444358	3.4583633886350884	1.8227294044083162	3.4011946848713883	1.8005626758361988	3.096217105263158	1.7706866885656185	3.041731573337706	1.7987192365645406	2.7370997348562103	1.6882668591332726	2.771924136813098	1.6659817279423388	2.7035699959887687	1.644216783659015	2.5661209068010074	1.6236958107379569	2.369482630321545	1.5562840138760703	2.2660136815920398	1.4904458598726114	2.231971061340722	1.5438484800254655	2.2302845140347527	1.489191353082466	4.766214532546605	4.761904761904762	3.1172351479557263	3.3711597292934825	3.1103852212673146	4.362050163576881	4.761904761904762	4.942936641859689	9.32313432835821	12.455300000000001	0.06782066833328886	20.999011993408203	0.0	20.610809537524293	0.0	18.58320439269436	9.539390528339144e-07	16.126825004255874	3.8255071427000235e-06	14.012094943958033	-8.691680034148645e-06	12.337562774090127	-9.852721518737906e-06	11.053125313890948	-7.1021862558491575e-06	10.06069298566367	-7.355204910755096e-06	9.280558498421764	-7.637518984690048e-06	8.657833223751332	-5.668040977669052e-06	8.140111651656245	-7.059122504011935e-06	7.707975557398644	-1.2196921740891033e-06	7.335894453558227	-1.2628813901798343e-06	7.014202177554001	-2.612859186486292e-06	6.7282110525094065	-4.048741448720665e-06	6.4802839446611875	-2.7886962984239684e-06	6.257236119023369	-2.877188641434681e-06	6.058641169172687	-1.484025210620278e-06	5.8756524559267165	0.0	5.710998034911445	0.0	5.566472854391097	-1.621410400050588e-06	5.432653095277824	-1.6686161665545912e-06	5.307533327153691	-1.7165702240295799e-06	5.192606966105256	-1.7656302417147802e-06	5.0872067994020185	-1.816471032736441e-06	4.98888795463251	0.0	4.896206116168001	0.0	4.812644829405037	0.0	4.735248041775457	0.0
12	1	7	0	0	2036	2	1724	691	1416	5998	1247	9428	1026	8627	979	6836	923	5422	808	4248	742	3134	694	2436	659	2046	670	1667	648	1352	615	1190	640	998	617	968	602	855	564	758	567	699	576	655	547	661	515	607	465	615	458	625	482	603	485	582	476	568	488	572	447	4057	4095	264.0	543.6317636459842	456.31675720214844	38	1	0.7436695098876953	4.761904761904762	2.083333333333333			4.921559621939133	0.6666666666666667	4.453054371690559	2.272503042062683	3.8458404628045306	6.449184981291127	3.532978241160471	8.454392194841995	2.9895975989976398	8.246269726717454	2.9298219362561726	7.532201372896856	2.8002791177452138	7.077220278807498	2.4963697593227674	6.61414380468969	2.3241973375097884	5.929429571469114	2.185207342800466	5.456011467478946	2.070764203117144	5.356020942408377	2.1055939660590823	4.983855536952882	2.0225981646794433	4.48960616324633	1.9182782283218964	4.236383054467782	1.992714138929539	3.770733366078513	1.9194873071179692	3.789984730433421	1.8749805338399725	3.426304400096177	1.7633265593246836	3.0801739201105285	1.7724288840262583	2.8741776315789473	1.8019709056780853	2.6850864966795114	1.7171019588146659	2.696308382622884	1.6160918818840808	2.4598800453882315	1.469983877596181	2.46690734055355	1.4481755517612092	2.4598551637279598	1.52855738432753	2.3616496298907297	1.543553674294262	2.262126865671642	1.5159235668789808	2.185792349726776	1.5533980582524272	2.184456750047737	1.4315452361889511	4.768565316533064	4.761904761904762	2.9817031850011295	3.6021946088805814	3.1589014462450695	4.143947655398037	4.761904761904762	4.97147278368661	9.32313432835821	12.455300000000001	0.06782066833328886	20.999011993408203	0.0	20.610809537524293	0.0	18.58320439269436	9.539390528339144e-07	16.126825004255874	3.8255071427000235e-06	14.012094943958033	-8.691680034148645e-06	12.337562774090127	-9.852721518737906e-06	11.053125313890948	-7.1021862558491575e-06	10.06069298566367	-7.355204910755096e-06	9.280558498421764	-7.637518984690048e-06	8.657833223751332	-5.668040977669052e-06	8.140111651656245	-7.059122504011935e-06	7.707975557398644	-1.2196921740891033e-06	7.335894453558227	-1.2628813901798343e-06	7.014202177554001	-2.612859186486292e-06	6.7282110525094065	-4.048741448720665e-06	6.4802839446611875	-2.7886962984239684e-06	6.257236119023369	-2.877188641434681e-06	6.058641169172687	-1.484025210620278e-06	5.8756524559267165	0.0	5.710998034911445	0.0	5.566472854391097	-1.621410400050588e-06	5.432653095277824	-1.6686161665545912e-06	5.307533327153691	-1.7165702240295799e-06	5.192606966105256	-1.7656302417147802e-06	5.0872067994020185	-1.816471032736441e-06	4.98888795463251	0.0	4.896206116168001	0.0	4.812644829405037	0.0	4.735248041775457	0.0
13	1	5	0	0	1516	2	1280	1037	1080	7210	1027	9693	927	8372	869	6523	829	4833	759	3644	715	2706	694	2127	673	1626	591	1343	603	1072	584	1012	559	906	566	828	590	764	579	724	593	701	557	687	529	592	532	617	504	585	492	574	480	591	478	591	461	610	451	575	437	4061	4095	253.0	581.176582953995	465.4957084655762	34	1	0.7483453750610352	4.761904761904762	1.488095238095238			3.6645797577896495	0.6666666666666667	3.3062120625080715	3.4103989213010157	2.9332681495966755	7.7523547374306485	2.90967815049864	8.692026256321963	2.7011276552347097	8.002523490446103	2.6006284602723326	7.1873243937106785	2.5150935954613027	6.308411214953271	2.3449809991658173	5.673714694983341	2.2396241190289743	5.119667013527575	2.185207342800466	4.763931195126322	2.114756158873806	4.2565445026178015	1.8573224387177876	4.015187754125807	1.8821399587989265	3.5598060702663212	1.8215845290081099	3.6027055891776434	1.740511255721269	3.4231306910492307	1.760826281732205	3.2418464429740417	1.8376055065873487	3.0616334054660577	1.8102235422854465	2.9420130846438295	1.8537042825883088	2.882401315789474	1.7425308931643984	2.8162662949905712	1.6605976896032146	2.414848052212931	1.669438604198701	2.5004052520667854	1.5932728479752158	2.3465703971119134	1.555682033769683	2.259130982367758	1.5222148225668348	2.3146516273058393	1.521275580026097	2.297108208955224	1.4681528662420382	2.3474178403755865	1.4356199267865668	2.195913691044491	1.399519615692554	4.773266884505983	4.761904761904762	2.8574655522927492	3.8509728347805376	3.2224437158711874	3.707742639040349	4.761904761904762	5.002731207140003	9.32313432835821	12.455300000000001	0.06782066833328886	20.999011993408203	0.0	20.610809537524293	0.0	18.58320439269436	9.539390528339144e-07	16.126825004255874	3.8255071427000235e-06	14.012094943958033	-8.691680034148645e-06	12.337562774090127	-9.852721518737906e-06	11.053125313890948	-7.1021862558491575e-06	10.06069298566367	-7.355204910755096e-06	9.280558498421764	-7.637518984690048e-06	8.657833223751332	-5.668040977669052e-06	8.140111651656245	-7.059122504011935e-06	7.707975557398644	-1.2196921740891033e-06	7.335894453558227	-1.2628813901798343e-06	7.014202177554001	-2.612859186486292e-06	6.7282110525094065	-4.048741448720665e-06	6.4802839446611875	-2.7886962984239684e-06	6.257236119023369	-2.877188641434681e-06	6.058641169172687	-1.484025210620278e-06	5.8756524559267165	0.0	5.710998034911445	0.0	5.566472854391097	-1.621410400050588e-06	5.432653095277824	-1.6686161665545912e-06	5.307533327153691	-1.7165702240295799e-06	5.192606966105256	-1.7656302417147802e-06	5.0872067994020185	-1.816471032736441e-06	4.98888795463251	0.0	4.896206116168001	0.0	4.812644829405037	0.0	4.735248041775457	0.0
14	1	6	0	0	1135	3	1000	1878	961	8340	864	9395	821	7822	810	5636	730	4035	658	3059	643	2303	623	1792	619	1305	593	1069	585	947	562	896	581	846	581	816	572	732	559	667	554	645	567	634	546	612	557	606	514	562	490	581	473	572	430	573	441	554	442	559	433	4066	4095	244.0	629.7326414756538	483.31648540496826	29	1	0.748936653137207	4.761904761904762	1.7857142857142856			2.7436002804032005	1.0	2.582978173834431	6.176209425461242	2.6100654553355604	8.967356242742246	2.447869446962829	8.424800028695433	2.3922608467612694	7.47679631417456	2.4240610504264555	6.209989312119175	2.2147386305027155	5.266798934892706	2.0329347792504713	4.762868620184972	2.014095536413469	4.357203670419071	1.9616486665197268	4.01361763124888	1.9450729009552539	3.4162303664921465	1.863607793840352	3.196005740253528	1.8259566764467197	3.144716743043103	1.7529631940112291	3.1897472410110357	1.809010804246972	3.196433294291004	1.8074912891986064	3.194863161191809	1.7815429657084123	2.933397451310411	1.7476942316710957	2.7103905075378925	1.731791184745233	2.6521381578947367	1.7738151102768651	2.598999754037878	1.7139628327473633	2.496430756679584	1.7478896664260835	2.4558275247203762	1.6248854044826604	2.2543120738066587	1.5493581230633025	2.2866813602015115	1.5000158564044017	2.240238123213097	1.3685115050443972	2.2271455223880596	1.4044585987261147	2.1319171861771724	1.406971192105682	2.1348100057284705	1.3867093674939952	4.779143844472132	4.761904761904762	2.7558165800768015	4.172713365654136	3.345809945926417	3.162486368593239	4.761904761904762	5.006683934560175	9.32313432835821	12.455300000000001	0.06782066833328886	20.999011993408203	0.0	20.610809537524293	0.0	18.58320439269436	9.539390528339144e-07	16.126825004255874	3.8255071427000235e-06	14.012094943958033	-8.691680034148645e-06	12.337562774090127	-9.852721518737906e-06	11.053125313890948	-7.1021862558491575e-06	10.06069298566367	-7.355204910755096e-06	9.280558498421764	-7.637518984690048e-06	8.657833223751332	-5.668040977669052e-06	8.140111651656245	-7.059122504011935e-06	7.707975557398644	-1.2196921740891033e-06	7.335894453558227	-1.2628813901798343e-06	7.014202177554001	-2.612859186486292e-06	6.7282110525094065	-4.048741448720665e-06	6.4802839446611875	-2.7886962984239684e-06	6.257236119023369	-2.877188641434681e-06	6.058641169172687	-1.484025210620278e-06	5.8756524559267165	0.0	5.710998034911445	0.0	5.566472854391097	-1.621410400050588e-06	5.432653095277824	-1.6686161665545912e-06	5.307533327153691	-1.7165702240295799e-06	5.192606966105256	-1.7656302417147802e-06	5.0872067994020185	-1.816471032736441e-06	4.98888795463251	0.0	4.896206116168001	0.0	4.812644829405037	0.0	4.735248041775457	0.0
15	1	6	0	0	1051	7	920	2420	829	9090	697	9489	649	7135	640	5113	606	3682	592	2783	571	2153	568	1600	590	1233	586	1048	585	887	607	789	573	680	565	651	551	633	540	602	516	574	512	566	491	593	520	600	520	599	535	602	510	557	525	549	532	545	521	529	515	4063	4095	238.0	656.7462983261206	494.60184383392334	32	1	0.7498512268066406	4.761904761904762	1.7857142857142856			2.5405496869636686	2.3333333333333335	2.3763399199276765	7.9586937218403655	2.251554903718189	9.773773171046408	1.974728014505893	8.509092865597761	1.8910807424458755	6.820115277631743	1.9153074966332486	5.633725222296903	1.8385364521707475	4.806035607998747	1.829023388018661	4.333136113100614	1.788566953797964	4.073408381420869	1.7884694102459144	3.5835871707579283	1.8539467068878834	3.227748691099477	1.8416090509113765	3.1332217172925136	1.8259566764467197	2.9454738659759583	1.893325015595758	2.8088287646849412	1.7841018775103528	2.5692371632599085	1.757715281234445	2.5488430366861126	1.7161366680163204	2.5366674681413803	1.688291386587463	2.4462594985574384	1.613004063769928	2.3601973684210527	1.601751916158298	2.3202426826268754	1.5413108990457056	2.4189271874362634	1.6317820943295573	2.4315124007132436	1.6438529383871274	2.402727637384677	1.6916461139568708	2.3693324937027707	1.617353248977262	2.181490619981984	1.6708570701123453	2.1338619402985075	1.6942675159235667	2.097283152466713	1.6584434187490054	2.020240595760932	1.6493194555644515	4.775617668492442	4.761904761904762	2.688050598599503	4.351710355124142	3.4239340439350014	3.4896401308615053	4.761904761904762	5.012797911327828	9.32313432835821	12.455300000000001	0.06782066833328886	20.999011993408203	0.0	20.610809537524293	0.0	18.58320439269436	9.539390528339144e-07	16.126825004255874	3.8255071427000235e-06	14.012094943958033	-8.691680034148645e-06	12.337562774090127	-9.852721518737906e-06	11.053125313890948	-7.1021862558491575e-06	10.06069298566367	-7.355204910755096e-06	9.280558498421764	-7.637518984690048e-06	8.657833223751332	-5.668040977669052e-06	8.140111651656245	-7.059122504011935e-06	7.707975557398644	-1.2196921740891033e-06	7.335894453558227	-1.2628813901798343e-06	7.014202177554001	-2.612859186486292e-06	6.7282110525094065	-4.048741448720665e-06	6.4802839446611875	-2.7886962984239684e-06	6.257236119023369	-2.877188641434681e-06	6.058641169172687	-1.484025210620278e-06	5.8756524559267165	0.0	5.710998034911445	0.0	5.566472854391097	-1.621410400050588e-06	5.432653095277824	-1.6686161665545912e-06	5.307533327153691	-1.7165702240295799e-06	5.192606966105256	-1.7656302417147802e-06	5.0872067994020185	-1.816471032736441e-06	4.98888795463251	0.0	4.896206116168001	0.0	4.812644829405037	0.0	4.735248041775457	0.0
16	1	6	0	0	977	11	819	3043	743	9483	670	9058	642	6858	576	4836	571	3416	580	2372	536	1816	549	1461	551	1226	559	1002	553	833	531	741	568	672	559	605	550	573	546	590	530	540	543	554	530	545	531	569	534	540	534	553	541	561	557	530	558	543	537	528	532	4064	4095	234.0	676.951667615782	503.8056869506836	31	1	0.7485618591308594	4.761904761904762	1.7857142857142856			2.361671783219319	3.6666666666666665	2.1154591243703993	10.007564047752163	2.0179798473614166	10.196335641477786	1.8982320942883046	8.122601241077513	1.8706838777353654	6.555339954309529	1.7237767469699234	5.328514604934054	1.7323503534480145	4.458831514645225	1.7919485896128775	3.6932083579858626	1.6789350039154267	3.435814965471573	1.7286438489876887	3.2722630352983337	1.7313976872800403	3.2094240837696333	1.7567567567567568	2.995694809854102	1.726075285598352	2.7661552766155277	1.6562694946974421	2.6379494482022072	1.7685337982999656	2.539010843692145	1.7390492782478846	2.368740456520888	1.713022082411935	2.2962250540995433	1.7070501797717679	2.397496850745662	1.6567677399187246	2.2203947368421053	1.6987329892069452	2.271050258260228	1.6637368156705172	2.223128696716296	1.6663005617096056	2.305884260009726	1.68811051749755	2.166064981949458	1.6884841586036803	2.176479848866499	1.7156629562680368	2.197156620843614	1.772699786766812	2.0600124378109452	1.7770700636942676	2.089586700531055	1.709374502626134	2.0164216154286803	1.7037630104083268	4.776793060485672	4.761904761904762	2.6428732776146378	4.485594497282283	3.487648630072076	3.380588876772083	4.761904761904762	5.00417841540513	9.32313432835821	12.455300000000001	0.06782066833328886	20.999011993408203	0.0	20.610809537524293	0.0	18.58320439269436	9.539390528339144e-07	16.126825004255874	3.8255071427000235e-06	14.012094943958033	-8.691680034148645e-06	12.337562774090127	-9.852721518737906e-06	11.053125313890948	-7.1021862558491575e-06	10.06069298566367	-7.355204910755096e-06	9.280558498421764	-7.637518984690048e-06	8.657833223751332	-5.668040977669052e-06	8.140111651656245	-7.059122504011935e-06	7.707975557398644	-1.2196921740891033e-06	7.335894453558227	-1.2628813901798343e-06	7.014202177554001	-2.612859186486292e-06	6.7282110525094065	-4.048741448720665e-06	6.4802839446611875	-2.7886962984239684e-06	6.257236119023369	-2.877188641434681e-06	6.058641169172687	-1.484025210620278e-06	5.8756524559267165	0.0	5.710998034911445	0.0	5.566472854391097	-1.621410400050588e-06	5.432653095277824	-1.6686161665545912e-06	5.307533327153691	-1.7165702240295799e-06	5.192606966105256	-1.7656302417147802e-06	5.0872067994020185	-1.816471032736441e-06	4.98888795463251	0.0	4.896206116168001	0.0	4.812644829405037	0.0	4.735248041775457	0.0
17	1	6	0	0	803	38	785	4133	743	9988	620	8655	629	5986	584	4160	580	2987	556	2237	512	1624	496	1293	509	1047	530	895	552	765	559	741	525	636	534	627	574	577	566	562	558	521	557	509	566	520	556	520	555	553	543	556	530	530	527	558	529	575	541	567	532	4065	4095	228.0	701.7997973306552	514.6482467651367	30	1	0.7467021942138672	4.761904761904762	1.7857142857142856			1.9410669825231455	12.666666666666668	2.0276378664600285	13.592264938994312	2.0179798473614166	10.739323039869253	1.756572982774252	7.761218121166468	1.832803986130132	5.721823413020828	1.7477180906778393	4.583668477362628	1.7596553502624315	3.8988670182216882	1.7177989928013098	3.4830131099554698	1.6037588097102584	3.072556995553874	1.5617620202147422	2.8959863823687515	1.5994218200100552	2.7408376963350785	1.6656191074795725	2.6757952642908394	1.7229539921343406	2.540346682606097	1.7436057392389273	2.6379494482022072	1.6346483170906374	2.4029924056372085	1.6612742658038824	2.4548764731216477	1.787772136917183	2.312254548368999	1.7695794903861184	2.283717339184851	1.7442950922163174	2.1422697368421053	1.7425308931643984	2.0865786668852997	1.7767453540934204	2.1211503161329794	1.7447516239369882	2.1073107472848114	1.754496886163184	2.2182109907741676	1.7169417567823944	2.188287153652393	1.6807788665842132	2.075745114165981	1.6772222399032495	2.1688432835820897	1.6847133757961783	2.2127299315015776	1.7221072735954164	2.165361848386481	1.7037630104083268	4.777968452478901	4.761904761904762	2.575107296137339	4.650242343278952	3.5627074074198064	3.271537622682661	4.761904761904762	4.991746450132008	9.32313432835821	12.455300000000001	0.06782066833328886	20.999011993408203	0.0	20.610809537524293	0.0	18.58320439269436	9.539390528339144e-07	16.126825004255874	3.8255071427000235e-06	14.012094943958033	-8.691680034148645e-06	12.337562774090127	-9.852721518737906e-06	11.053125313890948	-7.1021862558491575e-06	10.06069298566367	-7.355204910755096e-06	9.280558498421764	-7.637518984690048e-06	8.657833223751332	-5.668040977669052e-06	8.140111651656245	-7.059122504011935e-06	7.707975557398644	-1.2196921740891033e-06	7.335894453558227	-1.2628813901798343e-06	7.014202177554001	-2.612859186486292e-06	6.7282110525094065	-4.048741448720665e-06	6.4802839446611875	-2.7886962984239684e-06	6.257236119023369	-2.877188641434681e-06	6.058641169172687	-1.484025210620278e-06	5.8756524559267165	0.0	5.710998034911445	0.0	5.566472854391097	-1.621410400050588e-06	5.432653095277824	-1.6686161665545912e-06	5.307533327153691	-1.7165702240295799e-06	5.192606966105256	-1.7656302417147802e-06	5.0872067994020185	-1.816471032736441e-06	4.98888795463251	0.0	4.896206116168001	0.0	4.812644829405037	0.0	4.735248041775457	0.0
18	1	12	0	0	782	40	694	4887	657	9658	564	8559	587	5547	544	3743	561	2701	516	2025	515	1571	523	1251	460	1009	485	830	520	733	511	671	533	602	545	575	538	549	544	561	550	516	566	519	597	482	609	475	573	530	602	518	588	543	590	544	586	547	598	532	574	4067	4095	223.0	720.937474279873	522.5007925033569	28	1	0.7484140396118164	4.761904761904762	3.571428571428571			1.8903043341632624	13.333333333333334	1.792586852641095	16.071957115137963	1.7844047910046443	10.384499591415423	1.5979147778785132	7.675131819649199	1.7104227978670707	5.302197539596816	1.6280113721382612	4.124199786242384	1.702011468098662	3.525557353939331	1.5942163314486977	3.1529287204558902	1.6131558339859045	2.972282660107842	1.6467772914764318	2.8019172191363557	1.4454499748617395	2.641361256544503	1.5241986172218729	2.4814637646496056	1.6230726012859729	2.434083814836953	1.5938864628820961	2.38875044499822	1.6595572438272568	2.274530547474213	1.6954952712792435	2.2512822520653066	1.675647055159311	2.2000480884828084	1.7007972487103329	2.2796537852005363	1.7192872772741483	2.1217105263157894	1.7706866885656185	2.1275723538575058	1.8740582621798092	1.966143177646339	1.9110678758590391	1.9249473172313176	1.8113994878765847	2.125952667468913	1.9034971226206288	2.038727959697733	1.8647131576443727	2.126659616966279	1.877725088316731	2.1144278606965177	1.8662420382165603	2.1049796044023705	1.9035492599076873	2.0316975367576857	1.8382706164931946	4.7803192364653615	4.761904761904762	2.518635644906257	4.777051778163009	3.6170674932541744	3.0534351145038165	4.761904761904762	5.003190233550088	9.32313432835821	12.455300000000001	0.06782066833328886	20.999011993408203	0.0	20.610809537524293	0.0	18.58320439269436	9.539390528339144e-07	16.126825004255874	3.8255071427000235e-06	14.012094943958033	-8.691680034148645e-06	12.337562774090127	-9.852721518737906e-06	11.053125313890948	-7.1021862558491575e-06	10.06069298566367	-7.355204910755096e-06	9.280558498421764	-7.637518984690048e-06	8.657833223751332	-5.668040977669052e-06	8.140111651656245	-7.059122504011935e-06	7.707975557398644	-1.2196921740891033e-06	7.335894453558227	-1.2628813901798343e-06	7.014202177554001	-2.612859186486292e-06	6.7282110525094065	-4.048741448720665e-06	6.4802839446611875	-2.7886962984239684e-06	6.257236119023369	-2.877188641434681e-06	6.058641169172687	-1.484025210620278e-06	5.8756524559267165	0.0	5.710998034911445	0.0	5.566472854391097	-1.621410400050588e-06	5.432653095277824	-1.6686161665545912e-06	5.307533327153691	-1.7165702240295799e-06	5.192606966105256	-1.7656302417147802e-06	5.0872067994020185	-1.816471032736441e-06	4.98888795463251	0.0	4.896206116168001	0.0	4.812644829405037	0.0	4.735248041775457	0.0
19	1	7	0	0	732	81	615	5327	602	10261	577	7834	563	5181	533	3449	522	2297	515	1810	507	1458	491	1182	519	996	542	852	576	716	597	594	590	562	600	556	584	548	560	529	577	511	563	496	555	512	577	509	584	560	595	590	621	591	621	597	614	578	620	559	642	4069	4095	220.0	735.5478240608163	530.8559350967407	26	1	0.745025634765625	4.761904761904762	2.083333333333333			1.7694408856873505	27.0	1.588531576908175	17.518992337290758	1.6350253944974062	11.032858801771967	1.634746146872167	7.025000896732307	1.6404906902881786	4.952350000477933	1.5950920245398774	3.800257831351852	1.5836898152361882	2.998224821176839	1.5911267649148826	2.818173325444524	1.5880971025841815	2.7584902090625296	1.5460184514625777	2.6473750223974197	1.630844645550528	2.607329842931937	1.7033312382149592	2.547237502989715	1.7978650352706163	2.3776316663345956	1.862133499688085	2.114631541473834	1.8370333468256685	2.123398949635395	1.8666002986560477	2.1768920559101055	1.8189179929610364	2.196040714915444	1.7508206972018134	2.1496200577024664	1.80368865270397	2.101151315789474	1.7613014234318787	2.0332868738214316	1.742214967353089	2.0885172343463188	1.8106505162079893	2.0627330199384017	1.8461733000347738	2.2462896109105497	1.8813634351482957	2.322103274559194	1.9693654266958425	2.3146516273058393	1.9763852200757455	2.3204291044776117	1.9554140127388535	2.2242746094050645	1.9735795002387397	2.1348100057284705	2.056044835868695	4.782670020451821	4.761904761904762	2.484752654167608	4.873862389194645	3.6749068594515717	2.8353326063249726	4.761904761904762	4.980538555285778	9.32313432835821	12.455300000000001	0.06782066833328886	20.999011993408203	0.0	20.610809537524293	0.0	18.58320439269436	9.539390528339144e-07	16.126825004255874	3.8255071427000235e-06	14.012094943958033	-8.691680034148645e-06	12.337562774090127	-9.852721518737906e-06	11.053125313890948	-7.1021862558491575e-06	10.06069298566367	-7.355204910755096e-06	9.280558498421764	-7.637518984690048e-06	8.657833223751332	-5.668040977669052e-06	8.140111651656245	-7.059122504011935e-06	7.707975557398644	-1.2196921740891033e-06	7.335894453558227	-1.2628813901798343e-06	7.014202177554001	-2.612859186486292e-06	6.7282110525094065	-4.048741448720665e-06	6.4802839446611875	-2.7886962984239684e-06	6.257236119023369	-2.877188641434681e-06	6.058641169172687	-1.484025210620278e-06	5.8756524559267165	0.0	5.710998034911445	0.0	5.566472854391097	-1.621410400050588e-06	5.432653095277824	-1.6686161665545912e-06	5.307533327153691	-1.7165702240295799e-06	5.192606966105256	-1.7656302417147802e-06	5.0872067994020185	-1.816471032736441e-06	4.98888795463251	0.0	4.896206116168001	0.0	4.812644829405037	0.0	4.735248041775457	0.0
20	1	7	0	0	673	103	662	6087	614	10266	573	7482	535	4927	527	3154	529	2291	505	1675	491	1257	477	1041	483	851	478	744	477	671	504	655	527	590	537	550	541	524	530	526	534	505	540	476	526	486	543	475	549	482	574	510	594	524	612	536	637	537	660	535	658	4069	4095	215.0	746.4518582799233	533.4252662658691	26	1	0.7469015121459961	4.761904761904762	2.083333333333333			1.6268220164857745	34.333333333333336	1.7099315510783932	20.018416811918307	1.667617262826258	11.038234914627328	1.6234134179510424	6.709351124502313	1.5589032314461377	4.709559631799803	1.5771360167589406	3.475214033077338	1.6049270349807347	2.990393149898188	1.5602310995767295	2.6079780774141312	1.5379796397807362	2.3782045218049377	1.5019364589565163	2.3315714029743773	1.5177224736048265	2.2277486910994764	1.5021998742928975	2.2243482420473573	1.488856982333479	2.2281995085342365	1.572052401746725	2.331790672837309	1.6408755487747921	2.2291910681225677	1.6706072672971628	2.153400415018989	1.684990811972467	2.09986374929871	1.6570267312802878	2.1374293957495225	1.6692716473898095	2.0764802631578947	1.6893477240732049	1.951299499877019	1.6511803114013057	1.9824597185396697	1.7039570715787493	1.9249473172313176	1.7355293522587172	1.9334135579622946	1.8149623727312971	2.007241813602015	1.883740842926458	2.052246112873536	1.9477419560166767	2.083333333333333	2.0286624203821657	2.066497344724082	2.1009072099315613	2.0431544777544395	2.1072858286629303	4.782670020451821	4.761904761904762	2.428281002936526	4.946114336019251	3.692693328648553	2.8353326063249726	4.761904761904762	4.993078901794615	9.32313432835821	12.455300000000001	0.06782066833328886	20.999011993408203	0.0	20.610809537524293	0.0	18.58320439269436	9.539390528339144e-07	16.126825004255874	3.8255071427000235e-06	14.012094943958033	-8.691680034148645e-06	12.337562774090127	-9.852721518737906e-06	11.053125313890948	-7.1021862558491575e-06	10.06069298566367	-7.355204910755096e-06	9.280558498421764	-7.637518984690048e-06	8.657833223751332	-5.668040977669052e-06	8.140111651656245	-7.059122504011935e-06	7.707975557398644	-1.2196921740891033e-06	7.335894453558227	-1.2628813901798343e-06	7.014202177554001	-2.612859186486292e-06	6.7282110525094065	-4.048741448720665e-06	6.4802839446611875	-2.7886962984239684e-06	6.257236119023369	-2.877188641434681e-06	6.058641169172687	-1.484025210620278e-06	5.8756524559267165	0.0	5.710998034911445	0.0	5.566472854391097	-1.621410400050588e-06	5.432653095277824	-1.6686161665545912e-06	5.307533327153691	-1.7165702240295799e-06	5.192606966105256	-1.7656302417147802e-06	5.0872067994020185	-1.816471032736441e-06	4.98888795463251	0.0	4.896206116168001	0.0	4.812644829405037	0.0	4.735248041775457	0.0
