	counts(inten<0.01	MicrocoloniesPlatonic	MicrocoloniesAggregates	MicrocoloniesLarge	counts(Norminten<0.01	counts(inten<0.02	counts(Norminten<0.02	counts(inten<0.03	counts(Norminten<0.03	counts(inten<0.04	counts(Norminten<0.04	counts(inten<0.05	counts(Norminten<0.05	counts(inten<0.060000000000000005	counts(Norminten<0.060000000000000005	counts(inten<0.06999999999999999	counts(Norminten<0.06999999999999999	counts(inten<0.08	counts(Norminten<0.08	counts(inten<0.09	counts(Norminten<0.09	counts(inten<0.09999999999999999	counts(Norminten<0.09999999999999999	counts(inten<0.11	counts(Norminten<0.11	counts(inten<0.12	counts(Norminten<0.12	counts(inten<0.13	counts(Norminten<0.13	counts(inten<0.14	counts(Norminten<0.14	counts(inten<0.15000000000000002	counts(Norminten<0.15000000000000002	counts(inten<0.16	counts(Norminten<0.16	counts(inten<0.17	counts(Norminten<0.17	counts(inten<0.18000000000000002	counts(Norminten<0.18000000000000002	counts(inten<0.19	counts(Norminten<0.19	counts(inten<0.2	counts(Norminten<0.2	counts(inten<0.21000000000000002	counts(Norminten<0.21000000000000002	counts(inten<0.22	counts(Norminten<0.22	counts(inten<0.23	counts(Norminten<0.23	counts(inten<0.24000000000000002	counts(Norminten<0.24000000000000002	counts(inten<0.25	counts(Norminten<0.25	counts(inten<0.26	counts(Norminten<0.26	counts(inten<0.27	counts(Norminten<0.27	counts(inten<0.28	counts(Norminten<0.28	counts(inten<0.29000000000000004	counts(Norminten<0.29000000000000004	diff	max	med	std	mean	min	eigenLocal	minProp	counts(inten<0.01Normalized	MicrocoloniesPlatonicNormalized	MicrocoloniesAggregatesNormalized	MicrocoloniesLargeNormalized	counts(Norminten<0.01Normalized	counts(inten<0.02Normalized	counts(Norminten<0.02Normalized	counts(inten<0.03Normalized	counts(Norminten<0.03Normalized	counts(inten<0.04Normalized	counts(Norminten<0.04Normalized	counts(inten<0.05Normalized	counts(Norminten<0.05Normalized	counts(inten<0.060000000000000005Normalized	counts(Norminten<0.060000000000000005Normalized	counts(inten<0.06999999999999999Normalized	counts(Norminten<0.06999999999999999Normalized	counts(inten<0.08Normalized	counts(Norminten<0.08Normalized	counts(inten<0.09Normalized	counts(Norminten<0.09Normalized	counts(inten<0.09999999999999999Normalized	counts(Norminten<0.09999999999999999Normalized	counts(inten<0.11Normalized	counts(Norminten<0.11Normalized	counts(inten<0.12Normalized	counts(Norminten<0.12Normalized	counts(inten<0.13Normalized	counts(Norminten<0.13Normalized	counts(inten<0.14Normalized	counts(Norminten<0.14Normalized	counts(inten<0.15000000000000002Normalized	counts(Norminten<0.15000000000000002Normalized	counts(inten<0.16Normalized	counts(Norminten<0.16Normalized	counts(inten<0.17Normalized	counts(Norminten<0.17Normalized	counts(inten<0.18000000000000002Normalized	counts(Norminten<0.18000000000000002Normalized	counts(inten<0.19Normalized	counts(Norminten<0.19Normalized	counts(inten<0.2Normalized	counts(Norminten<0.2Normalized	counts(inten<0.21000000000000002Normalized	counts(Norminten<0.21000000000000002Normalized	counts(inten<0.22Normalized	counts(Norminten<0.22Normalized	counts(inten<0.23Normalized	counts(Norminten<0.23Normalized	counts(inten<0.24000000000000002Normalized	counts(Norminten<0.24000000000000002Normalized	counts(inten<0.25Normalized	counts(Norminten<0.25Normalized	counts(inten<0.26Normalized	counts(Norminten<0.26Normalized	counts(inten<0.27Normalized	counts(Norminten<0.27Normalized	counts(inten<0.28Normalized	counts(Norminten<0.28Normalized	counts(inten<0.29000000000000004Normalized	counts(Norminten<0.29000000000000004Normalized	diffNormalized	maxNormalized	medNormalized	stdNormalized	meanNormalized	minNormalized	eigenLocalNormalized	minPropNormalized	BioVolume	SubstratumCoverage	Homogenity	ThicknessThreshold=0.01	RoughnessThreshold=0.01	ThicknessThreshold=0.02	RoughnessThreshold=0.02	ThicknessThreshold=0.03	RoughnessThreshold=0.03	ThicknessThreshold=0.04	RoughnessThreshold=0.04	ThicknessThreshold=0.05	RoughnessThreshold=0.05	ThicknessThreshold=0.060000000000000005	RoughnessThreshold=0.060000000000000005	ThicknessThreshold=0.06999999999999999	RoughnessThreshold=0.06999999999999999	ThicknessThreshold=0.08	RoughnessThreshold=0.08	ThicknessThreshold=0.09	RoughnessThreshold=0.09	ThicknessThreshold=0.09999999999999999	RoughnessThreshold=0.09999999999999999	ThicknessThreshold=0.11	RoughnessThreshold=0.11	ThicknessThreshold=0.12	RoughnessThreshold=0.12	ThicknessThreshold=0.13	RoughnessThreshold=0.13	ThicknessThreshold=0.14	RoughnessThreshold=0.14	ThicknessThreshold=0.15000000000000002	RoughnessThreshold=0.15000000000000002	ThicknessThreshold=0.16	RoughnessThreshold=0.16	ThicknessThreshold=0.17	RoughnessThreshold=0.17	ThicknessThreshold=0.18000000000000002	RoughnessThreshold=0.18000000000000002	ThicknessThreshold=0.19	RoughnessThreshold=0.19	ThicknessThreshold=0.2	RoughnessThreshold=0.2	ThicknessThreshold=0.21000000000000002	RoughnessThreshold=0.21000000000000002	ThicknessThreshold=0.22	RoughnessThreshold=0.22	ThicknessThreshold=0.23	RoughnessThreshold=0.23	ThicknessThreshold=0.24000000000000002	RoughnessThreshold=0.24000000000000002	ThicknessThreshold=0.25	RoughnessThreshold=0.25	ThicknessThreshold=0.26	RoughnessThreshold=0.26	ThicknessThreshold=0.27	RoughnessThreshold=0.27	ThicknessThreshold=0.28	RoughnessThreshold=0.28	ThicknessThreshold=0.29000000000000004	RoughnessThreshold=0.29000000000000004
0	1	15	0	0	4062	1	4189	5	4361	6	4483	12	4586	13	4717	9	4879	10	4958	17	5096	26	5207	24	5350	37	5396	54	5469	84	5555	98	5602	152	5612	199	5681	244	5773	327	5842	429	5893	503	5915	608	5955	720	6016	850	6069	974	6114	1124	6148	1300	6116	1521	6135	1704	6128	4066	4095	1422.0	854.2857297297071	1560.622109413147	29	1	0.5629739761352539	4.166666666666666	4.518072289156627			15.735037768739105	0.0014889593662988938	16.079379702134194	0.005337945318088161	16.395969621776075	0.010798941703713035	16.497387208360934	0.036024136171234726	16.534467839630803	0.05879958387986793	16.689074440985	0.0537987925159902	16.949800243182214	0.06977880120019538	16.81590014923348	0.13406940063091483	16.934170737380786	0.21797451374916166	16.95704562477611	0.2026513552309381	17.046359725983752	0.3079483978360383	16.93128333856291	0.4334564135495264	16.81372398315246	0.6579978066739777	16.74756549790467	0.7382297551789078	16.583286462804537	1.101848495831823	16.391144342543374	1.3754492673486316	16.231428571428573	1.593625498007968	16.229512805375165	2.02414113277623	16.17252166209894	2.5073056691992988	16.071233773317335	2.8056671128960287	15.91851014586361	3.2490781809437292	15.847459882374856	3.640040444893832	15.840332815503306	4.089487611258119	15.781672560848762	4.453589391860997	15.674511613597907	4.921406366303254	15.592979608400121	5.431603576502048	15.449516255336349	6.083756649734011	15.402575883106124	6.534493998542777	15.295145388743292	4.757670075589151	4.761904761904762	13.939809822566415	5.886401905170741	10.03439363058973	5.440900562851782	4.761904761904762	3.991968739459156	59.63999999999999	0.43940000000000007	0.081132050391244	20.918707615015837	-1.1444135452787219e-05	18.38566285340976	-1.2398262717279554e-05	15.789931491619914	-1.43143429716576e-05	14.191003059858481	-1.434310034719865e-05	13.120341754997524	-1.5356339048770772e-05	12.329903851628673	-1.6405940880709508e-05	11.697958259300874	-1.6523672104250764e-05	11.167465831301115	-1.6662893011484656e-05	10.704307641753699	-1.6825969002606046e-05	10.288360873960345	-1.701481990813999e-05	9.908295358718215	-1.8244050665755815e-05	9.55862574421894	-1.850269985228678e-05	9.230874657753738	-1.983281976768461e-05	8.92025976892919	-2.0165120497208193e-05	8.628219200577345	-2.0526848577759482e-05	8.348247859718667	-2.0921101022491284e-05	8.081275995263272	-2.2470269025295906e-05	7.8245439248517625	-2.295586619943827e-05	7.5780677913592065	-2.3470239150001818e-05	7.340533391315002	-2.4025582440182308e-05	7.119489992988326	-2.337227482350857e-05	6.903260986184829	-2.398251043870323e-05	6.693315119553849	-7.776291642041744e-06	6.498334597324426	-7.997142354465338e-06	6.308211680334053	-5.487081352839907e-06	6.123527624914345	-5.651441682773276e-06	5.947149146135496	-5.828932489303909e-06	5.781111664307643	-6.0166480651963985e-06	5.622754379368103	-1.5537963128413496e-06
1	1	21	0	0	3349	1	3470	4	3616	18	3752	17	3830	16	3888	22	3976	38	4069	42	4134	63	4180	100	4249	148	4303	224	4348	292	4429	355	4465	435	4538	519	4588	651	4645	736	4678	853	4720	974	4765	1069	4768	1227	4786	1335	4814	1475	4851	1652	4866	1798	4846	1949	4862	2164	4863	4063	4095	1267.0	849.5810670941964	1431.3216924667358	32	1	0.5757894515991211	4.166666666666666	6.325301204819277			12.973077668022468	0.0014889593662988938	13.319514816520805	0.004270356254470529	13.595007143394241	0.03239682511113911	13.807315816589385	0.051034192909249196	13.808768387655032	0.07236871862137591	13.756014718369658	0.1315081594835316	13.812749696022234	0.2651594445607424	13.800705467372135	0.3312302839116719	13.7374140165487	0.528169014084507	13.612531344644543	0.8443806467955753	13.538314481440178	1.2317935913441531	13.501725760903671	1.7980414191684058	13.36735635010914	2.2873257089143038	13.352829449184481	2.6741996233521657	13.21748912110358	3.1533164189923886	13.254278871429406	3.5872269836881396	13.108571428571429	4.251845078701587	13.058390261730061	4.555865057257815	12.950197934833763	4.9853886616014025	12.872259190574889	5.4328424810352525	12.82361806340492	5.712606209586918	12.688612715224739	6.203235591506572	12.601700939993155	6.422901130623046	12.51820262117745	6.744398719707362	12.436548223350254	7.233241385349622	12.341483209901591	7.5123255619620615	12.241392376285145	7.795688172473102	12.206572769953052	8.298500594393527	12.13777611381505	4.754159743511736	4.761904761904762	12.420350945985687	5.853984724200602	9.203025631627089	6.0037523452157595	4.761904761904762	4.082841461115429	59.63999999999999	0.43940000000000007	0.081132050391244	20.918707615015837	-1.1444135452787219e-05	18.38566285340976	-1.2398262717279554e-05	15.789931491619914	-1.43143429716576e-05	14.191003059858481	-1.434310034719865e-05	13.120341754997524	-1.5356339048770772e-05	12.329903851628673	-1.6405940880709508e-05	11.697958259300874	-1.6523672104250764e-05	11.167465831301115	-1.6662893011484656e-05	10.704307641753699	-1.6825969002606046e-05	10.288360873960345	-1.701481990813999e-05	9.908295358718215	-1.8244050665755815e-05	9.55862574421894	-1.850269985228678e-05	9.230874657753738	-1.983281976768461e-05	8.92025976892919	-2.0165120497208193e-05	8.628219200577345	-2.0526848577759482e-05	8.348247859718667	-2.0921101022491284e-05	8.081275995263272	-2.2470269025295906e-05	7.8245439248517625	-2.295586619943827e-05	7.5780677913592065	-2.3470239150001818e-05	7.340533391315002	-2.4025582440182308e-05	7.119489992988326	-2.337227482350857e-05	6.903260986184829	-2.398251043870323e-05	6.693315119553849	-7.776291642041744e-06	6.498334597324426	-7.997142354465338e-06	6.308211680334053	-5.487081352839907e-06	6.123527624914345	-5.651441682773276e-06	5.947149146135496	-5.828932489303909e-06	5.781111664307643	-6.0166480651963985e-06	5.622754379368103	-1.5537963128413496e-06
2	1	27	0	0	2728	1	2816	5	2893	22	2933	32	3028	50	3119	86	3180	145	3261	213	3248	280	3304	382	3349	432	3368	514	3382	604	3469	659	3516	768	3537	830	3594	955	3623	1100	3660	1206	3682	1309	3758	1416	3802	1554	3790	1682	3838	1835	3880	2003	3872	2091	3871	2311	3875	2382	3862	4052	4095	1101.0	829.4548968500819	1287.3922214508057	43	1	0.5886344909667969	4.166666666666666	8.132530120481928			10.567499515785396	0.0014889593662988938	10.809150928911409	0.005337945318088161	10.8767576509512	0.039596119580281135	10.793405461102525	0.0960643631232926	10.91721949812518	0.2261522456917997	11.035239173506934	0.5140773507083507	11.047420531526837	1.011792617402833	11.06023606023606	1.6798107255520505	10.793207722726216	2.3474178403755865	10.759761617872146	3.225534070759098	10.670702564919548	3.5955056179775284	10.567932224662693	4.125862899341788	10.397515909859502	4.731317562274792	10.458560704272061	4.96421845574388	10.408217637133301	5.567234505255527	10.330626788947953	5.7367984517555985	10.268571428571429	6.237345699170531	10.185263276264372	6.809037449705974	10.132048833153393	7.048509643483343	10.041453038071344	7.301427933958054	10.1135690833737	7.566932079303158	10.117891263272746	7.856420626895854	9.979199031043471	8.092374308395478	9.980237154150199	8.390489254686786	9.947187612162232	8.770086255965673	9.820432180176525	8.736525444973678	9.778462626619849	9.243630254789808	9.72860334915016	9.134486328948881	9.639336078871834	4.74128852589455	4.761904761904762	10.7930595039702	5.715306618332873	8.277596625780511	8.067542213883677	4.761904761904762	4.173923816226928	59.63999999999999	0.43940000000000007	0.081132050391244	20.918707615015837	-1.1444135452787219e-05	18.38566285340976	-1.2398262717279554e-05	15.789931491619914	-1.43143429716576e-05	14.191003059858481	-1.434310034719865e-05	13.120341754997524	-1.5356339048770772e-05	12.329903851628673	-1.6405940880709508e-05	11.697958259300874	-1.6523672104250764e-05	11.167465831301115	-1.6662893011484656e-05	10.704307641753699	-1.6825969002606046e-05	10.288360873960345	-1.701481990813999e-05	9.908295358718215	-1.8244050665755815e-05	9.55862574421894	-1.850269985228678e-05	9.230874657753738	-1.983281976768461e-05	8.92025976892919	-2.0165120497208193e-05	8.628219200577345	-2.0526848577759482e-05	8.348247859718667	-2.0921101022491284e-05	8.081275995263272	-2.2470269025295906e-05	7.8245439248517625	-2.295586619943827e-05	7.5780677913592065	-2.3470239150001818e-05	7.340533391315002	-2.4025582440182308e-05	7.119489992988326	-2.337227482350857e-05	6.903260986184829	-2.398251043870323e-05	6.693315119553849	-7.776291642041744e-06	6.498334597324426	-7.997142354465338e-06	6.308211680334053	-5.487081352839907e-06	6.123527624914345	-5.651441682773276e-06	5.947149146135496	-5.828932489303909e-06	5.781111664307643	-6.0166480651963985e-06	5.622754379368103	-1.5537963128413496e-06
3	1	26	0	0	2139	1	2208	13	2244	67	2342	153	2423	281	2414	367	2421	464	2480	508	2541	543	2612	607	2693	695	2731	747	2783	877	2787	942	2778	1029	2814	1146	2814	1220	2877	1316	2900	1434	2886	1550	2890	1599	2918	1685	2947	1785	2953	1877	2962	1970	2973	2073	2979	2096	2968	2155	2978	4070	4095	944.0	804.9595431886876	1148.6171808242798	25	1	0.6002607345581055	4.166666666666666	7.83132530120482			8.285880302149913	0.0014889593662988938	8.47535697835099	0.01387865782702922	8.436724565756824	0.12058818235812892	8.618532420696253	0.4593077361832428	8.735938852033458	1.2709756207879144	8.54090008491367	2.1937952059298227	8.410630536737884	3.2377363756890656	8.41134174467508	4.006309148264984	8.443824145150035	4.5523138832997985	8.506203797179795	5.125390526049143	8.580532101322287	5.784436121514773	8.569187323501726	5.996147054101781	8.555968887385864	6.86981043396522	8.402423950073864	7.096045197740112	8.223557621147982	7.45922435665096	8.21893802208073	7.9209289466408626	8.04	7.968127490039841	8.088049253605465	8.146084803466419	8.028126124629738	8.381063705435418	7.870622886440493	8.645693886657742	7.777598363744012	8.544861860738525	7.76538840248024	8.51870576339737	7.759551330998709	8.58792398364205	7.67890576242979	8.582533150434385	7.593703532789828	8.625596567275275	7.540326671401035	8.661318626222112	7.525197665900422	8.383664653413863	7.451482513620045	8.263987421866013	7.432921502558343	4.762350518359037	4.761904761904762	9.253994706401333	5.546522929875517	7.385309264638816	4.690431519699812	4.761904761904762	4.256363863087444	59.63999999999999	0.43940000000000007	0.081132050391244	20.918707615015837	-1.1444135452787219e-05	18.38566285340976	-1.2398262717279554e-05	15.789931491619914	-1.43143429716576e-05	14.191003059858481	-1.434310034719865e-05	13.120341754997524	-1.5356339048770772e-05	12.329903851628673	-1.6405940880709508e-05	11.697958259300874	-1.6523672104250764e-05	11.167465831301115	-1.6662893011484656e-05	10.704307641753699	-1.6825969002606046e-05	10.288360873960345	-1.701481990813999e-05	9.908295358718215	-1.8244050665755815e-05	9.55862574421894	-1.850269985228678e-05	9.230874657753738	-1.983281976768461e-05	8.92025976892919	-2.0165120497208193e-05	8.628219200577345	-2.0526848577759482e-05	8.348247859718667	-2.0921101022491284e-05	8.081275995263272	-2.2470269025295906e-05	7.8245439248517625	-2.295586619943827e-05	7.5780677913592065	-2.3470239150001818e-05	7.340533391315002	-2.4025582440182308e-05	7.119489992988326	-2.337227482350857e-05	6.903260986184829	-2.398251043870323e-05	6.693315119553849	-7.776291642041744e-06	6.498334597324426	-7.997142354465338e-06	6.308211680334053	-5.487081352839907e-06	6.123527624914345	-5.651441682773276e-06	5.947149146135496	-5.828932489303909e-06	5.781111664307643	-6.0166480651963985e-06	5.622754379368103	-1.5537963128413496e-06
4	1	24	0	0	1739	1	1754	38	1838	248	1836	570	1836	684	1880	719	1939	680	1970	758	2004	818	2008	889	2024	920	2043	969	2083	1052	2127	1114	2118	1122	2141	1172	2157	1233	2211	1323	2255	1391	2265	1439	2281	1495	2288	1533	2289	1599	2281	1725	2333	1740	2337	1781	2350	1830	2315	1833	2322	4057	4095	811.0	788.8795761957716	1032.0166282653809	38	1	0.6106462478637695	4.166666666666666	7.228915662650602			6.73639356963006	0.0014889593662988938	6.732688469215415	0.04056838441747002	6.910294007068201	0.4463562570868055	6.756458379333186	1.7111464681336495	6.61955581194116	3.09376272106382	6.65157090291537	4.297925757666328	6.73614729894042	4.744958481613286	6.681590014923349	5.977917981072555	6.659355996411126	6.857813547954393	6.539225583743121	7.506543950012666	6.448940576708619	7.6570952975447355	6.410417320363979	7.778134532027613	6.403910597349894	8.24063919786934	6.412614187946576	8.391713747645952	6.269796631242415	8.133381660021747	6.253285822770022	8.100635886093448	6.162857142857143	8.053033766573051	6.2157375390064935	8.18941504178273	6.242560141737951	8.129748684979544	6.177048107341551	8.026550647032575	6.138651165294149	7.98909848768236	6.088830933815898	7.750252780586451	6.027014929303036	7.693047871060861	5.931454129394633	7.887517146776406	5.981131108034661	7.61854722185735	5.927259815359643	7.441296899807805	5.936292217141991	7.319707211711532	5.8120559363309985	7.029182804770487	5.795582178959191	4.7471390793569075	4.761904761904762	7.950200960690128	5.4357249321469	6.635598085447443	7.129455909943714	4.761904761904762	4.330006067197936	59.63999999999999	0.43940000000000007	0.081132050391244	20.918707615015837	-1.1444135452787219e-05	18.38566285340976	-1.2398262717279554e-05	15.789931491619914	-1.43143429716576e-05	14.191003059858481	-1.434310034719865e-05	13.120341754997524	-1.5356339048770772e-05	12.329903851628673	-1.6405940880709508e-05	11.697958259300874	-1.6523672104250764e-05	11.167465831301115	-1.6662893011484656e-05	10.704307641753699	-1.6825969002606046e-05	10.288360873960345	-1.701481990813999e-05	9.908295358718215	-1.8244050665755815e-05	9.55862574421894	-1.850269985228678e-05	9.230874657753738	-1.983281976768461e-05	8.92025976892919	-2.0165120497208193e-05	8.628219200577345	-2.0526848577759482e-05	8.348247859718667	-2.0921101022491284e-05	8.081275995263272	-2.2470269025295906e-05	7.8245439248517625	-2.295586619943827e-05	7.5780677913592065	-2.3470239150001818e-05	7.340533391315002	-2.4025582440182308e-05	7.119489992988326	-2.337227482350857e-05	6.903260986184829	-2.398251043870323e-05	6.693315119553849	-7.776291642041744e-06	6.498334597324426	-7.997142354465338e-06	6.308211680334053	-5.487081352839907e-06	6.123527624914345	-5.651441682773276e-06	5.947149146135496	-5.828932489303909e-06	5.781111664307643	-6.0166480651963985e-06	5.622754379368103	-1.5537963128413496e-06
5	1	20	0	0	1276	4	1310	209	1364	976	1381	1354	1416	1235	1449	1186	1446	1106	1440	1040	1492	996	1515	968	1531	961	1577	1025	1575	1017	1621	1061	1623	1108	1638	1086	1695	1128	1685	1148	1699	1181	1734	1213	1734	1270	1739	1271	1731	1301	1750	1375	1772	1381	1759	1446	1764	1447	1746	1466	1776	4064	4095	676.0	783.2965788187455	925.915904045105	31	1	0.6217279434204102	4.166666666666666	6.024096385542169			4.942862676738331	0.005955837465195575	5.028404729003531	0.22312611429608514	5.128205128205128	1.7566278504706538	5.082063737396041	4.064723364654318	5.105278338621287	5.585960468587453	5.1266628927257285	7.089485324884931	5.023449713392392	7.71753541274161	4.884004884004884	8.201892744479496	4.957963646030638	8.350100603621732	4.933728465822125	8.173604660981171	4.878126493547874	7.9983354140657505	4.948227172889865	8.227644886819714	4.842131152580933	7.966473445088516	4.887093370315656	7.992467043314501	4.804475888813238	8.031895614353028	4.784157953151469	7.506220624827205	4.842857142857143	7.367252302266344	4.737004863512412	7.106159083874962	4.703374581291698	6.902396259497371	4.728918948401876	6.76595269968764	4.666559018246407	6.786725805589697	4.627830853979828	6.425682507583417	4.557781932120383	6.259321626172721	4.550655294362388	6.2871513488797435	4.54289083730708	6.0466745479224135	4.461296540529573	6.041614439709201	4.456008285548286	5.787768489260429	4.383520373578369	5.621812325037389	4.4327967053538	4.7553298542042075	4.761904761904762	6.626801293990785	5.397255641073657	5.953398067329511	5.816135084427768	4.761904761904762	4.408584801060556	59.63999999999999	0.43940000000000007	0.081132050391244	20.918707615015837	-1.1444135452787219e-05	18.38566285340976	-1.2398262717279554e-05	15.789931491619914	-1.43143429716576e-05	14.191003059858481	-1.434310034719865e-05	13.120341754997524	-1.5356339048770772e-05	12.329903851628673	-1.6405940880709508e-05	11.697958259300874	-1.6523672104250764e-05	11.167465831301115	-1.6662893011484656e-05	10.704307641753699	-1.6825969002606046e-05	10.288360873960345	-1.701481990813999e-05	9.908295358718215	-1.8244050665755815e-05	9.55862574421894	-1.850269985228678e-05	9.230874657753738	-1.983281976768461e-05	8.92025976892919	-2.0165120497208193e-05	8.628219200577345	-2.0526848577759482e-05	8.348247859718667	-2.0921101022491284e-05	8.081275995263272	-2.2470269025295906e-05	7.8245439248517625	-2.295586619943827e-05	7.5780677913592065	-2.3470239150001818e-05	7.340533391315002	-2.4025582440182308e-05	7.119489992988326	-2.337227482350857e-05	6.903260986184829	-2.398251043870323e-05	6.693315119553849	-7.776291642041744e-06	6.498334597324426	-7.997142354465338e-06	6.308211680334053	-5.487081352839907e-06	6.123527624914345	-5.651441682773276e-06	5.947149146135496	-5.828932489303909e-06	5.781111664307643	-6.0166480651963985e-06	5.622754379368103	-1.5537963128413496e-06
6	1	19	0	0	1076	4	1149	513	1153	1847	1170	1921	1170	1533	1205	1373	1177	1187	1262	1080	1277	928	1285	935	1273	958	1296	926	1320	917	1348	905	1379	946	1384	944	1397	988	1438	1004	1437	1019	1446	1057	1467	1073	1485	1144	1514	1168	1543	1182	1572	1193	1615	1215	1595	1279	1625	1274	1623	4057	4095	600.0	782.1903053388222	869.0271530151367	38	1	0.6291360855102539	4.166666666666666	5.72289156626506			4.168119310478404	0.005955837465195575	4.410409949332105	0.5476731896358454	4.334912399428529	3.3242742211263296	4.30558622212409	5.76686379874516	4.218344389962503	6.933827852910579	4.263373903198415	8.20730468049495	4.088935209310405	8.282743702463192	4.280287613620947	8.517350157728707	4.243511780148207	7.7800134138162305	4.1847135832220665	7.89495904753863	4.056077744145292	7.9733666250520185	4.0665202384687795	7.432974795312249	4.058167061210686	7.183142722857591	4.064035695981187	6.817325800376647	4.082176371332998	6.857557085900688	4.042292189964368	6.524744263201549	3.9914285714285715	6.452877016524068	4.042618987377359	6.214794181367997	3.978074910721701	5.9555815312682645	3.943492963892222	5.895805443998215	3.948005813014694	5.733981723935233	3.951885461851665	5.783619817997978	3.9864135443271285	5.619437094058215	4.012377782400665	5.404663923182442	4.0301492078141825	5.223521169928631	4.0960738561428425	5.07646026573076	4.029100462272969	5.115795368185273	4.079736888353293	4.885531311117076	4.050917259453389	4.7471390793569075	4.761904761904762	5.881776296441525	5.389632933479184	5.587618217393913	7.129455909943714	4.761904761904762	4.461114887518803	59.63999999999999	0.43940000000000007	0.081132050391244	20.918707615015837	-1.1444135452787219e-05	18.38566285340976	-1.2398262717279554e-05	15.789931491619914	-1.43143429716576e-05	14.191003059858481	-1.434310034719865e-05	13.120341754997524	-1.5356339048770772e-05	12.329903851628673	-1.6405940880709508e-05	11.697958259300874	-1.6523672104250764e-05	11.167465831301115	-1.6662893011484656e-05	10.704307641753699	-1.6825969002606046e-05	10.288360873960345	-1.701481990813999e-05	9.908295358718215	-1.8244050665755815e-05	9.55862574421894	-1.850269985228678e-05	9.230874657753738	-1.983281976768461e-05	8.92025976892919	-2.0165120497208193e-05	8.628219200577345	-2.0526848577759482e-05	8.348247859718667	-2.0921101022491284e-05	8.081275995263272	-2.2470269025295906e-05	7.8245439248517625	-2.295586619943827e-05	7.5780677913592065	-2.3470239150001818e-05	7.340533391315002	-2.4025582440182308e-05	7.119489992988326	-2.337227482350857e-05	6.903260986184829	-2.398251043870323e-05	6.693315119553849	-7.776291642041744e-06	6.498334597324426	-7.997142354465338e-06	6.308211680334053	-5.487081352839907e-06	6.123527624914345	-5.651441682773276e-06	5.947149146135496	-5.828932489303909e-06	5.781111664307643	-6.0166480651963985e-06	5.622754379368103	-1.5537963128413496e-06
7	1	21	0	0	940	9	912	1142	934	2710	998	2391	1018	1773	1012	1361	1012	1165	1047	963	1084	855	1093	819	1136	804	1118	855	1156	765	1176	759	1190	757	1212	800	1243	846	1234	863	1313	905	1347	943	1373	933	1399	987	1439	1022	1456	1013	1493	1037	1534	1059	1536	1093	1556	1132	1564	4067	4095	526.0	781.9287551023145	819.2110719680786	28	1	0.6353330612182617	4.166666666666666	6.325301204819277			3.641293821421654	0.013400634296690042	3.5006909258406265	1.219186710651336	3.5115422212196408	4.877522002843722	3.672628247589608	7.17780913211852	3.6703201615229304	8.019358632231217	3.580526464760826	8.135572957140296	3.515719993051937	8.129230339822762	3.551078551078551	7.594637223974764	3.6021666168211874	7.168008048289738	3.5594489855733222	6.915477497255764	3.619563485741596	6.691635455680399	3.5080012550988386	6.863059881200835	3.5539705475451164	5.992480025066583	3.5454792125177126	5.7175141242937855	3.5226902696782214	5.487495469372961	3.5399263975699515	5.52944429084877	3.551428571428571	5.525439226699758	3.46911810182452	5.3419993809965955	3.634803310909947	5.289304500292227	3.6735027817170285	5.259928603302097	3.695032025405027	4.985838721744242	3.7230220613673257	4.989888776541961	3.788935990942363	4.917007457300938	3.786145204909507	4.631915866483768	3.827616264164488	4.540479005210385	3.8906360961753066	4.424667836550514	3.8800616363957867	4.37182512699492	3.906504983555522	4.340990144571845	3.9036565580930986	4.758840186281622	4.761904761904762	5.1563572198804035	5.3878307380814405	5.267313793059239	5.253283302063791	4.761904761904762	4.505056764682254	59.63999999999999	0.43940000000000007	0.081132050391244	20.918707615015837	-1.1444135452787219e-05	18.38566285340976	-1.2398262717279554e-05	15.789931491619914	-1.43143429716576e-05	14.191003059858481	-1.434310034719865e-05	13.120341754997524	-1.5356339048770772e-05	12.329903851628673	-1.6405940880709508e-05	11.697958259300874	-1.6523672104250764e-05	11.167465831301115	-1.6662893011484656e-05	10.704307641753699	-1.6825969002606046e-05	10.288360873960345	-1.701481990813999e-05	9.908295358718215	-1.8244050665755815e-05	9.55862574421894	-1.850269985228678e-05	9.230874657753738	-1.983281976768461e-05	8.92025976892919	-2.0165120497208193e-05	8.628219200577345	-2.0526848577759482e-05	8.348247859718667	-2.0921101022491284e-05	8.081275995263272	-2.2470269025295906e-05	7.8245439248517625	-2.295586619943827e-05	7.5780677913592065	-2.3470239150001818e-05	7.340533391315002	-2.4025582440182308e-05	7.119489992988326	-2.337227482350857e-05	6.903260986184829	-2.398251043870323e-05	6.693315119553849	-7.776291642041744e-06	6.498334597324426	-7.997142354465338e-06	6.308211680334053	-5.487081352839907e-06	6.123527624914345	-5.651441682773276e-06	5.947149146135496	-5.828932489303909e-06	5.781111664307643	-6.0166480651963985e-06	5.622754379368103	-1.5537963128413496e-06
8	1	18	0	0	774	96	820	2255	813	3510	842	2627	844	1737	891	1219	914	947	933	841	976	702	1020	688	1023	661	1047	637	1071	621	1103	673	1130	645	1145	665	1203	721	1228	739	1238	792	1258	823	1308	836	1341	837	1385	887	1413	922	1417	959	1434	1015	1451	1021	1475	1071	1497	4064	4095	457.0	782.9336992882702	776.9527959823608	31	1	0.6407184600830078	4.166666666666666	5.421686746987952			2.998256827425915	0.1429400991646938	3.1475510517426684	2.4074133384577605	3.0566207985562825	6.317380896672126	3.0985500846397294	7.886283810152802	3.0429766368618405	7.8565290153331215	3.15242003962638	7.286747564110228	3.1752648949105433	6.608052473658503	3.1644281644281644	6.632492113564668	3.2432791679128035	5.885311871227364	3.321718175008956	5.8093388499535585	3.2595188784451166	5.501456512692468	3.28522121117038	5.113180285760154	3.2926491837550342	4.864483785054049	3.325394193373331	5.069679849340866	3.3450756342322605	4.675607104023197	3.3442373970442194	4.59635056676804	3.4371428571428573	4.709032721572726	3.4522504287200246	4.574435159393377	3.4271793594109012	4.628872004675628	3.430784335115087	4.5905845604640785	3.5201033424834494	4.467482498797628	3.5686723261569577	4.23154701718908	3.6467521525053317	4.267500601395237	3.674329103390888	4.215820759030636	3.632774444957186	4.198957922851263	3.637009232017855	4.240828946268906	3.665344683860863	4.083836646534138	3.7031457909668353	4.107067530774246	3.7364283040059907	4.7553298542042075	4.761904761904762	4.479952945789629	5.394755242570906	4.995604086504945	5.816135084427768	4.761904761904762	4.543243865381239	59.63999999999999	0.43940000000000007	0.081132050391244	20.918707615015837	-1.1444135452787219e-05	18.38566285340976	-1.2398262717279554e-05	15.789931491619914	-1.43143429716576e-05	14.191003059858481	-1.434310034719865e-05	13.120341754997524	-1.5356339048770772e-05	12.329903851628673	-1.6405940880709508e-05	11.697958259300874	-1.6523672104250764e-05	11.167465831301115	-1.6662893011484656e-05	10.704307641753699	-1.6825969002606046e-05	10.288360873960345	-1.701481990813999e-05	9.908295358718215	-1.8244050665755815e-05	9.55862574421894	-1.850269985228678e-05	9.230874657753738	-1.983281976768461e-05	8.92025976892919	-2.0165120497208193e-05	8.628219200577345	-2.0526848577759482e-05	8.348247859718667	-2.0921101022491284e-05	8.081275995263272	-2.2470269025295906e-05	7.8245439248517625	-2.295586619943827e-05	7.5780677913592065	-2.3470239150001818e-05	7.340533391315002	-2.4025582440182308e-05	7.119489992988326	-2.337227482350857e-05	6.903260986184829	-2.398251043870323e-05	6.693315119553849	-7.776291642041744e-06	6.498334597324426	-7.997142354465338e-06	6.308211680334053	-5.487081352839907e-06	6.123527624914345	-5.651441682773276e-06	5.947149146135496	-5.828932489303909e-06	5.781111664307643	-6.0166480651963985e-06	5.622754379368103	-1.5537963128413496e-06
9	1	16	0	0	656	279	703	4143	679	4292	729	2512	766	1523	821	1024	832	815	894	602	913	559	943	521	1003	516	1023	540	1070	542	1088	574	1109	592	1119	616	1159	661	1197	685	1220	703	1281	721	1275	773	1302	829	1313	849	1321	920	1366	938	1417	998	1431	1014	1460	1085	1494	4069	4095	384.0	773.7760470831015	728.7308301925659	26	1	0.6470746994018555	4.166666666666666	4.819277108433735			2.5411582413325586	0.4154196631973913	2.698449255335483	4.423021490567851	2.5528235205654557	7.724842965389392	2.682711415323471	7.541052505178469	2.761753677531007	6.888597403772219	2.904755165581659	6.121107059597107	2.8903943025881533	5.686972297815924	3.0321530321530323	4.747634069400631	3.0339281560495794	4.686452045606975	3.07096101866024	4.399223169804948	3.1957941691891034	4.294631710362047	3.2099152808283655	4.334564135495264	3.2895748147692685	4.245652514491619	3.2801712442340736	4.323917137476459	3.2829105118261745	4.291409931134469	3.268298381914832	4.257672103953553	3.3114285714285714	4.3171575991117495	3.3651007843467995	4.240173320953265	3.3773496110511307	4.108708357685565	3.493509326933566	4.021642124051763	3.431293395769417	4.130818147811682	3.464885435239641	4.191102123356926	3.457173701255957	4.084676449362521	3.435094653630123	4.206675811614083	3.502025329436497	4.107009939139192	3.5938926651110883	4.169800284114649	3.6148230479702934	4.055837766489341	3.665486681228189	4.160754688039268	3.728940471733433	4.761180407666565	4.761904761904762	3.764336829722576	5.331655018007338	4.685549408016768	4.878048780487805	4.761904761904762	4.588315058255109	59.63999999999999	0.43940000000000007	0.081132050391244	20.918707615015837	-1.1444135452787219e-05	18.38566285340976	-1.2398262717279554e-05	15.789931491619914	-1.43143429716576e-05	14.191003059858481	-1.434310034719865e-05	13.120341754997524	-1.5356339048770772e-05	12.329903851628673	-1.6405940880709508e-05	11.697958259300874	-1.6523672104250764e-05	11.167465831301115	-1.6662893011484656e-05	10.704307641753699	-1.6825969002606046e-05	10.288360873960345	-1.701481990813999e-05	9.908295358718215	-1.8244050665755815e-05	9.55862574421894	-1.850269985228678e-05	9.230874657753738	-1.983281976768461e-05	8.92025976892919	-2.0165120497208193e-05	8.628219200577345	-2.0526848577759482e-05	8.348247859718667	-2.0921101022491284e-05	8.081275995263272	-2.2470269025295906e-05	7.8245439248517625	-2.295586619943827e-05	7.5780677913592065	-2.3470239150001818e-05	7.340533391315002	-2.4025582440182308e-05	7.119489992988326	-2.337227482350857e-05	6.903260986184829	-2.398251043870323e-05	6.693315119553849	-7.776291642041744e-06	6.498334597324426	-7.997142354465338e-06	6.308211680334053	-5.487081352839907e-06	6.123527624914345	-5.651441682773276e-06	5.947149146135496	-5.828932489303909e-06	5.781111664307643	-6.0166480651963985e-06	5.622754379368103	-1.5537963128413496e-06
10	1	21	0	0	613	481	602	5490	637	4354	658	2320	702	1348	729	860	750	690	763	590	808	539	869	501	903	490	935	490	982	467	1018	524	1055	579	1097	622	1126	604	1164	617	1192	654	1236	708	1252	728	1289	764	1328	784	1364	861	1385	907	1415	953	1431	1006	1438	1051	1469	4070	4095	330.0	758.828004727614	687.8192520141602	25	1	0.6545162200927734	4.166666666666666	6.325301204819277			2.3745884175866743	0.7161894551897678	2.310763089206203	5.861063959260801	2.3949169110459434	7.836432029661093	2.4214322514167956	6.964666326438714	2.531006633977502	6.09706454385092	2.579252759694311	5.140773507083508	2.6055237102657633	4.814737282813481	2.5878442545109213	4.652996845425868	2.685009802944206	4.518779342723005	2.8299736216497866	4.230347040445833	2.8771706229090332	4.078235538909696	2.933793536240979	3.9332156044308877	3.0190303440218895	3.658154472818424	3.0691308149175436	3.947269303201507	3.12305733992481	4.1971728887278	3.2040422921899645	4.299142936134919	3.217142857142857	3.944876232773823	3.272328582272076	3.819251005880532	3.299836669158154	3.822326125073057	3.3707865168539324	3.9491298527443104	3.3693955541202434	3.890343611393149	3.430289804933869	3.8624873609706776	3.49666921193291	3.771950926148665	3.5469107551487413	3.9368998628257885	3.5507357842383223	3.971277201278515	3.5888201278279395	3.9817832372357316	3.6148230479702934	4.023839046438143	3.6102533202781757	4.030371591824213	3.666541869462124	4.762350518359037	4.761904761904762	3.234976963042839	5.22865647555509	4.422498617556584	4.690431519699812	4.761904761904762	4.641081827646676	59.63999999999999	0.43940000000000007	0.081132050391244	20.918707615015837	-1.1444135452787219e-05	18.38566285340976	-1.2398262717279554e-05	15.789931491619914	-1.43143429716576e-05	14.191003059858481	-1.434310034719865e-05	13.120341754997524	-1.5356339048770772e-05	12.329903851628673	-1.6405940880709508e-05	11.697958259300874	-1.6523672104250764e-05	11.167465831301115	-1.6662893011484656e-05	10.704307641753699	-1.6825969002606046e-05	10.288360873960345	-1.701481990813999e-05	9.908295358718215	-1.8244050665755815e-05	9.55862574421894	-1.850269985228678e-05	9.230874657753738	-1.983281976768461e-05	8.92025976892919	-2.0165120497208193e-05	8.628219200577345	-2.0526848577759482e-05	8.348247859718667	-2.0921101022491284e-05	8.081275995263272	-2.2470269025295906e-05	7.8245439248517625	-2.295586619943827e-05	7.5780677913592065	-2.3470239150001818e-05	7.340533391315002	-2.4025582440182308e-05	7.119489992988326	-2.337227482350857e-05	6.903260986184829	-2.398251043870323e-05	6.693315119553849	-7.776291642041744e-06	6.498334597324426	-7.997142354465338e-06	6.308211680334053	-5.487081352839907e-06	6.123527624914345	-5.651441682773276e-06	5.947149146135496	-5.828932489303909e-06	5.781111664307643	-6.0166480651963985e-06	5.622754379368103	-1.5537963128413496e-06
11	1	17	0	0	556	950	584	6506	631	4250	642	2161	674	1259	729	801	730	704	765	551	796	483	829	461	859	483	863	491	924	487	972	524	1051	552	1066	569	1123	601	1147	646	1186	682	1238	729	1290	744	1344	775	1342	826	1391	859	1390	868	1417	945	1453	1005	1482	1053	1477	4074	4095	283.0	737.3322777229522	644.6443710327148	21	1	0.6641244888305664	4.166666666666666	5.120481927710843			2.1537865582025955	1.414511397983949	2.241670505143559	6.9457344478963154	2.372358823971727	7.649250373463401	2.3625524398321924	6.487346522169854	2.430054802422844	5.6945135465195165	2.579252759694311	4.788092533923127	2.5360430779920096	4.912427604493755	2.5946275946275947	4.3454258675078865	2.6451334197321636	4.049295774647888	2.6997101638062984	3.8925947817276025	2.7369762625458023	4.019975031210986	2.707875745214936	3.941242575052175	2.8407169428474806	3.814820617264609	2.9304471042238234	3.947269303201507	3.1112163642284125	4.00144980065241	3.1134996203049243	3.932817251866187	3.2085714285714286	3.9252824766507737	3.224536841809339	3.998761993190963	3.2832267530382304	3.9859731151373463	3.3762408639685835	4.066265060240964	3.471661553366704	3.9758456687864054	3.5766559331505974	3.918099089989889	3.533531688564733	3.974019725763772	3.617120865404618	3.9277549154092366	3.563554324975645	3.8005166600989537	3.5938926651110883	3.9483579844572576	3.6703968474499207	4.019839206431743	3.7207200421782027	4.038041185719217	3.686509422188943	4.767030961128923	4.761904761904762	2.774237819821586	5.080541525264038	4.144895379650004	3.9399624765478425	4.761904761904762	4.709212700595549	59.63999999999999	0.43940000000000007	0.081132050391244	20.918707615015837	-1.1444135452787219e-05	18.38566285340976	-1.2398262717279554e-05	15.789931491619914	-1.43143429716576e-05	14.191003059858481	-1.434310034719865e-05	13.120341754997524	-1.5356339048770772e-05	12.329903851628673	-1.6405940880709508e-05	11.697958259300874	-1.6523672104250764e-05	11.167465831301115	-1.6662893011484656e-05	10.704307641753699	-1.6825969002606046e-05	10.288360873960345	-1.701481990813999e-05	9.908295358718215	-1.8244050665755815e-05	9.55862574421894	-1.850269985228678e-05	9.230874657753738	-1.983281976768461e-05	8.92025976892919	-2.0165120497208193e-05	8.628219200577345	-2.0526848577759482e-05	8.348247859718667	-2.0921101022491284e-05	8.081275995263272	-2.2470269025295906e-05	7.8245439248517625	-2.295586619943827e-05	7.5780677913592065	-2.3470239150001818e-05	7.340533391315002	-2.4025582440182308e-05	7.119489992988326	-2.337227482350857e-05	6.903260986184829	-2.398251043870323e-05	6.693315119553849	-7.776291642041744e-06	6.498334597324426	-7.997142354465338e-06	6.308211680334053	-5.487081352839907e-06	6.123527624914345	-5.651441682773276e-06	5.947149146135496	-5.828932489303909e-06	5.781111664307643	-6.0166480651963985e-06	5.622754379368103	-1.5537963128413496e-06
12	1	20	0	0	507	1800	552	7260	583	3860	608	1968	663	1194	704	741	741	661	766	534	823	463	855	514	892	462	926	486	969	509	1003	514	1045	541	1081	581	1134	604	1165	678	1156	733	1180	763	1216	801	1232	846	1255	894	1289	936	1312	972	1359	1034	1379	1084	1406	1129	1412	4075	4095	241.0	707.8696719512538	594.3578405380249	20	1	0.6771430969238281	4.166666666666666	6.024096385542169			1.9639744334689135	2.6801268593380088	2.1188392445877473	7.75069660186401	2.1918941273779984	6.947319162722053	2.237432840214911	5.9079583320824955	2.390395154312085	5.4005156271201775	2.4908010189640533	4.42943391714986	2.5742574257425743	4.612378759332915	2.5980192646859313	4.211356466876972	2.7348552819592595	3.881623071763917	2.7843814114045657	4.3401165245292574	2.8421220328182253	3.8451935081148565	2.9055538123627236	3.9011077219457375	2.979063547206936	3.9871533761554128	3.0239078657782867	3.8719397363465164	3.0934549006838163	3.9217107647698444	3.157310590571879	4.015758916228919	3.2399999999999998	3.944876232773823	3.275139861122825	4.1968430826369545	3.2001771724386128	4.284044418468732	3.218064797643722	4.2559125390450685	3.2725119758867534	4.280446748249879	3.2786012720547144	4.2770475227502525	3.304457726638405	4.301178734664422	3.351882671104639	4.279835390946502	3.363585089473414	4.25587810324445	3.4467890838997666	4.320213921617782	3.4834667946548112	4.335826566937322	3.5299138861690644	4.32948575372934	3.5242730562835387	4.7682010718213945	4.761904761904762	2.3625134790706794	4.877531299632981	3.8215660879163895	3.75234521575985	4.761904761904762	4.801525806960318	59.63999999999999	0.43940000000000007	0.081132050391244	20.918707615015837	-1.1444135452787219e-05	18.38566285340976	-1.2398262717279554e-05	15.789931491619914	-1.43143429716576e-05	14.191003059858481	-1.434310034719865e-05	13.120341754997524	-1.5356339048770772e-05	12.329903851628673	-1.6405940880709508e-05	11.697958259300874	-1.6523672104250764e-05	11.167465831301115	-1.6662893011484656e-05	10.704307641753699	-1.6825969002606046e-05	10.288360873960345	-1.701481990813999e-05	9.908295358718215	-1.8244050665755815e-05	9.55862574421894	-1.850269985228678e-05	9.230874657753738	-1.983281976768461e-05	8.92025976892919	-2.0165120497208193e-05	8.628219200577345	-2.0526848577759482e-05	8.348247859718667	-2.0921101022491284e-05	8.081275995263272	-2.2470269025295906e-05	7.8245439248517625	-2.295586619943827e-05	7.5780677913592065	-2.3470239150001818e-05	7.340533391315002	-2.4025582440182308e-05	7.119489992988326	-2.337227482350857e-05	6.903260986184829	-2.398251043870323e-05	6.693315119553849	-7.776291642041744e-06	6.498334597324426	-7.997142354465338e-06	6.308211680334053	-5.487081352839907e-06	6.123527624914345	-5.651441682773276e-06	5.947149146135496	-5.828932489303909e-06	5.781111664307643	-6.0166480651963985e-06	5.622754379368103	-1.5537963128413496e-06
13	1	15	0	0	591	2507	616	7803	622	3742	660	1801	689	1092	711	766	729	624	757	595	795	550	805	523	810	532	852	539	880	586	902	616	925	618	933	662	972	705	1018	723	1017	753	1072	791	1080	806	1121	816	1134	854	1166	891	1198	922	1277	928	1290	974	1303	1014	1321	4074	4095	209.0	673.2841040700714	543.9301280975342	21	1	0.6924705505371094	4.166666666666666	4.518072289156627			2.2893666472980825	3.7328211313113266	2.3645017656993703	8.330397463408385	2.338521693360403	6.734939975882363	2.428792227864871	5.406622437032812	2.4841361407556968	4.939165045908906	2.515567506368525	4.578875007472054	2.532569046378322	4.354197194892192	2.567494234160901	4.692429022082019	2.6418103877978267	4.610999329309188	2.6215520891002053	4.416110782740859	2.5808507248685677	4.427798585101956	2.6733605271415124	4.326537164873977	2.705444707473791	4.590318032273226	2.719406674907293	4.64030131826742	2.7382256297918945	4.479884015947807	2.7250423506045913	4.575615150677357	2.777142857142857	4.604532688916466	2.8618818700626916	4.47539461467038	2.815380782327049	4.400935125657511	2.9235300534526014	4.412092815707274	2.9065073470046827	4.307166141185272	2.9832078132900444	4.125379170879676	2.9858606071776506	4.10873225884051	3.0320366132723113	4.074074074074074	3.0713223606624624	4.036954332501423	3.2388150552906567	3.877329322303	3.2586455149417737	3.8958441662333505	3.2713213326303636	3.8884841047666527	3.2971421440159743	4.767030961128923	4.761904761904762	2.048818743260465	4.639221626906015	3.4973290330483473	3.9399624765478425	4.761904761904762	4.9102106099413865	59.63999999999999	0.43940000000000007	0.081132050391244	20.918707615015837	-1.1444135452787219e-05	18.38566285340976	-1.2398262717279554e-05	15.789931491619914	-1.43143429716576e-05	14.191003059858481	-1.434310034719865e-05	13.120341754997524	-1.5356339048770772e-05	12.329903851628673	-1.6405940880709508e-05	11.697958259300874	-1.6523672104250764e-05	11.167465831301115	-1.6662893011484656e-05	10.704307641753699	-1.6825969002606046e-05	10.288360873960345	-1.701481990813999e-05	9.908295358718215	-1.8244050665755815e-05	9.55862574421894	-1.850269985228678e-05	9.230874657753738	-1.983281976768461e-05	8.92025976892919	-2.0165120497208193e-05	8.628219200577345	-2.0526848577759482e-05	8.348247859718667	-2.0921101022491284e-05	8.081275995263272	-2.2470269025295906e-05	7.8245439248517625	-2.295586619943827e-05	7.5780677913592065	-2.3470239150001818e-05	7.340533391315002	-2.4025582440182308e-05	7.119489992988326	-2.337227482350857e-05	6.903260986184829	-2.398251043870323e-05	6.693315119553849	-7.776291642041744e-06	6.498334597324426	-7.997142354465338e-06	6.308211680334053	-5.487081352839907e-06	6.123527624914345	-5.651441682773276e-06	5.947149146135496	-5.828932489303909e-06	5.781111664307643	-6.0166480651963985e-06	5.622754379368103	-1.5537963128413496e-06
14	1	10	0	0	592	3747	610	8179	613	3466	601	1802	609	1064	630	767	654	683	719	570	716	625	690	602	728	600	766	595	817	612	854	606	890	606	910	633	947	647	952	713	994	719	1017	702	1057	741	1076	796	1073	841	1108	880	1138	905	1140	945	1163	956	1197	996	1216	4078	4095	182.0	638.1323108428567	494.47647762298584	17	1	0.7098207473754883	4.166666666666666	3.0120481927710845			2.293240364129382	5.5791307455219545	2.341470904345156	8.731810951328614	2.304684562749079	6.238188657511564	2.2116729226466476	5.4096244483804155	2.195702336313816	4.812519788321498	2.2289838664024906	4.584852651084943	2.272016675351746	4.765892121973344	2.4386107719441052	4.495268138801261	2.3792908649852125	5.239771965124078	2.247044647800176	5.083171493709364	2.31957941691891	4.9937578027465666	2.403514276749294	4.776047519666078	2.511759461370554	4.793984020053267	2.574693237661672	4.564971751412429	2.634617092448418	4.39289597680319	2.657865529528594	4.375172795134089	2.7057142857142855	4.2257200705375215	2.6763374659132437	4.413494274218508	2.7517094372006756	4.202220923436586	2.7735355077997164	3.91566265060241	2.8446095053555087	3.95981403302517	2.8634537083854483	4.024266936299292	2.8252455304247084	4.046187154197739	2.881214894944872	4.023776863283037	2.9174998718145924	3.9625202504487937	2.891346251394948	3.9483579844572576	2.9378331270366536	3.8238470461181553	3.005196957143933	3.8194577597116233	3.035068014476476	4.771711403898808	4.761904761904762	1.784138809920596	4.3970104141677275	3.179354942883866	3.189493433395872	4.761904761904762	5.033238398681716	59.63999999999999	0.43940000000000007	0.081132050391244	20.918707615015837	-1.1444135452787219e-05	18.38566285340976	-1.2398262717279554e-05	15.789931491619914	-1.43143429716576e-05	14.191003059858481	-1.434310034719865e-05	13.120341754997524	-1.5356339048770772e-05	12.329903851628673	-1.6405940880709508e-05	11.697958259300874	-1.6523672104250764e-05	11.167465831301115	-1.6662893011484656e-05	10.704307641753699	-1.6825969002606046e-05	10.288360873960345	-1.701481990813999e-05	9.908295358718215	-1.8244050665755815e-05	9.55862574421894	-1.850269985228678e-05	9.230874657753738	-1.983281976768461e-05	8.92025976892919	-2.0165120497208193e-05	8.628219200577345	-2.0526848577759482e-05	8.348247859718667	-2.0921101022491284e-05	8.081275995263272	-2.2470269025295906e-05	7.8245439248517625	-2.295586619943827e-05	7.5780677913592065	-2.3470239150001818e-05	7.340533391315002	-2.4025582440182308e-05	7.119489992988326	-2.337227482350857e-05	6.903260986184829	-2.398251043870323e-05	6.693315119553849	-7.776291642041744e-06	6.498334597324426	-7.997142354465338e-06	6.308211680334053	-5.487081352839907e-06	6.123527624914345	-5.651441682773276e-06	5.947149146135496	-5.828932489303909e-06	5.781111664307643	-6.0166480651963985e-06	5.622754379368103	-1.5537963128413496e-06
15	1	11	0	0	591	5172	587	8125	603	3590	617	1812	612	1210	628	933	649	820	659	688	674	621	674	571	691	583	705	612	740	601	766	628	793	615	807	649	855	667	874	660	885	683	926	687	957	711	973	754	995	789	1018	804	1061	854	1068	876	1116	896	1133	947	1138	4074	4095	160.0	596.6575599265105	441.10447788238525	21	1	0.7277841567993164	4.166666666666666	3.313253012048193			2.2893666472980825	7.700897842497878	2.2531859358206665	8.674161141893261	2.267087750958719	6.461366786054967	2.2705527342312504	5.4396445618564435	2.2065186039803866	5.472884345741553	2.22190772714407	5.577141490824317	2.2546465172833074	5.7218616984160215	2.235110568443902	5.425867507886435	2.2397235237430633	5.206237424547284	2.1949392646627803	4.821413493202735	2.2016887047952847	4.852267998335414	2.212111703796674	4.912506020227966	2.275033049466597	4.707817640607865	2.3093852693780335	4.730696798493408	2.3474734318107813	4.458137006161652	2.357030200362171	4.4857616809510645	2.4428571428571426	4.3563451113578475	2.457057715554806	4.085422469823584	2.44996262768873	3.991817650496785	2.5253627140831245	3.831994645247657	2.575488454706927	3.7994976754128147	2.5893498682704843	3.811931243680485	2.6198688749045527	3.7960067356266536	2.6471811940919494	3.676268861454047	2.7200943444598265	3.7392180042909064	2.7087349092015827	3.660065179242918	2.8191072826938135	3.583856645734171	2.844518088925711	3.6315527092840436	2.8403843753899913	4.767030961128923	4.761904761904762	1.5684736790510734	4.111231260525883	2.836186887645748	3.9399624765478425	4.761904761904762	5.160614391025632	59.63999999999999	0.43940000000000007	0.081132050391244	20.918707615015837	-1.1444135452787219e-05	18.38566285340976	-1.2398262717279554e-05	15.789931491619914	-1.43143429716576e-05	14.191003059858481	-1.434310034719865e-05	13.120341754997524	-1.5356339048770772e-05	12.329903851628673	-1.6405940880709508e-05	11.697958259300874	-1.6523672104250764e-05	11.167465831301115	-1.6662893011484656e-05	10.704307641753699	-1.6825969002606046e-05	10.288360873960345	-1.701481990813999e-05	9.908295358718215	-1.8244050665755815e-05	9.55862574421894	-1.850269985228678e-05	9.230874657753738	-1.983281976768461e-05	8.92025976892919	-2.0165120497208193e-05	8.628219200577345	-2.0526848577759482e-05	8.348247859718667	-2.0921101022491284e-05	8.081275995263272	-2.2470269025295906e-05	7.8245439248517625	-2.295586619943827e-05	7.5780677913592065	-2.3470239150001818e-05	7.340533391315002	-2.4025582440182308e-05	7.119489992988326	-2.337227482350857e-05	6.903260986184829	-2.398251043870323e-05	6.693315119553849	-7.776291642041744e-06	6.498334597324426	-7.997142354465338e-06	6.308211680334053	-5.487081352839907e-06	6.123527624914345	-5.651441682773276e-06	5.947149146135496	-5.828932489303909e-06	5.781111664307643	-6.0166480651963985e-06	5.622754379368103	-1.5537963128413496e-06
16	1	8	0	0	576	6748	546	8212	588	3589	642	1951	634	1228	614	907	629	755	629	636	608	583	638	555	655	577	693	636	700	633	702	622	739	622	778	629	786	619	795	648	854	674	891	697	889	704	899	721	935	774	933	785	982	795	999	852	1020	886	1018	890	1069	4076	4095	145.0	560.0645407970802	399.1048002243042	19	1	0.740849494934082	4.166666666666666	2.4096385542168677			2.2312608948285884	10.047497803784934	2.095808383233533	8.767041390427996	2.2106925332731784	6.459566962437681	2.3625524398321924	5.856924139173246	2.2858379002019036	5.554299154190601	2.172374752335126	5.421722756889234	2.1851658850095537	5.268299490614751	2.1333604666938	5.0157728706624605	2.0204034160768285	4.88765928906774	2.0777021526036408	4.686312589715444	2.0869842281344595	4.802330420307949	2.174458738625667	5.105153315138867	2.15205829003597	4.9584834717217605	2.1164340197172056	4.685499058380414	2.1876202599094166	4.508880028996013	2.2723289911793914	4.347525573679845	2.2457142857142856	4.0428450133890665	2.2349666863456186	4.011142061281337	2.3641447277357917	3.9392168322618355	2.429911639576743	3.887773315484159	2.3924861402658917	3.7620905253032655	2.3924208957607047	3.6450960566228514	2.46188683219674	3.7238393071926867	2.4261493655086332	3.589391860996799	2.517561400810132	3.480887954814134	2.533732372932941	3.559789420907496	2.576603430419077	3.5438582456701737	2.555798247596093	3.4129692832764507	2.6681642331211783	4.769371182513866	4.761904761904762	1.4214292716400352	3.859089371666777	2.5661399009748056	3.564727954971857	4.761904761904762	5.2532588534970515	59.63999999999999	0.43940000000000007	0.081132050391244	20.918707615015837	-1.1444135452787219e-05	18.38566285340976	-1.2398262717279554e-05	15.789931491619914	-1.43143429716576e-05	14.191003059858481	-1.434310034719865e-05	13.120341754997524	-1.5356339048770772e-05	12.329903851628673	-1.6405940880709508e-05	11.697958259300874	-1.6523672104250764e-05	11.167465831301115	-1.6662893011484656e-05	10.704307641753699	-1.6825969002606046e-05	10.288360873960345	-1.701481990813999e-05	9.908295358718215	-1.8244050665755815e-05	9.55862574421894	-1.850269985228678e-05	9.230874657753738	-1.983281976768461e-05	8.92025976892919	-2.0165120497208193e-05	8.628219200577345	-2.0526848577759482e-05	8.348247859718667	-2.0921101022491284e-05	8.081275995263272	-2.2470269025295906e-05	7.8245439248517625	-2.295586619943827e-05	7.5780677913592065	-2.3470239150001818e-05	7.340533391315002	-2.4025582440182308e-05	7.119489992988326	-2.337227482350857e-05	6.903260986184829	-2.398251043870323e-05	6.693315119553849	-7.776291642041744e-06	6.498334597324426	-7.997142354465338e-06	6.308211680334053	-5.487081352839907e-06	6.123527624914345	-5.651441682773276e-06	5.947149146135496	-5.828932489303909e-06	5.781111664307643	-6.0166480651963985e-06	5.622754379368103	-1.5537963128413496e-06
17	1	8	0	0	623	8109	619	8202	633	3606	595	1987	617	1289	575	960	582	697	589	628	617	631	634	608	638	609	646	595	665	588	674	579	716	594	727	619	743	638	762	633	798	648	784	657	810	697	835	726	858	748	852	751	887	791	899	789	896	808	913	853	935	4078	4095	133.0	524.0950961092245	359.8305425643921	17	1	0.754704475402832	4.166666666666666	2.4096385542168677			2.4133255858996705	12.073971501317729	2.376017196376478	8.75636549979182	2.3798781863297993	6.4901639639315345	2.1895929933024214	5.96499654768695	2.224545716758004	5.830204893934597	2.0343900367959242	5.738537868372288	2.0218863991662324	4.863582443653618	1.9976936643603311	4.952681388012619	2.0503107034858603	5.290073775989269	2.064675806819292	5.1338343325170985	2.032818225266847	5.068664169787765	2.026984625039222	4.776047519666078	2.044455375534172	4.605984646717844	2.0320178479905935	4.361581920903955	2.1195346496551313	4.3059079376585725	2.123371692271745	4.278407520044236	2.1228571428571428	4.166938802168375	2.142194484270895	3.918291550603528	2.209118843949838	3.7872589129164234	2.1381040689429476	3.6646586345381524	2.179880510253512	3.724683375193716	2.222103946563057	3.670374115267947	2.2591432107217146	3.5987490979071444	2.2155190347410025	3.433927754915409	2.2740091268010048	3.4633740531546913	2.2801055087754896	3.2965655552770117	2.263369287897542	3.2318707251709933	2.2921844794255732	3.27108179621889	2.333707724946961	4.771711403898808	4.761904761904762	1.3037937457112048	3.6112441831424196	2.3136166549361112	3.189493433395872	4.761904761904762	5.351502557933896	59.63999999999999	0.43940000000000007	0.081132050391244	20.918707615015837	-1.1444135452787219e-05	18.38566285340976	-1.2398262717279554e-05	15.789931491619914	-1.43143429716576e-05	14.191003059858481	-1.434310034719865e-05	13.120341754997524	-1.5356339048770772e-05	12.329903851628673	-1.6405940880709508e-05	11.697958259300874	-1.6523672104250764e-05	11.167465831301115	-1.6662893011484656e-05	10.704307641753699	-1.6825969002606046e-05	10.288360873960345	-1.701481990813999e-05	9.908295358718215	-1.8244050665755815e-05	9.55862574421894	-1.850269985228678e-05	9.230874657753738	-1.983281976768461e-05	8.92025976892919	-2.0165120497208193e-05	8.628219200577345	-2.0526848577759482e-05	8.348247859718667	-2.0921101022491284e-05	8.081275995263272	-2.2470269025295906e-05	7.8245439248517625	-2.295586619943827e-05	7.5780677913592065	-2.3470239150001818e-05	7.340533391315002	-2.4025582440182308e-05	7.119489992988326	-2.337227482350857e-05	6.903260986184829	-2.398251043870323e-05	6.693315119553849	-7.776291642041744e-06	6.498334597324426	-7.997142354465338e-06	6.308211680334053	-5.487081352839907e-06	6.123527624914345	-5.651441682773276e-06	5.947149146135496	-5.828932489303909e-06	5.781111664307643	-6.0166480651963985e-06	5.622754379368103	-1.5537963128413496e-06
18	1	6	0	0	625	10559	547	8131	559	3865	558	1998	553	1236	566	891	571	711	567	584	561	548	587	554	622	565	625	555	628	565	614	567	628	567	649	588	707	623	698	637	682	619	677	615	693	642	669	687	694	689	727	686	723	682	736	692	728	669	741	697	753	4076	4095	120.0	476.69559021459116	311.9102096557617	19	1	0.7733039855957031	4.166666666666666	1.8072289156626504			2.42107301956227	15.721921948750017	2.099646860125902	8.68056667627497	2.101661779081134	6.956318280808481	2.0534334290130274	5.998018672510582	1.9937986732044994	5.590483513501289	2.0025474101330314	5.3260804590830295	1.9836720514156678	4.9612727653338915	1.9230769230769231	4.605678233438486	1.8642209151629947	4.594232059020791	1.9116162438531932	4.677868783247488	1.981838457862036	4.702455264253017	1.9610919359899595	4.454968694814577	1.9307037230608417	4.425818580604731	1.8511260514335677	4.271186440677966	1.8590331843343892	4.110184849583183	1.8955546468835798	4.064141553773846	2.02	4.068970021553132	1.9622726378229458	3.9430516867842775	1.8879937989646485	3.6177673874926946	1.8462964983091523	3.4303882195448465	1.8650088809946712	3.430770052904398	1.7803443595816588	3.4732052578361983	1.8273256273203615	3.3148905460668754	1.8904722280008321	3.1367169638774577	1.853560990616828	2.986120232934892	1.8666937201988434	2.891284365338013	1.838987546416753	2.675892964281429	1.8603600210891014	2.6728534724086357	1.879445900411831	4.769371182513866	4.761904761904762	1.176355259288305	3.2846408792447876	2.00550139730022	3.564727954971857	4.761904761904762	5.4833890507499605	59.63999999999999	0.43940000000000007	0.081132050391244	20.918707615015837	-1.1444135452787219e-05	18.38566285340976	-1.2398262717279554e-05	15.789931491619914	-1.43143429716576e-05	14.191003059858481	-1.434310034719865e-05	13.120341754997524	-1.5356339048770772e-05	12.329903851628673	-1.6405940880709508e-05	11.697958259300874	-1.6523672104250764e-05	11.167465831301115	-1.6662893011484656e-05	10.704307641753699	-1.6825969002606046e-05	10.288360873960345	-1.701481990813999e-05	9.908295358718215	-1.8244050665755815e-05	9.55862574421894	-1.850269985228678e-05	9.230874657753738	-1.983281976768461e-05	8.92025976892919	-2.0165120497208193e-05	8.628219200577345	-2.0526848577759482e-05	8.348247859718667	-2.0921101022491284e-05	8.081275995263272	-2.2470269025295906e-05	7.8245439248517625	-2.295586619943827e-05	7.5780677913592065	-2.3470239150001818e-05	7.340533391315002	-2.4025582440182308e-05	7.119489992988326	-2.337227482350857e-05	6.903260986184829	-2.398251043870323e-05	6.693315119553849	-7.776291642041744e-06	6.498334597324426	-7.997142354465338e-06	6.308211680334053	-5.487081352839907e-06	6.123527624914345	-5.651441682773276e-06	5.947149146135496	-5.828932489303909e-06	5.781111664307643	-6.0166480651963985e-06	5.622754379368103	-1.5537963128413496e-06
19	1	4	0	0	792	12500	672	8463	608	3826	584	2035	552	1166	508	834	502	732	502	646	494	583	492	541	503	517	514	504	526	508	516	492	550	494	568	498	585	518	589	508	599	553	616	556	627	571	622	596	632	596	637	604	626	626	627	627	637	634	649	632	632	4077	4095	109.0	425.3125615460267	265.07287883758545	18	1	0.7915000915527344	4.166666666666666	1.2048192771084338			3.0679837303893085	18.611992078736172	2.5794564716720405	9.035006245396023	2.285886156853899	6.8861251597343465	2.1491131228380067	6.109093092371889	1.9901932506489761	5.273870369532769	1.7973393716388337	4.9853547731484245	1.7439638700712177	5.107808247854302	1.702618369285036	5.094637223974764	1.6415777755624232	4.88765928906774	1.6022405314749082	4.568099299164063	1.6026764377887526	4.302954640033292	1.6128020081581425	4.045593193128913	1.6171180865127432	3.9793200689331036	1.5556694503904247	3.706214689265537	1.62813415825464	3.5810076114534253	1.6589754074420235	3.442079071053359	1.6714285714285713	3.383188557246424	1.6558432430912822	3.1445372949551222	1.6582232926390388	3.2320280537697252	1.6799389113123158	3.101294065149487	1.6873889875666075	3.0513546732218244	1.6552678500146367	3.01314459049545	1.6640775165222887	2.867452489776281	1.6564385271479094	2.7617741197988113	1.6048813003127722	2.7409256097027015	1.5902404382672213	2.6197041865129105	1.609114103114659	2.5358985640574376	1.6293841480254072	2.42359167082103	1.5774366654186947	4.770541293206337	4.761904761904762	1.0685226938535437	2.9305893630807778	1.7043495609902346	3.377110694183865	4.761904761904762	5.612415061257601	59.63999999999999	0.43940000000000007	0.081132050391244	20.918707615015837	-1.1444135452787219e-05	18.38566285340976	-1.2398262717279554e-05	15.789931491619914	-1.43143429716576e-05	14.191003059858481	-1.434310034719865e-05	13.120341754997524	-1.5356339048770772e-05	12.329903851628673	-1.6405940880709508e-05	11.697958259300874	-1.6523672104250764e-05	11.167465831301115	-1.6662893011484656e-05	10.704307641753699	-1.6825969002606046e-05	10.288360873960345	-1.701481990813999e-05	9.908295358718215	-1.8244050665755815e-05	9.55862574421894	-1.850269985228678e-05	9.230874657753738	-1.983281976768461e-05	8.92025976892919	-2.0165120497208193e-05	8.628219200577345	-2.0526848577759482e-05	8.348247859718667	-2.0921101022491284e-05	8.081275995263272	-2.2470269025295906e-05	7.8245439248517625	-2.295586619943827e-05	7.5780677913592065	-2.3470239150001818e-05	7.340533391315002	-2.4025582440182308e-05	7.119489992988326	-2.337227482350857e-05	6.903260986184829	-2.398251043870323e-05	6.693315119553849	-7.776291642041744e-06	6.498334597324426	-7.997142354465338e-06	6.308211680334053	-5.487081352839907e-06	6.123527624914345	-5.651441682773276e-06	5.947149146135496	-5.828932489303909e-06	5.781111664307643	-6.0166480651963985e-06	5.622754379368103	-1.5537963128413496e-06
20	4	5	0	0	1010	14191	786	8971	626	3717	543	1887	514	1178	474	903	472	697	454	594	436	532	467	480	453	465	443	464	439	439	445	463	479	453	482	441	491	438	496	451	518	479	519	491	521	496	520	512	523	512	533	515	544	520	536	517	535	522	534	549	536	4081	4095	101.0	383.3099353115239	230.6710443496704	14	1	0.8041524887084961	16.666666666666664	1.5060240963855422			3.9124539996126284	21.1298223671476	3.0170428374021188	9.57734148971378	2.353560418076547	6.689944385450226	1.9982336056524619	5.6647954129266616	1.853187193539083	5.328146908498802	1.6770450042456835	5.397812182437683	1.639742921660587	4.863582443653618	1.539818206484873	4.684542586750789	1.4488419233708836	4.460093896713615	1.5208258703227278	4.053027104618763	1.4433646646487175	3.870162297128589	1.390021964229683	3.7245143682774122	1.3496479847511298	3.4388218705937645	1.341614157797944	3.4877589453860636	1.4179568396435867	3.2837984777093148	1.4077925112448157	3.0481061653303843	1.4028571428571428	2.8606883939651233	1.394394309971606	2.791705354379449	1.4339894250200702	2.7995324371712447	1.4154030762517726	2.738732708612227	1.4021206738791108	2.6505637791909367	1.383825212230886	2.588473205257836	1.3770768056030964	2.4633148905460667	1.3859995839400874	2.3548239597622316	1.394657232220684	2.2768072157274837	1.3594399918839404	2.160106960808891	1.3514537600727512	2.0879164833406665	1.3406643066957897	2.1053035241783946	1.3378260326968676	4.775221735976223	4.761904761904762	0.9900990099009901	2.6411729178743486	1.4831547267097271	2.6266416510318953	4.761904761904762	5.702131417725361	59.63999999999999	0.43940000000000007	0.081132050391244	20.918707615015837	-1.1444135452787219e-05	18.38566285340976	-1.2398262717279554e-05	15.789931491619914	-1.43143429716576e-05	14.191003059858481	-1.434310034719865e-05	13.120341754997524	-1.5356339048770772e-05	12.329903851628673	-1.6405940880709508e-05	11.697958259300874	-1.6523672104250764e-05	11.167465831301115	-1.6662893011484656e-05	10.704307641753699	-1.6825969002606046e-05	10.288360873960345	-1.701481990813999e-05	9.908295358718215	-1.8244050665755815e-05	9.55862574421894	-1.850269985228678e-05	9.230874657753738	-1.983281976768461e-05	8.92025976892919	-2.0165120497208193e-05	8.628219200577345	-2.0526848577759482e-05	8.348247859718667	-2.0921101022491284e-05	8.081275995263272	-2.2470269025295906e-05	7.8245439248517625	-2.295586619943827e-05	7.5780677913592065	-2.3470239150001818e-05	7.340533391315002	-2.4025582440182308e-05	7.119489992988326	-2.337227482350857e-05	6.903260986184829	-2.398251043870323e-05	6.693315119553849	-7.776291642041744e-06	6.498334597324426	-7.997142354465338e-06	6.308211680334053	-5.487081352839907e-06	6.123527624914345	-5.651441682773276e-06	5.947149146135496	-5.828932489303909e-06	5.781111664307643	-6.0166480651963985e-06	5.622754379368103	-1.5537963128413496e-06
