	counts(inten<0.01	MicrocoloniesPlatonic	MicrocoloniesAggregates	MicrocoloniesLarge	counts(Norminten<0.01	counts(inten<0.02	counts(Norminten<0.02	counts(inten<0.03	counts(Norminten<0.03	counts(inten<0.04	counts(Norminten<0.04	counts(inten<0.05	counts(Norminten<0.05	counts(inten<0.060000000000000005	counts(Norminten<0.060000000000000005	counts(inten<0.06999999999999999	counts(Norminten<0.06999999999999999	counts(inten<0.08	counts(Norminten<0.08	counts(inten<0.09	counts(Norminten<0.09	counts(inten<0.09999999999999999	counts(Norminten<0.09999999999999999	counts(inten<0.11	counts(Norminten<0.11	counts(inten<0.12	counts(Norminten<0.12	counts(inten<0.13	counts(Norminten<0.13	counts(inten<0.14	counts(Norminten<0.14	counts(inten<0.15000000000000002	counts(Norminten<0.15000000000000002	counts(inten<0.16	counts(Norminten<0.16	counts(inten<0.17	counts(Norminten<0.17	counts(inten<0.18000000000000002	counts(Norminten<0.18000000000000002	counts(inten<0.19	counts(Norminten<0.19	counts(inten<0.2	counts(Norminten<0.2	counts(inten<0.21000000000000002	counts(Norminten<0.21000000000000002	counts(inten<0.22	counts(Norminten<0.22	counts(inten<0.23	counts(Norminten<0.23	counts(inten<0.24000000000000002	counts(Norminten<0.24000000000000002	counts(inten<0.25	counts(Norminten<0.25	counts(inten<0.26	counts(Norminten<0.26	counts(inten<0.27	counts(Norminten<0.27	counts(inten<0.28	counts(Norminten<0.28	counts(inten<0.29000000000000004	counts(Norminten<0.29000000000000004	diff	max	med	std	mean	min	eigenLocal	minProp	counts(inten<0.01Normalized	MicrocoloniesPlatonicNormalized	MicrocoloniesAggregatesNormalized	MicrocoloniesLargeNormalized	counts(Norminten<0.01Normalized	counts(inten<0.02Normalized	counts(Norminten<0.02Normalized	counts(inten<0.03Normalized	counts(Norminten<0.03Normalized	counts(inten<0.04Normalized	counts(Norminten<0.04Normalized	counts(inten<0.05Normalized	counts(Norminten<0.05Normalized	counts(inten<0.060000000000000005Normalized	counts(Norminten<0.060000000000000005Normalized	counts(inten<0.06999999999999999Normalized	counts(Norminten<0.06999999999999999Normalized	counts(inten<0.08Normalized	counts(Norminten<0.08Normalized	counts(inten<0.09Normalized	counts(Norminten<0.09Normalized	counts(inten<0.09999999999999999Normalized	counts(Norminten<0.09999999999999999Normalized	counts(inten<0.11Normalized	counts(Norminten<0.11Normalized	counts(inten<0.12Normalized	counts(Norminten<0.12Normalized	counts(inten<0.13Normalized	counts(Norminten<0.13Normalized	counts(inten<0.14Normalized	counts(Norminten<0.14Normalized	counts(inten<0.15000000000000002Normalized	counts(Norminten<0.15000000000000002Normalized	counts(inten<0.16Normalized	counts(Norminten<0.16Normalized	counts(inten<0.17Normalized	counts(Norminten<0.17Normalized	counts(inten<0.18000000000000002Normalized	counts(Norminten<0.18000000000000002Normalized	counts(inten<0.19Normalized	counts(Norminten<0.19Normalized	counts(inten<0.2Normalized	counts(Norminten<0.2Normalized	counts(inten<0.21000000000000002Normalized	counts(Norminten<0.21000000000000002Normalized	counts(inten<0.22Normalized	counts(Norminten<0.22Normalized	counts(inten<0.23Normalized	counts(Norminten<0.23Normalized	counts(inten<0.24000000000000002Normalized	counts(Norminten<0.24000000000000002Normalized	counts(inten<0.25Normalized	counts(Norminten<0.25Normalized	counts(inten<0.26Normalized	counts(Norminten<0.26Normalized	counts(inten<0.27Normalized	counts(Norminten<0.27Normalized	counts(inten<0.28Normalized	counts(Norminten<0.28Normalized	counts(inten<0.29000000000000004Normalized	counts(Norminten<0.29000000000000004Normalized	diffNormalized	maxNormalized	medNormalized	stdNormalized	meanNormalized	minNormalized	eigenLocalNormalized	minPropNormalized	BioVolume	SubstratumCoverage	Homogenity	ThicknessThreshold=0.01	RoughnessThreshold=0.01	ThicknessThreshold=0.02	RoughnessThreshold=0.02	ThicknessThreshold=0.03	RoughnessThreshold=0.03	ThicknessThreshold=0.04	RoughnessThreshold=0.04	ThicknessThreshold=0.05	RoughnessThreshold=0.05	ThicknessThreshold=0.060000000000000005	RoughnessThreshold=0.060000000000000005	ThicknessThreshold=0.06999999999999999	RoughnessThreshold=0.06999999999999999	ThicknessThreshold=0.08	RoughnessThreshold=0.08	ThicknessThreshold=0.09	RoughnessThreshold=0.09	ThicknessThreshold=0.09999999999999999	RoughnessThreshold=0.09999999999999999	ThicknessThreshold=0.11	RoughnessThreshold=0.11	ThicknessThreshold=0.12	RoughnessThreshold=0.12	ThicknessThreshold=0.13	RoughnessThreshold=0.13	ThicknessThreshold=0.14	RoughnessThreshold=0.14	ThicknessThreshold=0.15000000000000002	RoughnessThreshold=0.15000000000000002	ThicknessThreshold=0.16	RoughnessThreshold=0.16	ThicknessThreshold=0.17	RoughnessThreshold=0.17	ThicknessThreshold=0.18000000000000002	RoughnessThreshold=0.18000000000000002	ThicknessThreshold=0.19	RoughnessThreshold=0.19	ThicknessThreshold=0.2	RoughnessThreshold=0.2	ThicknessThreshold=0.21000000000000002	RoughnessThreshold=0.21000000000000002	ThicknessThreshold=0.22	RoughnessThreshold=0.22	ThicknessThreshold=0.23	RoughnessThreshold=0.23	ThicknessThreshold=0.24000000000000002	RoughnessThreshold=0.24000000000000002	ThicknessThreshold=0.25	RoughnessThreshold=0.25	ThicknessThreshold=0.26	RoughnessThreshold=0.26	ThicknessThreshold=0.27	RoughnessThreshold=0.27	ThicknessThreshold=0.28	RoughnessThreshold=0.28	ThicknessThreshold=0.29000000000000004	RoughnessThreshold=0.29000000000000004
0	1	51	0	0	2772	2	2897	76	3098	134	3212	156	3353	232	3516	293	3650	381	3835	494	3998	586	4130	693	4245	878	4397	1019	4525	1143	4611	1241	4718	1359	4821	1492	4901	1659	4930	1827	4966	1961	4959	2176	4947	2372	4914	2595	4904	2800	4896	2985	4907	3187	4818	3363	4799	3560	4757	3750	4719	4060	4095	812.0	634.5823916353677	946.8688144683838	35	1	0.5773849487304688	0.029231218941829874	13.563829787234042			8.71369294605809	0.0010643619682181515	11.270619358854653	0.07448059584476675	13.052454181588372	0.2562729498164015	13.982239247779907	0.48690658260245323	14.689389292911592	0.9881591276940114	15.351030387705206	1.550592718035563	15.680714868754563	2.2759856630824373	16.2858841515203	3.1285623812539582	16.707760458021646	3.7501599897606557	17.008483650440656	4.448581332648607	17.251889782979763	5.506773707977923	17.523513470428824	6.202824446067689	17.782056823987112	6.744158602784989	17.85894108989504	7.1109328443731386	18.080091971642076	7.544970019986676	18.215135829523557	8.02625208456614	18.2818561623396	8.57275733774287	18.169086754625194	9.216101694915254	18.2392478054872	9.550014609915262	18.12433756076167	10.295230885692657	18.085106382978726	10.929364603971802	17.955276235019	11.633119648540816	17.95810751428153	12.275317843051294	17.998014924824467	12.760227418458514	18.08365579509858	13.244950544426898	17.882859475911218	13.688537935525888	17.938845693779903	14.274258219727345	17.85392583696142	14.816863566320283	17.95593774970511	4.7771450087071115	4.794239887607564	16.470588235294116	7.525869690337948	12.148713639856103	8.19672131147541	4.761904761904762	3.717109175132098	3.466518771331058	9.903400000000001	0.1357617334155676	19.544406625779274	-3.8147190936227435e-06	13.647399053749801	-7.641842142466863e-06	10.899167437557816	-8.699720448982906e-06	9.485198331671336	-8.903565482261624e-06	8.615650113962088	-1.7328778922496528e-05	8.016077438237502	-2.108656985822445e-05	7.571131538988787	-2.1863610425443995e-05	7.2165798236488605	-2.1578280892432268e-05	6.915231714548277	-2.244268551537265e-05	6.6517428291060945	-2.2134313473525517e-05	6.415394134738072	-2.305933294474087e-05	6.199201723721068	-2.4044498351616056e-05	5.987774747670402	-2.5083192588752695e-05	5.7951523763489075	-2.475063732891122e-05	5.615059553689591	-2.5859879006189638e-05	5.45003789712364	-2.7069417131756407e-05	5.29650928134225	-2.8352754970488116e-05	5.151177781815132	-2.9697902454618986e-05	5.0150924997571344	-3.116018534811426e-05	4.888963112836872	-3.080192820070536e-05	4.770904916283319	-3.0317545976558473e-05	4.6576735995167775	-3.190294698155584e-05	4.550493082939711	-3.362700921380053e-05	4.450008871015435	-3.784975539595575e-05	4.353347275630214	-3.4980760581680076e-05	4.263149411985404	-3.699045646223274e-05	4.173464505460376	-3.637462506155706e-05	4.092220319922616	-4.154080790936983e-05	4.014094665759568	-4.094552670120789e-05
1	1	47	0	0	2246	14	2389	232	2544	446	2656	499	2730	614	2843	672	2973	757	3032	802	3131	862	3217	1005	3321	1095	3376	1206	3434	1329	3513	1408	3562	1520	3621	1654	3667	1772	3688	1872	3669	2026	3692	2155	3709	2314	3759	2496	3724	2644	3691	2774	3693	2920	3681	3015	3673	3122	3684	3252	3645	4058	4095	682.0	644.486537625432	853.5088510513306	37	1	0.5976724624633789	0.029231218941829874	12.5			7.06022884446121	0.007450533777527061	9.2942732648615	0.22736181889455115	10.71834843058774	0.8529681762545901	11.56190144523768	1.5574768251193856	11.960045562078331	2.61521424312122	12.41267900803353	3.556308213378493	12.7722644670705	4.522102747909199	12.875828095804314	5.079164027865738	13.084541769401145	5.516446947395367	13.248496828926775	6.451405828732828	13.496708119970737	6.867787255393878	13.454487486051331	7.341124908692476	13.494714504656738	7.8416332310597125	13.606258956582362	8.06784322713729	13.65012454493198	8.438818565400844	13.681187894359011	8.897735219753617	13.678752611160846	9.156676312525837	13.591803641188177	9.443099273607748	13.475594079406472	9.866562773935911	13.493658857497898	10.195874337623014	13.55926007165314	10.662120444178225	13.735019000292311	11.189312771775676	13.637029441921781	11.591407277509864	13.568356431275962	11.85824819390416	13.609729132117193	12.13531709749813	13.66268280008908	12.27206121784435	13.729814593301434	12.51804330392943	13.826752739828855	12.849184084712947	13.869335261215326	4.774791735303808	4.794239887607564	13.833671399594321	7.643328531140667	10.950867176174631	8.665105386416862	4.761904761904762	3.847716846154748	3.466518771331058	9.903400000000001	0.1357617334155676	19.544406625779274	-3.8147190936227435e-06	13.647399053749801	-7.641842142466863e-06	10.899167437557816	-8.699720448982906e-06	9.485198331671336	-8.903565482261624e-06	8.615650113962088	-1.7328778922496528e-05	8.016077438237502	-2.108656985822445e-05	7.571131538988787	-2.1863610425443995e-05	7.2165798236488605	-2.1578280892432268e-05	6.915231714548277	-2.244268551537265e-05	6.6517428291060945	-2.2134313473525517e-05	6.415394134738072	-2.305933294474087e-05	6.199201723721068	-2.4044498351616056e-05	5.987774747670402	-2.5083192588752695e-05	5.7951523763489075	-2.475063732891122e-05	5.615059553689591	-2.5859879006189638e-05	5.45003789712364	-2.7069417131756407e-05	5.29650928134225	-2.8352754970488116e-05	5.151177781815132	-2.9697902454618986e-05	5.0150924997571344	-3.116018534811426e-05	4.888963112836872	-3.080192820070536e-05	4.770904916283319	-3.0317545976558473e-05	4.6576735995167775	-3.190294698155584e-05	4.550493082939711	-3.362700921380053e-05	4.450008871015435	-3.784975539595575e-05	4.353347275630214	-3.4980760581680076e-05	4.263149411985404	-3.699045646223274e-05	4.173464505460376	-3.637462506155706e-05	4.092220319922616	-4.154080790936983e-05	4.014094665759568	-4.094552670120789e-05
2	1	41	0	0	2144	53	2234	488	2285	811	2342	887	2380	936	2466	881	2503	966	2518	1089	2590	1155	2599	1256	2653	1289	2706	1438	2756	1527	2778	1615	2782	1710	2850	1864	2861	1976	2892	2111	2894	2219	2893	2297	2885	2334	2861	2416	2860	2490	2868	2518	2847	2607	2838	2638	2802	2701	2797	2751	2783	4066	4095	567.0	618.8496999852488	756.3144941329956	29	1	0.6177225112915039	0.029231218941829874	10.904255319148938			6.73959512133786	0.02820559215778102	8.691254279489574	0.47824382595060766	9.627132926058565	1.5510250917992656	10.195020024377504	2.768500889540872	10.426706387452905	3.9867109634551494	10.766678309465595	4.662362404741744	10.75310392232676	5.770609318996415	10.693052488534057	6.896770107663078	10.823686739938985	7.391526942275695	10.703401696730088	8.062652458595455	10.781923108184996	8.084545910687407	10.784313725490197	8.753347942537133	10.830353283294691	9.009912674061836	10.759518184282893	9.253953701581482	10.661046177428627	9.49367088607595	10.768126346015794	10.027435580181827	10.672187406744255	10.210830921868542	10.658214785877497	10.64870863599677	10.629154883020531	10.80646732248953	10.573443953071891	10.86771385314156	10.54690356072238	10.754273602727734	10.453814674071909	10.83068095216748	10.473121429617695	10.916264796142043	10.54295482115943	10.763903731885607	10.491984521835269	10.834510846978638	10.533739143344963	10.737544773689352	10.473983253588516	10.829991980753809	10.497673022068758	10.869651112252559	10.589399185723526	4.784204828917024	4.794239887607564	11.501014198782961	7.339286846568944	9.703823877706968	6.791569086651054	4.761904761904762	3.9767957572429915	3.466518771331058	9.903400000000001	0.1357617334155676	19.544406625779274	-3.8147190936227435e-06	13.647399053749801	-7.641842142466863e-06	10.899167437557816	-8.699720448982906e-06	9.485198331671336	-8.903565482261624e-06	8.615650113962088	-1.7328778922496528e-05	8.016077438237502	-2.108656985822445e-05	7.571131538988787	-2.1863610425443995e-05	7.2165798236488605	-2.1578280892432268e-05	6.915231714548277	-2.244268551537265e-05	6.6517428291060945	-2.2134313473525517e-05	6.415394134738072	-2.305933294474087e-05	6.199201723721068	-2.4044498351616056e-05	5.987774747670402	-2.5083192588752695e-05	5.7951523763489075	-2.475063732891122e-05	5.615059553689591	-2.5859879006189638e-05	5.45003789712364	-2.7069417131756407e-05	5.29650928134225	-2.8352754970488116e-05	5.151177781815132	-2.9697902454618986e-05	5.0150924997571344	-3.116018534811426e-05	4.888963112836872	-3.080192820070536e-05	4.770904916283319	-3.0317545976558473e-05	4.6576735995167775	-3.190294698155584e-05	4.550493082939711	-3.362700921380053e-05	4.450008871015435	-3.784975539595575e-05	4.353347275630214	-3.4980760581680076e-05	4.263149411985404	-3.699045646223274e-05	4.173464505460376	-3.637462506155706e-05	4.092220319922616	-4.154080790936983e-05	4.014094665759568	-4.094552670120789e-05
3	1	38	0	0	1829	75	1875	920	1875	1358	1958	1357	2019	1297	2043	1262	2092	1217	2124	1264	2151	1321	2183	1391	2201	1483	2261	1534	2280	1582	2291	1695	2319	1754	2339	1844	2350	1878	2391	1882	2401	1971	2433	2031	2415	2061	2400	2112	2403	2151	2389	2179	2376	2228	2355	2273	2344	2275	2342	2319	2308	4062	4095	472.0	592.6458211537231	674.4863557815552	33	1	0.6342573165893555	0.029231218941829874	10.106382978723403			5.749402741103986	0.03991357380818069	7.294584500466854	0.901607212857703	7.899726142827049	2.5971542227662177	8.523419815427477	4.235463029432879	8.845176553053536	5.5243206405997105	8.919839329374781	6.678662150719729	8.987412467242342	7.2700119474313025	9.01987429930355	8.005066497783407	8.989092732667475	8.453858953027007	8.990198500947203	8.929259211708821	8.944972770868894	9.301304565980933	9.010840108401084	9.337716094472851	8.959798797500687	9.334434741562427	8.873310352840932	9.712353884941553	8.88675991569266	9.737952476127026	8.837420183624891	9.919845069664856	8.766039988063264	9.704423315419595	8.811822805336478	9.493543179983858	8.818452271642121	9.5987143274569	8.89221885165016	9.609197577592733	8.828690502303136	9.496382988526932	8.769365682548964	9.467880037656341	8.799619159220741	9.430074528715476	8.782119619159651	9.314752276321975	8.756218905472638	9.259413182611587	8.740999183431073	9.251872354281993	8.761961722488039	9.121892542101042	8.78997147575439	9.162748429412462	8.782009816978045	4.779498282110415	4.794239887607564	9.574036511156187	7.028520301409616	8.653935439811468	7.728337236533958	4.761904761904762	4.083244109623507	3.466518771331058	9.903400000000001	0.1357617334155676	19.544406625779274	-3.8147190936227435e-06	13.647399053749801	-7.641842142466863e-06	10.899167437557816	-8.699720448982906e-06	9.485198331671336	-8.903565482261624e-06	8.615650113962088	-1.7328778922496528e-05	8.016077438237502	-2.108656985822445e-05	7.571131538988787	-2.1863610425443995e-05	7.2165798236488605	-2.1578280892432268e-05	6.915231714548277	-2.244268551537265e-05	6.6517428291060945	-2.2134313473525517e-05	6.415394134738072	-2.305933294474087e-05	6.199201723721068	-2.4044498351616056e-05	5.987774747670402	-2.5083192588752695e-05	5.7951523763489075	-2.475063732891122e-05	5.615059553689591	-2.5859879006189638e-05	5.45003789712364	-2.7069417131756407e-05	5.29650928134225	-2.8352754970488116e-05	5.151177781815132	-2.9697902454618986e-05	5.0150924997571344	-3.116018534811426e-05	4.888963112836872	-3.080192820070536e-05	4.770904916283319	-3.0317545976558473e-05	4.6576735995167775	-3.190294698155584e-05	4.550493082939711	-3.362700921380053e-05	4.450008871015435	-3.784975539595575e-05	4.353347275630214	-3.4980760581680076e-05	4.263149411985404	-3.699045646223274e-05	4.173464505460376	-3.637462506155706e-05	4.092220319922616	-4.154080790936983e-05	4.014094665759568	-4.094552670120789e-05
4	1	32	0	0	1597	268	1623	1671	1670	2030	1704	1920	1741	1714	1740	1417	1771	1395	1805	1361	1859	1344	1858	1354	1826	1428	1880	1473	1902	1542	1961	1588	1963	1627	1964	1670	1972	1704	1992	1737	2009	1718	2028	1795	2025	1840	2027	1864	2039	1826	2033	1896	2022	1934	2002	1946	1975	1963	1988	1974	1957	4072	4095	388.0	561.3962039046335	598.0960321426392	23	1	0.6485929489135742	0.029231218941829874	8.51063829787234			5.020118194392054	0.14262450374123234	6.314192343604108	1.637593100744806	7.036022751211292	3.88234394124847	7.4177259272157405	5.992696401260964	7.6272671514939105	7.300451486497998	7.596926301082781	7.498941574936495	7.6083687760450225	8.333333333333332	7.665194496347885	8.619379354021532	7.768816080906013	8.601049532829899	7.651758504241825	8.691744768262936	7.420954238803544	8.956347215253386	7.4924278654551255	8.966398831263696	7.474358470546625	9.098418692471089	7.595181842828924	9.099243639697455	7.522513891550105	9.032866977570508	7.420561453885971	8.983807628167195	7.356013130408834	8.805291442744936	7.3413429645463255	8.762106537530267	7.378704961986264	8.366611473653453	7.412009794963634	8.492619227857684	7.402939241061636	8.478090586554854	7.406460099386145	8.356121396870938	7.466676431814853	8.005260850504165	7.473440429364409	8.104988671824904	7.451630735212825	8.03756961183609	7.430777225150323	7.9208726799088245	7.382625598086125	7.870890136327185	7.4613421408196965	7.799596981310996	7.446444199231383	4.791264649126935	4.794239887607564	7.870182555780933	6.657913504893395	7.673816385762604	5.386416861826698	4.761904761904762	4.1755345487159	3.466518771331058	9.903400000000001	0.1357617334155676	19.544406625779274	-3.8147190936227435e-06	13.647399053749801	-7.641842142466863e-06	10.899167437557816	-8.699720448982906e-06	9.485198331671336	-8.903565482261624e-06	8.615650113962088	-1.7328778922496528e-05	8.016077438237502	-2.108656985822445e-05	7.571131538988787	-2.1863610425443995e-05	7.2165798236488605	-2.1578280892432268e-05	6.915231714548277	-2.244268551537265e-05	6.6517428291060945	-2.2134313473525517e-05	6.415394134738072	-2.305933294474087e-05	6.199201723721068	-2.4044498351616056e-05	5.987774747670402	-2.5083192588752695e-05	5.7951523763489075	-2.475063732891122e-05	5.615059553689591	-2.5859879006189638e-05	5.45003789712364	-2.7069417131756407e-05	5.29650928134225	-2.8352754970488116e-05	5.151177781815132	-2.9697902454618986e-05	5.0150924997571344	-3.116018534811426e-05	4.888963112836872	-3.080192820070536e-05	4.770904916283319	-3.0317545976558473e-05	4.6576735995167775	-3.190294698155584e-05	4.550493082939711	-3.362700921380053e-05	4.450008871015435	-3.784975539595575e-05	4.353347275630214	-3.4980760581680076e-05	4.263149411985404	-3.699045646223274e-05	4.173464505460376	-3.637462506155706e-05	4.092220319922616	-4.154080790936983e-05	4.014094665759568	-4.094552670120789e-05
5	1	30	0	0	1418	577	1422	2743	1448	3082	1438	2388	1460	1974	1474	1634	1494	1459	1515	1363	1540	1367	1551	1298	1558	1353	1590	1378	1568	1395	1576	1426	1608	1460	1649	1425	1662	1478	1679	1492	1669	1540	1671	1523	1678	1545	1681	1560	1688	1585	1667	1581	1651	1612	1638	1651	1623	1655	1603	1669	1600	4065	4095	314.0	529.1500192909521	526.5046339035034	30	1	0.6652545928955078	0.029231218941829874	7.9787234042553195			4.457437444989313	0.30706842783093674	5.5322128851540615	2.6881615052920425	6.100695175900569	5.894277845777234	6.2597945324743165	7.453416149068323	6.396214842723211	8.407871198568873	6.435557107928746	8.647332768839966	6.41835288052584	8.715651135005974	6.433667402751826	8.632045598480051	6.43570562915291	8.748240112632793	6.38744749196936	8.332263448452947	6.3317889945541745	8.485950827897641	6.336681013868962	8.388117847577307	6.161826541439069	8.231059712060421	6.104031914481584	8.170983268393307	6.162100019160759	8.105707306240284	6.230400120905278	7.665823874334284	6.199641897940913	7.637453493179	6.18780865335004	7.526230831315576	6.1299445403459805	7.499756501412291	6.10723292277329	7.205715367146101	6.134386195803173	7.118831497949592	6.142209880152002	6.993320482359798	6.181338801816318	6.9487067075843925	6.128000588170422	6.758432009575515	6.084392850562005	6.6993599867010225	6.079726820577537	6.720123738196028	6.066836124401914	6.635926222935044	6.016363909322924	6.5944920779169465	6.08804839998478	4.7830281922153715	4.794239887607564	6.369168356997972	6.275487855187388	6.755269504722411	7.02576112412178	4.761904761904762	4.282799467647725	3.466518771331058	9.903400000000001	0.1357617334155676	19.544406625779274	-3.8147190936227435e-06	13.647399053749801	-7.641842142466863e-06	10.899167437557816	-8.699720448982906e-06	9.485198331671336	-8.903565482261624e-06	8.615650113962088	-1.7328778922496528e-05	8.016077438237502	-2.108656985822445e-05	7.571131538988787	-2.1863610425443995e-05	7.2165798236488605	-2.1578280892432268e-05	6.915231714548277	-2.244268551537265e-05	6.6517428291060945	-2.2134313473525517e-05	6.415394134738072	-2.305933294474087e-05	6.199201723721068	-2.4044498351616056e-05	5.987774747670402	-2.5083192588752695e-05	5.7951523763489075	-2.475063732891122e-05	5.615059553689591	-2.5859879006189638e-05	5.45003789712364	-2.7069417131756407e-05	5.29650928134225	-2.8352754970488116e-05	5.151177781815132	-2.9697902454618986e-05	5.0150924997571344	-3.116018534811426e-05	4.888963112836872	-3.080192820070536e-05	4.770904916283319	-3.0317545976558473e-05	4.6576735995167775	-3.190294698155584e-05	4.550493082939711	-3.362700921380053e-05	4.450008871015435	-3.784975539595575e-05	4.353347275630214	-3.4980760581680076e-05	4.263149411985404	-3.699045646223274e-05	4.173464505460376	-3.637462506155706e-05	4.092220319922616	-4.154080790936983e-05	4.014094665759568	-4.094552670120789e-05
6	1	23	0	0	1185	1137	1207	4053	1248	3768	1209	2642	1287	2125	1334	1683	1329	1440	1278	1361	1299	1240	1304	1214	1327	1174	1330	1182	1344	1247	1335	1205	1346	1289	1383	1325	1422	1316	1443	1268	1417	1311	1443	1324	1444	1328	1447	1343	1473	1333	1468	1368	1478	1393	1463	1435	1471	1408	1451	1424	1424	4071	4095	256.0	501.2701137889383	467.29855728149414	24	1	0.6827058792114258	0.029231218941829874	6.117021276595745			3.725009430403621	0.6050897789320192	4.695767195767195	3.9719717757742066	5.2580577206656836	7.2062423500612	5.262928782866098	8.246199943818471	5.6383071935512135	9.051026492886958	5.824310164163465	8.906646909398814	5.709498646732826	8.60215053763441	5.427212502123322	8.619379354021532	5.428559488486774	7.935492128503776	5.370233094473273	7.7930414687379645	5.392993578801918	7.363271450075263	5.300494181412403	7.1950328707085465	5.281565606947773	7.357800330422469	5.170610790503118	6.904652761861104	5.158076259819889	7.15634021763269	5.225374995277138	7.127871321749421	5.304386750223814	6.800330715171558	5.318051153534311	6.396287328490718	5.204392698424358	6.384532969708776	5.2739300464164325	6.264193792581378	5.278935439058273	6.118969727687416	5.2871967261034785	6.020531671672569	5.394023729310092	5.843928101709777	5.396463625335441	5.84790321891164	5.446839874700571	5.789211204388662	5.430183356840621	5.840931292738522	5.498654306220096	5.645549318364074	5.445878997147576	5.626456991584021	5.418363075986454	4.790088012425284	4.794239887607564	5.192697768762677	5.944844366567467	5.995631358836272	5.620608899297424	4.761904761904762	4.395147973831313	3.466518771331058	9.903400000000001	0.1357617334155676	19.544406625779274	-3.8147190936227435e-06	13.647399053749801	-7.641842142466863e-06	10.899167437557816	-8.699720448982906e-06	9.485198331671336	-8.903565482261624e-06	8.615650113962088	-1.7328778922496528e-05	8.016077438237502	-2.108656985822445e-05	7.571131538988787	-2.1863610425443995e-05	7.2165798236488605	-2.1578280892432268e-05	6.915231714548277	-2.244268551537265e-05	6.6517428291060945	-2.2134313473525517e-05	6.415394134738072	-2.305933294474087e-05	6.199201723721068	-2.4044498351616056e-05	5.987774747670402	-2.5083192588752695e-05	5.7951523763489075	-2.475063732891122e-05	5.615059553689591	-2.5859879006189638e-05	5.45003789712364	-2.7069417131756407e-05	5.29650928134225	-2.8352754970488116e-05	5.151177781815132	-2.9697902454618986e-05	5.0150924997571344	-3.116018534811426e-05	4.888963112836872	-3.080192820070536e-05	4.770904916283319	-3.0317545976558473e-05	4.6576735995167775	-3.190294698155584e-05	4.550493082939711	-3.362700921380053e-05	4.450008871015435	-3.784975539595575e-05	4.353347275630214	-3.4980760581680076e-05	4.263149411985404	-3.699045646223274e-05	4.173464505460376	-3.637462506155706e-05	4.092220319922616	-4.154080790936983e-05	4.014094665759568	-4.094552670120789e-05
7	1	25	0	0	1068	2152	1063	5258	1094	4000	1026	2863	1042	1991	1015	1609	1057	1350	1075	1183	1140	1162	1137	1065	1154	1060	1184	1085	1176	1028	1207	1055	1219	1048	1193	1055	1231	1152	1239	1128	1272	1154	1288	1171	1277	1183	1280	1208	1265	1197	1249	1222	1247	1247	1276	1258	1283	1287	1282	1277	1249	4073	4095	211.0	474.7402713533112	414.5503692626953	22	1	0.7009220123291016	0.029231218941829874	6.648936170212766			3.3572236891738965	1.1452534778027312	4.135543106131342	5.152881223049785	4.609226880134822	7.649938800489596	4.466306808288351	8.935984269171946	4.5649697713134145	8.480279410511969	4.431540342298288	8.51502963590178	4.540963182540706	8.064516129032258	4.565143536606081	7.492083597213426	4.764093777424882	7.436324075259184	4.682480850012355	6.8365643856721015	4.689913029342437	6.648268941294531	4.718635421648334	6.604577550523497	4.621369906079302	6.065612461647392	4.67485185328634	6.045152418060967	4.6713929871622915	5.818343326671108	4.507499905542751	5.675399429770294	4.591912861832289	5.952873088052915	4.566226874032579	5.690072639225181	4.671833106842473	5.619947404305055	4.707430283980848	5.540310370931112	4.668421437449733	5.4508593282034745	4.67699503069278	5.41534047608374	4.632342170792442	5.2476983779044275	4.591405359702974	5.223784892916685	4.595540814446287	5.182445349513756	4.73609976987603	5.120481927710843	4.795903110047847	5.160384923817161	4.811589851373667	5.045635939784267	4.752482782238119	4.792441285828588	4.794239887607564	4.279918864097363	5.630212035592779	5.318850561465242	5.152224824355972	4.761904761904762	4.5124204377152815	3.466518771331058	9.903400000000001	0.1357617334155676	19.544406625779274	-3.8147190936227435e-06	13.647399053749801	-7.641842142466863e-06	10.899167437557816	-8.699720448982906e-06	9.485198331671336	-8.903565482261624e-06	8.615650113962088	-1.7328778922496528e-05	8.016077438237502	-2.108656985822445e-05	7.571131538988787	-2.1863610425443995e-05	7.2165798236488605	-2.1578280892432268e-05	6.915231714548277	-2.244268551537265e-05	6.6517428291060945	-2.2134313473525517e-05	6.415394134738072	-2.305933294474087e-05	6.199201723721068	-2.4044498351616056e-05	5.987774747670402	-2.5083192588752695e-05	5.7951523763489075	-2.475063732891122e-05	5.615059553689591	-2.5859879006189638e-05	5.45003789712364	-2.7069417131756407e-05	5.29650928134225	-2.8352754970488116e-05	5.151177781815132	-2.9697902454618986e-05	5.0150924997571344	-3.116018534811426e-05	4.888963112836872	-3.080192820070536e-05	4.770904916283319	-3.0317545976558473e-05	4.6576735995167775	-3.190294698155584e-05	4.550493082939711	-3.362700921380053e-05	4.450008871015435	-3.784975539595575e-05	4.353347275630214	-3.4980760581680076e-05	4.263149411985404	-3.699045646223274e-05	4.173464505460376	-3.637462506155706e-05	4.092220319922616	-4.154080790936983e-05	4.014094665759568	-4.094552670120789e-05
8	1	13	0	0	955	4047	981	6940	909	4584	879	2838	895	1873	912	1461	932	1097	922	954	912	983	949	927	954	895	948	894	965	904	979	929	976	919	1033	907	1018	961	1065	969	1048	962	1091	977	1079	987	1084	1007	1083	1017	1108	1050	1094	1048	1101	1090	1074	1078	1050	1082	1038	4075	4095	166.0	440.57747451801237	354.13621711730957	20	1	0.7264938354492188	0.029231218941829874	3.4574468085106385			3.0020118194392054	2.15373644268943	3.816526610644258	6.8012544100352805	3.829787234042553	8.766829865361077	3.8263973532996687	8.85795436811386	3.920967317970735	7.977681233495187	3.9818372336709746	7.731795088907706	4.003952399364179	6.553166069295102	3.9154068286054016	6.041798606713109	3.8112750219399056	6.290797388967107	3.908244790379705	5.950699704711774	3.8771031455742504	5.6133968891118915	3.778096604495457	5.441928414901388	3.7921955436790196	5.3339627094642434	3.7917812463689535	5.323172129268851	3.740180111132401	5.102154119475905	3.9029735141874786	4.879229651944699	3.7973739182333635	4.965894997933031	3.924964988575219	4.888014527845036	3.8491203584676974	4.684912827505601	3.9874273601111074	4.622445117335352	3.9445784894348175	4.547758374418283	3.960830166617948	4.5142780293181515	3.9658708070894977	4.458570802279701	4.0730801749807	4.488522207497969	4.031693384927216	4.355415177458233	4.086556306139114	4.436665581243894	4.014653110047847	4.322373696872494	3.9408497222639243	4.275159034335612	3.949621399490126	4.7947945592318915	4.794239887607564	3.367139959432049	5.225056202987072	4.543712313173617	4.683840749414521	4.761904761904762	4.677047621977085	3.466518771331058	9.903400000000001	0.1357617334155676	19.544406625779274	-3.8147190936227435e-06	13.647399053749801	-7.641842142466863e-06	10.899167437557816	-8.699720448982906e-06	9.485198331671336	-8.903565482261624e-06	8.615650113962088	-1.7328778922496528e-05	8.016077438237502	-2.108656985822445e-05	7.571131538988787	-2.1863610425443995e-05	7.2165798236488605	-2.1578280892432268e-05	6.915231714548277	-2.244268551537265e-05	6.6517428291060945	-2.2134313473525517e-05	6.415394134738072	-2.305933294474087e-05	6.199201723721068	-2.4044498351616056e-05	5.987774747670402	-2.5083192588752695e-05	5.7951523763489075	-2.475063732891122e-05	5.615059553689591	-2.5859879006189638e-05	5.45003789712364	-2.7069417131756407e-05	5.29650928134225	-2.8352754970488116e-05	5.151177781815132	-2.9697902454618986e-05	5.0150924997571344	-3.116018534811426e-05	4.888963112836872	-3.080192820070536e-05	4.770904916283319	-3.0317545976558473e-05	4.6576735995167775	-3.190294698155584e-05	4.550493082939711	-3.362700921380053e-05	4.450008871015435	-3.784975539595575e-05	4.353347275630214	-3.4980760581680076e-05	4.263149411985404	-3.699045646223274e-05	4.173464505460376	-3.637462506155706e-05	4.092220319922616	-4.154080790936983e-05	4.014094665759568	-4.094552670120789e-05
9	1	13	0	0	938	5885	876	7327	834	4482	811	2612	781	1686	783	1192	858	1006	860	881	845	877	858	807	859	780	899	794	925	847	913	868	938	850	923	858	938	860	967	909	988	939	978	931	1003	923	1014	925	992	958	980	968	976	984	962	1002	954	1017	940	987	933	4076	4095	146.0	420.66490733530856	321.8843421936035	19	1	0.7395095825195312	0.029231218941829874	3.4574468085106385			2.948572865585314	3.131885091481911	3.408029878618114	7.180517444139553	3.5137981883294716	8.571756425948593	3.530384816298102	8.152564062548768	3.4215368439498817	7.181190902121134	3.418616835487251	6.308213378492803	3.6860420157236757	6.0095579450418155	3.6521148292848653	5.5794806839772	3.531280036775461	5.612440803788558	3.533481591302199	5.180382590833226	3.491018450784362	4.892122428499749	3.5828152399171054	4.8332115899683465	3.6350060910912876	4.997639839509087	3.5361555443665518	4.973641989456796	3.594558344510443	4.7190761714412615	3.4873616201307285	4.615632901178116	3.498955535660997	4.44398511781728	3.5637945013636028	4.585351089588378	3.628750872295883	4.572903477159832	3.5744307591096813	4.404806964420893	3.666739782115961	4.252868267059854	3.7050570008769363	4.146680414219752	3.6326351252380253	4.199912319158264	3.602543837076793	4.137989997007652	3.5968306615072785	4.089435624636356	3.5706332120852204	4.078476066427874	3.5660885167464116	4.077786688051323	3.5279987989791324	3.899798490655498	3.550093223241125	4.795971195933543	4.794239887607564	2.9614604462474645	4.988901863073968	4.129907584567632	4.449648711943794	4.761904761904762	4.760840857257352	3.466518771331058	9.903400000000001	0.1357617334155676	19.544406625779274	-3.8147190936227435e-06	13.647399053749801	-7.641842142466863e-06	10.899167437557816	-8.699720448982906e-06	9.485198331671336	-8.903565482261624e-06	8.615650113962088	-1.7328778922496528e-05	8.016077438237502	-2.108656985822445e-05	7.571131538988787	-2.1863610425443995e-05	7.2165798236488605	-2.1578280892432268e-05	6.915231714548277	-2.244268551537265e-05	6.6517428291060945	-2.2134313473525517e-05	6.415394134738072	-2.305933294474087e-05	6.199201723721068	-2.4044498351616056e-05	5.987774747670402	-2.5083192588752695e-05	5.7951523763489075	-2.475063732891122e-05	5.615059553689591	-2.5859879006189638e-05	5.45003789712364	-2.7069417131756407e-05	5.29650928134225	-2.8352754970488116e-05	5.151177781815132	-2.9697902454618986e-05	5.0150924997571344	-3.116018534811426e-05	4.888963112836872	-3.080192820070536e-05	4.770904916283319	-3.0317545976558473e-05	4.6576735995167775	-3.190294698155584e-05	4.550493082939711	-3.362700921380053e-05	4.450008871015435	-3.784975539595575e-05	4.353347275630214	-3.4980760581680076e-05	4.263149411985404	-3.699045646223274e-05	4.173464505460376	-3.637462506155706e-05	4.092220319922616	-4.154080790936983e-05	4.014094665759568	-4.094552670120789e-05
10	2	9	0	0	892	8190	806	8471	726	4447	710	2157	720	1370	704	1045	721	870	724	794	732	698	739	709	752	705	769	721	753	731	802	727	776	740	794	751	803	763	801	756	809	804	828	772	845	800	852	804	824	799	846	816	848	841	847	850	831	838	833	838	818	4074	4092	125.0	392.07804207433514	282.96905040740967	18	1	0.7595500946044922	0.05846243788365975	2.393617021276596			2.8039733433924305	4.358562259853331	3.135698723934018	8.301646413171305	3.058773962502633	8.504819461444308	3.090719136339892	6.7324198632916135	3.1542977306580213	5.835250021296533	3.0736989172196996	5.530270956816257	3.097478197362203	5.197132616487455	3.0745710888398166	5.028499050031666	3.0590496886622924	4.46691411749648	3.0434066386623835	4.5512902811657465	3.056165162968382	4.421726041144004	3.064721823688825	4.388848307767226	2.959091444964043	4.313193297144205	3.106239590998877	4.1657116662846665	2.9737497604905156	4.108372196313568	2.9999622171005402	4.040023669912314	2.9953745150701283	3.9427449359239355	2.9520159209847425	3.8135593220338984	2.971315238549969	3.915457290347716	3.026205182559117	3.652535957607873	3.089127732689917	3.686126341980371	3.1131248173048816	3.6042497870623573	3.0174307895122308	3.5028496273564227	3.1099511083336395	3.4882229726841367	3.12511516491616	3.4951375612999747	3.143790364486675	3.4597850862911104	3.1063098086124405	3.360064153969527	3.12640744632938	3.3110751116203723	3.112514744492219	4.79361792253024	4.7907276239536385	2.535496957403651	4.649874140834624	3.6306084959316323	4.215456674473068	4.761904761904762	4.889858372364293	3.466518771331058	9.903400000000001	0.1357617334155676	19.544406625779274	-3.8147190936227435e-06	13.647399053749801	-7.641842142466863e-06	10.899167437557816	-8.699720448982906e-06	9.485198331671336	-8.903565482261624e-06	8.615650113962088	-1.7328778922496528e-05	8.016077438237502	-2.108656985822445e-05	7.571131538988787	-2.1863610425443995e-05	7.2165798236488605	-2.1578280892432268e-05	6.915231714548277	-2.244268551537265e-05	6.6517428291060945	-2.2134313473525517e-05	6.415394134738072	-2.305933294474087e-05	6.199201723721068	-2.4044498351616056e-05	5.987774747670402	-2.5083192588752695e-05	5.7951523763489075	-2.475063732891122e-05	5.615059553689591	-2.5859879006189638e-05	5.45003789712364	-2.7069417131756407e-05	5.29650928134225	-2.8352754970488116e-05	5.151177781815132	-2.9697902454618986e-05	5.0150924997571344	-3.116018534811426e-05	4.888963112836872	-3.080192820070536e-05	4.770904916283319	-3.0317545976558473e-05	4.6576735995167775	-3.190294698155584e-05	4.550493082939711	-3.362700921380053e-05	4.450008871015435	-3.784975539595575e-05	4.353347275630214	-3.4980760581680076e-05	4.263149411985404	-3.699045646223274e-05	4.173464505460376	-3.637462506155706e-05	4.092220319922616	-4.154080790936983e-05	4.014094665759568	-4.094552670120789e-05
11	2	14	0	0	957	10576	777	8797	723	3694	674	1823	634	1282	630	961	614	778	607	707	588	653	598	622	615	634	641	616	656	603	660	597	664	595	662	628	698	658	704	676	724	673	744	668	772	694	753	704	765	720	758	744	738	768	730	769	732	758	732	754	713	4081	4095	110.0	363.173604270035	249.6241455078125	14	1	0.7768278121948242	0.05846243788365975	3.723404255319149			3.008298755186722	5.628346087937586	3.022875816993464	8.621128969031751	3.04613440067411	7.064718482252141	2.9340066167508274	5.689940385155592	2.7775343906072023	5.46043104182639	2.750611246943765	5.0857324301439455	2.6377969669630965	4.647550776583035	2.577713606251062	4.477517416086131	2.457269422040202	4.178932548316908	2.4627295939378966	3.9928103736038	2.499390392587174	3.9764174611138987	2.5545990754025185	3.7496956415875333	2.5779070224387945	3.557941940051924	2.556257020024013	3.4208113683245474	2.5445487641310596	3.303353320008883	2.5012279442324403	3.3783420302329334	2.6037003879438974	3.400165357585779	2.5945308469079382	3.4100080710250205	2.6591251331398977	3.277490990552255	2.7191988596908008	3.1604844814534445	2.8222563427652263	3.1977146016679727	2.751388482899737	3.1559600125521134	2.8013768858942436	3.156510302498904	2.7864573760247033	3.1804385927414183	2.7197346600331676	3.1917546338625216	2.709524163016851	3.130087919244546	2.736244019138756	3.0392943063352043	2.7473352349497073	2.979177367734798	2.7129865682432177	4.801854379441804	4.794239887607564	2.231237322515213	4.307080147091673	3.2027797462849548	3.278688524590164	4.761904761904762	5.001089471688195	3.466518771331058	9.903400000000001	0.1357617334155676	19.544406625779274	-3.8147190936227435e-06	13.647399053749801	-7.641842142466863e-06	10.899167437557816	-8.699720448982906e-06	9.485198331671336	-8.903565482261624e-06	8.615650113962088	-1.7328778922496528e-05	8.016077438237502	-2.108656985822445e-05	7.571131538988787	-2.1863610425443995e-05	7.2165798236488605	-2.1578280892432268e-05	6.915231714548277	-2.244268551537265e-05	6.6517428291060945	-2.2134313473525517e-05	6.415394134738072	-2.305933294474087e-05	6.199201723721068	-2.4044498351616056e-05	5.987774747670402	-2.5083192588752695e-05	5.7951523763489075	-2.475063732891122e-05	5.615059553689591	-2.5859879006189638e-05	5.45003789712364	-2.7069417131756407e-05	5.29650928134225	-2.8352754970488116e-05	5.151177781815132	-2.9697902454618986e-05	5.0150924997571344	-3.116018534811426e-05	4.888963112836872	-3.080192820070536e-05	4.770904916283319	-3.0317545976558473e-05	4.6576735995167775	-3.190294698155584e-05	4.550493082939711	-3.362700921380053e-05	4.450008871015435	-3.784975539595575e-05	4.353347275630214	-3.4980760581680076e-05	4.263149411985404	-3.699045646223274e-05	4.173464505460376	-3.637462506155706e-05	4.092220319922616	-4.154080790936983e-05	4.014094665759568	-4.094552670120789e-05
12	10	10	0	0	1037	12682	779	8392	668	3323	601	1742	564	1206	501	861	506	711	532	613	494	582	553	501	549	506	546	523	577	497	589	552	617	566	609	544	645	592	656	596	671	621	683	620	692	642	669	663	653	678	656	696	649	684	648	664	639	664	619	651	599	4080	4095	100.0	341.64898885889914	224.66174793243408	15	1	0.7912197113037109	0.29231218941829873	2.6595744680851063			3.259776185087388	6.749119240471299	3.0306567071272954	8.224225793806351	2.8144091004845166	6.355186658506732	2.6162284520285564	5.437123505727395	2.470866555682117	5.1367237413749045	2.187390848760042	4.556519898391194	2.173819650298578	4.247311827956989	2.2592152199762188	3.882203926535782	2.0644406368841155	3.7245616280558043	2.2774071328556134	3.2160739504429325	2.231163130943672	3.173607626693427	2.1759923481587755	3.1835889943998055	2.267457853578025	2.9324994099598776	2.2812657345365817	3.162961265184506	2.3644376317302167	3.1423495447479457	2.3009785770960063	2.9264618860616496	2.4059982094897046	3.059115336916081	2.4176310164369426	3.006456820016142	2.4644654203547947	3.024252459335736	2.4962537918935714	2.9333838001514003	2.5297945455874826	2.958116389439248	2.444460684010523	2.972161205002914	2.391240662077047	2.9723805348531345	2.411498731757527	2.9752490061129397	2.391744978809655	2.8426564707838087	2.40516665429441	2.7027027027027026	2.3886064593301435	2.6623897353648758	2.3232247410298754	2.5722075151132007	2.279213119744302	4.8006777427401515	4.794239887607564	2.028397565922921	4.051807620065854	2.882501989457811	3.51288056206089	4.761904761904762	5.093742147070267	3.466518771331058	9.903400000000001	0.1357617334155676	19.544406625779274	-3.8147190936227435e-06	13.647399053749801	-7.641842142466863e-06	10.899167437557816	-8.699720448982906e-06	9.485198331671336	-8.903565482261624e-06	8.615650113962088	-1.7328778922496528e-05	8.016077438237502	-2.108656985822445e-05	7.571131538988787	-2.1863610425443995e-05	7.2165798236488605	-2.1578280892432268e-05	6.915231714548277	-2.244268551537265e-05	6.6517428291060945	-2.2134313473525517e-05	6.415394134738072	-2.305933294474087e-05	6.199201723721068	-2.4044498351616056e-05	5.987774747670402	-2.5083192588752695e-05	5.7951523763489075	-2.475063732891122e-05	5.615059553689591	-2.5859879006189638e-05	5.45003789712364	-2.7069417131756407e-05	5.29650928134225	-2.8352754970488116e-05	5.151177781815132	-2.9697902454618986e-05	5.0150924997571344	-3.116018534811426e-05	4.888963112836872	-3.080192820070536e-05	4.770904916283319	-3.0317545976558473e-05	4.6576735995167775	-3.190294698155584e-05	4.550493082939711	-3.362700921380053e-05	4.450008871015435	-3.784975539595575e-05	4.353347275630214	-3.4980760581680076e-05	4.263149411985404	-3.699045646223274e-05	4.173464505460376	-3.637462506155706e-05	4.092220319922616	-4.154080790936983e-05	4.014094665759568	-4.094552670120789e-05
13	13	8	0	0	1059	14249	734	7708	619	3088	577	1619	514	1030	512	707	494	604	500	560	524	510	532	521	525	500	544	519	555	521	560	513	558	545	566	547	591	556	595	555	582	574	585	594	566	595	587	586	599	583	595	570	573	596	578	587	567	607	565	570	555	4081	4095	93.0	322.28552456032685	205.05927276611328	14	1	0.8018217086791992	0.38000584624378836	2.127659574468085			3.328932478310072	7.583046842570221	2.855586679116091	7.55390043120345	2.6079629239519697	5.905752753977969	2.51175343896918	5.053216392521614	2.251818102164199	4.387085782434619	2.2354173943416	3.7415325994919564	2.122266615113632	3.6081242532855433	2.123322575165619	3.546548448385054	2.1898115257637176	3.2637911173684886	2.190923317683881	3.344460136089357	2.13362594489149	3.135975915704967	2.168021680216802	3.159240321402484	2.1810036546547726	3.07410903941468	2.1689453503234053	2.9394911757964706	2.1383406782908603	3.02576060404175	2.1385121094192767	2.942600462639195	2.204565801253357	2.8730880529144276	2.1928208152133855	2.799636803874092	2.1375840158666026	2.7953637868900363	2.1380797485472023	2.8103709311127933	2.0691672150325364	2.7415564668479013	2.144840689856767	2.6269780786300263	2.1934964113080415	2.555896536606751	2.187258758225196	2.4366263412131834	2.1116639027086785	2.476934585653728	2.1453492687996434	2.389286877238684	2.119467703349282	2.433841218925421	2.1205524695991596	2.252163262080683	2.1117917887447204	4.801854379441804	4.794239887607564	1.8864097363083163	3.822165400260453	2.630994226408579	3.278688524590164	4.761904761904762	5.161996059483128	3.466518771331058	9.903400000000001	0.1357617334155676	19.544406625779274	-3.8147190936227435e-06	13.647399053749801	-7.641842142466863e-06	10.899167437557816	-8.699720448982906e-06	9.485198331671336	-8.903565482261624e-06	8.615650113962088	-1.7328778922496528e-05	8.016077438237502	-2.108656985822445e-05	7.571131538988787	-2.1863610425443995e-05	7.2165798236488605	-2.1578280892432268e-05	6.915231714548277	-2.244268551537265e-05	6.6517428291060945	-2.2134313473525517e-05	6.415394134738072	-2.305933294474087e-05	6.199201723721068	-2.4044498351616056e-05	5.987774747670402	-2.5083192588752695e-05	5.7951523763489075	-2.475063732891122e-05	5.615059553689591	-2.5859879006189638e-05	5.45003789712364	-2.7069417131756407e-05	5.29650928134225	-2.8352754970488116e-05	5.151177781815132	-2.9697902454618986e-05	5.0150924997571344	-3.116018534811426e-05	4.888963112836872	-3.080192820070536e-05	4.770904916283319	-3.0317545976558473e-05	4.6576735995167775	-3.190294698155584e-05	4.550493082939711	-3.362700921380053e-05	4.450008871015435	-3.784975539595575e-05	4.353347275630214	-3.4980760581680076e-05	4.263149411985404	-3.699045646223274e-05	4.173464505460376	-3.637462506155706e-05	4.092220319922616	-4.154080790936983e-05	4.014094665759568	-4.094552670120789e-05
14	41	8	0	0	1052	15978	726	7068	619	2592	524	1320	483	819	472	645	485	514	459	471	431	468	447	472	442	463	422	435	427	447	444	444	450	425	466	438	469	449	470	461	476	467	477	470	478	477	499	473	514	475	507	488	520	499	515	510	505	505	512	526	497	4080	4095	84.0	301.6379710204777	182.6281328201294	15	1	0.8147344589233398	1.198479976615025	2.127659574468085			3.3069282031937632	8.503187764094813	2.824463118580766	6.926695413563308	2.6079629239519697	4.957160342717258	2.281037785129723	4.119978775866913	2.1160080609830896	3.488372093023256	2.060775410408662	3.4134208298052497	2.0836018387249218	3.0704898446833933	1.9492101240020383	2.982900569981001	1.8011617702369511	2.995008319467554	1.8408697800840128	3.029913981255617	1.7963098431276925	2.9039136979427997	1.6818109357564164	2.647918188458729	1.6779974063740322	2.6374793485957047	1.7196638134706999	2.544121017648407	1.7244682889442424	2.3595380857206307	1.7606831148222317	2.3562321803216957	1.7494777678304985	2.3201736254650682	1.732144173361834	2.32546408393866	1.748264590296397	2.2742768091945065	1.7433573334307957	2.223694171082513	1.7474592381370182	2.1978528314057963	1.8232972814966382	2.1204106334334516	1.8822323128753478	2.082419991231916	1.8637650259162593	2.0860941307228655	1.9163442049014188	2.0738093259080705	1.9115136218543538	2.075871051774666	1.8877093301435406	2.02485966319166	1.9216333883801233	2.078312062902525	1.8911000342452724	4.8006777427401515	4.794239887607564	1.7038539553752536	3.57729444352822	2.343193538863182	3.51288056206089	4.761904761904762	5.245126218165339	3.466518771331058	9.903400000000001	0.1357617334155676	19.544406625779274	-3.8147190936227435e-06	13.647399053749801	-7.641842142466863e-06	10.899167437557816	-8.699720448982906e-06	9.485198331671336	-8.903565482261624e-06	8.615650113962088	-1.7328778922496528e-05	8.016077438237502	-2.108656985822445e-05	7.571131538988787	-2.1863610425443995e-05	7.2165798236488605	-2.1578280892432268e-05	6.915231714548277	-2.244268551537265e-05	6.6517428291060945	-2.2134313473525517e-05	6.415394134738072	-2.305933294474087e-05	6.199201723721068	-2.4044498351616056e-05	5.987774747670402	-2.5083192588752695e-05	5.7951523763489075	-2.475063732891122e-05	5.615059553689591	-2.5859879006189638e-05	5.45003789712364	-2.7069417131756407e-05	5.29650928134225	-2.8352754970488116e-05	5.151177781815132	-2.9697902454618986e-05	5.0150924997571344	-3.116018534811426e-05	4.888963112836872	-3.080192820070536e-05	4.770904916283319	-3.0317545976558473e-05	4.6576735995167775	-3.190294698155584e-05	4.550493082939711	-3.362700921380053e-05	4.450008871015435	-3.784975539595575e-05	4.353347275630214	-3.4980760581680076e-05	4.263149411985404	-3.699045646223274e-05	4.173464505460376	-3.637462506155706e-05	4.092220319922616	-4.154080790936983e-05	4.014094665759568	-4.094552670120789e-05
15	163	2	0	0	1178	17540	734	6444	541	2282	506	1093	450	717	422	552	392	502	392	424	392	404	372	406	372	408	367	367	369	371	383	362	388	364	398	378	394	367	409	397	416	394	396	410	393	417	391	394	383	396	367	391	369	385	364	369	362	368	374	361	369	4081	4095	78.0	274.5753592387664	160.07426357269287	14	1	0.8286075592041016	4.7646886875182695	0.5319148936170213			3.703005155287313	9.33445446127319	2.855586679116091	6.315170521364171	2.2793343164103645	4.364290085679315	2.2026815253351906	3.4114672742594965	1.9714360816612635	3.0539228213646816	1.8424729304924905	2.9212531752751905	1.6840658160415862	2.998805256869773	1.6646848989298455	2.6852438252058266	1.638179614693468	2.5854345321899395	1.531999011613541	2.6062395686224162	1.511826383808827	2.5589563472152537	1.4626175673521442	2.2339907475042606	1.4500727001218219	2.1890488553221616	1.483403694953329	2.074260829704332	1.4868748802452578	2.0208749722407284	1.5037593984962405	2.0334606487707787	1.469710534168905	1.896444811905746	1.5073339721382768	2.002623083131558	1.527895104124582	1.9187688711405475	1.4473155220934908	1.9398183194549583	1.4367185786356658	1.9213933557572684	1.4286758257819352	1.7662617115703592	1.4025194082320198	1.7360806663743973	1.3491159063338602	1.671440174411149	1.3598673300165838	1.6000332474441028	1.351050404572786	1.5019537609899056	1.3531698564593302	1.475541299117883	1.403693139168293	1.4263700659844325	1.40405616224649	4.801854379441804	4.794239887607564	1.5821501014198782	3.2563437010651475	2.0538181842511496	3.278688524590164	4.761904761904762	5.334438952164611	3.466518771331058	9.903400000000001	0.1357617334155676	19.544406625779274	-3.8147190936227435e-06	13.647399053749801	-7.641842142466863e-06	10.899167437557816	-8.699720448982906e-06	9.485198331671336	-8.903565482261624e-06	8.615650113962088	-1.7328778922496528e-05	8.016077438237502	-2.108656985822445e-05	7.571131538988787	-2.1863610425443995e-05	7.2165798236488605	-2.1578280892432268e-05	6.915231714548277	-2.244268551537265e-05	6.6517428291060945	-2.2134313473525517e-05	6.415394134738072	-2.305933294474087e-05	6.199201723721068	-2.4044498351616056e-05	5.987774747670402	-2.5083192588752695e-05	5.7951523763489075	-2.475063732891122e-05	5.615059553689591	-2.5859879006189638e-05	5.45003789712364	-2.7069417131756407e-05	5.29650928134225	-2.8352754970488116e-05	5.151177781815132	-2.9697902454618986e-05	5.0150924997571344	-3.116018534811426e-05	4.888963112836872	-3.080192820070536e-05	4.770904916283319	-3.0317545976558473e-05	4.6576735995167775	-3.190294698155584e-05	4.550493082939711	-3.362700921380053e-05	4.450008871015435	-3.784975539595575e-05	4.353347275630214	-3.4980760581680076e-05	4.263149411985404	-3.699045646223274e-05	4.173464505460376	-3.637462506155706e-05	4.092220319922616	-4.154080790936983e-05	4.014094665759568	-4.094552670120789e-05
16	338	3	0	0	1388	17766	896	5719	580	1974	473	1011	387	650	340	497	331	408	339	341	328	350	333	334	330	336	319	329	321	331	309	319	311	321	308	310	311	310	317	313	311	319	308	317	305	316	310	309	307	310	305	309	309	300	293	309	288	304	292	297	288	4082	4095	72.0	247.46752909596992	139.70455360412598	13	1	0.8337650299072266	9.880152002338498	0.7978723404255319			4.363133408776562	9.45472736368184	3.485838779956427	5.6046648373186985	2.4436486201811674	3.7752447980416157	2.059028382378548	3.1555291987889764	1.6954350302286865	2.768549280177187	1.4844568634299686	2.630186282811177	1.4220045538514414	2.437275985663083	1.4396127059622899	2.1595946801773276	1.3707217184169835	2.239856649174453	1.3713862120088955	2.144049300295288	1.341136308217508	2.107375815353738	1.2713215367447792	2.0026783540297055	1.2614453570165443	1.9530328062308238	1.196793059374879	1.8278707311482925	1.191799195248132	1.7821452365089938	1.1637133033588998	1.6676529130130722	1.1601014622500747	1.601901612236461	1.1682759637355349	1.5788942695722359	1.1422485033239065	1.5535209895782605	1.1256898505171595	1.4998107494322483	1.1150106017401478	1.4560199050822467	1.1327097339959076	1.3852154032366522	1.1242126849274938	1.3590530469092503	1.121199867661655	1.320907963920831	1.1387506909894969	1.2467791538525477	1.08752134214238	1.2577336372517096	1.076555023923445	1.218925421010425	1.0959315418105389	1.1734955944525662	1.0958487119972604	4.803031016143455	4.794239887607564	1.460446247464503	2.934856688611568	1.7924664853107002	3.0444964871194378	4.761904761904762	5.367641898852454	3.466518771331058	9.903400000000001	0.1357617334155676	19.544406625779274	-3.8147190936227435e-06	13.647399053749801	-7.641842142466863e-06	10.899167437557816	-8.699720448982906e-06	9.485198331671336	-8.903565482261624e-06	8.615650113962088	-1.7328778922496528e-05	8.016077438237502	-2.108656985822445e-05	7.571131538988787	-2.1863610425443995e-05	7.2165798236488605	-2.1578280892432268e-05	6.915231714548277	-2.244268551537265e-05	6.6517428291060945	-2.2134313473525517e-05	6.415394134738072	-2.305933294474087e-05	6.199201723721068	-2.4044498351616056e-05	5.987774747670402	-2.5083192588752695e-05	5.7951523763489075	-2.475063732891122e-05	5.615059553689591	-2.5859879006189638e-05	5.45003789712364	-2.7069417131756407e-05	5.29650928134225	-2.8352754970488116e-05	5.151177781815132	-2.9697902454618986e-05	5.0150924997571344	-3.116018534811426e-05	4.888963112836872	-3.080192820070536e-05	4.770904916283319	-3.0317545976558473e-05	4.6576735995167775	-3.190294698155584e-05	4.550493082939711	-3.362700921380053e-05	4.450008871015435	-3.784975539595575e-05	4.353347275630214	-3.4980760581680076e-05	4.263149411985404	-3.699045646223274e-05	4.173464505460376	-3.637462506155706e-05	4.092220319922616	-4.154080790936983e-05	4.014094665759568	-4.094552670120789e-05
17	360	4	0	0	1572	19584	868	5813	587	1857	451	914	403	597	354	462	312	397	290	349	288	306	274	294	271	292	291	274	287	275	287	290	283	287	271	288	274	285	289	268	294	282	270	294	262	286	252	267	256	260	249	258	265	254	268	262	264	267	257	264	257	3934	3947	68.0	223.8412649419696	125.16147327423096	13	1	0.8378086090087891	10.523238819058754	1.0638297872340425			4.941531497548095	10.422232392792141	3.376906318082789	5.696785574284594	2.473140931114388	3.551484088127295	1.9632596204074526	2.8527731826836042	1.7655305353544204	2.542806031178124	1.5455815578064966	2.4449618966977136	1.3403789148086094	2.3715651135005973	1.2315270935960592	2.2102596580114	1.2035605332441806	1.9582746704210932	1.1284078741454575	1.8872769290024394	1.1013573925058928	1.8314099347717008	1.1597321855571496	1.6678841003165328	1.1278343223169724	1.6226103375029504	1.1115844920407452	1.6617006646802661	1.084498946158268	1.5933821896513438	1.0239165753579929	1.5493033514444026	1.022082960310355	1.472715998346424	1.0650843959607872	1.3518966908797418	1.0798104822418921	1.373332034674199	0.9868060377910165	1.390991672975019	0.9578123857571106	1.3177901672579828	0.9207833966676411	1.19693369794235	0.9374542258678776	1.1398509425690488	0.9153402198286954	1.1028940281280726	0.9765984890363001	1.0556063502618236	0.9947294187513919	1.0664278736567894	0.9868421052631579	1.0705693664795508	0.9645698844017414	1.043107195068948	0.9778927742475553	4.62888878429896	4.620968214013931	1.3793103448275863	2.6546595264522406	1.6058728245314982	3.0444964871194378	4.761904761904762	5.3936737949242834	3.466518771331058	9.903400000000001	0.1357617334155676	19.544406625779274	-3.8147190936227435e-06	13.647399053749801	-7.641842142466863e-06	10.899167437557816	-8.699720448982906e-06	9.485198331671336	-8.903565482261624e-06	8.615650113962088	-1.7328778922496528e-05	8.016077438237502	-2.108656985822445e-05	7.571131538988787	-2.1863610425443995e-05	7.2165798236488605	-2.1578280892432268e-05	6.915231714548277	-2.244268551537265e-05	6.6517428291060945	-2.2134313473525517e-05	6.415394134738072	-2.305933294474087e-05	6.199201723721068	-2.4044498351616056e-05	5.987774747670402	-2.5083192588752695e-05	5.7951523763489075	-2.475063732891122e-05	5.615059553689591	-2.5859879006189638e-05	5.45003789712364	-2.7069417131756407e-05	5.29650928134225	-2.8352754970488116e-05	5.151177781815132	-2.9697902454618986e-05	5.0150924997571344	-3.116018534811426e-05	4.888963112836872	-3.080192820070536e-05	4.770904916283319	-3.0317545976558473e-05	4.6576735995167775	-3.190294698155584e-05	4.550493082939711	-3.362700921380053e-05	4.450008871015435	-3.784975539595575e-05	4.353347275630214	-3.4980760581680076e-05	4.263149411985404	-3.699045646223274e-05	4.173464505460376	-3.637462506155706e-05	4.092220319922616	-4.154080790936983e-05	4.014094665759568	-4.094552670120789e-05
18	314	2	0	0	1989	20215	950	5548	577	1773	439	867	369	546	322	396	294	349	266	315	250	280	239	253	252	248	244	247	261	245	241	248	242	255	235	242	237	240	242	243	242	239	227	243	222	229	222	223	220	222	216	222	219	219	215	220	213	214	215	212	200	3873	3886	65.0	200.06384117237525	112.82723712921143	13	1	0.8350763320922852	9.178602747734582	0.5319148936170213			6.252357600905318	10.758038593764969	3.6959228135698727	5.437083496667974	2.431009058352644	3.390835373317014	1.9110221138777643	2.7060769686944037	1.616577586962236	2.3255813953488373	1.4058679706601467	2.0956816257408977	1.2630493620311896	2.084826762246117	1.1296076099881094	1.9949335022165928	1.0447574073300179	1.7918853193395625	0.9842681821925707	1.6240852484272692	1.024140453547915	1.5554440541896637	0.9724214889207716	1.5035305575846116	1.0256611781349472	1.4455983006844464	0.9334211239784654	1.4210405684162275	0.9273807242766814	1.4157228514323783	0.8878981373030566	1.301845177255366	0.8840644583706356	1.2401818933443571	0.8918699786246037	1.2257869249394673	0.8888235942263194	1.1639232492451543	0.8296480391798545	1.1496971990915972	0.8115814871682386	1.0551536653918814	0.8111663256357791	0.9996861971578428	0.8056247253552072	0.9732573432704955	0.7940300702128441	0.9490018381567135	0.8070757324488668	0.9101487823123597	0.7980105411624971	0.8954737870400522	0.7962021531100479	0.8580593424218124	0.8069358955111844	0.8376466869493066	0.7610060499980975	4.557113945498188	4.549552186384124	1.3184584178498986	2.3726696773472975	1.4476195368505274	3.0444964871194378	4.761904761904762	5.376083846281408	3.466518771331058	9.903400000000001	0.1357617334155676	19.544406625779274	-3.8147190936227435e-06	13.647399053749801	-7.641842142466863e-06	10.899167437557816	-8.699720448982906e-06	9.485198331671336	-8.903565482261624e-06	8.615650113962088	-1.7328778922496528e-05	8.016077438237502	-2.108656985822445e-05	7.571131538988787	-2.1863610425443995e-05	7.2165798236488605	-2.1578280892432268e-05	6.915231714548277	-2.244268551537265e-05	6.6517428291060945	-2.2134313473525517e-05	6.415394134738072	-2.305933294474087e-05	6.199201723721068	-2.4044498351616056e-05	5.987774747670402	-2.5083192588752695e-05	5.7951523763489075	-2.475063732891122e-05	5.615059553689591	-2.5859879006189638e-05	5.45003789712364	-2.7069417131756407e-05	5.29650928134225	-2.8352754970488116e-05	5.151177781815132	-2.9697902454618986e-05	5.0150924997571344	-3.116018534811426e-05	4.888963112836872	-3.080192820070536e-05	4.770904916283319	-3.0317545976558473e-05	4.6576735995167775	-3.190294698155584e-05	4.550493082939711	-3.362700921380053e-05	4.450008871015435	-3.784975539595575e-05	4.353347275630214	-3.4980760581680076e-05	4.263149411985404	-3.699045646223274e-05	4.173464505460376	-3.637462506155706e-05	4.092220319922616	-4.154080790936983e-05	4.014094665759568	-4.094552670120789e-05
19	1358	2	0	0	2017	17567	886	4008	532	1292	391	650	301	406	257	331	249	263	250	248	227	252	217	236	210	222	203	210	204	207	212	207	204	211	216	201	201	211	206	201	205	202	204	204	195	200	190	195	185	190	185	185	191	188	189	189	186	190	192	190	184	4082	4095	62.0	184.87256917111318	104.1426010131836	13	1	0.8354778289794922	39.695995323004965	0.5319148936170213			6.340374701370552	9.348823347844135	3.4469343292872705	3.927871422971384	2.2414156309247946	2.4709302325581395	1.7020720877590112	2.028777427510222	1.3186716901778675	1.7292784734645201	1.1220747467691232	1.7516934801016089	1.0697254800876401	1.5710872162485063	1.0616612875828095	1.5706143128562382	0.9486397258556564	1.612696787405606	0.8936660901078988	1.5149569906278084	0.853450377956596	1.3923733065730055	0.809022796110314	1.2783053323593865	0.80166620819743	1.221383054047675	0.8211007397652891	1.1861104744441897	0.7817589576547231	1.1714412613813012	0.816110628329618	1.0812846306955726	0.7497761862130707	1.090326581231914	0.759195105771357	1.0139225181598064	0.7529290777537003	0.9837342943410928	0.7455867841087679	0.9651778955336867	0.7128756306207502	0.9215315854950927	0.6942414498684596	0.8741650602949748	0.6774571554123334	0.8329679964927663	0.6800720508767415	0.7908348651305945	0.7038879675695596	0.7813149364142631	0.7015069408358696	0.7692933897753175	0.6952751196172249	0.7618283881315157	0.7206125206425462	0.7507210873602276	0.7001255659982497	4.803031016143455	4.794239887607564	1.2576064908722109	2.192507833875173	1.3361921082270483	3.0444964871194378	4.761904761904762	5.3786686170942	3.466518771331058	9.903400000000001	0.1357617334155676	19.544406625779274	-3.8147190936227435e-06	13.647399053749801	-7.641842142466863e-06	10.899167437557816	-8.699720448982906e-06	9.485198331671336	-8.903565482261624e-06	8.615650113962088	-1.7328778922496528e-05	8.016077438237502	-2.108656985822445e-05	7.571131538988787	-2.1863610425443995e-05	7.2165798236488605	-2.1578280892432268e-05	6.915231714548277	-2.244268551537265e-05	6.6517428291060945	-2.2134313473525517e-05	6.415394134738072	-2.305933294474087e-05	6.199201723721068	-2.4044498351616056e-05	5.987774747670402	-2.5083192588752695e-05	5.7951523763489075	-2.475063732891122e-05	5.615059553689591	-2.5859879006189638e-05	5.45003789712364	-2.7069417131756407e-05	5.29650928134225	-2.8352754970488116e-05	5.151177781815132	-2.9697902454618986e-05	5.0150924997571344	-3.116018534811426e-05	4.888963112836872	-3.080192820070536e-05	4.770904916283319	-3.0317545976558473e-05	4.6576735995167775	-3.190294698155584e-05	4.550493082939711	-3.362700921380053e-05	4.450008871015435	-3.784975539595575e-05	4.353347275630214	-3.4980760581680076e-05	4.263149411985404	-3.699045646223274e-05	4.173464505460376	-3.637462506155706e-05	4.092220319922616	-4.154080790936983e-05	4.014094665759568	-4.094552670120789e-05
20	810	1	0	0	2519	19349	981	4364	558	1271	391	681	313	413	264	335	220	276	225	216	210	226	192	220	190	195	175	184	162	176	168	163	171	167	166	168	163	165	159	163	164	158	163	164	162	160	176	163	171	176	170	173	163	168	161	168	167	159	159	161	145	3862	3875	59.0	162.0059410666468	93.48299598693848	13	1	0.8277664184570312	23.6772873428822	0.26595744680851063			7.918395573997233	10.297169861526507	3.816526610644258	4.276754214033712	2.3509585001053295	2.430768053855569	1.7020720877590112	2.125534504822248	1.3712433190221676	1.7590936195587357	1.1526370939573873	1.7728619813717188	0.9451389783906861	1.6487455197132617	0.9554951588245286	1.3679544015199492	0.8775962221572151	1.4463074363240753	0.7907091672844082	1.412248042110669	0.7721693895797773	1.2230306071249373	0.6974334449226846	1.1200389578767957	0.6366172829803121	1.038470616001888	0.6506836050970216	0.9339903735961494	0.655297949798812	0.9271596713302244	0.6271961310310954	0.9037602883425682	0.6080274544911967	0.8526250516742455	0.5859806884351736	0.8222356739305893	0.6023432622029603	0.7694555371578845	0.5957384598516137	0.7759273277819834	0.5922351392849309	0.7372252683960743	0.6430868167202572	0.7307123324516968	0.6261901274351839	0.7715914072775099	0.6249310737786273	0.7395374684734749	0.6007002026902525	0.6981963261574267	0.597579986637963	0.6838163464669489	0.6242523923444976	0.6375300721732157	0.5967572436571086	0.6361373424473508	0.5517293862486207	4.544170941780016	4.536673886319733	1.1967545638945234	1.9213196231084968	1.1994250218059685	3.0444964871194378	4.761904761904762	5.3290238266138195	3.466518771331058	9.903400000000001	0.1357617334155676	19.544406625779274	-3.8147190936227435e-06	13.647399053749801	-7.641842142466863e-06	10.899167437557816	-8.699720448982906e-06	9.485198331671336	-8.903565482261624e-06	8.615650113962088	-1.7328778922496528e-05	8.016077438237502	-2.108656985822445e-05	7.571131538988787	-2.1863610425443995e-05	7.2165798236488605	-2.1578280892432268e-05	6.915231714548277	-2.244268551537265e-05	6.6517428291060945	-2.2134313473525517e-05	6.415394134738072	-2.305933294474087e-05	6.199201723721068	-2.4044498351616056e-05	5.987774747670402	-2.5083192588752695e-05	5.7951523763489075	-2.475063732891122e-05	5.615059553689591	-2.5859879006189638e-05	5.45003789712364	-2.7069417131756407e-05	5.29650928134225	-2.8352754970488116e-05	5.151177781815132	-2.9697902454618986e-05	5.0150924997571344	-3.116018534811426e-05	4.888963112836872	-3.080192820070536e-05	4.770904916283319	-3.0317545976558473e-05	4.6576735995167775	-3.190294698155584e-05	4.550493082939711	-3.362700921380053e-05	4.450008871015435	-3.784975539595575e-05	4.353347275630214	-3.4980760581680076e-05	4.263149411985404	-3.699045646223274e-05	4.173464505460376	-3.637462506155706e-05	4.092220319922616	-4.154080790936983e-05	4.014094665759568	-4.094552670120789e-05
