	counts(inten<0.01	MicrocoloniesPlatonic	MicrocoloniesAggregates	MicrocoloniesLarge	counts(Norminten<0.01	counts(inten<0.02	counts(Norminten<0.02	counts(inten<0.03	counts(Norminten<0.03	counts(inten<0.04	counts(Norminten<0.04	counts(inten<0.05	counts(Norminten<0.05	counts(inten<0.060000000000000005	counts(Norminten<0.060000000000000005	counts(inten<0.06999999999999999	counts(Norminten<0.06999999999999999	counts(inten<0.08	counts(Norminten<0.08	counts(inten<0.09	counts(Norminten<0.09	counts(inten<0.09999999999999999	counts(Norminten<0.09999999999999999	counts(inten<0.11	counts(Norminten<0.11	counts(inten<0.12	counts(Norminten<0.12	counts(inten<0.13	counts(Norminten<0.13	counts(inten<0.14	counts(Norminten<0.14	counts(inten<0.15000000000000002	counts(Norminten<0.15000000000000002	counts(inten<0.16	counts(Norminten<0.16	counts(inten<0.17	counts(Norminten<0.17	counts(inten<0.18000000000000002	counts(Norminten<0.18000000000000002	counts(inten<0.19	counts(Norminten<0.19	counts(inten<0.2	counts(Norminten<0.2	counts(inten<0.21000000000000002	counts(Norminten<0.21000000000000002	counts(inten<0.22	counts(Norminten<0.22	counts(inten<0.23	counts(Norminten<0.23	counts(inten<0.24000000000000002	counts(Norminten<0.24000000000000002	counts(inten<0.25	counts(Norminten<0.25	counts(inten<0.26	counts(Norminten<0.26	counts(inten<0.27	counts(Norminten<0.27	counts(inten<0.28	counts(Norminten<0.28	counts(inten<0.29000000000000004	counts(Norminten<0.29000000000000004	diff	max	med	std	mean	min	eigenLocal	minProp	counts(inten<0.01Normalized	MicrocoloniesPlatonicNormalized	MicrocoloniesAggregatesNormalized	MicrocoloniesLargeNormalized	counts(Norminten<0.01Normalized	counts(inten<0.02Normalized	counts(Norminten<0.02Normalized	counts(inten<0.03Normalized	counts(Norminten<0.03Normalized	counts(inten<0.04Normalized	counts(Norminten<0.04Normalized	counts(inten<0.05Normalized	counts(Norminten<0.05Normalized	counts(inten<0.060000000000000005Normalized	counts(Norminten<0.060000000000000005Normalized	counts(inten<0.06999999999999999Normalized	counts(Norminten<0.06999999999999999Normalized	counts(inten<0.08Normalized	counts(Norminten<0.08Normalized	counts(inten<0.09Normalized	counts(Norminten<0.09Normalized	counts(inten<0.09999999999999999Normalized	counts(Norminten<0.09999999999999999Normalized	counts(inten<0.11Normalized	counts(Norminten<0.11Normalized	counts(inten<0.12Normalized	counts(Norminten<0.12Normalized	counts(inten<0.13Normalized	counts(Norminten<0.13Normalized	counts(inten<0.14Normalized	counts(Norminten<0.14Normalized	counts(inten<0.15000000000000002Normalized	counts(Norminten<0.15000000000000002Normalized	counts(inten<0.16Normalized	counts(Norminten<0.16Normalized	counts(inten<0.17Normalized	counts(Norminten<0.17Normalized	counts(inten<0.18000000000000002Normalized	counts(Norminten<0.18000000000000002Normalized	counts(inten<0.19Normalized	counts(Norminten<0.19Normalized	counts(inten<0.2Normalized	counts(Norminten<0.2Normalized	counts(inten<0.21000000000000002Normalized	counts(Norminten<0.21000000000000002Normalized	counts(inten<0.22Normalized	counts(Norminten<0.22Normalized	counts(inten<0.23Normalized	counts(Norminten<0.23Normalized	counts(inten<0.24000000000000002Normalized	counts(Norminten<0.24000000000000002Normalized	counts(inten<0.25Normalized	counts(Norminten<0.25Normalized	counts(inten<0.26Normalized	counts(Norminten<0.26Normalized	counts(inten<0.27Normalized	counts(Norminten<0.27Normalized	counts(inten<0.28Normalized	counts(Norminten<0.28Normalized	counts(inten<0.29000000000000004Normalized	counts(Norminten<0.29000000000000004Normalized	diffNormalized	maxNormalized	medNormalized	stdNormalized	meanNormalized	minNormalized	eigenLocalNormalized	minPropNormalized	BioVolume	SubstratumCoverage	Homogenity	ThicknessThreshold=0.01	RoughnessThreshold=0.01	ThicknessThreshold=0.02	RoughnessThreshold=0.02	ThicknessThreshold=0.03	RoughnessThreshold=0.03	ThicknessThreshold=0.04	RoughnessThreshold=0.04	ThicknessThreshold=0.05	RoughnessThreshold=0.05	ThicknessThreshold=0.060000000000000005	RoughnessThreshold=0.060000000000000005	ThicknessThreshold=0.06999999999999999	RoughnessThreshold=0.06999999999999999	ThicknessThreshold=0.08	RoughnessThreshold=0.08	ThicknessThreshold=0.09	RoughnessThreshold=0.09	ThicknessThreshold=0.09999999999999999	RoughnessThreshold=0.09999999999999999	ThicknessThreshold=0.11	RoughnessThreshold=0.11	ThicknessThreshold=0.12	RoughnessThreshold=0.12	ThicknessThreshold=0.13	RoughnessThreshold=0.13	ThicknessThreshold=0.14	RoughnessThreshold=0.14	ThicknessThreshold=0.15000000000000002	RoughnessThreshold=0.15000000000000002	ThicknessThreshold=0.16	RoughnessThreshold=0.16	ThicknessThreshold=0.17	RoughnessThreshold=0.17	ThicknessThreshold=0.18000000000000002	RoughnessThreshold=0.18000000000000002	ThicknessThreshold=0.19	RoughnessThreshold=0.19	ThicknessThreshold=0.2	RoughnessThreshold=0.2	ThicknessThreshold=0.21000000000000002	RoughnessThreshold=0.21000000000000002	ThicknessThreshold=0.22	RoughnessThreshold=0.22	ThicknessThreshold=0.23	RoughnessThreshold=0.23	ThicknessThreshold=0.24000000000000002	RoughnessThreshold=0.24000000000000002	ThicknessThreshold=0.25	RoughnessThreshold=0.25	ThicknessThreshold=0.26	RoughnessThreshold=0.26	ThicknessThreshold=0.27	RoughnessThreshold=0.27	ThicknessThreshold=0.28	RoughnessThreshold=0.28	ThicknessThreshold=0.29000000000000004	RoughnessThreshold=0.29000000000000004
0	1	29	0	0	2626	18	2756	137	2854	284	2923	410	3003	377	3070	453	3170	565	3260	506	3350	546	3433	590	3502	652	3572	734	3671	803	3773	899	3847	1006	3947	1106	4014	1202	4075	1368	4162	1473	4218	1582	4311	1711	4373	1850	4438	1924	4489	2046	4528	2183	4574	2350	4637	2467	4682	2527	4721	4060	4095	885.0	956.8259336193781	1189.314663887024	35	1	0.6145792007446289	1.9607843137254901	9.415584415584416			12.146160962072155	0.02081767189036026	12.654391845355617	0.13984443582467387	13.039703933842006	0.47318349189423353	13.14830641896451	1.0315243917779957	13.4579187953751	1.263701270405256	13.581066135810662	1.877331123083299	13.891932161794996	2.6925276401067477	14.019696383262376	2.6651216685979144	14.160114971679771	3.0397505845674204	14.414679207255626	3.4268455596213045	14.47526143925929	3.8577598958641497	14.500284160103922	4.365409777566314	14.758382246522473	4.692887616153351	15.037264357737834	5.137730026288718	15.177937347115916	5.640910620163733	15.402325762897057	5.990034662045061	15.480735855605692	6.39395712537901	15.65741950357335	7.054819246041978	15.91769610280338	7.410575036474317	16.020966271649957	7.681476086428744	16.304224499829807	8.215691923557092	16.500641461021807	8.663887978270033	16.67919422730006	8.832981360756587	16.714450608779835	9.209164153576092	16.727622003029296	9.650324919322752	16.819268247839677	10.209844897249859	16.89622504008162	10.575727697517898	16.99517223855675	10.698560541913633	17.105072463768117	4.748260335652886	4.761904761904762	13.244537563603712	6.179075448733105	9.12145739223322	7.142857142857142	4.761904761904762	4.163570584187395	4.276666666666666	9.227400000000001	0.08718185034695052	20.766065374436735	-4.768380676995615e-06	17.359483253387474	-7.639667445276107e-06	14.731673944799251	-4.817832919481485e-06	13.108045716983545	-3.934339803027278e-06	12.000347625504968	-2.02697292876305e-06	11.146832608622658	-1.0492926193806446e-06	10.454765810195907	-2.179779493506437e-06	9.883044762914778	-6.805467966662281e-06	9.389543134981452	-7.084285284168393e-06	8.963034639118979	-7.377097554738064e-06	8.58438590744854	-6.397338707097847e-06	8.240381057344951	-6.655334849862301e-06	7.916402715558533	-6.921804375964726e-06	7.616395372770623	-4.318062744330383e-06	7.3365329823590555	-4.4868937832591e-06	7.07281620505779	-6.213128962811317e-06	6.8252311978434435	-4.83678276557565e-06	6.595193426106458	-5.020802859849309e-06	6.374330761699084	-6.9441189388691846e-06	6.170513434577336	-7.202574200019087e-06	5.979480993116204	-7.458080923907065e-06	5.795368593552825	-7.729976462221673e-06	5.62763318707299	-8.014281449543086e-06	5.470394484235782	-8.30188992524148e-06	5.3111175079321775	-8.592763174854138e-06	5.163391220796783	-8.896658637432246e-06	5.019989406535707	-6.908796971183408e-06	4.88375382545661	-7.155976432984281e-06	4.752930075854693	-7.41011530139409e-06
1	1	32	0	0	2524	20	2574	197	2613	409	2656	591	2721	638	2793	679	2846	729	2890	808	2960	878	2993	997	3049	1034	3123	1097	3160	1260	3217	1330	3264	1456	3302	1567	3355	1652	3371	1756	3370	1832	3368	1952	3372	2078	3374	2151	3386	2242	3441	2331	3488	2457	3525	2516	3549	2587	3560	2618	3565	4058	4095	738.0	957.2943471176148	1079.7112865447998	37	1	0.642186164855957	1.9607843137254901	10.38961038961039			11.674375578168362	0.023130746544844736	11.818724459341567	0.2010901741420493	11.938593685749533	0.6814508738899349	11.947280824074491	1.4869046720507209	12.194138209196021	2.1385713806858178	12.355673523556735	2.8139245752175714	12.472062754721943	3.4740754860846357	12.428503848965725	4.255767407563468	12.511623974976752	4.888097093864826	12.567181726570373	5.790788174478713	12.602818997230603	6.117981184545293	12.67760006495088	6.5243249672891634	12.704028302645332	7.3636841797674	12.821330357498706	7.600868670705223	12.877771640495542	8.164180778288662	12.885350815577928	8.486785095320624	12.939180068649003	8.787701473482631	12.952432183201415	9.055747511732246	12.888667916013311	9.216682597977561	12.792464296566394	9.478028647730032	12.752921599031808	9.977912225103235	12.7311146328579	10.073525968248022	12.725496091401082	10.292902396474153	12.812302193096773	10.4919656119188	12.885588680778751	10.861588789178198	12.961941533370105	10.93105096233219	12.931788369042414	11.090153041539846	12.922429126284078	11.083827265029637	12.916666666666668	4.745921291152564	4.761904761904762	11.044597425920383	6.182100411001698	8.280853499227723	7.551020408163265	4.761904761904762	4.350598624761135	4.276666666666666	9.227400000000001	0.08718185034695052	20.766065374436735	-4.768380676995615e-06	17.359483253387474	-7.639667445276107e-06	14.731673944799251	-4.817832919481485e-06	13.108045716983545	-3.934339803027278e-06	12.000347625504968	-2.02697292876305e-06	11.146832608622658	-1.0492926193806446e-06	10.454765810195907	-2.179779493506437e-06	9.883044762914778	-6.805467966662281e-06	9.389543134981452	-7.084285284168393e-06	8.963034639118979	-7.377097554738064e-06	8.58438590744854	-6.397338707097847e-06	8.240381057344951	-6.655334849862301e-06	7.916402715558533	-6.921804375964726e-06	7.616395372770623	-4.318062744330383e-06	7.3365329823590555	-4.4868937832591e-06	7.07281620505779	-6.213128962811317e-06	6.8252311978434435	-4.83678276557565e-06	6.595193426106458	-5.020802859849309e-06	6.374330761699084	-6.9441189388691846e-06	6.170513434577336	-7.202574200019087e-06	5.979480993116204	-7.458080923907065e-06	5.795368593552825	-7.729976462221673e-06	5.62763318707299	-8.014281449543086e-06	5.470394484235782	-8.30188992524148e-06	5.3111175079321775	-8.592763174854138e-06	5.163391220796783	-8.896658637432246e-06	5.019989406535707	-6.908796971183408e-06	4.88375382545661	-7.155976432984281e-06	4.752930075854693	-7.41011530139409e-06
2	1	35	0	0	2290	32	2339	269	2360	586	2443	799	2491	892	2514	954	2589	1059	2658	1067	2677	1172	2709	1178	2766	1204	2800	1278	2821	1375	2846	1468	2888	1555	2890	1610	2927	1725	2947	1844	2962	1948	2993	2000	3011	2101	3017	2149	3008	2237	3006	2304	3011	2359	3008	2451	2989	2494	3007	2572	2979	4061	4095	653.0	903.7868710992484	978.4991359710693	34	1	0.6521291732788086	1.9607843137254901	11.363636363636363			10.59204440333025	0.03700919447175158	10.739703383993755	0.2745850601228998	10.782656371361995	0.976357486795848	10.989159282083577	2.010214607391753	11.16339517791521	2.98997754164851	11.121433311214334	3.953584749274762	11.345808317630045	5.046702249332825	11.430783124758095	5.619930475086906	11.315411277369178	6.524885870170359	11.374706079946256	6.842074693616775	11.433059149340718	7.123838826104964	11.366404156856378	7.600808849768051	11.341159443595721	8.035766466016012	11.34271252640389	8.389530232026516	11.394302848575713	8.719300213076146	11.277608678685711	8.719670710571924	11.288518647074703	9.176020001063886	11.32329209252286	9.509566293641381	11.328259456151757	9.800271670775269	11.368125189911881	9.711094925952901	11.387617714912448	10.088351099587054	11.384046487057581	10.064159602866107	11.304870715574264	10.269947663208153	11.19261272666344	10.370437052707386	11.123425320477299	10.428363025507272	11.06085677514249	10.648650997089108	10.891269494242822	10.691473399922836	10.915096736723656	10.889077053344623	10.793478260869566	4.7494298579030465	4.761904761904762	9.772523196647711	5.83655508267003	7.504606180442226	6.938775510204081	4.761904761904762	4.417959214474477	4.276666666666666	9.227400000000001	0.08718185034695052	20.766065374436735	-4.768380676995615e-06	17.359483253387474	-7.639667445276107e-06	14.731673944799251	-4.817832919481485e-06	13.108045716983545	-3.934339803027278e-06	12.000347625504968	-2.02697292876305e-06	11.146832608622658	-1.0492926193806446e-06	10.454765810195907	-2.179779493506437e-06	9.883044762914778	-6.805467966662281e-06	9.389543134981452	-7.084285284168393e-06	8.963034639118979	-7.377097554738064e-06	8.58438590744854	-6.397338707097847e-06	8.240381057344951	-6.655334849862301e-06	7.916402715558533	-6.921804375964726e-06	7.616395372770623	-4.318062744330383e-06	7.3365329823590555	-4.4868937832591e-06	7.07281620505779	-6.213128962811317e-06	6.8252311978434435	-4.83678276557565e-06	6.595193426106458	-5.020802859849309e-06	6.374330761699084	-6.9441189388691846e-06	6.170513434577336	-7.202574200019087e-06	5.979480993116204	-7.458080923907065e-06	5.795368593552825	-7.729976462221673e-06	5.62763318707299	-8.014281449543086e-06	5.470394484235782	-8.30188992524148e-06	5.3111175079321775	-8.592763174854138e-06	5.163391220796783	-8.896658637432246e-06	5.019989406535707	-6.908796971183408e-06	4.88375382545661	-7.155976432984281e-06	4.752930075854693	-7.41011530139409e-06
3	1	36	0	0	2101	61	2093	449	2072	962	2117	1230	2061	1337	2094	1238	2115	1272	2136	1383	2159	1444	2182	1465	2191	1511	2219	1557	2188	1616	2189	1723	2181	1773	2179	1806	2175	1896	2193	1976	2173	2004	2161	2102	2144	2092	2146	2087	2109	2100	2110	2083	2087	2109	2059	2144	2026	2155	2027	2210	2000	4066	4095	548.0	813.8873089196858	837.9404220581055	29	1	0.664794921875	1.9607843137254901	11.688311688311687			9.717853839037929	0.07054877696177644	9.610174939161578	0.45832227507502604	9.466806780280532	1.6028257718389176	9.522738518285276	3.0945731753339873	9.236353858564131	4.48161431971307	9.263437292634373	5.1305428926647325	9.268591962837986	6.061761341974838	9.185911495290929	7.284314758242916	9.125877081748246	8.039193853691126	9.161907961034599	8.509031770924087	9.056338610341834	8.940299390568605	9.007875294308679	9.260140359224456	8.796333520945565	9.444217170241364	8.724243752740026	9.846839638815865	8.60490807227965	9.941684423012225	8.503082806524622	9.781195840554592	8.388291102626402	10.085642853343263	8.426189195419964	10.19029446650508	8.310704860978314	10.082004326608644	8.207991491947736	10.206360767176498	8.108619189894481	10.045135887832517	8.09750207531507	9.773802276026789	7.926187612748045	9.640987971719769	7.856424768216852	9.375703290273215	7.709926484170084	9.323195261040626	7.571244714101858	9.314854238171787	7.382305786328523	9.238221803060831	7.357798831173545	9.356477561388655	7.246376811594203	4.75527746915385	4.761904761904762	8.20113738401676	5.255993709908821	6.426590110351974	5.918367346938775	4.761904761904762	4.5037654673023	4.276666666666666	9.227400000000001	0.08718185034695052	20.766065374436735	-4.768380676995615e-06	17.359483253387474	-7.639667445276107e-06	14.731673944799251	-4.817832919481485e-06	13.108045716983545	-3.934339803027278e-06	12.000347625504968	-2.02697292876305e-06	11.146832608622658	-1.0492926193806446e-06	10.454765810195907	-2.179779493506437e-06	9.883044762914778	-6.805467966662281e-06	9.389543134981452	-7.084285284168393e-06	8.963034639118979	-7.377097554738064e-06	8.58438590744854	-6.397338707097847e-06	8.240381057344951	-6.655334849862301e-06	7.916402715558533	-6.921804375964726e-06	7.616395372770623	-4.318062744330383e-06	7.3365329823590555	-4.4868937832591e-06	7.07281620505779	-6.213128962811317e-06	6.8252311978434435	-4.83678276557565e-06	6.595193426106458	-5.020802859849309e-06	6.374330761699084	-6.9441189388691846e-06	6.170513434577336	-7.202574200019087e-06	5.979480993116204	-7.458080923907065e-06	5.795368593552825	-7.729976462221673e-06	5.62763318707299	-8.014281449543086e-06	5.470394484235782	-8.30188992524148e-06	5.3111175079321775	-8.592763174854138e-06	5.163391220796783	-8.896658637432246e-06	5.019989406535707	-6.908796971183408e-06	4.88375382545661	-7.155976432984281e-06	4.752930075854693	-7.41011530139409e-06
4	1	28	0	0	1793	78	1782	777	1838	1566	1829	1728	1830	1705	1826	1584	1822	1614	1835	1641	1819	1586	1813	1579	1793	1604	1775	1634	1773	1598	1741	1683	1753	1700	1764	1796	1781	1772	1759	1800	1778	1769	1759	1846	1724	1822	1710	1838	1686	1829	1630	1834	1639	1810	1618	1790	1631	1772	1627	1776	1605	4063	4095	484.0	761.5329554253975	755.6632957458496	32	1	0.6710138320922852	1.9607843137254901	9.090909090909092			8.293246993524514	0.09020991152489446	8.182193856467238	0.7931323112100116	8.397678987526842	2.6091737616421464	8.227250236156717	4.347497924371651	8.20112933584297	5.715147655281064	8.077858880778589	6.564442602569416	7.984574258293526	7.691574532977506	7.891454866038791	8.643210786895606	7.688731084622538	8.829751698029172	7.612529392005375	9.171168031596677	7.411234654652173	9.490562688598308	7.205488349435739	9.718092066135362	7.127924740693094	9.339021681958974	6.938742975568929	9.618242084809694	6.916278702753886	9.532353930694178	6.883633809412315	9.727036395147314	6.868756990242586	9.426033299643597	6.75862598939522	9.282656902686814	6.8000152981221555	8.899733360165014	6.681099969614099	8.963340616654527	6.520176997844257	8.74867953519639	6.452343219379669	8.60768978597855	6.336440168370415	8.396841428702599	6.069181219049038	8.254939910879058	6.054896745354465	8.001414614738517	5.949623092480235	7.7768605813094664	5.943011222853811	7.5963475800574445	5.905840502377582	7.5190516511431	5.815217391304348	4.751768902403368	4.761904761904762	7.243340317270279	4.917895118572417	5.795565096702665	6.530612244897959	4.761904761904762	4.545896524804765	4.276666666666666	9.227400000000001	0.08718185034695052	20.766065374436735	-4.768380676995615e-06	17.359483253387474	-7.639667445276107e-06	14.731673944799251	-4.817832919481485e-06	13.108045716983545	-3.934339803027278e-06	12.000347625504968	-2.02697292876305e-06	11.146832608622658	-1.0492926193806446e-06	10.454765810195907	-2.179779493506437e-06	9.883044762914778	-6.805467966662281e-06	9.389543134981452	-7.084285284168393e-06	8.963034639118979	-7.377097554738064e-06	8.58438590744854	-6.397338707097847e-06	8.240381057344951	-6.655334849862301e-06	7.916402715558533	-6.921804375964726e-06	7.616395372770623	-4.318062744330383e-06	7.3365329823590555	-4.4868937832591e-06	7.07281620505779	-6.213128962811317e-06	6.8252311978434435	-4.83678276557565e-06	6.595193426106458	-5.020802859849309e-06	6.374330761699084	-6.9441189388691846e-06	6.170513434577336	-7.202574200019087e-06	5.979480993116204	-7.458080923907065e-06	5.795368593552825	-7.729976462221673e-06	5.62763318707299	-8.014281449543086e-06	5.470394484235782	-8.30188992524148e-06	5.3111175079321775	-8.592763174854138e-06	5.163391220796783	-8.896658637432246e-06	5.019989406535707	-6.908796971183408e-06	4.88375382545661	-7.155976432984281e-06	4.752930075854693	-7.41011530139409e-06
5	1	19	0	0	1528	146	1500	1275	1490	2146	1521	2264	1457	2154	1438	2020	1395	1912	1401	1791	1364	1715	1335	1697	1316	1694	1316	1636	1335	1588	1316	1543	1294	1487	1286	1518	1325	1512	1341	1494	1304	1492	1299	1450	1279	1396	1252	1389	1251	1364	1247	1318	1243	1315	1249	1333	1220	1300	1216	1296	1208	4070	4095	417.0	703.2310753601422	671.3548288345337	25	1	0.6795978546142578	1.9607843137254901	6.1688311688311686			7.067530064754857	0.16885444977736655	6.887368566049864	1.3014719392442275	6.807694064970074	3.5755344141022007	6.841797489991454	5.696027373135079	6.529533028591914	7.220192404384407	6.361424463614244	8.371322005801908	6.113326613786756	9.111704155547082	6.02502902851245	9.433266617507636	5.7654915884690165	9.547934528448948	5.6054753107154855	9.856537143520939	5.439589964039185	10.02307555765931	5.342209953722497	9.729986915665517	5.367049931655544	9.280579744024312	5.244908532940098	8.81815064578809	5.105342065809201	8.338006055848378	5.018340747678139	8.221403812824956	5.11010837286436	8.042981009628173	5.152539767924384	7.704605229230054	4.987187822694764	7.506162901846356	4.933910665451231	7.040543821315853	4.837184675314852	6.703159512148277	4.724171760621839	6.50494075773896	4.701593505712568	6.26205123496465	4.643109803775552	5.932394112616465	4.591968672651372	5.8131824410945585	4.5927560213274505	5.791371594908112	4.445416120099111	5.572941226904446	4.413953319539729	5.486875529212531	4.3768115942028984	4.759955558154494	4.761904761904762	6.240646513020054	4.541388062201694	5.148960701678471	5.1020408163265305	4.761904761904762	4.6040504350301426	4.276666666666666	9.227400000000001	0.08718185034695052	20.766065374436735	-4.768380676995615e-06	17.359483253387474	-7.639667445276107e-06	14.731673944799251	-4.817832919481485e-06	13.108045716983545	-3.934339803027278e-06	12.000347625504968	-2.02697292876305e-06	11.146832608622658	-1.0492926193806446e-06	10.454765810195907	-2.179779493506437e-06	9.883044762914778	-6.805467966662281e-06	9.389543134981452	-7.084285284168393e-06	8.963034639118979	-7.377097554738064e-06	8.58438590744854	-6.397338707097847e-06	8.240381057344951	-6.655334849862301e-06	7.916402715558533	-6.921804375964726e-06	7.616395372770623	-4.318062744330383e-06	7.3365329823590555	-4.4868937832591e-06	7.07281620505779	-6.213128962811317e-06	6.8252311978434435	-4.83678276557565e-06	6.595193426106458	-5.020802859849309e-06	6.374330761699084	-6.9441189388691846e-06	6.170513434577336	-7.202574200019087e-06	5.979480993116204	-7.458080923907065e-06	5.795368593552825	-7.729976462221673e-06	5.62763318707299	-8.014281449543086e-06	5.470394484235782	-8.30188992524148e-06	5.3111175079321775	-8.592763174854138e-06	5.163391220796783	-8.896658637432246e-06	5.019989406535707	-6.908796971183408e-06	4.88375382545661	-7.155976432984281e-06	4.752930075854693	-7.41011530139409e-06
6	1	14	0	0	1149	407	1169	2275	1102	3243	1106	2933	1101	2524	1092	2240	1097	1959	1073	1730	1099	1588	1061	1357	1049	1350	1095	1321	1037	1280	1010	1202	1020	1122	1039	1135	1015	1102	982	1107	959	1090	961	1116	975	1087	967	1076	985	1059	970	1102	993	1038	977	1031	979	1031	973	1044	950	4071	4095	356.0	667.7827678272881	609.3001470565796	24	1	0.6834449768066406	1.9607843137254901	4.545454545454546			5.3145235892691955	0.4707106921875904	5.367555902474861	2.322234244533818	5.034952254763101	5.403288958496476	4.9750348612298145	7.379173270938686	4.934122075826835	8.460429725471794	4.8307896483078965	9.283050145047659	4.807397344318332	9.335684330918795	4.614458349460285	9.111977246392078	4.645363090709274	8.84088631555506	4.4549882431978505	7.881744787129	4.335964948538833	7.987693035915035	4.445075911342047	7.856548114666349	4.169011819570636	7.4805680556367244	4.02534773424734	6.869356497885473	4.024303637654857	6.291353594258159	4.0544759228908145	6.14709705372617	3.914535847892321	5.862013936911538	3.7731499269960804	5.70883399515239	3.6677247867824225	5.48372490818534	3.6501063506532967	5.418790968681718	3.687455088688022	5.219437241909152	3.6487812240585615	5.039104575469489	3.701894167167769	4.861812505738683	3.6117213389432927	4.960165638925147	3.668402970187299	4.588656558065515	3.5925721640007353	4.479297910240257	3.5672642471942866	4.419771080721911	3.5318886347961813	4.419983065198984	3.4420289855072466	4.761125080404654	4.761904761904762	5.327746183777312	4.312466835174698	4.673031872232904	4.8979591836734695	4.761904761904762	4.630113414015719	4.276666666666666	9.227400000000001	0.08718185034695052	20.766065374436735	-4.768380676995615e-06	17.359483253387474	-7.639667445276107e-06	14.731673944799251	-4.817832919481485e-06	13.108045716983545	-3.934339803027278e-06	12.000347625504968	-2.02697292876305e-06	11.146832608622658	-1.0492926193806446e-06	10.454765810195907	-2.179779493506437e-06	9.883044762914778	-6.805467966662281e-06	9.389543134981452	-7.084285284168393e-06	8.963034639118979	-7.377097554738064e-06	8.58438590744854	-6.397338707097847e-06	8.240381057344951	-6.655334849862301e-06	7.916402715558533	-6.921804375964726e-06	7.616395372770623	-4.318062744330383e-06	7.3365329823590555	-4.4868937832591e-06	7.07281620505779	-6.213128962811317e-06	6.8252311978434435	-4.83678276557565e-06	6.595193426106458	-5.020802859849309e-06	6.374330761699084	-6.9441189388691846e-06	6.170513434577336	-7.202574200019087e-06	5.979480993116204	-7.458080923907065e-06	5.795368593552825	-7.729976462221673e-06	5.62763318707299	-8.014281449543086e-06	5.470394484235782	-8.30188992524148e-06	5.3111175079321775	-8.592763174854138e-06	5.163391220796783	-8.896658637432246e-06	5.019989406535707	-6.908796971183408e-06	4.88375382545661	-7.155976432984281e-06	4.752930075854693	-7.41011530139409e-06
7	1	14	0	0	1014	680	1021	3272	979	3658	1000	3261	940	2823	967	2235	931	1767	943	1578	988	1347	990	1200	983	1113	959	1054	1000	1045	956	1009	937	978	977	987	965	973	919	970	909	943	888	943	899	995	888	984	875	968	870	993	849	978	839	944	877	987	867	931	831	4070	4095	319.0	655.2418019291947	576.2765035629272	25	1	0.6866731643676758	1.9607843137254901	4.545454545454546			4.6901017576318225	0.786445382524721	4.688002203957941	3.3399342629075393	4.472974825238726	6.094736666722205	4.498223201835275	8.204392784361083	4.212601953930268	9.46267556062079	4.2778146427781465	9.262329050973891	4.0799333888426315	8.420701486847122	4.055390702274975	8.311387338038555	4.176177191647645	7.499164903685558	4.156869331541821	6.969855375500958	4.063158764932005	6.585409147387729	3.8929934237233095	6.268585702390865	4.020262121090295	6.10718251417217	3.8101311227133237	5.766373299805692	3.696835792630001	5.483907143658181	3.812534145008975	5.34553726169844	3.7217015696710245	5.1758072237884996	3.5310843003150696	5.002320664225671	3.4764982598386047	4.74417668662273	3.372835004557885	4.578781257586793	3.400022692031315	4.777681743973878	3.3506905139234773	4.608251767901466	3.2884846662657847	4.444036360297493	3.2393789328666642	4.4695503443309175	3.136429125567993	4.323416294593519	3.0851259422687995	4.101316418299518	3.1955983092843607	4.231148454580529	3.1471196776652515	3.9415749364944963	3.010869565217391	4.759955558154494	4.761904761904762	4.774019754564502	4.231478672373569	4.419756800285868	5.1020408163265305	4.761904761904762	4.651983315816953	4.276666666666666	9.227400000000001	0.08718185034695052	20.766065374436735	-4.768380676995615e-06	17.359483253387474	-7.639667445276107e-06	14.731673944799251	-4.817832919481485e-06	13.108045716983545	-3.934339803027278e-06	12.000347625504968	-2.02697292876305e-06	11.146832608622658	-1.0492926193806446e-06	10.454765810195907	-2.179779493506437e-06	9.883044762914778	-6.805467966662281e-06	9.389543134981452	-7.084285284168393e-06	8.963034639118979	-7.377097554738064e-06	8.58438590744854	-6.397338707097847e-06	8.240381057344951	-6.655334849862301e-06	7.916402715558533	-6.921804375964726e-06	7.616395372770623	-4.318062744330383e-06	7.3365329823590555	-4.4868937832591e-06	7.07281620505779	-6.213128962811317e-06	6.8252311978434435	-4.83678276557565e-06	6.595193426106458	-5.020802859849309e-06	6.374330761699084	-6.9441189388691846e-06	6.170513434577336	-7.202574200019087e-06	5.979480993116204	-7.458080923907065e-06	5.795368593552825	-7.729976462221673e-06	5.62763318707299	-8.014281449543086e-06	5.470394484235782	-8.30188992524148e-06	5.3111175079321775	-8.592763174854138e-06	5.163391220796783	-8.896658637432246e-06	5.019989406535707	-6.908796971183408e-06	4.88375382545661	-7.155976432984281e-06	4.752930075854693	-7.41011530139409e-06
8	1	8	0	0	858	1145	860	4334	827	4498	811	3396	757	2595	786	1976	767	1514	822	1213	806	1095	848	1054	841	976	912	863	885	860	838	856	832	839	796	818	810	778	826	778	807	811	808	829	772	841	767	841	759	906	764	866	778	882	791	804	779	814	771	821	760	4070	4095	280.0	657.3007695527439	551.7655391693115	25	1	0.6927995681762695	1.9607843137254901	2.5974025974025974			3.968547641073081	1.3242352396923611	3.948757977868589	4.423983831125084	3.7784986521679533	7.494293473733318	3.6480590166884084	8.544041059702618	3.3924890203459714	8.698421211410183	3.4771068347710683	8.188976377952756	3.361234059336518	7.215020968356843	3.535027738356341	6.388918150215948	3.4068813931862376	6.096203095423673	3.5606315082297613	6.121856304815008	3.4762121274748896	5.774806224483759	3.7022002110903633	5.13262757226121	3.557931977164911	5.026006662380925	3.3398429715834363	4.891987655732084	3.2825692416949424	4.704497028148481	3.1062202450636076	4.430242634315425	3.123915307185005	4.13851800627693	3.1737493275954813	4.012170594605744	3.0863961448732167	4.080092569301202	3.068975995138256	4.025248846807478	2.9197080291970803	4.038221453951791	2.894121198400121	3.938556643094647	2.852525556223692	4.1593976677991	2.8446959824254385	3.8979160102624117	2.874136466068196	3.899031873038327	2.9086229086229083	3.49307033931442	2.8385075061944325	3.4895185836155527	2.7986496787542197	3.4758679085520745	2.753623188405797	4.759955558154494	4.761904761904762	4.190362167015863	4.244775256261386	4.23176978209154	5.1020408163265305	4.761904761904762	4.6934876730314645	4.276666666666666	9.227400000000001	0.08718185034695052	20.766065374436735	-4.768380676995615e-06	17.359483253387474	-7.639667445276107e-06	14.731673944799251	-4.817832919481485e-06	13.108045716983545	-3.934339803027278e-06	12.000347625504968	-2.02697292876305e-06	11.146832608622658	-1.0492926193806446e-06	10.454765810195907	-2.179779493506437e-06	9.883044762914778	-6.805467966662281e-06	9.389543134981452	-7.084285284168393e-06	8.963034639118979	-7.377097554738064e-06	8.58438590744854	-6.397338707097847e-06	8.240381057344951	-6.655334849862301e-06	7.916402715558533	-6.921804375964726e-06	7.616395372770623	-4.318062744330383e-06	7.3365329823590555	-4.4868937832591e-06	7.07281620505779	-6.213128962811317e-06	6.8252311978434435	-4.83678276557565e-06	6.595193426106458	-5.020802859849309e-06	6.374330761699084	-6.9441189388691846e-06	6.170513434577336	-7.202574200019087e-06	5.979480993116204	-7.458080923907065e-06	5.795368593552825	-7.729976462221673e-06	5.62763318707299	-8.014281449543086e-06	5.470394484235782	-8.30188992524148e-06	5.3111175079321775	-8.592763174854138e-06	5.163391220796783	-8.896658637432246e-06	5.019989406535707	-6.908796971183408e-06	4.88375382545661	-7.155976432984281e-06	4.752930075854693	-7.41011530139409e-06
9	1	8	0	0	743	1707	713	5029	760	4713	767	3480	754	2301	729	1581	747	1378	706	1080	718	1002	656	924	714	848	757	760	774	756	793	728	773	762	787	764	811	744	780	733	773	727	773	728	759	667	729	728	717	760	729	779	723	777	735	793	759	807	756	764	773	4070	4095	259.0	664.469159370463	541.9147176742554	25	1	0.6964731216430664	1.9607843137254901	2.5974025974025974			3.4366327474560596	1.9742092176024981	3.2737958583957028	5.133413633301349	3.4723808653538626	7.852513370765925	3.4501371958076557	8.755377764359574	3.379044546024917	7.712935340059665	3.2249502322495025	6.552009946125155	3.27358779964065	6.566908120472741	3.0361673762525263	5.688401980406615	3.0349141939301716	5.5784433804698805	2.754450789385287	5.366788639135738	2.9512668953829624	5.017454588485888	3.072988552407242	4.520042821458309	3.111682881723888	4.418210507860441	3.16049579530509	4.160475482912332	3.0497908940266707	4.272737467758215	3.0710996644033406	4.137781629116118	3.127771992749431	3.957657322197989	2.997002997002997	3.7801041720385746	2.9563621065514205	3.6574935855511392	2.936037678517168	3.534838553046856	2.8705419613479064	3.2027273600307304	2.750735793525017	3.4093569990165316	2.6946782922429344	3.489119456431916	2.7143761402986186	3.5063239861367417	2.6709520115261	3.434861411962336	2.7027027027027026	3.445279575965591	2.7656318320944466	3.4595104385476056	2.744201241424371	3.23454699407282	2.8007246376811596	4.759955558154494	4.761904761904762	3.8760850044896737	4.291067920342998	4.156218835589307	5.1020408163265305	4.761904761904762	4.718374781373667	4.276666666666666	9.227400000000001	0.08718185034695052	20.766065374436735	-4.768380676995615e-06	17.359483253387474	-7.639667445276107e-06	14.731673944799251	-4.817832919481485e-06	13.108045716983545	-3.934339803027278e-06	12.000347625504968	-2.02697292876305e-06	11.146832608622658	-1.0492926193806446e-06	10.454765810195907	-2.179779493506437e-06	9.883044762914778	-6.805467966662281e-06	9.389543134981452	-7.084285284168393e-06	8.963034639118979	-7.377097554738064e-06	8.58438590744854	-6.397338707097847e-06	8.240381057344951	-6.655334849862301e-06	7.916402715558533	-6.921804375964726e-06	7.616395372770623	-4.318062744330383e-06	7.3365329823590555	-4.4868937832591e-06	7.07281620505779	-6.213128962811317e-06	6.8252311978434435	-4.83678276557565e-06	6.595193426106458	-5.020802859849309e-06	6.374330761699084	-6.9441189388691846e-06	6.170513434577336	-7.202574200019087e-06	5.979480993116204	-7.458080923907065e-06	5.795368593552825	-7.729976462221673e-06	5.62763318707299	-8.014281449543086e-06	5.470394484235782	-8.30188992524148e-06	5.3111175079321775	-8.592763174854138e-06	5.163391220796783	-8.896658637432246e-06	5.019989406535707	-6.908796971183408e-06	4.88375382545661	-7.155976432984281e-06	4.752930075854693	-7.41011530139409e-06
10	1	7	0	0	687	2344	646	5838	661	5081	670	2929	703	1890	665	1465	661	1213	713	962	710	812	672	770	700	715	694	696	697	690	723	632	716	658	717	690	697	658	715	641	701	713	703	708	709	672	700	689	691	692	714	713	721	713	706	717	726	693	727	710	740	4072	4095	237.0	682.8647385715911	536.0114727020264	23	1	0.7018804550170898	1.9607843137254901	2.272727272727273			3.1776133209990753	2.7109234950558028	2.9661600624454754	5.959210338280628	3.02005756841961	8.46565254336127	3.013809545229634	7.369109618335975	3.150488482566998	6.335266315824757	2.9418270294182705	6.071280563613759	2.89670888294842	5.780594738848647	3.066271018793274	5.066891393658485	3.001098993997802	4.520654715510522	2.82163251595566	4.472323865946448	2.8933989170421195	4.230518904206852	2.8172444588779735	4.139407636493398	2.802122698399936	4.032493717491672	2.881511298872106	3.6118413532975193	2.824903337804782	3.689581697880453	2.797939592601264	3.737001733102253	2.688109838404875	3.5001861801159633	2.7472527472527473	3.3056572636790267	2.6809959077523238	3.5870604215927955	2.6701610452749924	3.4377276037873274	2.6814417003895463	3.226735811005474	2.641310089804543	3.2267128740692175	2.5969633193024655	3.1769350840143233	2.658524779387124	3.2092541747310617	2.6635634859063875	3.1519384642588744	2.5960654532083103	3.1150888473736806	2.6453869698294707	2.9708063617267544	2.6389342625866634	3.0059271803556307	2.681159420289855	4.762294602654816	4.761904761904762	3.54684226279557	4.409864524629158	4.110943855699531	4.6938775510204085	4.761904761904762	4.7550076744941965	4.276666666666666	9.227400000000001	0.08718185034695052	20.766065374436735	-4.768380676995615e-06	17.359483253387474	-7.639667445276107e-06	14.731673944799251	-4.817832919481485e-06	13.108045716983545	-3.934339803027278e-06	12.000347625504968	-2.02697292876305e-06	11.146832608622658	-1.0492926193806446e-06	10.454765810195907	-2.179779493506437e-06	9.883044762914778	-6.805467966662281e-06	9.389543134981452	-7.084285284168393e-06	8.963034639118979	-7.377097554738064e-06	8.58438590744854	-6.397338707097847e-06	8.240381057344951	-6.655334849862301e-06	7.916402715558533	-6.921804375964726e-06	7.616395372770623	-4.318062744330383e-06	7.3365329823590555	-4.4868937832591e-06	7.07281620505779	-6.213128962811317e-06	6.8252311978434435	-4.83678276557565e-06	6.595193426106458	-5.020802859849309e-06	6.374330761699084	-6.9441189388691846e-06	6.170513434577336	-7.202574200019087e-06	5.979480993116204	-7.458080923907065e-06	5.795368593552825	-7.729976462221673e-06	5.62763318707299	-8.014281449543086e-06	5.470394484235782	-8.30188992524148e-06	5.3111175079321775	-8.592763174854138e-06	5.163391220796783	-8.896658637432246e-06	5.019989406535707	-6.908796971183408e-06	4.88375382545661	-7.155976432984281e-06	4.752930075854693	-7.41011530139409e-06
11	1	10	0	0	561	3393	592	6636	577	4765	566	2499	588	1607	606	1175	593	882	604	800	632	700	628	639	634	591	664	581	647	560	659	586	655	572	687	588	694	600	672	577	676	599	667	629	671	630	686	649	720	661	725	654	741	647	759	685	779	695	783	675	770	4075	4095	213.0	707.4615914243054	532.577639579773	20	1	0.7068357467651367	1.9607843137254901	3.2467532467532463			2.5948196114708604	3.9241311513329094	2.7182147940676797	6.773778657901721	2.636268104354183	7.9391526016761365	2.5459943322387657	6.287266963544419	2.635116966926593	5.386652364830892	2.680822826808228	4.869457107335267	2.5987115999824706	4.203202439954251	2.597514299230207	4.213631096597493	2.6714007946571985	3.897116134060795	2.6368827678871347	3.7114479874542603	2.620592733435291	3.496834506833915	2.6954615571973695	3.4554537885095757	2.601109592345421	3.2727485243410674	2.6264397592762343	3.348954166190422	2.5842341986901287	3.207356734327689	2.6808709904003747	3.184575389948007	2.6765397817115972	3.1916591308048305	2.5820333512641205	2.975607240472384	2.585382644280415	3.0135332293605677	2.5334244910361594	3.0541393542121877	2.537725502061193	3.025064822817632	2.588483888008452	3.039385566430947	2.705953096812989	3.034615737765127	2.6994824440555534	2.9436917675653778	2.7374487421035134	2.8601741744396803	2.790954219525648	2.9760611721770864	2.8385075061944325	2.9793801174604533	2.8422084286180986	2.85774767146486	2.789855072463768	4.765803169405298	4.761904761904762	3.187668362765639	4.568708264371236	4.084608047802984	4.081632653061225	4.761904761904762	4.788578135279783	4.276666666666666	9.227400000000001	0.08718185034695052	20.766065374436735	-4.768380676995615e-06	17.359483253387474	-7.639667445276107e-06	14.731673944799251	-4.817832919481485e-06	13.108045716983545	-3.934339803027278e-06	12.000347625504968	-2.02697292876305e-06	11.146832608622658	-1.0492926193806446e-06	10.454765810195907	-2.179779493506437e-06	9.883044762914778	-6.805467966662281e-06	9.389543134981452	-7.084285284168393e-06	8.963034639118979	-7.377097554738064e-06	8.58438590744854	-6.397338707097847e-06	8.240381057344951	-6.655334849862301e-06	7.916402715558533	-6.921804375964726e-06	7.616395372770623	-4.318062744330383e-06	7.3365329823590555	-4.4868937832591e-06	7.07281620505779	-6.213128962811317e-06	6.8252311978434435	-4.83678276557565e-06	6.595193426106458	-5.020802859849309e-06	6.374330761699084	-6.9441189388691846e-06	6.170513434577336	-7.202574200019087e-06	5.979480993116204	-7.458080923907065e-06	5.795368593552825	-7.729976462221673e-06	5.62763318707299	-8.014281449543086e-06	5.470394484235782	-8.30188992524148e-06	5.3111175079321775	-8.592763174854138e-06	5.163391220796783	-8.896658637432246e-06	5.019989406535707	-6.908796971183408e-06	4.88375382545661	-7.155976432984281e-06	4.752930075854693	-7.41011530139409e-06
12	1	8	0	0	497	4682	484	7529	491	4080	516	2077	552	1307	564	984	592	774	591	684	578	585	563	502	572	457	583	487	571	481	625	494	658	504	677	538	674	573	678	605	688	579	682	581	702	556	728	600	722	574	750	622	738	657	753	693	779	675	779	695	789	4074	4095	189.0	729.8725900814293	527.0740451812744	21	1	0.7133588790893555	1.9607843137254901	2.5974025974025974			2.2987974098057355	5.414907766148152	2.2223242573120894	7.685319396525325	2.2433407959062457	6.797847348339693	2.321083172147002	5.225551613958286	2.4737832750739446	4.3810545369222	2.495023224950232	4.077911313717364	2.5943292869976773	3.6885245901639343	2.5416075345116758	3.602654587590856	2.4431481951137037	3.256875626322236	2.363957003694995	2.9157228320845676	2.364320257925846	2.7039820128986447	2.3666477226597387	2.8963958605923636	2.295569671142559	2.811057214657238	2.490933003865928	2.823179791976226	2.5960703858597016	2.8260625770999215	2.641848123000078	2.913778162911612	2.5994060704230786	3.048034469918613	2.605087220471836	3.1200041256252904	2.6312770107469308	2.9129144237057907	2.59039805530234	2.821073075989318	2.654967663855376	2.6697397483914336	2.7469624933967247	2.8099096145740647	2.7134696331930246	2.635203378936737	2.7925680455747104	2.7996579196111084	2.726365953673944	2.904380885018346	2.768891340319912	3.010818090976235	2.8385075061944325	2.893642560123462	2.827688845330139	2.9424216765453006	2.858695652173913	4.764633647155137	4.761904761904762	2.828494462735708	4.713436000857224	4.042398190870785	4.285714285714286	4.761904761904762	4.832770196822009	4.276666666666666	9.227400000000001	0.08718185034695052	20.766065374436735	-4.768380676995615e-06	17.359483253387474	-7.639667445276107e-06	14.731673944799251	-4.817832919481485e-06	13.108045716983545	-3.934339803027278e-06	12.000347625504968	-2.02697292876305e-06	11.146832608622658	-1.0492926193806446e-06	10.454765810195907	-2.179779493506437e-06	9.883044762914778	-6.805467966662281e-06	9.389543134981452	-7.084285284168393e-06	8.963034639118979	-7.377097554738064e-06	8.58438590744854	-6.397338707097847e-06	8.240381057344951	-6.655334849862301e-06	7.916402715558533	-6.921804375964726e-06	7.616395372770623	-4.318062744330383e-06	7.3365329823590555	-4.4868937832591e-06	7.07281620505779	-6.213128962811317e-06	6.8252311978434435	-4.83678276557565e-06	6.595193426106458	-5.020802859849309e-06	6.374330761699084	-6.9441189388691846e-06	6.170513434577336	-7.202574200019087e-06	5.979480993116204	-7.458080923907065e-06	5.795368593552825	-7.729976462221673e-06	5.62763318707299	-8.014281449543086e-06	5.470394484235782	-8.30188992524148e-06	5.3111175079321775	-8.592763174854138e-06	5.163391220796783	-8.896658637432246e-06	5.019989406535707	-6.908796971183408e-06	4.88375382545661	-7.155976432984281e-06	4.752930075854693	-7.41011530139409e-06
13	1	10	0	0	469	5049	503	8073	521	3757	523	2058	530	1304	561	859	564	648	552	581	571	501	577	435	600	457	629	447	643	495	638	501	671	528	661	526	693	555	691	574	702	552	728	590	717	581	685	614	706	640	708	641	718	680	730	661	728	694	744	696	760	4076	4095	178.0	731.62448757503	519.0003528594971	19	1	0.7170639038085938	1.9607843137254901	3.2467532467532463			2.1692876965772436	5.839356965246053	2.309564259148721	8.240614090602861	2.3804084616438983	6.259684433262801	2.3525707345598486	5.177749264095404	2.375190463386215	4.370998558643113	2.4817518248175183	3.559883961873187	2.471624523423463	3.0880670987418988	2.3738872403560833	3.060149583903929	2.41355989517288	2.7892216902349403	2.422741014444071	2.5265725736190974	2.480056214607531	2.7039820128986447	2.553381505236665	2.6584988699892946	2.5850285438610596	2.8928759277657647	2.5427444103463395	2.863184363927306	2.647360530261185	2.960636985533251	2.5794115351596036	2.848786828422877	2.6726830961471713	2.952284695994468	2.655037270421886	2.9601361456345727	2.6848204382912	2.7770790360718416	2.7651169857186266	2.864773003156106	2.711697742142884	2.7897820032651492	2.58471058788016	2.8754741722474595	2.653337342152736	2.9382058580479296	2.636184235022527	2.8851780168339562	2.6524806974768182	3.0060563193492773	2.6843169700312557	2.8717904157796412	2.6526745372394696	2.975093239593604	2.700642491560492	2.9466553767993227	2.753623188405797	4.766972691655458	4.761904761904762	2.663873091888656	4.724749560002153	3.98047694937999	3.877551020408163	4.761904761904762	4.8578705124786685	4.276666666666666	9.227400000000001	0.08718185034695052	20.766065374436735	-4.768380676995615e-06	17.359483253387474	-7.639667445276107e-06	14.731673944799251	-4.817832919481485e-06	13.108045716983545	-3.934339803027278e-06	12.000347625504968	-2.02697292876305e-06	11.146832608622658	-1.0492926193806446e-06	10.454765810195907	-2.179779493506437e-06	9.883044762914778	-6.805467966662281e-06	9.389543134981452	-7.084285284168393e-06	8.963034639118979	-7.377097554738064e-06	8.58438590744854	-6.397338707097847e-06	8.240381057344951	-6.655334849862301e-06	7.916402715558533	-6.921804375964726e-06	7.616395372770623	-4.318062744330383e-06	7.3365329823590555	-4.4868937832591e-06	7.07281620505779	-6.213128962811317e-06	6.8252311978434435	-4.83678276557565e-06	6.595193426106458	-5.020802859849309e-06	6.374330761699084	-6.9441189388691846e-06	6.170513434577336	-7.202574200019087e-06	5.979480993116204	-7.458080923907065e-06	5.795368593552825	-7.729976462221673e-06	5.62763318707299	-8.014281449543086e-06	5.470394484235782	-8.30188992524148e-06	5.3111175079321775	-8.592763174854138e-06	5.163391220796783	-8.896658637432246e-06	5.019989406535707	-6.908796971183408e-06	4.88375382545661	-7.155976432984281e-06	4.752930075854693	-7.41011530139409e-06
14	1	9	0	0	464	5963	468	8105	460	3450	465	1804	490	1127	509	769	483	570	504	454	534	453	562	423	577	410	575	431	600	467	600	473	606	464	606	499	622	490	619	493	622	533	648	571	669	575	670	580	678	599	693	602	698	606	727	606	759	622	753	618	777	4076	4095	165.0	738.2402259063682	510.7181806564331	19	1	0.7224063873291016	1.9607843137254901	2.922077922077922			2.1461609620721553	6.8964320823454575	2.1488589926075576	8.27327848437213	2.1017042079773383	5.748179743081358	2.0916737888534027	4.538707323823181	2.1959308057721607	3.7776958401769853	2.2517142225171423	3.186904268545379	2.1166571716552	2.716355318337781	2.1674622629338147	2.391235647319077	2.257164595485671	2.521990869613629	2.3597581457843466	2.4568740198640877	2.3849873930475756	2.425891959055677	2.3341722822115774	2.563340073748067	2.412157272654177	2.7292385015487115	2.391295683711291	2.7031660761229857	2.3909098082537676	2.6017718963777052	2.3647857644579724	2.7025563258232235	2.39885842107293	2.606521623490611	2.3783908399293017	2.542416585013666	2.3788579951810918	2.6814911706998035	2.461257976298997	2.772517601359553	2.5301614916228585	2.7609718620954573	2.5281110859557767	2.716245960754929	2.548105832832231	2.7499770452667343	2.5803328741110327	2.7096367646396904	2.5785954412796923	2.67892666106715	2.6732855304283873	2.632836599035495	2.7656318320944466	2.6664380331804347	2.7333115539584014	2.6164267569856055	2.8152173913043477	4.766972691655458	4.761904761904762	2.469320562705777	4.767473262257779	3.9169567699360726	3.877551020408163	4.761904761904762	4.894064069314861	4.276666666666666	9.227400000000001	0.08718185034695052	20.766065374436735	-4.768380676995615e-06	17.359483253387474	-7.639667445276107e-06	14.731673944799251	-4.817832919481485e-06	13.108045716983545	-3.934339803027278e-06	12.000347625504968	-2.02697292876305e-06	11.146832608622658	-1.0492926193806446e-06	10.454765810195907	-2.179779493506437e-06	9.883044762914778	-6.805467966662281e-06	9.389543134981452	-7.084285284168393e-06	8.963034639118979	-7.377097554738064e-06	8.58438590744854	-6.397338707097847e-06	8.240381057344951	-6.655334849862301e-06	7.916402715558533	-6.921804375964726e-06	7.616395372770623	-4.318062744330383e-06	7.3365329823590555	-4.4868937832591e-06	7.07281620505779	-6.213128962811317e-06	6.8252311978434435	-4.83678276557565e-06	6.595193426106458	-5.020802859849309e-06	6.374330761699084	-6.9441189388691846e-06	6.170513434577336	-7.202574200019087e-06	5.979480993116204	-7.458080923907065e-06	5.795368593552825	-7.729976462221673e-06	5.62763318707299	-8.014281449543086e-06	5.470394484235782	-8.30188992524148e-06	5.3111175079321775	-8.592763174854138e-06	5.163391220796783	-8.896658637432246e-06	5.019989406535707	-6.908796971183408e-06	4.88375382545661	-7.155976432984281e-06	4.752930075854693	-7.41011530139409e-06
15	1	9	0	0	410	7313	397	7628	432	3109	440	1590	443	1044	454	814	444	588	480	485	524	462	546	439	571	414	551	406	566	397	550	432	551	431	553	461	566	461	594	476	634	526	665	546	667	575	665	561	688	563	713	558	709	557	692	571	706	594	735	625	739	4078	4095	153.0	739.2390198422654	499.7031707763672	17	1	0.7291765213012695	1.9607843137254901	2.922077922077922			1.8963922294172062	8.457757474122477	1.8228568804811975	7.7863748647489945	1.9737743866221957	5.180026324997084	1.979218208807521	4.000301909578082	1.9853007080756477	3.499480441122247	2.008405220084052	3.373394115209283	1.945746965248258	2.8021349599695005	2.064249774222681	2.55451385231223	2.214895595570209	2.5720966484801244	2.292576419213974	2.549805424870767	2.3601868309015	2.4495591976806104	2.2367459608670943	2.4146544546211492	2.275468360537107	2.320144936006078	2.1920210434020166	2.468853583266659	2.1739130434782608	2.416732084781877	2.1579645672364007	2.4967504332755635	2.182884029465078	2.4522580988350446	2.2823330515638207	2.4547470475994015	2.4247523616476077	2.646274588720632	2.5258280158006685	2.651128914785142	2.5225974811845244	2.7609718620954573	2.509244585314316	2.62726548962675	2.5856885147324116	2.584702965751538	2.654801355326358	2.5115902237025702	2.619232332188112	2.4623137792316876	2.5445854017282588	2.480775079289221	2.572511295729486	2.5464054529086466	2.667973429162583	2.6460626587637597	2.677536231884058	4.769311736155781	4.761904761904762	2.289733612690811	4.773923362396997	3.83247707221867	3.4693877551020407	4.761904761904762	4.939929485234199	4.276666666666666	9.227400000000001	0.08718185034695052	20.766065374436735	-4.768380676995615e-06	17.359483253387474	-7.639667445276107e-06	14.731673944799251	-4.817832919481485e-06	13.108045716983545	-3.934339803027278e-06	12.000347625504968	-2.02697292876305e-06	11.146832608622658	-1.0492926193806446e-06	10.454765810195907	-2.179779493506437e-06	9.883044762914778	-6.805467966662281e-06	9.389543134981452	-7.084285284168393e-06	8.963034639118979	-7.377097554738064e-06	8.58438590744854	-6.397338707097847e-06	8.240381057344951	-6.655334849862301e-06	7.916402715558533	-6.921804375964726e-06	7.616395372770623	-4.318062744330383e-06	7.3365329823590555	-4.4868937832591e-06	7.07281620505779	-6.213128962811317e-06	6.8252311978434435	-4.83678276557565e-06	6.595193426106458	-5.020802859849309e-06	6.374330761699084	-6.9441189388691846e-06	6.170513434577336	-7.202574200019087e-06	5.979480993116204	-7.458080923907065e-06	5.795368593552825	-7.729976462221673e-06	5.62763318707299	-8.014281449543086e-06	5.470394484235782	-8.30188992524148e-06	5.3111175079321775	-8.592763174854138e-06	5.163391220796783	-8.896658637432246e-06	5.019989406535707	-6.908796971183408e-06	4.88375382545661	-7.155976432984281e-06	4.752930075854693	-7.41011530139409e-06
16	1	7	0	0	366	8559	371	7377	391	2953	365	1485	381	978	389	779	394	607	404	496	450	425	465	382	491	376	495	361	522	380	557	371	581	381	595	391	591	391	616	405	619	459	640	493	627	490	640	506	669	548	695	579	715	601	731	616	751	617	762	618	767	4079	4095	139.0	732.6732476099128	478.0636157989502	16	1	0.7405061721801758	1.9607843137254901	2.272727272727273			1.692876965772433	9.898802983866304	1.7034758253363331	7.530163526121307	1.7864485767807372	4.920108632266449	1.6418514686698755	3.7361310287568874	1.7074482387738639	3.278248918982335	1.7208582172085822	3.2283464566929134	1.7266313160085893	2.8926801372474267	1.7374102266374232	2.6124512798904456	1.90210499619579	2.366106224251197	1.9524689284514611	2.2187372945344714	2.0295126689538296	2.224720430743743	2.0094178777299665	2.1470203401926966	2.098576827209134	2.2207936415171527	2.219919493045315	2.1202423134072466	2.2922749151739916	2.1363687338791073	2.321860610317646	2.1176343154246102	2.279301168575726	2.0798978669078143	2.366863905325444	2.0885978031045327	2.3673844035644627	2.309201589777129	2.4308720753570343	2.3937848992473905	2.371317272417836	2.3528281955248245	2.4149120821070107	2.369690441624128	2.5142814191220686	2.5158387659535397	2.587779722232565	2.6061124364225594	2.6413979090472495	2.656823305777817	2.6879941165655454	2.6762827475344313	2.7364815624544527	2.6450036438461866	2.7659806163563108	2.6164267569856055	2.778985507246377	4.770481258405941	4.761904761904762	2.0802155043400177	4.731522335650743	3.6665123492510006	3.2653061224489797	4.761904761904762	5.016684118439118	4.276666666666666	9.227400000000001	0.08718185034695052	20.766065374436735	-4.768380676995615e-06	17.359483253387474	-7.639667445276107e-06	14.731673944799251	-4.817832919481485e-06	13.108045716983545	-3.934339803027278e-06	12.000347625504968	-2.02697292876305e-06	11.146832608622658	-1.0492926193806446e-06	10.454765810195907	-2.179779493506437e-06	9.883044762914778	-6.805467966662281e-06	9.389543134981452	-7.084285284168393e-06	8.963034639118979	-7.377097554738064e-06	8.58438590744854	-6.397338707097847e-06	8.240381057344951	-6.655334849862301e-06	7.916402715558533	-6.921804375964726e-06	7.616395372770623	-4.318062744330383e-06	7.3365329823590555	-4.4868937832591e-06	7.07281620505779	-6.213128962811317e-06	6.8252311978434435	-4.83678276557565e-06	6.595193426106458	-5.020802859849309e-06	6.374330761699084	-6.9441189388691846e-06	6.170513434577336	-7.202574200019087e-06	5.979480993116204	-7.458080923907065e-06	5.795368593552825	-7.729976462221673e-06	5.62763318707299	-8.014281449543086e-06	5.470394484235782	-8.30188992524148e-06	5.3111175079321775	-8.592763174854138e-06	5.163391220796783	-8.896658637432246e-06	5.019989406535707	-6.908796971183408e-06	4.88375382545661	-7.155976432984281e-06	4.752930075854693	-7.41011530139409e-06
17	2	7	0	0	371	10013	363	7112	350	2891	392	1385	388	875	379	643	379	531	393	458	407	444	424	410	444	369	476	353	504	353	527	373	542	386	557	383	571	393	563	396	567	426	599	450	615	482	630	506	622	525	654	556	682	576	689	572	708	567	710	602	734	4080	4095	128.0	712.7513355057375	453.408185005188	15	1	0.7488689422607422	3.9215686274509802	2.272727272727273			1.7160037002775206	11.580408257676517	1.6667431929840673	7.259661515219566	1.5991227669392791	4.816808010796581	1.7633034951194277	3.484539713689083	1.7388186788563236	2.9329936647336843	1.676620216766202	2.6647326978864485	1.6608966212366887	2.5304994281357223	1.69010450264482	2.412303802802065	1.7203482965593035	2.471885090747133	1.7803157541148806	2.3813672532961605	1.8352415988095732	2.1833027631501096	1.932288706665584	2.099440942072083	2.0262121090295087	2.0630004090935654	2.1003547088597507	2.131672191107555	2.1384044819695416	2.1644050689693843	2.173573714196519	2.0743067590987865	2.2021674572872074	2.090536730677164	2.1632213939906246	2.0421845185910987	2.168508815542892	2.1431805604467473	2.2751443330294743	2.1849963583394025	2.32593320978783	2.314414673965236	2.3771790808240887	2.369690441624128	2.3376428141912204	2.410246992929942	2.4351193357411476	2.5025881082054284	2.519487236321992	2.5463065293311526	2.533553962125391	2.4851196941391143	2.579798863139484	2.430659750503708	2.577226033612835	2.548687552921253	2.6594202898550723	4.771650780656102	4.761904761904762	1.9155941334929663	4.602868843255233	3.477417344958831	3.061224489795918	4.761904761904762	5.073339116635578	4.276666666666666	9.227400000000001	0.08718185034695052	20.766065374436735	-4.768380676995615e-06	17.359483253387474	-7.639667445276107e-06	14.731673944799251	-4.817832919481485e-06	13.108045716983545	-3.934339803027278e-06	12.000347625504968	-2.02697292876305e-06	11.146832608622658	-1.0492926193806446e-06	10.454765810195907	-2.179779493506437e-06	9.883044762914778	-6.805467966662281e-06	9.389543134981452	-7.084285284168393e-06	8.963034639118979	-7.377097554738064e-06	8.58438590744854	-6.397338707097847e-06	8.240381057344951	-6.655334849862301e-06	7.916402715558533	-6.921804375964726e-06	7.616395372770623	-4.318062744330383e-06	7.3365329823590555	-4.4868937832591e-06	7.07281620505779	-6.213128962811317e-06	6.8252311978434435	-4.83678276557565e-06	6.595193426106458	-5.020802859849309e-06	6.374330761699084	-6.9441189388691846e-06	6.170513434577336	-7.202574200019087e-06	5.979480993116204	-7.458080923907065e-06	5.795368593552825	-7.729976462221673e-06	5.62763318707299	-8.014281449543086e-06	5.470394484235782	-8.30188992524148e-06	5.3111175079321775	-8.592763174854138e-06	5.163391220796783	-8.896658637432246e-06	5.019989406535707	-6.908796971183408e-06	4.88375382545661	-7.155976432984281e-06	4.752930075854693	-7.41011530139409e-06
18	11	6	0	0	360	10761	361	7093	356	2750	341	1346	344	830	358	653	382	528	408	441	412	396	434	377	430	360	462	361	469	343	499	345	535	371	543	394	555	408	562	429	603	427	611	458	642	464	656	501	680	533	700	541	714	558	718	577	718	600	712	630	728	4079	4095	120.0	686.9778369235624	425.60741996765137	16	1	0.757965087890625	21.568627450980394	1.948051948051948			1.6651248843663276	12.44549817845371	1.6575600348960007	7.240267031419063	1.6265363000868096	4.58188240390543	1.533894111825829	3.3864191008126396	1.5416330554808642	2.78215399054738	1.5837204158372042	2.706174886033983	1.674043560191069	2.5162028211971026	1.7546123080892788	2.322764141999368	1.7414827965170343	2.204654270125821	1.8223043332213635	2.1896962304698846	1.7773736204687307	2.1300514762440095	1.8754566858813022	2.1470203401926966	1.8855029347913486	2.0045584711589037	1.988760910286557	1.9716539033032345	2.1107867119072043	2.0802960636985532	2.1189416998361037	2.133882149046794	2.1404604882563927	2.1703282089472844	2.1593790824560055	2.212366561807024	2.3061919149424406	2.148211500729486	2.3207231844424188	2.223840738043214	2.428047350705344	2.2279842504561604	2.4752848841596857	2.346274528169344	2.555622369212267	2.446974566155541	2.606396842536397	2.4350722419768647	2.6377036462373935	2.466734450289554	2.640191211619783	2.5068427683885823	2.616236700189477	2.572126720109744	2.5844858252568153	2.6672311600338694	2.63768115942029	4.770481258405941	4.761904761904762	1.7958695001496556	4.436426456274084	3.264199176999316	3.2653061224489797	4.761904761904762	5.134962491341684	4.276666666666666	9.227400000000001	0.08718185034695052	20.766065374436735	-4.768380676995615e-06	17.359483253387474	-7.639667445276107e-06	14.731673944799251	-4.817832919481485e-06	13.108045716983545	-3.934339803027278e-06	12.000347625504968	-2.02697292876305e-06	11.146832608622658	-1.0492926193806446e-06	10.454765810195907	-2.179779493506437e-06	9.883044762914778	-6.805467966662281e-06	9.389543134981452	-7.084285284168393e-06	8.963034639118979	-7.377097554738064e-06	8.58438590744854	-6.397338707097847e-06	8.240381057344951	-6.655334849862301e-06	7.916402715558533	-6.921804375964726e-06	7.616395372770623	-4.318062744330383e-06	7.3365329823590555	-4.4868937832591e-06	7.07281620505779	-6.213128962811317e-06	6.8252311978434435	-4.83678276557565e-06	6.595193426106458	-5.020802859849309e-06	6.374330761699084	-6.9441189388691846e-06	6.170513434577336	-7.202574200019087e-06	5.979480993116204	-7.458080923907065e-06	5.795368593552825	-7.729976462221673e-06	5.62763318707299	-8.014281449543086e-06	5.470394484235782	-8.30188992524148e-06	5.3111175079321775	-8.592763174854138e-06	5.163391220796783	-8.896658637432246e-06	5.019989406535707	-6.908796971183408e-06	4.88375382545661	-7.155976432984281e-06	4.752930075854693	-7.41011530139409e-06
19	13	6	0	0	384	11725	364	7233	355	2615	369	1252	384	801	393	543	411	450	430	419	447	395	468	377	476	358	473	350	503	372	522	397	527	415	530	431	542	459	557	478	583	467	581	508	607	505	636	526	632	525	637	541	665	557	686	588	700	581	708	611	729	4078	4095	113.0	654.1336089062258	395.21779441833496	17	1	0.7658348083496094	25.49019607843137	1.948051948051948			1.7761332099907494	13.560400161915226	1.6713347720281004	7.383173754159607	1.6219673778955543	4.3569536313500725	1.6598443614772165	3.1499232646489044	1.720892713094918	2.684946200516207	1.7385534173855341	2.2503108164111065	1.8011306367500768	2.144491040792985	1.849223756074485	2.206889286842937	1.8894242962211514	2.199086961362877	1.9650655021834063	2.1896962304698846	1.9675112635886414	2.118217856931542	1.9201104164975238	2.0815986677768525	2.0221918469084184	2.174040091169423	2.0804272448288232	2.2688307235112584	2.0792235461216757	2.327015812492991	2.0682119722157184	2.3342720970537263	2.0903235759188554	2.441619235065695	2.140167524782909	2.465061110824609	2.2297013041649136	2.34944911203904	2.2067760559100575	2.466618111192037	2.295677168034492	2.424853548449054	2.399818881593842	2.4633540954432633	2.375225496091401	2.410246992929942	2.3718211267081206	2.4350722419768647	2.456684768554435	2.4623137792316876	2.5225225225225225	2.554633531737412	2.55064859349949	2.490676040639602	2.5699662419688556	2.5867908552074512	2.641304347826087	4.769311736155781	4.761904761904762	1.6911104459742592	4.224322085098827	3.031125724673378	3.4693877551020407	4.761904761904762	5.188277241611633	4.276666666666666	9.227400000000001	0.08718185034695052	20.766065374436735	-4.768380676995615e-06	17.359483253387474	-7.639667445276107e-06	14.731673944799251	-4.817832919481485e-06	13.108045716983545	-3.934339803027278e-06	12.000347625504968	-2.02697292876305e-06	11.146832608622658	-1.0492926193806446e-06	10.454765810195907	-2.179779493506437e-06	9.883044762914778	-6.805467966662281e-06	9.389543134981452	-7.084285284168393e-06	8.963034639118979	-7.377097554738064e-06	8.58438590744854	-6.397338707097847e-06	8.240381057344951	-6.655334849862301e-06	7.916402715558533	-6.921804375964726e-06	7.616395372770623	-4.318062744330383e-06	7.3365329823590555	-4.4868937832591e-06	7.07281620505779	-6.213128962811317e-06	6.8252311978434435	-4.83678276557565e-06	6.595193426106458	-5.020802859849309e-06	6.374330761699084	-6.9441189388691846e-06	6.170513434577336	-7.202574200019087e-06	5.979480993116204	-7.458080923907065e-06	5.795368593552825	-7.729976462221673e-06	5.62763318707299	-8.014281449543086e-06	5.470394484235782	-8.30188992524148e-06	5.3111175079321775	-8.592763174854138e-06	5.163391220796783	-8.896658637432246e-06	5.019989406535707	-6.908796971183408e-06	4.88375382545661	-7.155976432984281e-06	4.752930075854693	-7.41011530139409e-06
20	8	6	0	0	425	12369	423	7328	398	2503	411	1230	396	724	418	486	437	424	450	409	453	416	457	422	494	408	504	407	508	392	512	453	515	446	533	456	546	455	566	491	555	507	576	513	569	506	583	528	586	533	612	554	629	561	629	575	644	575	650	581	675	4079	4095	108.0	627.7452173931275	369.52494716644287	16	1	0.773280143737793	15.686274509803921	1.948051948051948			1.9657724329324702	14.305210200659227	1.9422379356260617	7.480146173162118	1.818431032119523	4.170346057081924	1.848769735954298	3.0945731753339873	1.774670610379134	2.4268427580196428	1.8491484184914844	2.0140903439701616	1.9150707743547042	2.020587113991613	1.9352341633337635	2.1542188981354684	1.9147856961704286	2.316000445384701	1.9188780651662747	2.4510658070511706	2.0419129500268673	2.4140583397432103	2.045952748234148	2.4206018793862256	2.04229315751387	2.290923967038747	2.0405723167669683	2.5888672991198995	2.0318787974433836	2.5008410900527083	2.0799188324358076	2.4696707105719238	2.105750318176559	2.420341507526996	2.1747483285944824	2.5321025217884587	2.1226144490763756	2.5506867233485937	2.187784867821331	2.490895848506919	2.1519609697061384	2.4296552386440027	2.1998339747943554	2.472720460825177	2.202345159350571	2.446974566155541	2.2787355251889636	2.493585992708286	2.3236913073996086	2.4799964634631535	2.312925170068027	2.498153538688795	2.3465967060195307	2.464954773438505	2.3594322842934408	2.4597798475867907	2.4456521739130435	4.770481258405941	4.761904761904762	1.6162825501346905	4.053908787966137	2.8340742473735467	3.2653061224489797	4.761904761904762	5.238716923550253	4.276666666666666	9.227400000000001	0.08718185034695052	20.766065374436735	-4.768380676995615e-06	17.359483253387474	-7.639667445276107e-06	14.731673944799251	-4.817832919481485e-06	13.108045716983545	-3.934339803027278e-06	12.000347625504968	-2.02697292876305e-06	11.146832608622658	-1.0492926193806446e-06	10.454765810195907	-2.179779493506437e-06	9.883044762914778	-6.805467966662281e-06	9.389543134981452	-7.084285284168393e-06	8.963034639118979	-7.377097554738064e-06	8.58438590744854	-6.397338707097847e-06	8.240381057344951	-6.655334849862301e-06	7.916402715558533	-6.921804375964726e-06	7.616395372770623	-4.318062744330383e-06	7.3365329823590555	-4.4868937832591e-06	7.07281620505779	-6.213128962811317e-06	6.8252311978434435	-4.83678276557565e-06	6.595193426106458	-5.020802859849309e-06	6.374330761699084	-6.9441189388691846e-06	6.170513434577336	-7.202574200019087e-06	5.979480993116204	-7.458080923907065e-06	5.795368593552825	-7.729976462221673e-06	5.62763318707299	-8.014281449543086e-06	5.470394484235782	-8.30188992524148e-06	5.3111175079321775	-8.592763174854138e-06	5.163391220796783	-8.896658637432246e-06	5.019989406535707	-6.908796971183408e-06	4.88375382545661	-7.155976432984281e-06	4.752930075854693	-7.41011530139409e-06
