	counts(inten<0.01	MicrocoloniesPlatonic	MicrocoloniesAggregates	MicrocoloniesLarge	counts(Norminten<0.01	counts(inten<0.02	counts(Norminten<0.02	counts(inten<0.03	counts(Norminten<0.03	counts(inten<0.04	counts(Norminten<0.04	counts(inten<0.05	counts(Norminten<0.05	counts(inten<0.060000000000000005	counts(Norminten<0.060000000000000005	counts(inten<0.06999999999999999	counts(Norminten<0.06999999999999999	counts(inten<0.08	counts(Norminten<0.08	counts(inten<0.09	counts(Norminten<0.09	counts(inten<0.09999999999999999	counts(Norminten<0.09999999999999999	counts(inten<0.11	counts(Norminten<0.11	counts(inten<0.12	counts(Norminten<0.12	counts(inten<0.13	counts(Norminten<0.13	counts(inten<0.14	counts(Norminten<0.14	counts(inten<0.15000000000000002	counts(Norminten<0.15000000000000002	counts(inten<0.16	counts(Norminten<0.16	counts(inten<0.17	counts(Norminten<0.17	counts(inten<0.18000000000000002	counts(Norminten<0.18000000000000002	counts(inten<0.19	counts(Norminten<0.19	counts(inten<0.2	counts(Norminten<0.2	counts(inten<0.21000000000000002	counts(Norminten<0.21000000000000002	counts(inten<0.22	counts(Norminten<0.22	counts(inten<0.23	counts(Norminten<0.23	counts(inten<0.24000000000000002	counts(Norminten<0.24000000000000002	counts(inten<0.25	counts(Norminten<0.25	counts(inten<0.26	counts(Norminten<0.26	counts(inten<0.27	counts(Norminten<0.27	counts(inten<0.28	counts(Norminten<0.28	counts(inten<0.29000000000000004	counts(Norminten<0.29000000000000004	diff	max	med	std	mean	min	eigenLocal	minProp	counts(inten<0.01Normalized	MicrocoloniesPlatonicNormalized	MicrocoloniesAggregatesNormalized	MicrocoloniesLargeNormalized	counts(Norminten<0.01Normalized	counts(inten<0.02Normalized	counts(Norminten<0.02Normalized	counts(inten<0.03Normalized	counts(Norminten<0.03Normalized	counts(inten<0.04Normalized	counts(Norminten<0.04Normalized	counts(inten<0.05Normalized	counts(Norminten<0.05Normalized	counts(inten<0.060000000000000005Normalized	counts(Norminten<0.060000000000000005Normalized	counts(inten<0.06999999999999999Normalized	counts(Norminten<0.06999999999999999Normalized	counts(inten<0.08Normalized	counts(Norminten<0.08Normalized	counts(inten<0.09Normalized	counts(Norminten<0.09Normalized	counts(inten<0.09999999999999999Normalized	counts(Norminten<0.09999999999999999Normalized	counts(inten<0.11Normalized	counts(Norminten<0.11Normalized	counts(inten<0.12Normalized	counts(Norminten<0.12Normalized	counts(inten<0.13Normalized	counts(Norminten<0.13Normalized	counts(inten<0.14Normalized	counts(Norminten<0.14Normalized	counts(inten<0.15000000000000002Normalized	counts(Norminten<0.15000000000000002Normalized	counts(inten<0.16Normalized	counts(Norminten<0.16Normalized	counts(inten<0.17Normalized	counts(Norminten<0.17Normalized	counts(inten<0.18000000000000002Normalized	counts(Norminten<0.18000000000000002Normalized	counts(inten<0.19Normalized	counts(Norminten<0.19Normalized	counts(inten<0.2Normalized	counts(Norminten<0.2Normalized	counts(inten<0.21000000000000002Normalized	counts(Norminten<0.21000000000000002Normalized	counts(inten<0.22Normalized	counts(Norminten<0.22Normalized	counts(inten<0.23Normalized	counts(Norminten<0.23Normalized	counts(inten<0.24000000000000002Normalized	counts(Norminten<0.24000000000000002Normalized	counts(inten<0.25Normalized	counts(Norminten<0.25Normalized	counts(inten<0.26Normalized	counts(Norminten<0.26Normalized	counts(inten<0.27Normalized	counts(Norminten<0.27Normalized	counts(inten<0.28Normalized	counts(Norminten<0.28Normalized	counts(inten<0.29000000000000004Normalized	counts(Norminten<0.29000000000000004Normalized	diffNormalized	maxNormalized	medNormalized	stdNormalized	meanNormalized	minNormalized	eigenLocalNormalized	minPropNormalized	BioVolume	SubstratumCoverage	Homogenity	ThicknessThreshold=0.01	RoughnessThreshold=0.01	ThicknessThreshold=0.02	RoughnessThreshold=0.02	ThicknessThreshold=0.03	RoughnessThreshold=0.03	ThicknessThreshold=0.04	RoughnessThreshold=0.04	ThicknessThreshold=0.05	RoughnessThreshold=0.05	ThicknessThreshold=0.060000000000000005	RoughnessThreshold=0.060000000000000005	ThicknessThreshold=0.06999999999999999	RoughnessThreshold=0.06999999999999999	ThicknessThreshold=0.08	RoughnessThreshold=0.08	ThicknessThreshold=0.09	RoughnessThreshold=0.09	ThicknessThreshold=0.09999999999999999	RoughnessThreshold=0.09999999999999999	ThicknessThreshold=0.11	RoughnessThreshold=0.11	ThicknessThreshold=0.12	RoughnessThreshold=0.12	ThicknessThreshold=0.13	RoughnessThreshold=0.13	ThicknessThreshold=0.14	RoughnessThreshold=0.14	ThicknessThreshold=0.15000000000000002	RoughnessThreshold=0.15000000000000002	ThicknessThreshold=0.16	RoughnessThreshold=0.16	ThicknessThreshold=0.17	RoughnessThreshold=0.17	ThicknessThreshold=0.18000000000000002	RoughnessThreshold=0.18000000000000002	ThicknessThreshold=0.19	RoughnessThreshold=0.19	ThicknessThreshold=0.2	RoughnessThreshold=0.2	ThicknessThreshold=0.21000000000000002	RoughnessThreshold=0.21000000000000002	ThicknessThreshold=0.22	RoughnessThreshold=0.22	ThicknessThreshold=0.23	RoughnessThreshold=0.23	ThicknessThreshold=0.24000000000000002	RoughnessThreshold=0.24000000000000002	ThicknessThreshold=0.25	RoughnessThreshold=0.25	ThicknessThreshold=0.26	RoughnessThreshold=0.26	ThicknessThreshold=0.27	RoughnessThreshold=0.27	ThicknessThreshold=0.28	RoughnessThreshold=0.28	ThicknessThreshold=0.29000000000000004	RoughnessThreshold=0.29000000000000004
0	1	39	0	0	3648	1	3837	2	4123	5	4402	22	4599	84	4792	137	4976	149	5218	188	5445	206	5594	212	5758	211	5858	220	5954	237	5991	293	6098	378	6141	480	6174	642	6192	843	6207	1115	6210	1365	6181	1597	6090	1933	6014	2243	5908	2617	5829	2935	5652	3240	5442	3589	5326	3882	5140	4027	4095	1036.0	598.7179970534803	1123.7707214355469	68	1	0.5554046630859375	2.380952380952381	11.206896551724139			7.566894835096454	0.001942615148512928	8.436304472098852	0.002277826497955651	9.50788672631676	0.006081689250006081	10.488943957300801	0.030018966528852317	11.281460040229604	0.1303437039335868	11.935242839352428	0.23886738501237925	12.627839106712347	0.2948451568220046	13.498202136741083	0.41472722860735484	14.37585806315345	0.4940047961630696	14.95282136270081	0.5447770782474625	15.559218526224768	0.5703473442357075	16.075740944017564	0.6194565676474728	16.51045421773612	0.685506030717612	16.706171049329356	0.8782183856367833	17.144624381466485	1.1825804029533225	17.45296424714375	1.5357542793153096	17.69105131952205	2.083874318358868	17.922889892323724	2.7817191882527634	18.195409374725177	3.699280050429647	18.300229857959568	4.552124324684853	18.352137767220903	5.360679399818737	18.20682232652695	6.489843881148229	18.16040584611668	7.518267748206744	18.03583966785725	8.71287787987748	18.006857990176393	9.682314518523407	17.68018018018018	10.666666666666668	17.327347406629094	11.77918540155568	17.172335966467838	12.609627752874683	16.7897040569674	4.7140766754462975	4.761904761904762	13.50540998566028	5.932327569347494	10.151899134288517	11.929824561403509	4.761904761904762	3.8454803403660547	26.315533980582522	3.4814000000000003	0.08096697025543752	20.768942832946777	0.0	18.41019596174607	-1.5258861822423087e-05	15.903790866132118	-1.52619183659064e-05	13.898562769570264	-1.623990737521064e-05	12.312077962602913	-1.5362103993762986e-05	11.046523959456211	-1.357148050311417e-05	10.015263167210446	-1.2783234689372314e-05	9.162713677246584	-1.3019190286482275e-05	8.446425518278605	-1.2285741782374466e-05	7.836573436924269	-1.2597208458605573e-05	7.31678771636825	-8.63100407707055e-06	6.871301592732775	-6.6655557407098815e-06	6.487715447871552	-5.727337498253162e-06	6.150302343517121	-4.7315160368821675e-06	5.853425385023898	-4.89463682406595e-06	5.586558607568785	-6.337537233031244e-06	5.349306048019451	-6.578376088392324e-06	5.139928398931181	-5.469913424945267e-06	4.950611993884332	-2.8471493628791515e-06	4.78051007229488	-1.4844966591402686e-06	4.636300552965412	-1.5489251234106093e-06	4.5029219573953485	-1.6210608222020491e-06	4.384792552314484	-1.6997667919961382e-06	4.2757998414953695	0.0	4.17674988167592	1.878163531698705e-06	4.08557175900255	1.9803274273368358e-06	4.003431565379691	-2.0924222926671063e-06	3.9283321888221874	-2.215187770391357e-06	3.8557813098025036	-2.348079271156194e-06
1	1	40	0	0	3258	1	3379	4	3489	17	3643	52	3803	128	3910	177	3999	174	4100	222	4227	264	4361	320	4445	417	4536	509	4671	644	4772	795	4842	1039	4891	1226	4932	1386	4941	1594	4898	1784	4898	2004	4936	2200	4921	2411	4895	2595	4901	2753	4883	2924	4909	3164	4855	3296	4789	3463	4701	4051	4095	953.0	684.7661135906404	1105.3082914352417	44	1	0.5843706130981445	2.380952380952381	11.494252873563218			6.757934038581208	0.001942615148512928	7.42931269513214	0.004555652995911302	8.045844479291578	0.02067774345002068	8.680423179565382	0.07095392088637821	9.328852475101801	0.19861897742260845	9.738480697384807	0.3086096872057747	10.148458317472402	0.344315820718314	10.606099800812272	0.4897310891001743	11.160101383461823	0.6330935251798562	11.656999278287135	0.8223050237697547	12.011241116545518	1.1271793485606163	12.447859495060372	1.4331972406025624	12.952692584992512	1.8627252480259162	13.306935110565796	2.382879237478644	13.613360323886639	3.2505318483293704	13.900414937759336	3.922572388417853	14.132210091979713	4.498831472344846	14.301840916985064	5.2598581092229	14.358162577316566	5.918848080687436	14.433901102139446	6.683118788768091	14.655581947743467	7.384780638447854	14.711949535113158	8.094678529461138	14.781374562145185	8.698129650734062	14.961687578227552	9.165667865228393	15.08448920329925	9.64602645729555	15.355980980980982	10.416460905349794	15.458337313337791	10.817552266237815	15.440915685958407	11.248619502371207	15.355719605409291	4.742171495463857	4.761904761904762	12.423412853604484	6.784925314088787	9.985113576023098	7.719298245614035	4.761904761904762	4.046033196175861	26.315533980582522	3.4814000000000003	0.08096697025543752	20.768942832946777	0.0	18.41019596174607	-1.5258861822423087e-05	15.903790866132118	-1.52619183659064e-05	13.898562769570264	-1.623990737521064e-05	12.312077962602913	-1.5362103993762986e-05	11.046523959456211	-1.357148050311417e-05	10.015263167210446	-1.2783234689372314e-05	9.162713677246584	-1.3019190286482275e-05	8.446425518278605	-1.2285741782374466e-05	7.836573436924269	-1.2597208458605573e-05	7.31678771636825	-8.63100407707055e-06	6.871301592732775	-6.6655557407098815e-06	6.487715447871552	-5.727337498253162e-06	6.150302343517121	-4.7315160368821675e-06	5.853425385023898	-4.89463682406595e-06	5.586558607568785	-6.337537233031244e-06	5.349306048019451	-6.578376088392324e-06	5.139928398931181	-5.469913424945267e-06	4.950611993884332	-2.8471493628791515e-06	4.78051007229488	-1.4844966591402686e-06	4.636300552965412	-1.5489251234106093e-06	4.5029219573953485	-1.6210608222020491e-06	4.384792552314484	-1.6997667919961382e-06	4.2757998414953695	0.0	4.17674988167592	1.878163531698705e-06	4.08557175900255	1.9803274273368358e-06	4.003431565379691	-2.0924222926671063e-06	3.9283321888221874	-2.215187770391357e-06	3.8557813098025036	-2.348079271156194e-06
2	1	50	0	0	2908	1	3040	8	3122	48	3198	157	3246	238	3289	397	3379	605	3408	786	3449	986	3460	1240	3506	1374	3495	1519	3481	1693	3471	1854	3463	2003	3458	2132	3431	2329	3381	2421	3367	2557	3422	2708	3397	2714	3401	2823	3368	2907	3336	3079	3308	3185	3286	3247	3239	3311	3225	3395	3150	4044	4095	753.0	669.2629699008133	947.1554689407349	51	1	0.6204166412353516	2.380952380952381	14.367816091954023			6.031943580170089	0.001942615148512928	6.683962886416604	0.009111305991822603	7.1995203394520795	0.05838421680005838	7.620091498284408	0.21422626113771884	7.9625177844282	0.36930716114516254	8.191780821917808	0.6921923492694494	8.575053927166604	1.1971900662906896	8.815997102723957	1.7339127749222385	9.106030203823002	2.3645083932853717	9.248616717008366	3.1864319671077994	9.47388331937201	3.7140154074874983	9.591108671789243	4.277066028438687	9.652820143086906	4.896884852341422	9.679038509801735	5.557054221742649	9.736279802069275	6.266424727818796	9.827772409481044	6.8213085906255	9.831227255795296	7.559724746819008	9.786384161167073	7.988780729252598	9.870137484243543	8.483461066321622	10.08428125184181	9.030881077836323	10.086104513064132	9.110133933067035	10.167718018475888	9.477925130099043	10.170310423964247	9.743916337065093	10.18408279146442	10.25103209481955	10.21902319977758	10.507043182792861	10.279029029029028	10.68971193415638	10.312987550546056	10.866782631527126	10.398194422053846	11.027739881764438	10.289410073822435	4.733977172958736	4.761904761904762	9.816190848650763	6.631314219758343	8.556395536709635	8.947368421052632	4.761904761904762	4.295606708540238	26.315533980582522	3.4814000000000003	0.08096697025543752	20.768942832946777	0.0	18.41019596174607	-1.5258861822423087e-05	15.903790866132118	-1.52619183659064e-05	13.898562769570264	-1.623990737521064e-05	12.312077962602913	-1.5362103993762986e-05	11.046523959456211	-1.357148050311417e-05	10.015263167210446	-1.2783234689372314e-05	9.162713677246584	-1.3019190286482275e-05	8.446425518278605	-1.2285741782374466e-05	7.836573436924269	-1.2597208458605573e-05	7.31678771636825	-8.63100407707055e-06	6.871301592732775	-6.6655557407098815e-06	6.487715447871552	-5.727337498253162e-06	6.150302343517121	-4.7315160368821675e-06	5.853425385023898	-4.89463682406595e-06	5.586558607568785	-6.337537233031244e-06	5.349306048019451	-6.578376088392324e-06	5.139928398931181	-5.469913424945267e-06	4.950611993884332	-2.8471493628791515e-06	4.78051007229488	-1.4844966591402686e-06	4.636300552965412	-1.5489251234106093e-06	4.5029219573953485	-1.6210608222020491e-06	4.384792552314484	-1.6997667919961382e-06	4.2757998414953695	0.0	4.17674988167592	1.878163531698705e-06	4.08557175900255	1.9803274273368358e-06	4.003431565379691	-2.0924222926671063e-06	3.9283321888221874	-2.215187770391357e-06	3.8557813098025036	-2.348079271156194e-06
3	1	52	0	0	2887	1	2867	26	2894	123	2892	411	2889	716	2937	1117	2895	1397	2943	1683	2917	1918	2794	2153	2764	2345	2730	2474	2702	2565	2640	2632	2633	2727	2590	2761	2552	2822	2576	2827	2536	2873	2501	2857	2449	2898	2457	2883	2431	2909	2407	2902	2386	2930	2360	2862	2317	2771	2315	2724	2314	4059	4095	608.0	608.0726671973405	798.046760559082	36	1	0.6466350555419922	2.380952380952381	14.942528735632186			5.9883841526654225	0.001942615148512928	6.303592630051449	0.029611744473423462	6.6737385850013835	0.14960955555014963	6.890964544414792	0.5608088746981047	7.086788009615856	1.1110249049577159	7.315068493150685	1.9475537887505667	7.346783403121432	2.764420698525774	7.613110174095247	3.712691094394564	7.70144682648643	4.599520383693045	7.468391649514848	5.53257098805088	7.468857243224254	6.338694418164617	7.491767288693743	6.966070674362945	7.492651544562142	7.419084256500738	7.361757898552746	7.888978808860115	7.402721547458389	8.531472907020397	7.3608821690445065	8.833786594144936	7.3125304449984245	9.15995845235004	7.456292694222531	9.328493647912886	7.43411602614839	9.531866892272983	7.370189190782106	9.52777963049423	7.2713776722090255	9.727770131919037	7.345511076564322	9.679368809803593	7.340862422997947	9.750620097874908	7.348047745520042	9.661739246237849	7.370794847239813	9.665819945238017	7.382382382382382	9.422222222222222	7.377336262616614	9.09448948111195	7.46413025955183	8.848177743129995	7.558633305023846	4.75153643546971	4.761904761904762	7.925954895059315	6.025017229370553	7.209380047997778	6.315789473684211	4.761904761904762	4.477136327343886	26.315533980582522	3.4814000000000003	0.08096697025543752	20.768942832946777	0.0	18.41019596174607	-1.5258861822423087e-05	15.903790866132118	-1.52619183659064e-05	13.898562769570264	-1.623990737521064e-05	12.312077962602913	-1.5362103993762986e-05	11.046523959456211	-1.357148050311417e-05	10.015263167210446	-1.2783234689372314e-05	9.162713677246584	-1.3019190286482275e-05	8.446425518278605	-1.2285741782374466e-05	7.836573436924269	-1.2597208458605573e-05	7.31678771636825	-8.63100407707055e-06	6.871301592732775	-6.6655557407098815e-06	6.487715447871552	-5.727337498253162e-06	6.150302343517121	-4.7315160368821675e-06	5.853425385023898	-4.89463682406595e-06	5.586558607568785	-6.337537233031244e-06	5.349306048019451	-6.578376088392324e-06	5.139928398931181	-5.469913424945267e-06	4.950611993884332	-2.8471493628791515e-06	4.78051007229488	-1.4844966591402686e-06	4.636300552965412	-1.5489251234106093e-06	4.5029219573953485	-1.6210608222020491e-06	4.384792552314484	-1.6997667919961382e-06	4.2757998414953695	0.0	4.17674988167592	1.878163531698705e-06	4.08557175900255	1.9803274273368358e-06	4.003431565379691	-2.0924222926671063e-06	3.9283321888221874	-2.215187770391357e-06	3.8557813098025036	-2.348079271156194e-06
4	1	31	0	0	2916	1	2898	37	2800	320	2755	884	2695	1458	2619	1945	2543	2419	2511	2589	2421	2862	2354	2968	2283	3183	2217	3181	2212	3171	2169	3123	2140	3009	2072	2923	2063	2938	2021	2830	1991	2742	1957	2693	1946	2620	1895	2553	1851	2472	1782	2358	1779	2286	1727	2224	1686	2193	1648	2152	1623	4051	4095	512.0	555.6754569321648	690.7444477081299	44	1	0.6632661819458008	2.380952380952381	8.908045977011495			6.048537647790915	0.001942615148512928	6.371751462116881	0.04213979021217954	6.456968914306799	0.3892281120003892	6.564525352649637	1.2062166550684297	6.610901241230437	2.262394289704399	6.5230386052303855	3.3912194441538515	6.453495749270396	4.786781438606906	6.495589414595028	5.711323376938519	6.3919104446087225	6.863309352517985	6.292266980299911	7.626879095464474	6.169103142648688	8.603865387214489	6.0839736553238195	8.956778825848232	6.133880539071599	9.171897145171087	6.04835336437913	9.360669004585919	6.016644174538912	9.413715429858591	5.888705735235606	9.352103663413853	5.911344164589243	9.536484030122045	5.849832117633437	9.33839300445471	5.8364846246299065	9.097242958096945	5.767077267637178	8.980857733609017	5.77790973871734	8.79460239669699	5.665341265807648	8.571428571428571	5.589443169464911	8.285848360930483	5.440058613426138	7.8505793048341985	5.495659695406382	7.5413189060798995	5.402277277277277	7.321810699588477	5.368230012417614	7.197479405297187	5.313557955827825	6.990190346261288	5.30149604755994	4.742171495463857	4.761904761904762	6.674488332681527	5.505845571690729	6.240034401096429	7.719298245614035	4.761904761904762	4.5922860080625245	26.315533980582522	3.4814000000000003	0.08096697025543752	20.768942832946777	0.0	18.41019596174607	-1.5258861822423087e-05	15.903790866132118	-1.52619183659064e-05	13.898562769570264	-1.623990737521064e-05	12.312077962602913	-1.5362103993762986e-05	11.046523959456211	-1.357148050311417e-05	10.015263167210446	-1.2783234689372314e-05	9.162713677246584	-1.3019190286482275e-05	8.446425518278605	-1.2285741782374466e-05	7.836573436924269	-1.2597208458605573e-05	7.31678771636825	-8.63100407707055e-06	6.871301592732775	-6.6655557407098815e-06	6.487715447871552	-5.727337498253162e-06	6.150302343517121	-4.7315160368821675e-06	5.853425385023898	-4.89463682406595e-06	5.586558607568785	-6.337537233031244e-06	5.349306048019451	-6.578376088392324e-06	5.139928398931181	-5.469913424945267e-06	4.950611993884332	-2.8471493628791515e-06	4.78051007229488	-1.4844966591402686e-06	4.636300552965412	-1.5489251234106093e-06	4.5029219573953485	-1.6210608222020491e-06	4.384792552314484	-1.6997667919961382e-06	4.2757998414953695	0.0	4.17674988167592	1.878163531698705e-06	4.08557175900255	1.9803274273368358e-06	4.003431565379691	-2.0924222926671063e-06	3.9283321888221874	-2.215187770391357e-06	3.8557813098025036	-2.348079271156194e-06
5	1	27	0	0	2771	1	2648	100	2526	740	2401	1607	2427	2332	2374	2824	2345	3161	2256	3292	2148	3330	2117	3256	2059	3354	2002	3309	1922	3207	1894	3041	1814	2792	1780	2691	1745	2520	1711	2401	1664	2401	1611	2340	1567	2255	1560	2148	1538	2117	1526	2046	1474	1981	1460	1906	1430	1829	1416	1775	1385	4048	4095	459.0	531.6720217700556	631.132833480835	47	1	0.6712741851806641	2.380952380952381	7.758620689655173			5.7477701721634515	0.001942615148512928	5.8220834615892	0.11389132489778254	5.825108384835347	0.9000900090009001	5.721025543271064	2.1927490550848034	5.9534906539763535	3.6185894949181474	5.9128268991282695	4.923806534853716	5.95102144397919	6.255070743049372	5.835941744056703	7.262138492422404	5.671137395712324	7.985611510791367	5.658763465290957	8.366953616857254	5.563812251736159	9.066090012163807	5.493962678375412	9.317189919752217	5.329709943985359	9.27602464350794	5.2815035832798864	9.114887749902586	5.100089968511021	8.734826680015017	5.058830216563406	8.609822428411453	5.000143270580819	8.179693586081537	4.952529813592683	7.922785018973768	4.877905783718816	7.965893633257025	4.747450934166323	7.803641699459749	4.652612826603325	7.569400154409049	4.663816556548776	7.211683733422864	4.644280710230704	7.095930817188442	4.658546264920475	6.811825809029165	4.553458342343456	6.535149935671164	4.567067067067067	6.2748971193415635	4.553125099500111	6.002822540943254	4.5655328067064325	5.765607743779641	4.524073953093357	4.738659642961663	4.761904761904762	5.983574501368792	5.268010328935356	5.701516104326293	8.24561403508772	4.761904761904762	4.647731381592797	26.315533980582522	3.4814000000000003	0.08096697025543752	20.768942832946777	0.0	18.41019596174607	-1.5258861822423087e-05	15.903790866132118	-1.52619183659064e-05	13.898562769570264	-1.623990737521064e-05	12.312077962602913	-1.5362103993762986e-05	11.046523959456211	-1.357148050311417e-05	10.015263167210446	-1.2783234689372314e-05	9.162713677246584	-1.3019190286482275e-05	8.446425518278605	-1.2285741782374466e-05	7.836573436924269	-1.2597208458605573e-05	7.31678771636825	-8.63100407707055e-06	6.871301592732775	-6.6655557407098815e-06	6.487715447871552	-5.727337498253162e-06	6.150302343517121	-4.7315160368821675e-06	5.853425385023898	-4.89463682406595e-06	5.586558607568785	-6.337537233031244e-06	5.349306048019451	-6.578376088392324e-06	5.139928398931181	-5.469913424945267e-06	4.950611993884332	-2.8471493628791515e-06	4.78051007229488	-1.4844966591402686e-06	4.636300552965412	-1.5489251234106093e-06	4.5029219573953485	-1.6210608222020491e-06	4.384792552314484	-1.6997667919961382e-06	4.2757998414953695	0.0	4.17674988167592	1.878163531698705e-06	4.08557175900255	1.9803274273368358e-06	4.003431565379691	-2.0924222926671063e-06	3.9283321888221874	-2.215187770391357e-06	3.8557813098025036	-2.348079271156194e-06
6	1	19	0	0	2972	1	2765	307	2541	1744	2344	2933	2242	3502	2194	4002	2047	3988	1948	3883	1835	3749	1777	3497	1680	3278	1619	3124	1576	3028	1560	2845	1506	2589	1459	2359	1379	2236	1336	2155	1277	2001	1239	1909	1186	1768	1152	1692	1134	1621	1106	1562	1104	1543	1077	1492	1089	1398	1066	1345	1053	4061	4095	396.0	500.27452584302904	558.6638946533203	34	1	0.6810131072998047	2.380952380952381	5.459770114942529			6.164696121136694	0.001942615148512928	6.0793280858361545	0.3496463674361924	5.8596992897334195	2.121293210402121	5.585207777354174	4.002074037687448	5.49968110680469	5.434091085421677	5.4645080946450815	6.97771733444921	5.1947722370257585	7.89156030473929	5.0391908321908065	8.565882067459354	4.844756574083853	8.990407673860911	4.749939857261233	8.986252087883848	4.539681681843975	8.860656845519665	4.442919868276619	8.796283260594114	4.370251233985913	8.758279582333033	4.350129667326622	8.52741060456194	4.234143049932523	8.0997372043549	4.1465355539134885	7.5475923852183655	3.9514026189862177	7.257855102570761	3.8670834780595116	7.111037782544134	3.743440916952481	6.638797651040111	3.6512052808392768	6.366304275328487	3.521377672209026	5.934678258534457	3.444049149451404	5.6807117676682894	3.4243266094939004	5.433398136354494	3.376377568153372	5.200426155280331	3.410459979611381	5.090225315871078	3.368993993993994	4.911934156378601	3.46737988346547	4.588270044963734	3.4370465903595036	4.368868966413305	3.4396027961063567	4.753877670471174	4.761904761904762	5.162299569808369	4.956911895928442	5.046847546663529	5.964912280701754	4.761904761904762	4.715161196347011	26.315533980582522	3.4814000000000003	0.08096697025543752	20.768942832946777	0.0	18.41019596174607	-1.5258861822423087e-05	15.903790866132118	-1.52619183659064e-05	13.898562769570264	-1.623990737521064e-05	12.312077962602913	-1.5362103993762986e-05	11.046523959456211	-1.357148050311417e-05	10.015263167210446	-1.2783234689372314e-05	9.162713677246584	-1.3019190286482275e-05	8.446425518278605	-1.2285741782374466e-05	7.836573436924269	-1.2597208458605573e-05	7.31678771636825	-8.63100407707055e-06	6.871301592732775	-6.6655557407098815e-06	6.487715447871552	-5.727337498253162e-06	6.150302343517121	-4.7315160368821675e-06	5.853425385023898	-4.89463682406595e-06	5.586558607568785	-6.337537233031244e-06	5.349306048019451	-6.578376088392324e-06	5.139928398931181	-5.469913424945267e-06	4.950611993884332	-2.8471493628791515e-06	4.78051007229488	-1.4844966591402686e-06	4.636300552965412	-1.5489251234106093e-06	4.5029219573953485	-1.6210608222020491e-06	4.384792552314484	-1.6997667919961382e-06	4.2757998414953695	0.0	4.17674988167592	1.878163531698705e-06	4.08557175900255	1.9803274273368358e-06	4.003431565379691	-2.0924222926671063e-06	3.9283321888221874	-2.215187770391357e-06	3.8557813098025036	-2.348079271156194e-06
7	1	14	0	0	2826	9	2593	718	2388	2688	2168	4213	2014	4776	1941	4782	1815	4528	1699	4157	1617	3747	1501	3456	1398	3120	1334	2809	1220	2571	1185	2353	1138	2085	1103	1977	1068	1877	1043	1708	1012	1641	1011	1501	978	1401	984	1304	996	1217	946	1153	912	1117	931	1071	918	1045	898	1021	865	4064	4095	343.0	470.0404008711485	499.94020080566406	31	1	0.6887445449829102	2.380952380952381	4.022988505747127			5.861854387056628	0.017483536336616354	5.70115650147311	0.8177397127660786	5.506872059773084	3.26951614080327	5.165840640487991	5.748632090275219	4.940391502722857	7.410970595081078	4.834371108343711	8.33769222722042	4.606014465169395	8.960126644899574	4.395064283312208	9.170324943195606	4.269194212694054	8.985611510791367	4.012188928390046	8.880894256713349	3.777663685248737	8.433572104338424	3.6608122941822177	7.909334084189778	3.3830625034662525	7.436438839556879	3.3044254203731076	7.052723076461949	3.1995051731893835	6.522963333750469	3.1347695106008073	6.325387937929931	3.060259606292444	6.092573357569463	3.0189880745629267	5.636033657812242	2.9666109694251457	5.444411267044889	2.9793127836388282	5.005669312345761	2.9038004750593824	4.702762579302474	2.941791981823074	4.378042638912205	3.007609614687764	4.079238452772005	2.887932350337332	3.8387268611000134	2.8173365048963577	3.6848876719559263	2.9122872872872874	3.525925925925926	2.9229152736651063	3.429715448488628	2.8953732065129776	3.316442538816345	2.8255046710655254	4.7573895229733685	4.761904761904762	4.471385738495632	4.657340588587629	4.516350528577231	5.43859649122807	4.761904761904762	4.768691700480619	26.315533980582522	3.4814000000000003	0.08096697025543752	20.768942832946777	0.0	18.41019596174607	-1.5258861822423087e-05	15.903790866132118	-1.52619183659064e-05	13.898562769570264	-1.623990737521064e-05	12.312077962602913	-1.5362103993762986e-05	11.046523959456211	-1.357148050311417e-05	10.015263167210446	-1.2783234689372314e-05	9.162713677246584	-1.3019190286482275e-05	8.446425518278605	-1.2285741782374466e-05	7.836573436924269	-1.2597208458605573e-05	7.31678771636825	-8.63100407707055e-06	6.871301592732775	-6.6655557407098815e-06	6.487715447871552	-5.727337498253162e-06	6.150302343517121	-4.7315160368821675e-06	5.853425385023898	-4.89463682406595e-06	5.586558607568785	-6.337537233031244e-06	5.349306048019451	-6.578376088392324e-06	5.139928398931181	-5.469913424945267e-06	4.950611993884332	-2.8471493628791515e-06	4.78051007229488	-1.4844966591402686e-06	4.636300552965412	-1.5489251234106093e-06	4.5029219573953485	-1.6210608222020491e-06	4.384792552314484	-1.6997667919961382e-06	4.2757998414953695	0.0	4.17674988167592	1.878163531698705e-06	4.08557175900255	1.9803274273368358e-06	4.003431565379691	-2.0924222926671063e-06	3.9283321888221874	-2.215187770391357e-06	3.8557813098025036	-2.348079271156194e-06
8	1	13	0	0	2698	25	2554	1529	2384	3952	2166	5113	1910	5426	1750	4981	1607	4239	1507	3805	1377	3365	1265	3116	1210	2731	1184	2574	1158	2384	1104	2128	1081	1866	1035	1700	1020	1546	958	1434	944	1298	942	1208	944	1184	915	1143	910	1102	904	1065	867	1031	860	982	860	936	835	936	849	4064	4095	310.0	452.26388508682004	464.36779975891113	31	1	0.692082405090332	2.380952380952381	3.7356321839080464			5.596349305123419	0.0485653787128232	5.615408293390792	1.741398357687095	5.497647818466931	4.806967183204807	5.1610751048417844	6.976680721000996	4.685276946475004	8.41958258980526	4.35865504358655	8.684660180632562	4.078162669711966	8.388245770258237	3.8983883902009984	8.39381438750524	3.6355475763016156	8.069544364508394	3.381358423992943	8.007195168957985	3.2696516875185773	7.382078659278281	3.249176728869374	7.247641841475433	3.211136376240918	6.895554334307118	3.078553303031148	6.37832329226988	3.0392487629329734	5.83781754473783	2.941510828170295	5.4391297392417215	2.922719848706267	5.0181770968579595	2.772953571842075	4.731892426992246	2.7672734734558673	4.306426462293885	2.7759768963281664	4.028546655105716	2.802850356294537	3.974354670873754	2.735507787975724	3.837502098371664	2.747916415025969	3.693772206207682	2.7597154806606223	3.5457451058729523	2.6783231905100244	3.4011810114472336	2.69019019019019	3.2329218106995885	2.7382430668322346	3.071974794052972	2.6922456875705305	3.0403430130578837	2.7732410008492847	4.7573895229733685	4.761904761904762	4.041194107678269	4.481204051531281	4.194997230700083	5.43859649122807	4.761904761904762	4.791802193198965	26.315533980582522	3.4814000000000003	0.08096697025543752	20.768942832946777	0.0	18.41019596174607	-1.5258861822423087e-05	15.903790866132118	-1.52619183659064e-05	13.898562769570264	-1.623990737521064e-05	12.312077962602913	-1.5362103993762986e-05	11.046523959456211	-1.357148050311417e-05	10.015263167210446	-1.2783234689372314e-05	9.162713677246584	-1.3019190286482275e-05	8.446425518278605	-1.2285741782374466e-05	7.836573436924269	-1.2597208458605573e-05	7.31678771636825	-8.63100407707055e-06	6.871301592732775	-6.6655557407098815e-06	6.487715447871552	-5.727337498253162e-06	6.150302343517121	-4.7315160368821675e-06	5.853425385023898	-4.89463682406595e-06	5.586558607568785	-6.337537233031244e-06	5.349306048019451	-6.578376088392324e-06	5.139928398931181	-5.469913424945267e-06	4.950611993884332	-2.8471493628791515e-06	4.78051007229488	-1.4844966591402686e-06	4.636300552965412	-1.5489251234106093e-06	4.5029219573953485	-1.6210608222020491e-06	4.384792552314484	-1.6997667919961382e-06	4.2757998414953695	0.0	4.17674988167592	1.878163531698705e-06	4.08557175900255	1.9803274273368358e-06	4.003431565379691	-2.0924222926671063e-06	3.9283321888221874	-2.215187770391357e-06	3.8557813098025036	-2.348079271156194e-06
9	1	9	0	0	2528	77	2298	2231	2000	4831	1925	5754	1763	5598	1615	5143	1583	4382	1470	3738	1375	3145	1317	2684	1245	2429	1139	2097	1062	1956	1030	1760	981	1616	919	1589	903	1466	913	1333	894	1299	889	1204	883	1079	892	1046	900	982	884	919	876	909	850	916	845	898	819	873	809	4074	4095	284.0	439.0055889796336	438.1782398223877	21	1	0.6974048614501953	2.380952380952381	2.586206896551724			5.2437253681808755	0.14958136643549547	5.052548260850447	2.5409154584695286	4.612120653076284	5.876128153355876	4.586828059473884	7.8513242457734655	4.32468233331698	8.68647684071689	4.0224159402241595	8.967116504515813	4.017256693313032	8.671217967745127	3.8026748066326927	8.246012662416447	3.6302671876650123	7.541966426858513	3.520354975809254	6.897083386868817	3.3642283892236606	6.565752128666036	3.125686059275522	5.904547374348867	2.9449281792468525	5.657594076302317	2.872200998298988	5.275304978569074	2.7580971659919027	5.05568764860468	2.6118342522594213	5.083986562150056	2.5874666895899594	4.758504284601402	2.642700011578094	4.398614090084144	2.6207017852431624	4.309744202249428	2.6197913596982376	4.015207096645101	2.6217339667458432	3.62189923131147	2.6667463900266077	3.5118348161826423	2.7177195313443656	3.2915465576188243	2.6986598284336174	3.0596617392462377	2.706125853387291	2.9987134232837396	2.658908908908909	3.0156378600823044	2.690483013340975	2.9472578686533852	2.6406577462518137	2.8357045410251414	2.642581825308682	4.769095697980685	4.761904761904762	3.7022552470342847	4.349835768121873	3.9584064691011758	3.684210526315789	4.761904761904762	4.828653524587848	26.315533980582522	3.4814000000000003	0.08096697025543752	20.768942832946777	0.0	18.41019596174607	-1.5258861822423087e-05	15.903790866132118	-1.52619183659064e-05	13.898562769570264	-1.623990737521064e-05	12.312077962602913	-1.5362103993762986e-05	11.046523959456211	-1.357148050311417e-05	10.015263167210446	-1.2783234689372314e-05	9.162713677246584	-1.3019190286482275e-05	8.446425518278605	-1.2285741782374466e-05	7.836573436924269	-1.2597208458605573e-05	7.31678771636825	-8.63100407707055e-06	6.871301592732775	-6.6655557407098815e-06	6.487715447871552	-5.727337498253162e-06	6.150302343517121	-4.7315160368821675e-06	5.853425385023898	-4.89463682406595e-06	5.586558607568785	-6.337537233031244e-06	5.349306048019451	-6.578376088392324e-06	5.139928398931181	-5.469913424945267e-06	4.950611993884332	-2.8471493628791515e-06	4.78051007229488	-1.4844966591402686e-06	4.636300552965412	-1.5489251234106093e-06	4.5029219573953485	-1.6210608222020491e-06	4.384792552314484	-1.6997667919961382e-06	4.2757998414953695	0.0	4.17674988167592	1.878163531698705e-06	4.08557175900255	1.9803274273368358e-06	4.003431565379691	-2.0924222926671063e-06	3.9283321888221874	-2.215187770391357e-06	3.8557813098025036	-2.348079271156194e-06
10	1	10	0	0	2403	203	2101	3368	1918	5580	1775	6241	1643	5742	1510	4864	1408	3880	1326	3195	1207	2832	1222	2438	1141	2115	1035	1920	1008	1735	991	1583	967	1434	939	1349	890	1238	864	1216	880	1141	875	1043	888	1013	910	1001	871	954	884	928	844	893	836	868	840	859	817	888	796	4075	4095	264.0	430.678249886684	418.8768358230591	20	1	0.6986885070800781	2.380952380952381	2.8735632183908044			4.984443061605476	0.3943508751481244	4.619409876434633	3.8358598225573157	4.423023706300157	6.787165203006787	4.2294128860083875	8.51583500484397	4.030319383800226	8.909923190317324	3.7608966376089668	8.48066394671688	3.5731506154041366	7.677847036707234	3.430167886799286	7.048156890428184	3.1867145421903054	6.7913669064748206	3.2664189676833018	6.264936399845817	3.0832004755857003	5.716988782267874	2.8402854006586167	5.406166408559764	2.795186068437691	5.018366933734417	2.763447756615822	4.744777148337979	2.718735942420153	4.486297084219747	2.668675041209572	4.316109422492401	2.5502163385770364	4.018436769670215	2.5008683570684265	4.012539184952979	2.579661712543605	3.7855412892737466	2.5785348028525963	3.478289868605349	2.6365795724465557	3.4003558121580344	2.7205596579867857	3.36075205640423	2.6301485686677135	3.1976939062814234	2.6986598284336174	3.08962578239446	2.6072719409347873	2.9459307887704944	2.615115115115115	2.85761316872428	2.674562995510555	2.8192589189011783	2.6342092535869743	2.8844279867472227	2.6001175932579867	4.770266315481416	4.761904761904762	3.441533046538913	4.267325298211952	3.784041803058775	3.508771929824561	4.761904761904762	4.8375411597875315	26.315533980582522	3.4814000000000003	0.08096697025543752	20.768942832946777	0.0	18.41019596174607	-1.5258861822423087e-05	15.903790866132118	-1.52619183659064e-05	13.898562769570264	-1.623990737521064e-05	12.312077962602913	-1.5362103993762986e-05	11.046523959456211	-1.357148050311417e-05	10.015263167210446	-1.2783234689372314e-05	9.162713677246584	-1.3019190286482275e-05	8.446425518278605	-1.2285741782374466e-05	7.836573436924269	-1.2597208458605573e-05	7.31678771636825	-8.63100407707055e-06	6.871301592732775	-6.6655557407098815e-06	6.487715447871552	-5.727337498253162e-06	6.150302343517121	-4.7315160368821675e-06	5.853425385023898	-4.89463682406595e-06	5.586558607568785	-6.337537233031244e-06	5.349306048019451	-6.578376088392324e-06	5.139928398931181	-5.469913424945267e-06	4.950611993884332	-2.8471493628791515e-06	4.78051007229488	-1.4844966591402686e-06	4.636300552965412	-1.5489251234106093e-06	4.5029219573953485	-1.6210608222020491e-06	4.384792552314484	-1.6997667919961382e-06	4.2757998414953695	0.0	4.17674988167592	1.878163531698705e-06	4.08557175900255	1.9803274273368358e-06	4.003431565379691	-2.0924222926671063e-06	3.9283321888221874	-2.215187770391357e-06	3.8557813098025036	-2.348079271156194e-06
11	1	7	0	0	2140	530	1905	4599	1810	6549	1634	6052	1574	5349	1448	4345	1379	3552	1275	2884	1256	2426	1195	1997	1166	1860	1104	1680	1042	1595	998	1478	949	1389	929	1293	916	1239	865	1186	854	1129	831	1071	842	1027	817	967	802	921	795	913	800	865	798	834	787	841	764	840	778	4079	4095	244.0	424.302492015993	399.43449306488037	16	1	0.7012538909912109	2.380952380952381	2.0114942528735633			4.438913088570836	1.029586028711852	4.188470164020932	5.237862032049019	4.173969191034037	7.965796579657966	3.8934426229508197	8.257944792391557	3.861060687828092	8.300100861199471	3.6064757160647574	7.575757575757576	3.4995558939220914	7.028791926387652	3.298238352691621	6.362092166508571	3.3160840637870947	5.8177458033573135	3.194247681163294	5.1316972889631245	3.1507552625179023	5.027706446817137	3.0296377607025247	4.730395607489793	2.8894681382064222	4.613426662424435	2.782967569225621	4.430057249048347	2.66812865497076	4.34551370291578	2.6402546467344967	4.136938089905615	2.6247170406028824	4.021682679823423	2.503762880629848	3.91354561953473	2.5034444346729985	3.745728409807239	2.44887133848058	3.571666777829654	2.5	3.447349870766339	2.442524440192532	3.246600637904986	2.4217900712646454	3.0870818529194874	2.426962176023445	3.0396857104807564	2.4713478113125946	2.8535611783723156	2.4962462462462462	2.745679012345679	2.5058108065081033	2.760182480554006	2.463324197968725	2.728512960436562	2.5413209642647154	4.7749487854843435	4.761904761904762	3.1808108460435407	4.204151843634126	3.6084039270664556	2.807017543859649	4.761904761904762	4.85530322419106	26.315533980582522	3.4814000000000003	0.08096697025543752	20.768942832946777	0.0	18.41019596174607	-1.5258861822423087e-05	15.903790866132118	-1.52619183659064e-05	13.898562769570264	-1.623990737521064e-05	12.312077962602913	-1.5362103993762986e-05	11.046523959456211	-1.357148050311417e-05	10.015263167210446	-1.2783234689372314e-05	9.162713677246584	-1.3019190286482275e-05	8.446425518278605	-1.2285741782374466e-05	7.836573436924269	-1.2597208458605573e-05	7.31678771636825	-8.63100407707055e-06	6.871301592732775	-6.6655557407098815e-06	6.487715447871552	-5.727337498253162e-06	6.150302343517121	-4.7315160368821675e-06	5.853425385023898	-4.89463682406595e-06	5.586558607568785	-6.337537233031244e-06	5.349306048019451	-6.578376088392324e-06	5.139928398931181	-5.469913424945267e-06	4.950611993884332	-2.8471493628791515e-06	4.78051007229488	-1.4844966591402686e-06	4.636300552965412	-1.5489251234106093e-06	4.5029219573953485	-1.6210608222020491e-06	4.384792552314484	-1.6997667919961382e-06	4.2757998414953695	0.0	4.17674988167592	1.878163531698705e-06	4.08557175900255	1.9803274273368358e-06	4.003431565379691	-2.0924222926671063e-06	3.9283321888221874	-2.215187770391357e-06	3.8557813098025036	-2.348079271156194e-06
12	1	6	0	0	2143	867	1885	5561	1695	6774	1596	6174	1481	4968	1419	3994	1347	3159	1261	2568	1118	2219	1092	1893	1072	1733	1029	1604	1003	1486	983	1401	916	1324	925	1193	906	1125	901	1057	854	1041	807	984	813	990	809	916	788	936	769	910	750	888	736	840	725	828	744	822	750	4076	4095	228.0	419.770737954529	384.8954315185547	19	1	0.7037143707275391	2.380952380952381	1.7241379310344827			4.445135863928646	1.684247333760709	4.144496723978717	6.333496577565686	3.908772253482151	8.23947259590824	3.802897445672894	8.42441360677883	3.6329294019526075	7.708899061214989	3.534246575342466	6.9637688740105315	3.418347925390179	6.251113089937667	3.262022402152262	5.664997463104719	2.9517372478614425	5.321342925659472	2.918927588142525	4.8644481562379545	2.8967492636528225	4.68441681308285	2.823819978046103	4.516401520484303	2.781321058177583	4.29815173690452	2.7411393993474804	4.19926265623595	2.575348627980207	4.142159929921161	2.6288864889444667	3.8169892817149256	2.596062924439096	3.6516489223578295	2.6079657288410325	3.487873288236264	2.5034444346729985	3.453767293719518	2.37814581245948	3.2815313813112783	2.413895486935867	3.323151287301534	2.4186074322102304	3.0753735101561186	2.3795144341103995	3.1373600589930954	2.347589828128339	3.0296976960980158	2.3168885731055573	2.9294362154851052	2.3023023023023024	2.7654320987654324	2.308402585410896	2.7175161639699366	2.398839271320329	2.670044825570064	2.449859541386294	4.771436932982148	4.761904761904762	2.9722330856472428	4.1592494861158436	3.477061222091047	3.3333333333333335	4.761904761904762	4.872338958823441	26.315533980582522	3.4814000000000003	0.08096697025543752	20.768942832946777	0.0	18.41019596174607	-1.5258861822423087e-05	15.903790866132118	-1.52619183659064e-05	13.898562769570264	-1.623990737521064e-05	12.312077962602913	-1.5362103993762986e-05	11.046523959456211	-1.357148050311417e-05	10.015263167210446	-1.2783234689372314e-05	9.162713677246584	-1.3019190286482275e-05	8.446425518278605	-1.2285741782374466e-05	7.836573436924269	-1.2597208458605573e-05	7.31678771636825	-8.63100407707055e-06	6.871301592732775	-6.6655557407098815e-06	6.487715447871552	-5.727337498253162e-06	6.150302343517121	-4.7315160368821675e-06	5.853425385023898	-4.89463682406595e-06	5.586558607568785	-6.337537233031244e-06	5.349306048019451	-6.578376088392324e-06	5.139928398931181	-5.469913424945267e-06	4.950611993884332	-2.8471493628791515e-06	4.78051007229488	-1.4844966591402686e-06	4.636300552965412	-1.5489251234106093e-06	4.5029219573953485	-1.6210608222020491e-06	4.384792552314484	-1.6997667919961382e-06	4.2757998414953695	0.0	4.17674988167592	1.878163531698705e-06	4.08557175900255	1.9803274273368358e-06	4.003431565379691	-2.0924222926671063e-06	3.9283321888221874	-2.215187770391357e-06	3.8557813098025036	-2.348079271156194e-06
13	1	4	0	0	1965	1416	1729	6544	1532	7232	1468	5904	1361	4496	1332	3514	1268	2879	1191	2388	1115	1965	1091	1721	1055	1503	1057	1489	993	1335	989	1317	972	1229	931	1164	907	1082	876	1050	813	1054	828	991	779	991	792	939	781	918	775	877	766	835	741	827	728	799	729	798	746	4079	4095	213.0	418.74709028250857	371.91550159454346	16	1	0.7093133926391602	2.380952380952381	1.1494252873563218			4.075917859365276	2.750743050294306	3.8015038916494435	7.45304830131089	3.532884420256434	8.796555331208797	3.4979031643156686	8.055999017561096	3.338566452435853	6.976491581969121	3.3175591531755915	6.126861247689786	3.2178657530770205	5.697041654299001	3.080942649455467	5.267918201672145	2.9438166649065374	4.712230215827338	2.9162545775306725	4.422459205961712	2.850812008538925	4.062711177186106	2.9006586169045003	4.192594678304942	2.753591037657368	3.8613947299916123	2.7578706672987368	3.947486736804244	2.7327935222672064	3.8449505693905643	2.6459387256295117	3.7242041273396254	2.5989283360554745	3.51207478576993	2.535602639805488	3.4647747896386734	2.3832556503385804	3.4968979131415683	2.4400306477279425	3.3048756086173547	2.3129453681710213	3.3265080057735554	2.3677837902478402	3.1525935873761965	2.358376615533277	3.077026211704766	2.3659065237964407	2.9198295378878676	2.366315529331809	2.7545937386599806	2.3179429429429432	2.722633744855967	2.3179545961091477	2.6223374577439365	2.350475576334032	2.592087312414734	2.4367936238322336	4.7749487854843435	4.761904761904762	2.7766914352757137	4.149106792333611	3.3598033714946496	2.807017543859649	4.761904761904762	4.9111051596089865	26.315533980582522	3.4814000000000003	0.08096697025543752	20.768942832946777	0.0	18.41019596174607	-1.5258861822423087e-05	15.903790866132118	-1.52619183659064e-05	13.898562769570264	-1.623990737521064e-05	12.312077962602913	-1.5362103993762986e-05	11.046523959456211	-1.357148050311417e-05	10.015263167210446	-1.2783234689372314e-05	9.162713677246584	-1.3019190286482275e-05	8.446425518278605	-1.2285741782374466e-05	7.836573436924269	-1.2597208458605573e-05	7.31678771636825	-8.63100407707055e-06	6.871301592732775	-6.6655557407098815e-06	6.487715447871552	-5.727337498253162e-06	6.150302343517121	-4.7315160368821675e-06	5.853425385023898	-4.89463682406595e-06	5.586558607568785	-6.337537233031244e-06	5.349306048019451	-6.578376088392324e-06	5.139928398931181	-5.469913424945267e-06	4.950611993884332	-2.8471493628791515e-06	4.78051007229488	-1.4844966591402686e-06	4.636300552965412	-1.5489251234106093e-06	4.5029219573953485	-1.6210608222020491e-06	4.384792552314484	-1.6997667919961382e-06	4.2757998414953695	0.0	4.17674988167592	1.878163531698705e-06	4.08557175900255	1.9803274273368358e-06	4.003431565379691	-2.0924222926671063e-06	3.9283321888221874	-2.215187770391357e-06	3.8557813098025036	-2.348079271156194e-06
14	1	5	0	0	1832	2703	1691	7556	1488	7129	1432	5270	1338	4047	1315	3164	1254	2505	1150	2068	1107	1763	1034	1573	969	1421	910	1342	921	1333	888	1257	893	1165	899	1099	869	1022	876	959	845	920	826	906	822	869	809	899	799	869	793	871	767	849	749	827	743	825	736	813	729	4082	4095	195.0	417.47101708470166	357.04826164245605	13	1	0.714116096496582	2.380952380952381	1.4367816091954022			3.800041485169052	5.250888746430444	3.717954355569236	8.605628509276448	3.4314177658887557	8.671272532658671	3.4121235226839497	7.190906982138714	3.282146887111809	6.279773450228878	3.2752179327521795	5.516616103497577	3.182337266844309	4.956960522410211	2.974881651447345	4.5619995146809025	2.9226951103601224	4.227817745803358	2.763892972655101	4.042143132468199	2.61842354149215	3.8410596026490067	2.497255762897914	3.7786850626495845	2.553934889911819	3.855609868972898	2.4762276567859236	3.767646794353026	2.5106837606837606	3.644725315980478	2.5549934633092706	3.5162374020156775	2.490042694633084	3.317320176577512	2.535602639805488	3.164494307869988	2.4770615307947117	3.052320759098902	2.4341368538928507	3.021409991329287	2.4406175771971497	2.9169883521869022	2.4186074322102304	3.0182978009064967	2.4127310061601643	2.9127840718643156	2.4208566108007448	2.8998535091223863	2.36940471409595	2.8007785438590704	2.342967967967968	2.722633744855967	2.3657146496004073	2.7076700909120746	2.3730453006609706	2.6408107581368157	2.3812634742274774	4.778460637986537	4.761904761904762	2.542041454829879	4.136462969617223	3.2254959745141956	2.280701754385965	4.761904761904762	4.944357857131727	26.315533980582522	3.4814000000000003	0.08096697025543752	20.768942832946777	0.0	18.41019596174607	-1.5258861822423087e-05	15.903790866132118	-1.52619183659064e-05	13.898562769570264	-1.623990737521064e-05	12.312077962602913	-1.5362103993762986e-05	11.046523959456211	-1.357148050311417e-05	10.015263167210446	-1.2783234689372314e-05	9.162713677246584	-1.3019190286482275e-05	8.446425518278605	-1.2285741782374466e-05	7.836573436924269	-1.2597208458605573e-05	7.31678771636825	-8.63100407707055e-06	6.871301592732775	-6.6655557407098815e-06	6.487715447871552	-5.727337498253162e-06	6.150302343517121	-4.7315160368821675e-06	5.853425385023898	-4.89463682406595e-06	5.586558607568785	-6.337537233031244e-06	5.349306048019451	-6.578376088392324e-06	5.139928398931181	-5.469913424945267e-06	4.950611993884332	-2.8471493628791515e-06	4.78051007229488	-1.4844966591402686e-06	4.636300552965412	-1.5489251234106093e-06	4.5029219573953485	-1.6210608222020491e-06	4.384792552314484	-1.6997667919961382e-06	4.2757998414953695	0.0	4.17674988167592	1.878163531698705e-06	4.08557175900255	1.9803274273368358e-06	4.003431565379691	-2.0924222926671063e-06	3.9283321888221874	-2.215187770391357e-06	3.8557813098025036	-2.348079271156194e-06
15	1	6	0	0	1668	3590	1497	8378	1330	7250	1217	4936	1169	3530	1141	2685	1131	2104	1049	1760	983	1544	948	1363	914	1224	850	1160	828	1140	860	1121	870	1036	869	943	868	936	870	892	850	839	792	855	802	879	784	874	792	868	785	862	787	840	778	789	765	790	772	788	779	4082	4095	179.0	420.95473016200515	345.576621055603	13	1	0.7222995758056641	2.380952380952381	1.7241379310344827			3.4598630989421277	6.973988383161411	3.291411987159756	9.54181519993622	3.067060234295729	8.818449412508818	2.8998284407167363	6.735164490291594	2.867585733209047	5.477538986732873	2.841843088418431	4.681452034731667	2.8701941377997713	4.163451073513406	2.713609436841969	3.8825527784518323	2.595311014890696	3.702637889688249	2.5340140600358185	3.5025054606192985	2.4698030102413058	3.3085552101635356	2.332601536772777	3.266225538504857	2.2960456990738174	3.2973707806669945	2.3981484063467278	3.3600095914635975	2.4460188933873144	3.2411462895757728	2.469732279884045	3.017117261238202	2.487177283016705	3.0381719034017136	2.5182354984369573	2.9434086784359015	2.491718699615982	2.7835838226999767	2.3339423586962926	2.851330620956446	2.3812351543942993	2.9505555369071197	2.3438667822655384	2.9343629343629343	2.3915931875830414	2.9094321914594086	2.396434349909943	2.8698894659741643	2.4311884093787652	2.7710883119453698	2.4336836836836837	2.5975308641975308	2.4357627280542555	2.59279923857035	2.4891181686280834	2.55960501526668	2.5445874436532305	4.778460637986537	4.761904761904762	2.333463694433581	4.170980935059871	3.121863680202618	2.280701754385965	4.761904761904762	5.001018182279191	26.315533980582522	3.4814000000000003	0.08096697025543752	20.768942832946777	0.0	18.41019596174607	-1.5258861822423087e-05	15.903790866132118	-1.52619183659064e-05	13.898562769570264	-1.623990737521064e-05	12.312077962602913	-1.5362103993762986e-05	11.046523959456211	-1.357148050311417e-05	10.015263167210446	-1.2783234689372314e-05	9.162713677246584	-1.3019190286482275e-05	8.446425518278605	-1.2285741782374466e-05	7.836573436924269	-1.2597208458605573e-05	7.31678771636825	-8.63100407707055e-06	6.871301592732775	-6.6655557407098815e-06	6.487715447871552	-5.727337498253162e-06	6.150302343517121	-4.7315160368821675e-06	5.853425385023898	-4.89463682406595e-06	5.586558607568785	-6.337537233031244e-06	5.349306048019451	-6.578376088392324e-06	5.139928398931181	-5.469913424945267e-06	4.950611993884332	-2.8471493628791515e-06	4.78051007229488	-1.4844966591402686e-06	4.636300552965412	-1.5489251234106093e-06	4.5029219573953485	-1.6210608222020491e-06	4.384792552314484	-1.6997667919961382e-06	4.2757998414953695	0.0	4.17674988167592	1.878163531698705e-06	4.08557175900255	1.9803274273368358e-06	4.003431565379691	-2.0924222926671063e-06	3.9283321888221874	-2.215187770391357e-06	3.8557813098025036	-2.348079271156194e-06
16	1	1	0	0	1522	5521	1333	8798	1213	6301	1155	4286	1066	3062	1076	2423	1057	1923	987	1543	975	1329	922	1196	907	1136	904	1065	876	1085	843	1017	793	947	792	951	817	911	814	904	821	866	828	845	820	798	834	807	852	801	823	832	804	819	818	823	824	839	807	854	802	4080	4095	164.0	419.8375352138569	333.4965419769287	15	1	0.7260446548461914	2.380952380952381	0.28735632183908044			3.1570213648620618	10.725178234939877	2.930829778813597	10.020158764506908	2.7972511760907666	7.664144792857665	2.752096835684331	5.848240479211865	2.614924201540499	4.751338350531461	2.679950186799502	4.2246399553649265	2.6824007105697247	3.805283466904126	2.5532245130248077	3.403851668835896	2.5741894603442814	3.1870503597122304	2.464515784127663	3.0733650263394576	2.4508876699002893	3.0706852277334775	2.4807903402854006	2.9987329297479937	2.42914979757085	3.1382871026523587	2.3507431471515017	3.048287024548152	2.22953216374269	2.9627080465523714	2.250895242425965	3.042713165893457	2.341041290581392	2.95702414957154	2.356142178997337	2.983006104603201	2.4067071204526136	2.8731628014996184	2.4400306477279425	2.817981724804909	2.434679334916865	2.678661340673358	2.4933480821549225	2.7094174920261875	2.572774489672666	2.6848562043306297	2.5124400891412524	2.770009322146757	2.4837045503691577	2.701811104146736	2.558808808808809	2.7094650205761317	2.623618938453211	2.753618431848764	2.601966790262776	2.7739881764438383	2.619716469589077	4.776119402985075	4.761904761904762	2.137922044062052	4.159911338983166	3.012734885510164	2.631578947368421	4.761904761904762	5.026948155109175	26.315533980582522	3.4814000000000003	0.08096697025543752	20.768942832946777	0.0	18.41019596174607	-1.5258861822423087e-05	15.903790866132118	-1.52619183659064e-05	13.898562769570264	-1.623990737521064e-05	12.312077962602913	-1.5362103993762986e-05	11.046523959456211	-1.357148050311417e-05	10.015263167210446	-1.2783234689372314e-05	9.162713677246584	-1.3019190286482275e-05	8.446425518278605	-1.2285741782374466e-05	7.836573436924269	-1.2597208458605573e-05	7.31678771636825	-8.63100407707055e-06	6.871301592732775	-6.6655557407098815e-06	6.487715447871552	-5.727337498253162e-06	6.150302343517121	-4.7315160368821675e-06	5.853425385023898	-4.89463682406595e-06	5.586558607568785	-6.337537233031244e-06	5.349306048019451	-6.578376088392324e-06	5.139928398931181	-5.469913424945267e-06	4.950611993884332	-2.8471493628791515e-06	4.78051007229488	-1.4844966591402686e-06	4.636300552965412	-1.5489251234106093e-06	4.5029219573953485	-1.6210608222020491e-06	4.384792552314484	-1.6997667919961382e-06	4.2757998414953695	0.0	4.17674988167592	1.878163531698705e-06	4.08557175900255	1.9803274273368358e-06	4.003431565379691	-2.0924222926671063e-06	3.9283321888221874	-2.215187770391357e-06	3.8557813098025036	-2.348079271156194e-06
17	2	4	0	0	1347	6968	1166	9455	1093	5949	1057	3791	992	2535	976	1982	960	1595	896	1275	877	1114	902	1120	907	1021	889	968	887	986	883	913	895	897	850	905	855	900	842	917	852	877	871	884	866	897	853	866	819	842	831	857	833	873	846	862	819	858	817	818	829	4083	4095	148.0	417.2697889059682	319.818585395813	12	1	0.7316322326660156	4.761904761904762	1.1494252873563218			2.794026135656503	13.536142354838082	2.5636515544611056	10.768424769085339	2.5205239369061894	7.235993869657236	2.518585589020206	5.172813732312688	2.4334003826718344	3.9335867794243153	2.430884184308842	3.455731073682742	2.436239055957366	3.156228356584545	2.3178208345189746	2.8126447684807308	2.315450417150702	2.6714628297362113	2.4110555718906204	2.878067583194141	2.4508876699002893	2.759832409785106	2.4396267837541163	2.725608897648881	2.459652820143087	2.8519364822260145	2.4622849334932098	2.736564457632707	2.5163067926225824	2.8062820673257414	2.415733530381402	2.8955367141257398	2.449926932003782	2.9213191378862633	2.437188838717147	3.0259033162844418	2.4975815671444903	2.9096579410105834	2.566747215182413	2.9480424197959048	2.57125890736342	3.010976469403511	2.550150976112888	2.907503777068994	2.4731247735233723	2.8222833009318227	2.536862350032054	2.853242775336263	2.5732909085292395	2.879952495628938	2.6463963963963963	2.837860082304527	2.607698920622791	2.8159768945485575	2.6342092535869743	2.657051906710843	2.7079114130789836	4.77963125548727	4.761904761904762	1.9293442836657544	4.1344691236358	2.889171214624271	2.1052631578947367	4.761904761904762	5.065635119919686	26.315533980582522	3.4814000000000003	0.08096697025543752	20.768942832946777	0.0	18.41019596174607	-1.5258861822423087e-05	15.903790866132118	-1.52619183659064e-05	13.898562769570264	-1.623990737521064e-05	12.312077962602913	-1.5362103993762986e-05	11.046523959456211	-1.357148050311417e-05	10.015263167210446	-1.2783234689372314e-05	9.162713677246584	-1.3019190286482275e-05	8.446425518278605	-1.2285741782374466e-05	7.836573436924269	-1.2597208458605573e-05	7.31678771636825	-8.63100407707055e-06	6.871301592732775	-6.6655557407098815e-06	6.487715447871552	-5.727337498253162e-06	6.150302343517121	-4.7315160368821675e-06	5.853425385023898	-4.89463682406595e-06	5.586558607568785	-6.337537233031244e-06	5.349306048019451	-6.578376088392324e-06	5.139928398931181	-5.469913424945267e-06	4.950611993884332	-2.8471493628791515e-06	4.78051007229488	-1.4844966591402686e-06	4.636300552965412	-1.5489251234106093e-06	4.5029219573953485	-1.6210608222020491e-06	4.384792552314484	-1.6997667919961382e-06	4.2757998414953695	0.0	4.17674988167592	1.878163531698705e-06	4.08557175900255	1.9803274273368358e-06	4.003431565379691	-2.0924222926671063e-06	3.9283321888221874	-2.215187770391357e-06	3.8557813098025036	-2.348079271156194e-06
18	2	3	0	0	1281	8620	1130	9456	1041	5265	945	3516	929	2434	898	1818	872	1411	913	1166	860	1044	898	956	892	925	873	911	858	862	876	917	884	875	896	890	901	904	896	879	882	851	913	888	887	891	877	912	869	904	870	886	872	913	842	888	821	868	822	862	825	4082	4095	137.0	412.84059397727674	307.3417615890503	13	1	0.7387313842773438	4.761904761904762	0.8620689655172413			2.657125077784692	16.74534258018144	2.4844993623851193	10.769563682334317	2.4006087999262062	6.404018780256404	2.2517155928326344	4.797576650702035	2.2788598341755386	3.7768639925517884	2.236612702366127	3.169787634689821	2.2129171424946072	2.7921242703077076	2.361797345888196	2.572191215724339	2.2705671137395713	2.5035971223021583	2.400363529443212	2.456636258512142	2.410354797740968	2.50033788349777	2.3957189901207463	2.565113332394763	2.3792357606344625	2.4932750990657446	2.442765120883411	2.7485537871294548	2.4853801169590644	2.7374546364660244	2.546467344966748	2.8475443928971367	2.581735866357202	2.934302778499091	2.593493111033924	2.900511466754661	2.5855245800721134	2.8233967021664843	2.6905168857193376	2.9613819782565196	2.633610451306413	2.9908361585713807	2.6219020000597926	3.061943931509149	2.624109191931393	3.030099886036066	2.655920871874714	2.94979358103609	2.693769114330728	3.0119090819120506	2.633883883883884	2.9234567901234567	2.614066927754959	2.8487971380747648	2.6503304852490728	2.7999740141622818	2.6948454955249233	4.778460637986537	4.761904761904762	1.7859470733932994	4.090582961344367	2.7764583147537882	2.280701754385965	4.761904761904762	5.114787836432648	26.315533980582522	3.4814000000000003	0.08096697025543752	20.768942832946777	0.0	18.41019596174607	-1.5258861822423087e-05	15.903790866132118	-1.52619183659064e-05	13.898562769570264	-1.623990737521064e-05	12.312077962602913	-1.5362103993762986e-05	11.046523959456211	-1.357148050311417e-05	10.015263167210446	-1.2783234689372314e-05	9.162713677246584	-1.3019190286482275e-05	8.446425518278605	-1.2285741782374466e-05	7.836573436924269	-1.2597208458605573e-05	7.31678771636825	-8.63100407707055e-06	6.871301592732775	-6.6655557407098815e-06	6.487715447871552	-5.727337498253162e-06	6.150302343517121	-4.7315160368821675e-06	5.853425385023898	-4.89463682406595e-06	5.586558607568785	-6.337537233031244e-06	5.349306048019451	-6.578376088392324e-06	5.139928398931181	-5.469913424945267e-06	4.950611993884332	-2.8471493628791515e-06	4.78051007229488	-1.4844966591402686e-06	4.636300552965412	-1.5489251234106093e-06	4.5029219573953485	-1.6210608222020491e-06	4.384792552314484	-1.6997667919961382e-06	4.2757998414953695	0.0	4.17674988167592	1.878163531698705e-06	4.08557175900255	1.9803274273368358e-06	4.003431565379691	-2.0924222926671063e-06	3.9283321888221874	-2.215187770391357e-06	3.8557813098025036	-2.348079271156194e-06
19	8	3	0	0	1314	9950	1077	9501	970	5084	907	3131	823	2073	821	1609	800	1323	831	1095	815	957	809	902	873	806	849	811	839	837	895	801	875	825	845	866	826	861	827	845	853	885	883	872	888	851	878	813	886	821	877	852	875	879	862	896	838	874	836	884	851	4082	4095	127.0	404.11735541879756	293.30551052093506	13	1	0.7448005676269531	19.047619047619047	0.8620689655172413			2.7255756067205974	19.329020727703636	2.3679697462732507	10.820814778538319	2.236878516741998	6.1838616294061834	2.1611704155547082	4.272244736447119	2.018839228769072	3.2166964077895885	2.044831880448319	2.8053841057293303	2.030199213297805	2.6179875333926983	2.1496753498719507	2.415565507048157	2.151758369415989	2.2949640287769784	2.1624655849883725	2.3178722857509957	2.3590131596724944	2.1786727936207595	2.3298572996706914	2.283542165282275	2.3265487216460543	2.42096433633182	2.4957474693957225	2.4008632317237657	2.460076473234368	2.5810286572393943	2.401523333143864	2.770756678931371	2.3668299951288003	2.794728641911192	2.39377098529582	2.7883187592806467	2.5005130009087444	2.936199860654922	2.6021099781929626	2.9080237444140598	2.6365795724465557	2.8565674196905104	2.6248916260575803	2.7295618599966422	2.6754438941901193	2.7518938124287726	2.6772903501541654	2.836596084698362	2.70303666862315	2.899745983571405	2.6964464464464464	2.9497942386831273	2.668194988378387	2.8684892841904888	2.69546993390295	2.871435067888001	2.779773959626315	4.778460637986537	4.761904761904762	1.6555859731456135	4.004149767671991	2.649657889765827	2.280701754385965	4.761904761904762	5.156809315192521	26.315533980582522	3.4814000000000003	0.08096697025543752	20.768942832946777	0.0	18.41019596174607	-1.5258861822423087e-05	15.903790866132118	-1.52619183659064e-05	13.898562769570264	-1.623990737521064e-05	12.312077962602913	-1.5362103993762986e-05	11.046523959456211	-1.357148050311417e-05	10.015263167210446	-1.2783234689372314e-05	9.162713677246584	-1.3019190286482275e-05	8.446425518278605	-1.2285741782374466e-05	7.836573436924269	-1.2597208458605573e-05	7.31678771636825	-8.63100407707055e-06	6.871301592732775	-6.6655557407098815e-06	6.487715447871552	-5.727337498253162e-06	6.150302343517121	-4.7315160368821675e-06	5.853425385023898	-4.89463682406595e-06	5.586558607568785	-6.337537233031244e-06	5.349306048019451	-6.578376088392324e-06	5.139928398931181	-5.469913424945267e-06	4.950611993884332	-2.8471493628791515e-06	4.78051007229488	-1.4844966591402686e-06	4.636300552965412	-1.5489251234106093e-06	4.5029219573953485	-1.6210608222020491e-06	4.384792552314484	-1.6997667919961382e-06	4.2757998414953695	0.0	4.17674988167592	1.878163531698705e-06	4.08557175900255	1.9803274273368358e-06	4.003431565379691	-2.0924222926671063e-06	3.9283321888221874	-2.215187770391357e-06	3.8557813098025036	-2.348079271156194e-06
20	13	5	0	0	1183	10991	1089	9625	1007	4633	888	2840	802	1951	793	1451	740	1162	718	1046	752	935	758	854	763	809	826	749	849	723	839	734	858	739	863	764	877	828	845	854	819	827	800	858	806	869	819	855	820	835	855	794	855	818	850	817	836	822	834	853	840	4082	4095	118.0	396.72232260946646	280.5433301925659	13	1	0.7518434524536133	30.952380952380953	1.4367816091954022			2.453847749429579	21.351283097305593	2.3943538102985795	10.96204002141157	2.322202748823909	5.6352932590556355	2.115897826915745	3.875175679179118	1.9673257126036403	3.0273876949336644	1.9750933997509341	2.5299020120654183	1.8779342723004695	2.2993964579004653	1.8573608919471247	2.307471708102623	1.9854261273629739	2.2422062350119907	2.026142043783914	2.1945265321855327	2.0617720971708056	2.1867819975672385	2.2667398463227224	2.108968041672533	2.354278742166269	2.09122725826512	2.339588968517331	2.2000419626532386	2.4122807017543857	2.311975972969591	2.452680043199	2.444408894576868	2.5129659875641135	2.687613606855362	2.4458724094014124	2.818016828906121	2.400844252924105	2.743770943233469	2.3575175340366594	2.8613352898019073	2.3931116389548692	2.9169883521869022	2.4485036921881074	2.870572435789827	2.4761444618915327	2.7988201380974727	2.61012913270446	2.6434944732987082	2.6412529733403356	2.6985121894896578	2.658908908908909	2.6897119341563784	2.661826981246219	2.6978240178542126	2.689021441238111	2.7707399467290323	2.7438426863526493	4.778460637986537	4.761904761904762	1.5382609829226959	3.930876946031546	2.534367141434442	2.280701754385965	4.761904761904762	5.20557245482823	26.315533980582522	3.4814000000000003	0.08096697025543752	20.768942832946777	0.0	18.41019596174607	-1.5258861822423087e-05	15.903790866132118	-1.52619183659064e-05	13.898562769570264	-1.623990737521064e-05	12.312077962602913	-1.5362103993762986e-05	11.046523959456211	-1.357148050311417e-05	10.015263167210446	-1.2783234689372314e-05	9.162713677246584	-1.3019190286482275e-05	8.446425518278605	-1.2285741782374466e-05	7.836573436924269	-1.2597208458605573e-05	7.31678771636825	-8.63100407707055e-06	6.871301592732775	-6.6655557407098815e-06	6.487715447871552	-5.727337498253162e-06	6.150302343517121	-4.7315160368821675e-06	5.853425385023898	-4.89463682406595e-06	5.586558607568785	-6.337537233031244e-06	5.349306048019451	-6.578376088392324e-06	5.139928398931181	-5.469913424945267e-06	4.950611993884332	-2.8471493628791515e-06	4.78051007229488	-1.4844966591402686e-06	4.636300552965412	-1.5489251234106093e-06	4.5029219573953485	-1.6210608222020491e-06	4.384792552314484	-1.6997667919961382e-06	4.2757998414953695	0.0	4.17674988167592	1.878163531698705e-06	4.08557175900255	1.9803274273368358e-06	4.003431565379691	-2.0924222926671063e-06	3.9283321888221874	-2.215187770391357e-06	3.8557813098025036	-2.348079271156194e-06
