	counts(inten<0.01	MicrocoloniesPlatonic	MicrocoloniesAggregates	MicrocoloniesLarge	counts(Norminten<0.01	counts(inten<0.02	counts(Norminten<0.02	counts(inten<0.03	counts(Norminten<0.03	counts(inten<0.04	counts(Norminten<0.04	counts(inten<0.05	counts(Norminten<0.05	counts(inten<0.060000000000000005	counts(Norminten<0.060000000000000005	counts(inten<0.06999999999999999	counts(Norminten<0.06999999999999999	counts(inten<0.08	counts(Norminten<0.08	counts(inten<0.09	counts(Norminten<0.09	counts(inten<0.09999999999999999	counts(Norminten<0.09999999999999999	counts(inten<0.11	counts(Norminten<0.11	counts(inten<0.12	counts(Norminten<0.12	counts(inten<0.13	counts(Norminten<0.13	counts(inten<0.14	counts(Norminten<0.14	counts(inten<0.15000000000000002	counts(Norminten<0.15000000000000002	counts(inten<0.16	counts(Norminten<0.16	counts(inten<0.17	counts(Norminten<0.17	counts(inten<0.18000000000000002	counts(Norminten<0.18000000000000002	counts(inten<0.19	counts(Norminten<0.19	counts(inten<0.2	counts(Norminten<0.2	counts(inten<0.21000000000000002	counts(Norminten<0.21000000000000002	counts(inten<0.22	counts(Norminten<0.22	counts(inten<0.23	counts(Norminten<0.23	counts(inten<0.24000000000000002	counts(Norminten<0.24000000000000002	counts(inten<0.25	counts(Norminten<0.25	counts(inten<0.26	counts(Norminten<0.26	counts(inten<0.27	counts(Norminten<0.27	counts(inten<0.28	counts(Norminten<0.28	counts(inten<0.29000000000000004	counts(Norminten<0.29000000000000004	diff	max	med	std	mean	min	eigenLocal	minProp	counts(inten<0.01Normalized	MicrocoloniesPlatonicNormalized	MicrocoloniesAggregatesNormalized	MicrocoloniesLargeNormalized	counts(Norminten<0.01Normalized	counts(inten<0.02Normalized	counts(Norminten<0.02Normalized	counts(inten<0.03Normalized	counts(Norminten<0.03Normalized	counts(inten<0.04Normalized	counts(Norminten<0.04Normalized	counts(inten<0.05Normalized	counts(Norminten<0.05Normalized	counts(inten<0.060000000000000005Normalized	counts(Norminten<0.060000000000000005Normalized	counts(inten<0.06999999999999999Normalized	counts(Norminten<0.06999999999999999Normalized	counts(inten<0.08Normalized	counts(Norminten<0.08Normalized	counts(inten<0.09Normalized	counts(Norminten<0.09Normalized	counts(inten<0.09999999999999999Normalized	counts(Norminten<0.09999999999999999Normalized	counts(inten<0.11Normalized	counts(Norminten<0.11Normalized	counts(inten<0.12Normalized	counts(Norminten<0.12Normalized	counts(inten<0.13Normalized	counts(Norminten<0.13Normalized	counts(inten<0.14Normalized	counts(Norminten<0.14Normalized	counts(inten<0.15000000000000002Normalized	counts(Norminten<0.15000000000000002Normalized	counts(inten<0.16Normalized	counts(Norminten<0.16Normalized	counts(inten<0.17Normalized	counts(Norminten<0.17Normalized	counts(inten<0.18000000000000002Normalized	counts(Norminten<0.18000000000000002Normalized	counts(inten<0.19Normalized	counts(Norminten<0.19Normalized	counts(inten<0.2Normalized	counts(Norminten<0.2Normalized	counts(inten<0.21000000000000002Normalized	counts(Norminten<0.21000000000000002Normalized	counts(inten<0.22Normalized	counts(Norminten<0.22Normalized	counts(inten<0.23Normalized	counts(Norminten<0.23Normalized	counts(inten<0.24000000000000002Normalized	counts(Norminten<0.24000000000000002Normalized	counts(inten<0.25Normalized	counts(Norminten<0.25Normalized	counts(inten<0.26Normalized	counts(Norminten<0.26Normalized	counts(inten<0.27Normalized	counts(Norminten<0.27Normalized	counts(inten<0.28Normalized	counts(Norminten<0.28Normalized	counts(inten<0.29000000000000004Normalized	counts(Norminten<0.29000000000000004Normalized	diffNormalized	maxNormalized	medNormalized	stdNormalized	meanNormalized	minNormalized	eigenLocalNormalized	minPropNormalized	BioVolume	SubstratumCoverage	Homogenity	ThicknessThreshold=0.01	RoughnessThreshold=0.01	ThicknessThreshold=0.02	RoughnessThreshold=0.02	ThicknessThreshold=0.03	RoughnessThreshold=0.03	ThicknessThreshold=0.04	RoughnessThreshold=0.04	ThicknessThreshold=0.05	RoughnessThreshold=0.05	ThicknessThreshold=0.060000000000000005	RoughnessThreshold=0.060000000000000005	ThicknessThreshold=0.06999999999999999	RoughnessThreshold=0.06999999999999999	ThicknessThreshold=0.08	RoughnessThreshold=0.08	ThicknessThreshold=0.09	RoughnessThreshold=0.09	ThicknessThreshold=0.09999999999999999	RoughnessThreshold=0.09999999999999999	ThicknessThreshold=0.11	RoughnessThreshold=0.11	ThicknessThreshold=0.12	RoughnessThreshold=0.12	ThicknessThreshold=0.13	RoughnessThreshold=0.13	ThicknessThreshold=0.14	RoughnessThreshold=0.14	ThicknessThreshold=0.15000000000000002	RoughnessThreshold=0.15000000000000002	ThicknessThreshold=0.16	RoughnessThreshold=0.16	ThicknessThreshold=0.17	RoughnessThreshold=0.17	ThicknessThreshold=0.18000000000000002	RoughnessThreshold=0.18000000000000002	ThicknessThreshold=0.19	RoughnessThreshold=0.19	ThicknessThreshold=0.2	RoughnessThreshold=0.2	ThicknessThreshold=0.21000000000000002	RoughnessThreshold=0.21000000000000002	ThicknessThreshold=0.22	RoughnessThreshold=0.22	ThicknessThreshold=0.23	RoughnessThreshold=0.23	ThicknessThreshold=0.24000000000000002	RoughnessThreshold=0.24000000000000002	ThicknessThreshold=0.25	RoughnessThreshold=0.25	ThicknessThreshold=0.26	RoughnessThreshold=0.26	ThicknessThreshold=0.27	RoughnessThreshold=0.27	ThicknessThreshold=0.28	RoughnessThreshold=0.28	ThicknessThreshold=0.29000000000000004	RoughnessThreshold=0.29000000000000004
0	43	34	0	0	2705	1512	2959	860	3144	416	3350	353	3528	380	3687	469	3806	608	4029	747	4109	939	4259	1145	4386	1391	4548	1634	4619	1883	4650	2153	4714	2425	4711	2700	4729	2981	4687	3203	4630	3454	4595	3635	4557	3799	4451	4048	4383	4176	4272	4354	4140	4548	4012	4621	3948	4662	3814	4693	3654	4081	4095	564.0	520.2168976559384	663.2863254547119	14	1	0.5647354125976562	0.03054432834442637	22.818791946308725			1.5196287723871373	0.7881814485440538	3.747941735275491	0.4544037535863552	7.691743119266055	0.33715059122922186	11.775871766029246	0.5936464692329684	14.729458917835672	1.2589034288553917	16.671188279978296	2.3247744621790423	17.764294049008168	3.6162493308749184	19.034345915812352	4.7844744763978735	19.624605979558694	6.228029448829343	20.442545838533167	7.639954627343698	21.041017030462942	9.093286265280774	21.76805628679462	10.397709195036589	22.05826170009551	11.698558648111332	22.30322797256463	13.137661703685625	22.678726065621092	14.262189025466093	22.82018988568107	15.657620041753653	23.01104569120724	16.99156406748746	23.009327442317133	17.84699392656154	22.97880788128443	18.77377975866942	22.96351824087956	19.520970946780515	23.059406942617144	20.223582645727976	22.938569367140797	21.2003770818058	22.905670237784165	21.75	22.868154809699696	22.522242913304368	22.667542706964518	23.463860083578396	22.439733765870574	23.956659235833893	22.553556126820908	24.32305525121302	22.351148616971404	24.792646204236885	22.017353579175705	5.859885415619661	5.86197517786335	21.592649310872893	12.788287640946683	17.19695064298129	6.5420560747663545	4.761904761904762	3.9502442452864677	2.0873375931842384	15.869100000000001	0.34456086700419236	13.171617285626406	-1.6365698266583748e-05	8.182718584233625	-6.272600965353289e-06	6.715798337638284	-4.539496456355579e-06	5.9315792384016	-3.6062850335564823e-06	5.433016857002591	-3.7861100243573077e-06	5.077105561232168	-3.960432637661338e-06	4.804627533118363	-4.139369822338247e-06	4.581729473403527	-2.8827000521768708e-06	4.398976187928001	-1.5073816479299128e-06	4.242086551834644	-1.5786665319537892e-06	4.107662272502223	-3.31177368663335e-06	3.986350385923999	-3.4807185595394313e-06	3.8773173671119774	0.0	3.779029067701009	5.7950074079511366e-06	3.69020953019147	6.129015782215639e-06	3.610261921217807	6.499837504062398e-06	3.533745633019547	0.0	3.4620072404485356	-2.4494134879403126e-06	3.3974381103317692	-2.6152474154817416e-06	3.340032755217738	-2.799599097409251e-06	3.282855021080874	-2.9944512817748713e-06	3.232176962989922	-6.441597258456207e-06	3.1783323505948458	-6.937001619789878e-06	3.1298953779765584	-3.7458795325142344e-06	3.085685308018418	-1.2170681639309679e-05	3.0453445578156333	-1.3222615962341989e-05	3.006730593695053	-1.4412475438739773e-05	2.9711015466111714	-1.576574209348034e-05	2.932516184721623	-1.7263802410026818e-05
1	316	37	0	0	2573	1785	2646	628	2754	409	2840	458	2967	628	3123	809	3229	1028	3271	1253	3389	1463	3410	1667	3536	1893	3580	2098	3604	2232	3592	2367	3612	2567	3560	2673	3563	2797	3596	2916	3576	3096	3584	3236	3561	3292	3534	3420	3536	3476	3494	3537	3460	3585	3449	3592	3382	3609	3330	3547	3264	4083	4095	464.0	553.7536982392248	618.8269109725952	12	1	0.5979986190795898	0.2244652966706682	24.832214765100673			1.4454731354351589	0.9304919878645078	3.351488283723876	0.331820415409571	6.7376146788990825	0.3314773841652686	9.983127109111361	0.7702268637640213	12.387274549098198	2.0805035613715424	14.120998372219207	4.010112025379201	15.071178529754958	6.114316302860882	15.453299948032315	8.025363479151988	16.185882128187984	9.703521920806526	16.367476240760297	11.12297324347768	16.963300551691052	12.374975485389292	17.134925573158473	13.350302258988227	17.21107927411652	13.866799204771372	17.228644059667133	14.443495240419818	17.37708072741268	15.097335764276892	17.24472001550087	15.501043841336118	17.337355846430828	15.942772457820336	17.653411880216005	16.247840864768484	17.74777904610651	16.827916077834548	17.91104447776112	17.378228881370493	18.019431231656714	17.524620708011714	18.21273964131107	17.911385775636326	18.479226548210086	18.104166666666664	18.703495530217868	18.296089385474858	18.94437144108629	18.495588918124128	19.290788075395714	18.62201254601068	19.320194230219936	18.829237752386916	19.514767932489452	18.738443657879444	19.667389732465654	5.862757204600606	5.86197517786335	17.76416539050536	13.612709635596667	16.044256358291094	5.607476635514018	4.761904761904762	4.182915664598803	2.0873375931842384	15.869100000000001	0.34456086700419236	13.171617285626406	-1.6365698266583748e-05	8.182718584233625	-6.272600965353289e-06	6.715798337638284	-4.539496456355579e-06	5.9315792384016	-3.6062850335564823e-06	5.433016857002591	-3.7861100243573077e-06	5.077105561232168	-3.960432637661338e-06	4.804627533118363	-4.139369822338247e-06	4.581729473403527	-2.8827000521768708e-06	4.398976187928001	-1.5073816479299128e-06	4.242086551834644	-1.5786665319537892e-06	4.107662272502223	-3.31177368663335e-06	3.986350385923999	-3.4807185595394313e-06	3.8773173671119774	0.0	3.779029067701009	5.7950074079511366e-06	3.69020953019147	6.129015782215639e-06	3.610261921217807	6.499837504062398e-06	3.533745633019547	0.0	3.4620072404485356	-2.4494134879403126e-06	3.3974381103317692	-2.6152474154817416e-06	3.340032755217738	-2.799599097409251e-06	3.282855021080874	-2.9944512817748713e-06	3.232176962989922	-6.441597258456207e-06	3.1783323505948458	-6.937001619789878e-06	3.1298953779765584	-3.7458795325142344e-06	3.085685308018418	-1.2170681639309679e-05	3.0453445578156333	-1.3222615962341989e-05	3.006730593695053	-1.4412475438739773e-05	2.9711015466111714	-1.576574209348034e-05	2.932516184721623	-1.7263802410026818e-05
2	710	31	0	0	2290	1777	2377	602	2505	653	2569	841	2634	1102	2672	1281	2771	1495	2827	1668	2865	1822	2901	1896	2936	2000	2990	2125	3004	2253	3020	2383	3037	2525	3038	2601	3053	2630	3053	2738	3063	2808	3070	2856	3065	2905	3026	2939	3007	2997	2982	3010	2957	3032	2905	3042	2892	3053	2850	3058	2804	4084	4095	369.0	523.0431721795616	542.869104385376	11	1	0.6211881637573242	0.5043365842916913	20.80536912751678			1.286487944091144	0.926321715649989	3.01076630778974	0.31808262751044863	6.128440366972477	0.5292291732516391	9.030511811023622	1.4143248742915762	10.996993987975952	3.650819943680636	12.081750768674263	6.349757113115892	12.933488914819137	8.891928864569083	13.355695185902583	10.683404854928586	13.683255325245963	12.084632221264178	13.924354420658538	12.650964168946421	14.084912449028545	13.074459044257045	14.311013258029003	13.522112631244035	14.34574976122254	13.997266401590458	14.485107199386063	14.541127654381256	14.610795727893775	14.850320531670883	14.716140282890914	15.083507306889352	14.85572478224904	14.990880072959417	14.98772704958272	15.256031648743523	15.201746984962034	15.262528535710404	15.342328835582208	15.33752215240857	15.50956380933104	15.464466329518235	15.59472273757988	15.392269822981042	15.714659001829109	15.609375	15.962742893849367	15.570039313056071	16.190319754708717	15.642573389052261	16.24811231053191	15.770646482451136	16.520994001713795	15.92841863619763	16.70182841068917	16.155105922130065	16.895637503012775	5.864193099091079	5.86197517786335	14.127105666156204	12.857764837330022	14.074906771694323	5.14018691588785	4.761904761904762	4.345123246008783	2.0873375931842384	15.869100000000001	0.34456086700419236	13.171617285626406	-1.6365698266583748e-05	8.182718584233625	-6.272600965353289e-06	6.715798337638284	-4.539496456355579e-06	5.9315792384016	-3.6062850335564823e-06	5.433016857002591	-3.7861100243573077e-06	5.077105561232168	-3.960432637661338e-06	4.804627533118363	-4.139369822338247e-06	4.581729473403527	-2.8827000521768708e-06	4.398976187928001	-1.5073816479299128e-06	4.242086551834644	-1.5786665319537892e-06	4.107662272502223	-3.31177368663335e-06	3.986350385923999	-3.4807185595394313e-06	3.8773173671119774	0.0	3.779029067701009	5.7950074079511366e-06	3.69020953019147	6.129015782215639e-06	3.610261921217807	6.499837504062398e-06	3.533745633019547	0.0	3.4620072404485356	-2.4494134879403126e-06	3.3974381103317692	-2.6152474154817416e-06	3.340032755217738	-2.799599097409251e-06	3.282855021080874	-2.9944512817748713e-06	3.232176962989922	-6.441597258456207e-06	3.1783323505948458	-6.937001619789878e-06	3.1298953779765584	-3.7458795325142344e-06	3.085685308018418	-1.2170681639309679e-05	3.0453445578156333	-1.3222615962341989e-05	3.006730593695053	-1.4412475438739773e-05	2.9711015466111714	-1.576574209348034e-05	2.932516184721623	-1.7263802410026818e-05
3	1334	21	0	0	1867	2089	1881	1494	1943	1551	2025	1659	2013	1568	2109	1616	2136	1665	2162	1793	2160	1817	2188	1851	2243	1865	2282	1920	2327	2029	2339	2037	2360	2136	2398	2141	2381	2138	2345	2173	2314	2225	2345	2275	2312	2330	2312	2328	2313	2353	2313	2413	2304	2352	2281	2339	2266	2344	2233	2326	2187	4084	4095	242.0	463.7707453807286	426.21821689605713	11	1	0.6598310470581055	0.9475845118945296	14.093959731543624			1.048852834767758	1.0889623320162225	2.382520582647245	0.7893944277418775	4.753516819571865	1.257020593741642	7.118250843644544	2.7899702335906365	8.404308617234468	5.194633095908563	9.536082474226804	8.010310300386635	9.969661610268378	9.903051210372926	10.21401237775783	11.484019727150452	10.316171554112142	12.051469125157526	10.502063933954114	12.35070394341763	10.760374190453346	12.191933058769694	10.922318479873642	12.217626471524023	11.112702960840497	12.605616302186878	11.218763489855627	12.429826702465219	11.353795824112384	12.562488972534258	11.615965898081768	12.41591278125725	11.585810909444797	12.186502507979936	11.512027491408935	12.107873182147435	11.484440915181896	12.093705837591044	11.719140429785108	12.217388969443101	11.6992207266471	12.403513441575726	11.9150690579262	12.192311720959463	12.087797230206428	12.255208333333334	12.381564156094429	12.481895303124354	12.614980289093298	12.134344528710725	12.757984227305776	12.12608222302867	12.944872893459012	12.229352532999425	13.086029067041723	12.288023667388662	13.177874186550975	5.864193099091079	5.86197517786335	9.264931087289433	11.400694053016986	11.05051221141366	5.14018691588785	4.761904761904762	4.615424742913391	2.0873375931842384	15.869100000000001	0.34456086700419236	13.171617285626406	-1.6365698266583748e-05	8.182718584233625	-6.272600965353289e-06	6.715798337638284	-4.539496456355579e-06	5.9315792384016	-3.6062850335564823e-06	5.433016857002591	-3.7861100243573077e-06	5.077105561232168	-3.960432637661338e-06	4.804627533118363	-4.139369822338247e-06	4.581729473403527	-2.8827000521768708e-06	4.398976187928001	-1.5073816479299128e-06	4.242086551834644	-1.5786665319537892e-06	4.107662272502223	-3.31177368663335e-06	3.986350385923999	-3.4807185595394313e-06	3.8773173671119774	0.0	3.779029067701009	5.7950074079511366e-06	3.69020953019147	6.129015782215639e-06	3.610261921217807	6.499837504062398e-06	3.533745633019547	0.0	3.4620072404485356	-2.4494134879403126e-06	3.3974381103317692	-2.6152474154817416e-06	3.340032755217738	-2.799599097409251e-06	3.282855021080874	-2.9944512817748713e-06	3.232176962989922	-6.441597258456207e-06	3.1783323505948458	-6.937001619789878e-06	3.1298953779765584	-3.7458795325142344e-06	3.085685308018418	-1.2170681639309679e-05	3.0453445578156333	-1.3222615962341989e-05	3.006730593695053	-1.4412475438739773e-05	2.9711015466111714	-1.576574209348034e-05	2.932516184721623	-1.7263802410026818e-05
4	2115	18	0	0	1554	4626	1543	3138	1555	2356	1593	2058	1596	1784	1641	1589	1675	1567	1673	1554	1686	1520	1713	1594	1707	1593	1690	1651	1723	1680	1718	1673	1700	1710	1680	1698	1713	1717	1689	1701	1712	1737	1736	1701	1734	1676	1720	1726	1683	1688	1646	1710	1584	1736	1530	1732	1496	1709	1462	1675	1458	4085	4095	149.0	375.4559405487015	304.1959037780762	10	1	0.7019233703613281	1.5023547546153901	12.080536912751679			0.8730140895710208	2.4114599080454977	1.954401519949335	1.658045324132538	3.8042813455657494	1.9094394060962663	5.599690663667042	3.4609757328086377	6.663326653306613	5.910220308100049	7.419967444384157	7.8764746703678	7.8179696616102685	9.320168916909534	7.903812538385223	9.953244091462244	8.05234501862642	10.081581216422366	8.222136891619467	10.635884433175418	8.189014152074838	10.413806628750736	8.088833580625089	10.505886096086542	8.228271251193888	10.43737574552684	8.240203367067965	10.208689284842567	8.178581737708072	10.057048756101866	8.137957760124007	9.846903270702853	8.335360809692958	9.786821705426355	8.29160530191458	9.47790717111495	8.496699588068887	9.441243613436242	8.675662168915542	9.134847752537457	8.774415544985326	8.922012243811551	8.86415172129458	9.039488844663245	8.795401097465378	8.791666666666668	8.811091483325303	8.845437616387338	8.672798948751643	8.956301914048392	8.557525588679455	8.979210949245683	8.546129677235076	8.916366671883967	8.567744960150025	8.848856252311268	8.785249457700651	5.865628993581551	5.86197517786335	5.704441041347627	9.22968589808198	7.88685329745403	4.672897196261682	4.761904761904762	4.90985458419865	2.0873375931842384	15.869100000000001	0.34456086700419236	13.171617285626406	-1.6365698266583748e-05	8.182718584233625	-6.272600965353289e-06	6.715798337638284	-4.539496456355579e-06	5.9315792384016	-3.6062850335564823e-06	5.433016857002591	-3.7861100243573077e-06	5.077105561232168	-3.960432637661338e-06	4.804627533118363	-4.139369822338247e-06	4.581729473403527	-2.8827000521768708e-06	4.398976187928001	-1.5073816479299128e-06	4.242086551834644	-1.5786665319537892e-06	4.107662272502223	-3.31177368663335e-06	3.986350385923999	-3.4807185595394313e-06	3.8773173671119774	0.0	3.779029067701009	5.7950074079511366e-06	3.69020953019147	6.129015782215639e-06	3.610261921217807	6.499837504062398e-06	3.533745633019547	0.0	3.4620072404485356	-2.4494134879403126e-06	3.3974381103317692	-2.6152474154817416e-06	3.340032755217738	-2.799599097409251e-06	3.282855021080874	-2.9944512817748713e-06	3.232176962989922	-6.441597258456207e-06	3.1783323505948458	-6.937001619789878e-06	3.1298953779765584	-3.7458795325142344e-06	3.085685308018418	-1.2170681639309679e-05	3.0453445578156333	-1.3222615962341989e-05	3.006730593695053	-1.4412475438739773e-05	2.9711015466111714	-1.576574209348034e-05	2.932516184721623	-1.7263802410026818e-05
5	3385	4	0	0	1507	6925	1422	4391	1361	2710	1349	1991	1316	1666	1312	1500	1314	1369	1341	1356	1346	1314	1310	1314	1317	1319	1291	1341	1274	1352	1312	1305	1315	1335	1277	1296	1275	1286	1266	1330	1228	1324	1195	1272	1157	1261	1116	1244	1094	1216	1050	1161	1012	1119	1002	1099	952	1055	921	1016	880	4043	4053	105.0	295.883782653551	219.94669151306152	10	1	0.7319889068603516	2.4044779406019363	2.684563758389262			0.8466101885350892	3.6098918856928384	1.8011399620012667	2.3201010255787042	3.3296636085626914	2.196341591901902	4.741985376827897	3.3483006239173942	5.494321977287909	5.519297664402849	5.9323566648580215	7.43531277882423	6.133022170361727	8.142508772973295	6.335333301837766	8.685070133862807	6.4285031999235835	8.71526165682828	6.287798790438706	8.767598585440716	6.318061885344208	8.62260573968752	6.179103048868042	8.533248488705059	6.084049665711557	8.399602385685885	6.292867763441892	7.9631437637295575	6.326373520638892	7.8515556078339115	6.1858167021894985	7.515657620041753	6.2040776604544785	7.330141358869128	6.215022091310751	7.410709310748315	6.0945952652737105	7.196434395042939	5.9720139930034986	6.830997261156758	5.854670579900819	6.71280276816609	5.75139146567718	6.515135644705143	5.717272014632871	6.333333333333334	5.620684117552593	6.005586592178771	5.540954883924661	5.7731001392973225	5.604340287488115	5.697547825185339	5.438446158240503	5.5042520999634785	5.39732770745429	5.367425643192984	5.302482525909858	5.805321424981693	5.8018523555262895	4.019908116385911	7.273594798467169	5.702533359848993	4.672897196261682	4.761904761904762	5.120158754766632	2.0873375931842384	15.869100000000001	0.34456086700419236	13.171617285626406	-1.6365698266583748e-05	8.182718584233625	-6.272600965353289e-06	6.715798337638284	-4.539496456355579e-06	5.9315792384016	-3.6062850335564823e-06	5.433016857002591	-3.7861100243573077e-06	5.077105561232168	-3.960432637661338e-06	4.804627533118363	-4.139369822338247e-06	4.581729473403527	-2.8827000521768708e-06	4.398976187928001	-1.5073816479299128e-06	4.242086551834644	-1.5786665319537892e-06	4.107662272502223	-3.31177368663335e-06	3.986350385923999	-3.4807185595394313e-06	3.8773173671119774	0.0	3.779029067701009	5.7950074079511366e-06	3.69020953019147	6.129015782215639e-06	3.610261921217807	6.499837504062398e-06	3.533745633019547	0.0	3.4620072404485356	-2.4494134879403126e-06	3.3974381103317692	-2.6152474154817416e-06	3.340032755217738	-2.799599097409251e-06	3.282855021080874	-2.9944512817748713e-06	3.232176962989922	-6.441597258456207e-06	3.1783323505948458	-6.937001619789878e-06	3.1298953779765584	-3.7458795325142344e-06	3.085685308018418	-1.2170681639309679e-05	3.0453445578156333	-1.3222615962341989e-05	3.006730593695053	-1.4412475438739773e-05	2.9711015466111714	-1.576574209348034e-05	2.932516184721623	-1.7263802410026818e-05
6	4467	1	0	0	1786	8595	1568	4847	1352	2792	1289	1890	1248	1559	1121	1382	1079	1294	1087	1248	1108	1120	1085	1069	1026	1084	1013	1100	998	1063	970	1014	956	1002	931	988	913	977	891	949	856	914	846	903	846	871	825	861	794	850	749	837	715	802	687	763	656	716	634	682	605	4071	4081	86.0	241.14185629709183	171.95323753356934	10	1	0.7479743957519531	3.1730584817337815	0.6711409395973155			1.0033482393654074	4.480436210473639	1.9860671310956302	2.5610406902710046	3.307645259938838	2.2627991603653546	4.53107424071991	3.1784471015589526	5.210420841683367	5.164816962067252	5.0687285223367695	6.850401506890057	5.036172695449242	7.6964253851186575	5.135352199177966	7.993338884263114	5.2918139268315985	7.428533527890163	5.207833349332821	7.132848468672851	4.922043655552891	7.086356801987318	4.848513856315512	6.999681832643971	4.765998089780324	6.6041252485089466	4.652501319008106	6.187454234805956	4.599249494852304	5.893077692171969	4.5097849254020534	5.729529111575041	4.442606199211717	5.568855449156407	4.3740795287187035	5.287791831503872	4.248349794034444	4.967931296880096	4.227886056971514	4.849363621717416	4.280943224370003	4.6366782006920415	4.2517006802721085	4.509269927725987	4.149464332375229	4.427083333333334	4.009421337187517	4.329608938547486	3.914805081033727	4.137646391167518	3.8424967839364617	3.955622375447146	3.747500714081691	3.7355872071790057	3.7154242850445387	3.6029372919858416	3.645456736563027	5.8455264707149315	5.841934237084329	3.2924961715160794	5.927895526835812	4.458212426946127	4.672897196261682	4.761904761904762	5.23197498603798	2.0873375931842384	15.869100000000001	0.34456086700419236	13.171617285626406	-1.6365698266583748e-05	8.182718584233625	-6.272600965353289e-06	6.715798337638284	-4.539496456355579e-06	5.9315792384016	-3.6062850335564823e-06	5.433016857002591	-3.7861100243573077e-06	5.077105561232168	-3.960432637661338e-06	4.804627533118363	-4.139369822338247e-06	4.581729473403527	-2.8827000521768708e-06	4.398976187928001	-1.5073816479299128e-06	4.242086551834644	-1.5786665319537892e-06	4.107662272502223	-3.31177368663335e-06	3.986350385923999	-3.4807185595394313e-06	3.8773173671119774	0.0	3.779029067701009	5.7950074079511366e-06	3.69020953019147	6.129015782215639e-06	3.610261921217807	6.499837504062398e-06	3.533745633019547	0.0	3.4620072404485356	-2.4494134879403126e-06	3.3974381103317692	-2.6152474154817416e-06	3.340032755217738	-2.799599097409251e-06	3.282855021080874	-2.9944512817748713e-06	3.232176962989922	-6.441597258456207e-06	3.1783323505948458	-6.937001619789878e-06	3.1298953779765584	-3.7458795325142344e-06	3.085685308018418	-1.2170681639309679e-05	3.0453445578156333	-1.3222615962341989e-05	3.006730593695053	-1.4412475438739773e-05	2.9711015466111714	-1.576574209348034e-05	2.932516184721623	-1.7263802410026818e-05
7	3488	0	0	0	2359	11650	1770	6289	1426	3396	1191	2212	1123	1615	1033	1356	943	1130	913	1089	862	988	836	907	813	883	775	844	759	814	743	791	734	753	754	740	729	737	720	740	700	722	665	724	649	701	647	665	617	648	595	647	585	614	558	594	522	576	496	549	479	3552	3562	72.0	195.12856749303566	135.69227695465088	10	1	0.7580242156982422	2.477642261985097	0.0			1.3252511179524056	6.072958912393006	2.241925269157695	3.3229595422146376	3.4886850152905198	2.752315884169321	4.186586051743532	3.719960311454182	4.688543754175017	5.3503395726354155	4.6708265509133655	6.721522752057103	4.401400233372229	6.720989710343186	4.3133179005055045	6.9749567667968995	4.116916610946604	6.553027790674538	4.0126715945089755	6.0519116567692	3.9002158791076997	5.772373668039485	3.7093763461446416	5.370664969774102	3.6246418338108883	5.057157057654075	3.5637200824979614	4.826702465218453	3.5312229385163088	4.4286302417220496	3.6523929471032743	4.291347715147298	3.5472726388010316	4.200866393068855	3.5346097201767304	4.1232517969577085	3.474117822224428	3.9243396021306665	3.3233383308345825	3.888083346759035	3.28408055864791	3.7317008251264308	3.3343640486497628	3.48276945637373	3.2244577998432193	3.375	3.185054333279803	3.346782536726671	3.2030223390275956	3.1677242944848576	3.1209799205772137	3.079475348644305	2.982005141388175	3.005165127562999	2.906704172526957	2.9003116910560514	2.886237647625934	5.100297230159527	5.09898793249066	2.756508422664625	4.796768923329366	3.518078542962825	4.672897196261682	4.761904761904762	5.30227205352023	2.0873375931842384	15.869100000000001	0.34456086700419236	13.171617285626406	-1.6365698266583748e-05	8.182718584233625	-6.272600965353289e-06	6.715798337638284	-4.539496456355579e-06	5.9315792384016	-3.6062850335564823e-06	5.433016857002591	-3.7861100243573077e-06	5.077105561232168	-3.960432637661338e-06	4.804627533118363	-4.139369822338247e-06	4.581729473403527	-2.8827000521768708e-06	4.398976187928001	-1.5073816479299128e-06	4.242086551834644	-1.5786665319537892e-06	4.107662272502223	-3.31177368663335e-06	3.986350385923999	-3.4807185595394313e-06	3.8773173671119774	0.0	3.779029067701009	5.7950074079511366e-06	3.69020953019147	6.129015782215639e-06	3.610261921217807	6.499837504062398e-06	3.533745633019547	0.0	3.4620072404485356	-2.4494134879403126e-06	3.3974381103317692	-2.6152474154817416e-06	3.340032755217738	-2.799599097409251e-06	3.282855021080874	-2.9944512817748713e-06	3.232176962989922	-6.441597258456207e-06	3.1783323505948458	-6.937001619789878e-06	3.1298953779765584	-3.7458795325142344e-06	3.085685308018418	-1.2170681639309679e-05	3.0453445578156333	-1.3222615962341989e-05	3.006730593695053	-1.4412475438739773e-05	2.9711015466111714	-1.576574209348034e-05	2.932516184721623	-1.7263802410026818e-05
8	736	1	0	0	3306	14334	2297	9769	1621	5261	1310	3183	1107	2143	967	1531	852	1269	814	1049	773	894	742	826	680	814	676	754	642	704	617	685	599	678	594	618	574	610	566	593	571	584	552	559	544	569	528	555	523	539	504	529	497	524	483	504	479	495	467	488	466	2886	2896	65.0	164.51429434236988	114.21663188934326	10	1	0.763031005859375	0.5228052479418095	0.6711409395973155			1.8572616345700097	7.472085240364065	2.9094363521215962	5.1617096148664	3.965749235474006	4.263820337636866	4.604893138357705	5.3529085313556335	4.621743486973948	7.099552757992381	4.372400072345814	7.588975909586597	3.9766627771295213	7.547730922500446	3.845608730571172	6.718760007685903	3.691852134874391	5.92956158386947	3.5614860324469615	5.511443250817375	3.2621731830175102	5.3213048310126165	3.235533432250036	4.797963728921412	3.0659025787965617	4.3737574552683895	2.9593745503381457	4.179887722723944	2.881747329933609	3.9875316120684587	2.8773493509009884	3.5838552540013917	2.793051433020291	3.4769721842225265	2.778595974472263	3.3041733994539477	2.8338875378430695	3.1742580715295143	2.7586206896551726	3.001987003920305	2.752757818034612	3.029012509981368	2.7210884353741496	2.90667225306379	2.7332113927358246	2.8072916666666665	2.697928376425245	2.7363956134905854	2.7212001752080597	2.7033998864984783	2.7014933721125343	2.612888174607289	2.736361039702942	2.582563781499452	2.736755743084857	2.578054836494268	2.807905519402266	4.143991499504616	4.14561174971728	2.4885145482388973	4.04419027251407	2.9612818866152093	4.672897196261682	4.761904761904762	5.337293841742076	2.0873375931842384	15.869100000000001	0.34456086700419236	13.171617285626406	-1.6365698266583748e-05	8.182718584233625	-6.272600965353289e-06	6.715798337638284	-4.539496456355579e-06	5.9315792384016	-3.6062850335564823e-06	5.433016857002591	-3.7861100243573077e-06	5.077105561232168	-3.960432637661338e-06	4.804627533118363	-4.139369822338247e-06	4.581729473403527	-2.8827000521768708e-06	4.398976187928001	-1.5073816479299128e-06	4.242086551834644	-1.5786665319537892e-06	4.107662272502223	-3.31177368663335e-06	3.986350385923999	-3.4807185595394313e-06	3.8773173671119774	0.0	3.779029067701009	5.7950074079511366e-06	3.69020953019147	6.129015782215639e-06	3.610261921217807	6.499837504062398e-06	3.533745633019547	0.0	3.4620072404485356	-2.4494134879403126e-06	3.3974381103317692	-2.6152474154817416e-06	3.340032755217738	-2.799599097409251e-06	3.282855021080874	-2.9944512817748713e-06	3.232176962989922	-6.441597258456207e-06	3.1783323505948458	-6.937001619789878e-06	3.1298953779765584	-3.7458795325142344e-06	3.085685308018418	-1.2170681639309679e-05	3.0453445578156333	-1.3222615962341989e-05	3.006730593695053	-1.4412475438739773e-05	2.9711015466111714	-1.576574209348034e-05	2.932516184721623	-1.7263802410026818e-05
9	2262	2	0	0	4117	16030	2410	8929	1584	4497	1157	2523	921	1629	756	1169	684	921	653	745	574	677	532	644	510	562	492	536	492	511	477	487	455	483	451	477	447	454	432	450	428	444	422	419	425	426	394	424	379	411	352	382	335	365	334	337	324	335	304	333	287	3004	3014	58.0	135.5869611393325	95.17785739898682	10	1	0.7617597579956055	1.6067737375602895	1.342281879194631			2.312869373721939	8.35618294984205	3.0525649145028497	4.7178733904332155	3.875229357798165	3.644630309513968	4.06706974128234	4.242974622874729	3.845190380761523	5.3967202252774555	3.41833966359197	5.794587092297016	3.192532088681447	5.477904002854934	3.0849907875466527	4.771664638442323	2.741427070398319	4.490283212840751	2.553518287414803	4.2970574497898175	2.4466298872631325	3.6739229914362292	2.3548556932944047	3.410754056633789	2.349570200573066	3.1747017892644136	2.287879514605017	2.9716865999511834	2.188973347445396	2.840675174969123	2.184654136795195	2.766179540709812	2.1750766386063938	2.5877792977656178	2.1207658321060383	2.507382849501309	2.124174897017222	2.413305794108055	2.108945527236382	2.2501476827238065	2.1505920453395406	2.2677668352408835	2.0305091733663163	2.2205928563946786	1.9806637052521558	2.140625	1.8842674375033457	1.9759983447134286	1.8342093736311869	1.883093432389207	1.8681134291627048	1.7471097516719374	1.8508997429305913	1.7477956905097303	1.7815283638068447	1.759205451952031	1.7293323692456013	4.313427049380412	4.31452825056902	2.22052067381317	3.333081003759376	2.467665702097825	4.672897196261682	4.761904761904762	5.328401642942129	2.0873375931842384	15.869100000000001	0.34456086700419236	13.171617285626406	-1.6365698266583748e-05	8.182718584233625	-6.272600965353289e-06	6.715798337638284	-4.539496456355579e-06	5.9315792384016	-3.6062850335564823e-06	5.433016857002591	-3.7861100243573077e-06	5.077105561232168	-3.960432637661338e-06	4.804627533118363	-4.139369822338247e-06	4.581729473403527	-2.8827000521768708e-06	4.398976187928001	-1.5073816479299128e-06	4.242086551834644	-1.5786665319537892e-06	4.107662272502223	-3.31177368663335e-06	3.986350385923999	-3.4807185595394313e-06	3.8773173671119774	0.0	3.779029067701009	5.7950074079511366e-06	3.69020953019147	6.129015782215639e-06	3.610261921217807	6.499837504062398e-06	3.533745633019547	0.0	3.4620072404485356	-2.4494134879403126e-06	3.3974381103317692	-2.6152474154817416e-06	3.340032755217738	-2.799599097409251e-06	3.282855021080874	-2.9944512817748713e-06	3.232176962989922	-6.441597258456207e-06	3.1783323505948458	-6.937001619789878e-06	3.1298953779765584	-3.7458795325142344e-06	3.085685308018418	-1.2170681639309679e-05	3.0453445578156333	-1.3222615962341989e-05	3.006730593695053	-1.4412475438739773e-05	2.9711015466111714	-1.576574209348034e-05	2.932516184721623	-1.7263802410026818e-05
10	5464	0	0	0	4654	15935	2247	6444	1300	2896	872	1497	685	993	544	717	476	553	460	481	400	466	396	405	395	394	381	401	364	382	336	368	322	338	309	324	299	309	293	299	295	290	263	284	247	263	245	245	232	246	215	225	209	217	200	209	182	193	178	182	167	3388	3397	53.0	111.5421739695553	80.93916702270508	9	1	0.7501115798950195	3.881260699394086	0.0			2.61454798768567	8.30666096729464	2.846105129829006	3.404857893151713	3.180428134556575	2.34708680817266	3.065241844769404	2.517531910599869	2.859886439545758	3.289713433824747	2.4597576415264966	3.5540795082779817	2.221703617269545	3.2891215131148517	2.1731941229271983	3.0807660283097418	1.9104021396503963	3.0908005571400143	1.9007391763463568	2.7023420297591247	1.8949388342528184	2.5756684317186376	1.8235772746853014	2.5517021953547565	1.7382999044890162	2.3732604373757455	1.6115880857595088	2.2455455211130095	1.549119599730588	1.9878844909721816	1.4968029451656655	1.8789144050104383	1.454917035667364	1.7612859097127225	1.4383897889052528	1.6660166044464255	1.4640925107945804	1.5762582889444505	1.314342828585707	1.5251597658557543	1.2498734945855683	1.4000532339632685	1.2626262626262625	1.2831255891903215	1.2124379409459107	1.28125	1.1509019859750549	1.1638733705772812	1.1443276390713972	1.119537739256049	1.1186307959058113	1.083519104152626	1.0397029420165667	1.006939009756352	1.043131739334271	0.9614876644302393	1.0062665702578935	4.864810533721982	4.86279113045221	2.0290964777947935	2.741997446154863	2.0985007634813893	4.205607476635514	4.761904761904762	5.246924286496105	2.0873375931842384	15.869100000000001	0.34456086700419236	13.171617285626406	-1.6365698266583748e-05	8.182718584233625	-6.272600965353289e-06	6.715798337638284	-4.539496456355579e-06	5.9315792384016	-3.6062850335564823e-06	5.433016857002591	-3.7861100243573077e-06	5.077105561232168	-3.960432637661338e-06	4.804627533118363	-4.139369822338247e-06	4.581729473403527	-2.8827000521768708e-06	4.398976187928001	-1.5073816479299128e-06	4.242086551834644	-1.5786665319537892e-06	4.107662272502223	-3.31177368663335e-06	3.986350385923999	-3.4807185595394313e-06	3.8773173671119774	0.0	3.779029067701009	5.7950074079511366e-06	3.69020953019147	6.129015782215639e-06	3.610261921217807	6.499837504062398e-06	3.533745633019547	0.0	3.4620072404485356	-2.4494134879403126e-06	3.3974381103317692	-2.6152474154817416e-06	3.340032755217738	-2.799599097409251e-06	3.282855021080874	-2.9944512817748713e-06	3.232176962989922	-6.441597258456207e-06	3.1783323505948458	-6.937001619789878e-06	3.1298953779765584	-3.7458795325142344e-06	3.085685308018418	-1.2170681639309679e-05	3.0453445578156333	-1.3222615962341989e-05	3.006730593695053	-1.4412475438739773e-05	2.9711015466111714	-1.576574209348034e-05	2.932516184721623	-1.7263802410026818e-05
11	15962	0	0	0	4403	11036	1677	3491	942	1394	679	873	483	584	418	430	364	394	328	348	285	307	269	272	261	268	245	256	246	243	239	241	212	226	208	209	197	199	181	192	171	174	167	171	149	157	136	142	129	135	118	120	117	119	114	115	107	112	106	110	100	4053	4063	49.0	96.5482624235555	72.34546375274658	10	1	0.7437200546264648	11.338338814737993	0.0			2.473539920451226	5.752890519928688	2.124129195693477	1.844562213686007	2.3045871559633024	1.1297786638786906	2.3868110236220472	1.4681398516724686	2.0165330661322645	1.9347357959251286	1.8900343642611683	2.1314563299296125	1.6989498249708284	2.3434247308630227	1.549581896348089	2.228911804265676	1.3611615245009074	2.0362141009484644	1.2911586829221464	1.8149062520851404	1.2520988246581914	1.751977511930444	1.172641554587661	1.6290168628698694	1.174785100286533	1.5096918489065607	1.1463379538586984	1.4705882352941175	1.0199172519965363	1.3291772040228194	1.0075566750629723	1.2120157736024124	0.9585908228310057	1.1342909256725946	0.8885616102110947	1.069816682453892	0.8486773537148246	0.9457549733666702	0.8345827086456772	0.918318028032866	0.7539722700131566	0.835773223316476	0.7008864151721295	0.7436891170001048	0.6741573033707865	0.703125	0.6316578341630533	0.6207324643078833	0.640604467805519	0.6139400505597689	0.6376195536663124	0.5961947223806314	0.6112539274493002	0.5843376636928054	0.6211908110642288	0.5811189180622326	0.6025548324897566	5.819680369886421	5.816167313225589	1.8759571209800918	2.3734080086007325	1.8756927764893616	4.672897196261682	4.761904761904762	5.202216472274618	2.0873375931842384	15.869100000000001	0.34456086700419236	13.171617285626406	-1.6365698266583748e-05	8.182718584233625	-6.272600965353289e-06	6.715798337638284	-4.539496456355579e-06	5.9315792384016	-3.6062850335564823e-06	5.433016857002591	-3.7861100243573077e-06	5.077105561232168	-3.960432637661338e-06	4.804627533118363	-4.139369822338247e-06	4.581729473403527	-2.8827000521768708e-06	4.398976187928001	-1.5073816479299128e-06	4.242086551834644	-1.5786665319537892e-06	4.107662272502223	-3.31177368663335e-06	3.986350385923999	-3.4807185595394313e-06	3.8773173671119774	0.0	3.779029067701009	5.7950074079511366e-06	3.69020953019147	6.129015782215639e-06	3.610261921217807	6.499837504062398e-06	3.533745633019547	0.0	3.4620072404485356	-2.4494134879403126e-06	3.3974381103317692	-2.6152474154817416e-06	3.340032755217738	-2.799599097409251e-06	3.282855021080874	-2.9944512817748713e-06	3.232176962989922	-6.441597258456207e-06	3.1783323505948458	-6.937001619789878e-06	3.1298953779765584	-3.7458795325142344e-06	3.085685308018418	-1.2170681639309679e-05	3.0453445578156333	-1.3222615962341989e-05	3.006730593695053	-1.4412475438739773e-05	2.9711015466111714	-1.576574209348034e-05	2.932516184721623	-1.7263802410026818e-05
12	18339	0	0	0	4704	10390	1526	2757	795	1085	526	660	381	408	299	336	301	298	241	267	220	216	207	207	211	206	199	211	185	194	167	169	162	169	156	156	142	148	137	139	137	134	126	127	125	126	125	124	118	122	99	101	84	89	84	84	76	79	62	65	57	4076	4086	46.0	83.09931459922011	64.59585857391357	10	1	0.7313270568847656	13.02680087228919	0.0			2.642637244106874	5.416141038606296	1.9328689043698544	1.4567338937646295	1.9449541284403669	0.8793470949127542	1.8489876265466818	1.1099339084809041	1.5906813627254508	1.3516647341394732	1.3519623801772473	1.6655100624566272	1.4049008168028005	1.7724379944090884	1.138564747011858	1.7101133670659068	1.050721176807718	1.4326457518073887	0.9935682058174139	1.3811970374324416	1.0122331494363157	1.3466692815584755	0.9524721198487531	1.3426662424435254	0.8834765998089781	1.2052683896620278	0.800997649767375	1.0312423724676592	0.7793707302992399	0.9939422454860908	0.7556675062972292	0.9046624913013221	0.6909639433604204	0.84359325125399	0.6725576828669613	0.7745027024015156	0.6799344880639238	0.7283400369605392	0.6296851574212894	0.682025669942538	0.6325270721586884	0.6707479371839233	0.6441970727685014	0.6494186655493872	0.6166710216880064	0.6354166666666666	0.529950216797816	0.5224498241258018	0.45992115637319314	0.45916524789764224	0.4698249342804407	0.43548136243454816	0.4341616680948301	0.41216674492617517	0.36333802156586964	0.3433884515822283	0.34345625451916123	5.852705943167296	5.849091715933979	1.761102603369066	2.0427978073161226	1.6747696266390746	4.672897196261682	4.761904761904762	5.115529207904544	2.0873375931842384	15.869100000000001	0.34456086700419236	13.171617285626406	-1.6365698266583748e-05	8.182718584233625	-6.272600965353289e-06	6.715798337638284	-4.539496456355579e-06	5.9315792384016	-3.6062850335564823e-06	5.433016857002591	-3.7861100243573077e-06	5.077105561232168	-3.960432637661338e-06	4.804627533118363	-4.139369822338247e-06	4.581729473403527	-2.8827000521768708e-06	4.398976187928001	-1.5073816479299128e-06	4.242086551834644	-1.5786665319537892e-06	4.107662272502223	-3.31177368663335e-06	3.986350385923999	-3.4807185595394313e-06	3.8773173671119774	0.0	3.779029067701009	5.7950074079511366e-06	3.69020953019147	6.129015782215639e-06	3.610261921217807	6.499837504062398e-06	3.533745633019547	0.0	3.4620072404485356	-2.4494134879403126e-06	3.3974381103317692	-2.6152474154817416e-06	3.340032755217738	-2.799599097409251e-06	3.282855021080874	-2.9944512817748713e-06	3.232176962989922	-6.441597258456207e-06	3.1783323505948458	-6.937001619789878e-06	3.1298953779765584	-3.7458795325142344e-06	3.085685308018418	-1.2170681639309679e-05	3.0453445578156333	-1.3222615962341989e-05	3.006730593695053	-1.4412475438739773e-05	2.9711015466111714	-1.576574209348034e-05	2.932516184721623	-1.7263802410026818e-05
13	19691	0	0	0	4916	9954	1478	2376	691	913	452	579	322	366	287	299	234	236	213	229	195	207	183	186	154	167	151	148	137	143	142	141	138	139	143	145	137	136	130	133	121	122	113	111	91	96	83	84	79	80	67	69	58	60	55	56	51	51	39	39	36	4085	4095	45.0	74.61633635167533	60.267455101013184	10	1	0.7245140075683594	13.98717138209534	0.0			2.7617356913327793	5.18886120291502	1.8720709309689678	1.255422463396721	1.690519877675841	0.7399482927699028	1.5888638920134983	0.9737147469855205	1.3443553774215098	1.212522776213351	1.2977030204376923	1.482105680578963	1.0921820303383896	1.4036757271159221	1.0062833656162895	1.4667264459104592	0.9313210430795683	1.3729521788154142	0.8783718920994529	1.2410755988523388	0.7387862796833773	1.0917173301954632	0.7227301009907624	0.9417753738466433	0.6542502387774594	0.8884194831013917	0.6810878219578878	0.8603856480351477	0.6639083998845376	0.8175027936246545	0.6926952141057935	0.840872187427511	0.6666342270449126	0.7751937984496124	0.6381934216985763	0.7410709310748315	0.600526080698794	0.6631155560386999	0.5647176411794103	0.5961011760915096	0.46047970853152514	0.5110460473782272	0.4277468563182849	0.43992877343668163	0.4128560229945127	0.4166666666666667	0.35865317702478455	0.3569211669770329	0.3175646079719667	0.3095496053242532	0.3076234688740981	0.29032090828969875	0.2913453299057412	0.26608232900297385	0.22855133614627285	0.20603307094933698	0.21691973969631237	5.865628993581551	5.86197517786335	1.7228177641653903	1.8342640853814596	1.5625475921574379	4.672897196261682	4.761904761904762	5.067872892655618	2.0873375931842384	15.869100000000001	0.34456086700419236	13.171617285626406	-1.6365698266583748e-05	8.182718584233625	-6.272600965353289e-06	6.715798337638284	-4.539496456355579e-06	5.9315792384016	-3.6062850335564823e-06	5.433016857002591	-3.7861100243573077e-06	5.077105561232168	-3.960432637661338e-06	4.804627533118363	-4.139369822338247e-06	4.581729473403527	-2.8827000521768708e-06	4.398976187928001	-1.5073816479299128e-06	4.242086551834644	-1.5786665319537892e-06	4.107662272502223	-3.31177368663335e-06	3.986350385923999	-3.4807185595394313e-06	3.8773173671119774	0.0	3.779029067701009	5.7950074079511366e-06	3.69020953019147	6.129015782215639e-06	3.610261921217807	6.499837504062398e-06	3.533745633019547	0.0	3.4620072404485356	-2.4494134879403126e-06	3.3974381103317692	-2.6152474154817416e-06	3.340032755217738	-2.799599097409251e-06	3.282855021080874	-2.9944512817748713e-06	3.232176962989922	-6.441597258456207e-06	3.1783323505948458	-6.937001619789878e-06	3.1298953779765584	-3.7458795325142344e-06	3.085685308018418	-1.2170681639309679e-05	3.0453445578156333	-1.3222615962341989e-05	3.006730593695053	-1.4412475438739773e-05	2.9711015466111714	-1.576574209348034e-05	2.932516184721623	-1.7263802410026818e-05
14	21918	0	0	0	4907	8934	1356	2087	610	701	419	453	282	308	210	212	188	192	164	165	162	161	149	145	127	130	120	119	126	126	123	123	112	111	111	111	101	104	98	96	89	91	89	89	74	75	59	61	57	57	47	47	46	46	41	41	35	35	30	30	28	4085	4095	42.0	65.26334873452554	55.452064514160156	10	1	0.7100296020507812	15.5690834570497	0.0			2.7566796251769623	4.657151495563873	1.7175427485750474	1.102721667133399	1.492354740061162	0.5681311645473186	1.472862767154106	0.7618182735482569	1.1773547094188377	1.0203743581248965	0.9495387954422138	1.0508575394071578	0.8774795799299884	1.141973472907869	0.7747909481740445	1.0568116313328637	0.7737128665584105	1.0678516946342111	0.7151771143323413	0.9675051711483286	0.6092588150635644	0.8498398378767079	0.5743550471449768	0.7572383073496659	0.6017191977077364	0.7828031809145128	0.5899563528226773	0.7505491823285331	0.5388242086019436	0.652825971887314	0.5376864948653362	0.6437021572720947	0.4914602695732568	0.5927952576379389	0.48109965635738833	0.534908341226946	0.44170926596853444	0.4946189803239483	0.44477761119440284	0.47795499704634553	0.37445602671794354	0.3992547245142401	0.30406101834673266	0.319472085471876	0.2978834596289522	0.296875	0.2515925271666399	0.24312021518725432	0.25186158563293914	0.23732136408192747	0.22931931316069132	0.2125563792835295	0.1999428734647244	0.18260551990400167	0.17580872011251758	0.15848697765333616	0.16871535309713184	5.865628993581551	5.86197517786335	1.6079632465543645	1.6043432648751041	1.437699497042529	4.672897196261682	4.761904761904762	4.966556527034019	2.0873375931842384	15.869100000000001	0.34456086700419236	13.171617285626406	-1.6365698266583748e-05	8.182718584233625	-6.272600965353289e-06	6.715798337638284	-4.539496456355579e-06	5.9315792384016	-3.6062850335564823e-06	5.433016857002591	-3.7861100243573077e-06	5.077105561232168	-3.960432637661338e-06	4.804627533118363	-4.139369822338247e-06	4.581729473403527	-2.8827000521768708e-06	4.398976187928001	-1.5073816479299128e-06	4.242086551834644	-1.5786665319537892e-06	4.107662272502223	-3.31177368663335e-06	3.986350385923999	-3.4807185595394313e-06	3.8773173671119774	0.0	3.779029067701009	5.7950074079511366e-06	3.69020953019147	6.129015782215639e-06	3.610261921217807	6.499837504062398e-06	3.533745633019547	0.0	3.4620072404485356	-2.4494134879403126e-06	3.3974381103317692	-2.6152474154817416e-06	3.340032755217738	-2.799599097409251e-06	3.282855021080874	-2.9944512817748713e-06	3.232176962989922	-6.441597258456207e-06	3.1783323505948458	-6.937001619789878e-06	3.1298953779765584	-3.7458795325142344e-06	3.085685308018418	-1.2170681639309679e-05	3.0453445578156333	-1.3222615962341989e-05	3.006730593695053	-1.4412475438739773e-05	2.9711015466111714	-1.576574209348034e-05	2.932516184721623	-1.7263802410026818e-05
15	16007	0	0	0	7318	15342	1766	3045	677	967	374	475	251	275	195	215	161	164	134	135	108	114	97	98	92	91	88	94	81	81	78	81	75	74	69	74	65	65	52	53	52	52	54	52	52	52	50	53	49	49	42	43	37	37	34	34	34	33	33	33	29	3334	3344	39.0	50.3523015352352	48.29436206817627	10	1	0.684962272644043	11.370303809517045	0.0			4.11114356980742	7.997539539393434	2.236858771374288	1.6089063135702926	1.6562691131498468	0.7837130329775421	1.3146794150731158	0.7988160704976204	1.0479291917167668	0.9110485340400862	0.8817145957677699	1.0657281649648063	0.7514585764294048	0.9754356747754713	0.6330608966787925	0.8646640619996158	0.5158085777056071	0.7561185912316774	0.4655851012767592	0.6539000467071462	0.4413528424082514	0.5948878865136955	0.42119370123964966	0.5981546293350303	0.3868194842406877	0.5032306163021869	0.3741186627656003	0.49426409567976565	0.3608197825459444	0.43521731459154267	0.334237550862236	0.42913477151472973	0.3162863121016009	0.3704970360237118	0.2552773686794305	0.29531398005237647	0.2580773239366718	0.28263941732797043	0.2698650674662669	0.2792546050158423	0.26313126201801434	0.27681660899653976	0.25767882910740053	0.27757410704933483	0.2560752547687484	0.2552083333333333	0.22482736470210374	0.2224291330436582	0.2025843188786684	0.1908889232832895	0.1901672353039879	0.17626626574731713	0.1942302199371608	0.17217091876663015	0.19338959212376935	0.17433567541866976	0.17474090142202942	4.787272231236448	4.78692185464592	1.4931087289433385	1.2377908490049572	1.2521225433847745	4.672897196261682	4.761904761904762	4.7912141073366445	2.0873375931842384	15.869100000000001	0.34456086700419236	13.171617285626406	-1.6365698266583748e-05	8.182718584233625	-6.272600965353289e-06	6.715798337638284	-4.539496456355579e-06	5.9315792384016	-3.6062850335564823e-06	5.433016857002591	-3.7861100243573077e-06	5.077105561232168	-3.960432637661338e-06	4.804627533118363	-4.139369822338247e-06	4.581729473403527	-2.8827000521768708e-06	4.398976187928001	-1.5073816479299128e-06	4.242086551834644	-1.5786665319537892e-06	4.107662272502223	-3.31177368663335e-06	3.986350385923999	-3.4807185595394313e-06	3.8773173671119774	0.0	3.779029067701009	5.7950074079511366e-06	3.69020953019147	6.129015782215639e-06	3.610261921217807	6.499837504062398e-06	3.533745633019547	0.0	3.4620072404485356	-2.4494134879403126e-06	3.3974381103317692	-2.6152474154817416e-06	3.340032755217738	-2.799599097409251e-06	3.282855021080874	-2.9944512817748713e-06	3.232176962989922	-6.441597258456207e-06	3.1783323505948458	-6.937001619789878e-06	3.1298953779765584	-3.7458795325142344e-06	3.085685308018418	-1.2170681639309679e-05	3.0453445578156333	-1.3222615962341989e-05	3.006730593695053	-1.4412475438739773e-05	2.9711015466111714	-1.576574209348034e-05	2.932516184721623	-1.7263802410026818e-05
16	1	0	0	0	20726	22904	7657	28067	2746	11444	1163	3884	606	1498	402	776	279	457	213	294	165	232	151	170	132	160	108	129	109	113	95	108	80	93	74	78	60	74	55	60	53	55	51	53	50	51	42	48	40	41	39	39	35	40	30	37	29	29	28	29	26	1704	1714	36.0	33.10425718352133	41.437438011169434	10	1	0.6420221328735352	0.0007103332173122412	0.0			11.64355857171749	11.939489350167332	9.69854338188727	14.829942037102594	6.718042813455657	9.274883091411574	4.088160854893139	6.531792879605805	2.530060120240481	4.96272983269836	1.8176885512750949	3.846535144245068	1.3022170361726955	2.718134776660917	1.0062833656162895	1.8830461794658298	0.7880408826057885	1.5387676593486768	0.7247768071421715	1.1343164075532128	0.6332453825857519	1.0459567235405636	0.5169195424304791	0.8208717785555202	0.5205348615090736	0.702037773359841	0.4556573456760516	0.6590187942396876	0.384874434715674	0.5469623007704523	0.35845766324355743	0.4523312456506611	0.2919565957860931	0.421796625626995	0.2700049091801669	0.33431771326684123	0.2630403493969924	0.2989455375584303	0.25487256371814093	0.2846248858815316	0.25301082886347537	0.27149321266968324	0.21645021645021645	0.2513878705352467	0.20904102430101906	0.21354166666666666	0.20876826722338201	0.20173805090006208	0.19163381515549716	0.20636640354950211	0.1677946193858717	0.191819171548551	0.16566695229934303	0.15130171649188712	0.16408813877168307	0.15320407839822495	0.15666425644733672	2.4467642117657196	2.4535837496600195	1.3782542113323124	0.8137889501673583	1.074343837499078	4.672897196261682	4.761904761904762	4.490853909912487	2.0873375931842384	15.869100000000001	0.34456086700419236	13.171617285626406	-1.6365698266583748e-05	8.182718584233625	-6.272600965353289e-06	6.715798337638284	-4.539496456355579e-06	5.9315792384016	-3.6062850335564823e-06	5.433016857002591	-3.7861100243573077e-06	5.077105561232168	-3.960432637661338e-06	4.804627533118363	-4.139369822338247e-06	4.581729473403527	-2.8827000521768708e-06	4.398976187928001	-1.5073816479299128e-06	4.242086551834644	-1.5786665319537892e-06	4.107662272502223	-3.31177368663335e-06	3.986350385923999	-3.4807185595394313e-06	3.8773173671119774	0.0	3.779029067701009	5.7950074079511366e-06	3.69020953019147	6.129015782215639e-06	3.610261921217807	6.499837504062398e-06	3.533745633019547	0.0	3.4620072404485356	-2.4494134879403126e-06	3.3974381103317692	-2.6152474154817416e-06	3.340032755217738	-2.799599097409251e-06	3.282855021080874	-2.9944512817748713e-06	3.232176962989922	-6.441597258456207e-06	3.1783323505948458	-6.937001619789878e-06	3.1298953779765584	-3.7458795325142344e-06	3.085685308018418	-1.2170681639309679e-05	3.0453445578156333	-1.3222615962341989e-05	3.006730593695053	-1.4412475438739773e-05	2.9711015466111714	-1.576574209348034e-05	2.932516184721623	-1.7263802410026818e-05
17	1	0	0	0	30195	4757	11953	35466	3977	25835	1661	9397	826	3172	471	1299	321	693	198	406	178	267	140	192	104	164	100	120	102	102	88	98	75	95	67	86	57	69	62	63	56	59	43	56	41	47	35	42	36	35	36	37	34	38	29	34	26	30	27	26	24	1339	1349	34.0	24.759412985099463	37.80630874633789	10	1	0.6068935394287109	0.0007103332173122412	0.0			16.963101952765104	2.4797481155582433	15.139962001266625	18.739399447318224	9.729663608562692	20.93818635674747	5.838723284589427	15.80310445150766	3.4485637942551772	10.508530727182375	2.1296798697775365	6.438980866461782	1.4982497082847142	4.121810503776839	0.9354183398686634	2.600397104976622	0.8501289521444263	1.7709093320952445	0.6719784966881059	1.2811102955895108	0.4989206044615015	1.0721056416290775	0.4786292059541474	0.7636016544702514	0.4871060171919771	0.6336978131212724	0.4220825938893951	0.5979985355137906	0.3608197825459444	0.558724930894548	0.32454950590970744	0.49872419392252376	0.2773587659967885	0.393296853625171	0.3043691703485518	0.3510335989301833	0.2779294257779542	0.32068703119904335	0.21489255372313842	0.3007357284785994	0.2074688796680498	0.2501996273622571	0.18037518037518038	0.21996438671834082	0.18813692187091716	0.18229166666666666	0.19270916974466035	0.19139250982826403	0.18615856329391153	0.19604808337202706	0.16220146540634264	0.17626626574731713	0.14852899171665238	0.15651901706057286	0.15822784810126583	0.13735538063289135	0.14461315979754158	1.9226627227431328	1.93108779363557	1.3016845329249618	0.6086509232997958	0.9801999537053262	4.672897196261682	4.761904761904762	4.245134372931212	2.0873375931842384	15.869100000000001	0.34456086700419236	13.171617285626406	-1.6365698266583748e-05	8.182718584233625	-6.272600965353289e-06	6.715798337638284	-4.539496456355579e-06	5.9315792384016	-3.6062850335564823e-06	5.433016857002591	-3.7861100243573077e-06	5.077105561232168	-3.960432637661338e-06	4.804627533118363	-4.139369822338247e-06	4.581729473403527	-2.8827000521768708e-06	4.398976187928001	-1.5073816479299128e-06	4.242086551834644	-1.5786665319537892e-06	4.107662272502223	-3.31177368663335e-06	3.986350385923999	-3.4807185595394313e-06	3.8773173671119774	0.0	3.779029067701009	5.7950074079511366e-06	3.69020953019147	6.129015782215639e-06	3.610261921217807	6.499837504062398e-06	3.533745633019547	0.0	3.4620072404485356	-2.4494134879403126e-06	3.3974381103317692	-2.6152474154817416e-06	3.340032755217738	-2.799599097409251e-06	3.282855021080874	-2.9944512817748713e-06	3.232176962989922	-6.441597258456207e-06	3.1783323505948458	-6.937001619789878e-06	3.1298953779765584	-3.7458795325142344e-06	3.085685308018418	-1.2170681639309679e-05	3.0453445578156333	-1.3222615962341989e-05	3.006730593695053	-1.4412475438739773e-05	2.9711015466111714	-1.576574209348034e-05	2.932516184721623	-1.7263802410026818e-05
18	1	0	0	0	27562	14661	9460	35991	2625	15833	1042	4314	538	1364	312	648	218	361	170	236	129	178	108	141	91	106	78	95	76	85	64	81	55	66	44	56	52	45	56	52	46	56	39	46	34	37	34	34	30	34	27	30	23	27	21	23	20	21	21	20	19	1484	1493	33.0	23.048586302579942	36.52898406982422	9	1	0.6113080978393555	0.0007103332173122412	0.0			15.483921709624504	7.642545117132521	11.982267257758075	19.016797087588966	6.422018348623854	12.831983920510265	3.6628233970753654	7.254931638161547	2.2461589846359384	4.518800728838827	1.410743353228432	3.212055120452067	1.017502917152859	2.1471480402069827	0.803136958473095	1.5115608787548838	0.6161046900372528	1.1806062213968296	0.5183834117308247	0.9408153733235471	0.4365555289038139	0.6929463293456234	0.3733307806442349	0.6045179764556157	0.3629417382999045	0.5280815109343936	0.3069691591922874	0.49426409567976565	0.26460117386702586	0.3881667940951597	0.21313698895562877	0.3247506379030387	0.2530290496812807	0.25649794801641584	0.27491408934707906	0.2897420181645957	0.2282991711747481	0.30438091096858355	0.19490254872563717	0.24703291982170666	0.17204736362716325	0.1969656640936918	0.17522160379303237	0.17806640829579973	0.1567807682257643	0.17708333333333331	0.14453187730849526	0.15518311607697083	0.12593079281646957	0.13929732239591394	0.11745623357011017	0.11923894447612629	0.11425307055127107	0.10956331194240101	0.12306610407876231	0.1056579851022241	0.11448541817305376	2.1308674238616945	2.13722318450549	1.2633996937212864	0.5665943430186681	0.9470828991632942	4.205607476635514	4.761904761904762	4.276013583917675	2.0873375931842384	15.869100000000001	0.34456086700419236	13.171617285626406	-1.6365698266583748e-05	8.182718584233625	-6.272600965353289e-06	6.715798337638284	-4.539496456355579e-06	5.9315792384016	-3.6062850335564823e-06	5.433016857002591	-3.7861100243573077e-06	5.077105561232168	-3.960432637661338e-06	4.804627533118363	-4.139369822338247e-06	4.581729473403527	-2.8827000521768708e-06	4.398976187928001	-1.5073816479299128e-06	4.242086551834644	-1.5786665319537892e-06	4.107662272502223	-3.31177368663335e-06	3.986350385923999	-3.4807185595394313e-06	3.8773173671119774	0.0	3.779029067701009	5.7950074079511366e-06	3.69020953019147	6.129015782215639e-06	3.610261921217807	6.499837504062398e-06	3.533745633019547	0.0	3.4620072404485356	-2.4494134879403126e-06	3.3974381103317692	-2.6152474154817416e-06	3.340032755217738	-2.799599097409251e-06	3.282855021080874	-2.9944512817748713e-06	3.232176962989922	-6.441597258456207e-06	3.1783323505948458	-6.937001619789878e-06	3.1298953779765584	-3.7458795325142344e-06	3.085685308018418	-1.2170681639309679e-05	3.0453445578156333	-1.3222615962341989e-05	3.006730593695053	-1.4412475438739773e-05	2.9711015466111714	-1.576574209348034e-05	2.932516184721623	-1.7263802410026818e-05
19	1	0	0	0	37086	278	18441	28027	7104	38109	2508	20083	1086	7104	525	2508	361	1086	251	525	205	355	144	244	114	197	77	131	65	99	72	76	64	69	61	65	54	58	50	57	45	51	50	48	45	47	38	47	32	43	30	38	29	30	28	31	26	28	27	26	24	1077	1086	31.0	19.010741202456828	34.23100662231445	9	1	0.6035661697387695	0.0007103332173122412	0.0			20.834363272735445	0.1449169594545284	23.357821405953135	14.808806978796252	17.37981651376147	30.885749714313505	8.816085489313835	33.77394346063939	4.534068136272545	23.534868312075535	2.3738469886055347	12.431842966194111	1.6849474912485414	6.459287456135134	1.1858080975102754	3.362582463331839	0.9790810965708281	2.3545798235723288	0.6911778823077662	1.6280776673116701	0.5468937395058767	1.2878342158593188	0.36854448858469346	0.833598472796691	0.3104106972301815	0.6150596421471173	0.3453403040913233	0.4637539663168172	0.3078995477725392	0.4058107392813033	0.2954853710521217	0.37694270470888425	0.26276093620748386	0.33059735522115824	0.24545900834560627	0.3176018276034992	0.22333614571442753	0.27720404391781717	0.24987506246876562	0.2577734815530852	0.22770974597712784	0.2501996273622571	0.1958359101216244	0.24615062323242903	0.16723281944081525	0.22395833333333334	0.16059097478721696	0.19656528036416301	0.15878230398598334	0.1547748026621266	0.15660831142681358	0.16071335994608324	0.14852899171665238	0.14608441592320134	0.15822784810126583	0.13735538063289135	0.14461315979754158	1.5464583662392486	1.5546044061439799	1.1868300153139357	0.46733358308827194	0.8875034939698915	4.205607476635514	4.761904761904762	4.221859893101495	2.0873375931842384	15.869100000000001	0.34456086700419236	13.171617285626406	-1.6365698266583748e-05	8.182718584233625	-6.272600965353289e-06	6.715798337638284	-4.539496456355579e-06	5.9315792384016	-3.6062850335564823e-06	5.433016857002591	-3.7861100243573077e-06	5.077105561232168	-3.960432637661338e-06	4.804627533118363	-4.139369822338247e-06	4.581729473403527	-2.8827000521768708e-06	4.398976187928001	-1.5073816479299128e-06	4.242086551834644	-1.5786665319537892e-06	4.107662272502223	-3.31177368663335e-06	3.986350385923999	-3.4807185595394313e-06	3.8773173671119774	0.0	3.779029067701009	5.7950074079511366e-06	3.69020953019147	6.129015782215639e-06	3.610261921217807	6.499837504062398e-06	3.533745633019547	0.0	3.4620072404485356	-2.4494134879403126e-06	3.3974381103317692	-2.6152474154817416e-06	3.340032755217738	-2.799599097409251e-06	3.282855021080874	-2.9944512817748713e-06	3.232176962989922	-6.441597258456207e-06	3.1783323505948458	-6.937001619789878e-06	3.1298953779765584	-3.7458795325142344e-06	3.085685308018418	-1.2170681639309679e-05	3.0453445578156333	-1.3222615962341989e-05	3.006730593695053	-1.4412475438739773e-05	2.9711015466111714	-1.576574209348034e-05	2.932516184721623	-1.7263802410026818e-05
20	24538	0	0	0	7469	8320	516	561	163	169	79	80	39	39	32	32	33	33	25	25	19	20	14	14	10	10	9	8	7	7	7	7	9	9	8	8	10	10	11	10	6	6	5	4	4	4	4	4	4	4	4	3	3	3	2	2	2	2	2	2	2	3045	3054	30.0	18.076119674722154	32.71838092803955	9	1	0.5793056488037109	17.430156486407775	0.0			4.1959731241994564	4.3370831030995545	0.6535782140595313	0.296419192746448	0.39877675840978594	0.1369674276868714	0.27769966254218226	0.1345374434522308	0.1628256513026052	0.12920324664568494	0.14469162597214685	0.15862000594825024	0.1540256709451575	0.19627669065603995	0.11810837624604337	0.1601229744443733	0.09074410163339383	0.13265238442661006	0.0671978496688106	0.09341429238673517	0.04797313504437515	0.06537229522128522	0.04307662853587326	0.05090677696468342	0.033428844317096466	0.04348906560636183	0.033574751786656434	0.0427141811081279	0.043298373905513325	0.05293183555843086	0.038752179810114314	0.046392948271862675	0.04865943263101553	0.05699954400364797	0.054000981836033385	0.055719618877806874	0.029778152761923672	0.032612240460919664	0.02498750624687656	0.021481123462757105	0.02024086630907803	0.021293585307426137	0.02061430632859204	0.020948989211270554	0.020904102430101906	0.020833333333333336	0.02141212997162893	0.015518311607697082	0.0164257555847569	0.015477480266212661	0.011186307959058112	0.010368603867489242	0.011425307055127107	0.010434601137371524	0.011720581340834505	0.01056579851022241	0.012051096649795132	4.3722987234897985	4.371788081366219	1.1485451761102603	0.44435814921453987	0.8482858161624708	4.205607476635514	4.761904761904762	4.052160984420441	2.0873375931842384	15.869100000000001	0.34456086700419236	13.171617285626406	-1.6365698266583748e-05	8.182718584233625	-6.272600965353289e-06	6.715798337638284	-4.539496456355579e-06	5.9315792384016	-3.6062850335564823e-06	5.433016857002591	-3.7861100243573077e-06	5.077105561232168	-3.960432637661338e-06	4.804627533118363	-4.139369822338247e-06	4.581729473403527	-2.8827000521768708e-06	4.398976187928001	-1.5073816479299128e-06	4.242086551834644	-1.5786665319537892e-06	4.107662272502223	-3.31177368663335e-06	3.986350385923999	-3.4807185595394313e-06	3.8773173671119774	0.0	3.779029067701009	5.7950074079511366e-06	3.69020953019147	6.129015782215639e-06	3.610261921217807	6.499837504062398e-06	3.533745633019547	0.0	3.4620072404485356	-2.4494134879403126e-06	3.3974381103317692	-2.6152474154817416e-06	3.340032755217738	-2.799599097409251e-06	3.282855021080874	-2.9944512817748713e-06	3.232176962989922	-6.441597258456207e-06	3.1783323505948458	-6.937001619789878e-06	3.1298953779765584	-3.7458795325142344e-06	3.085685308018418	-1.2170681639309679e-05	3.0453445578156333	-1.3222615962341989e-05	3.006730593695053	-1.4412475438739773e-05	2.9711015466111714	-1.576574209348034e-05	2.932516184721623	-1.7263802410026818e-05
