	counts(inten<0.01	MicrocoloniesPlatonic	MicrocoloniesAggregates	MicrocoloniesLarge	counts(Norminten<0.01	counts(inten<0.02	counts(Norminten<0.02	counts(inten<0.03	counts(Norminten<0.03	counts(inten<0.04	counts(Norminten<0.04	counts(inten<0.05	counts(Norminten<0.05	counts(inten<0.060000000000000005	counts(Norminten<0.060000000000000005	counts(inten<0.06999999999999999	counts(Norminten<0.06999999999999999	counts(inten<0.08	counts(Norminten<0.08	counts(inten<0.09	counts(Norminten<0.09	counts(inten<0.09999999999999999	counts(Norminten<0.09999999999999999	counts(inten<0.11	counts(Norminten<0.11	counts(inten<0.12	counts(Norminten<0.12	counts(inten<0.13	counts(Norminten<0.13	counts(inten<0.14	counts(Norminten<0.14	counts(inten<0.15000000000000002	counts(Norminten<0.15000000000000002	counts(inten<0.16	counts(Norminten<0.16	counts(inten<0.17	counts(Norminten<0.17	counts(inten<0.18000000000000002	counts(Norminten<0.18000000000000002	counts(inten<0.19	counts(Norminten<0.19	counts(inten<0.2	counts(Norminten<0.2	counts(inten<0.21000000000000002	counts(Norminten<0.21000000000000002	counts(inten<0.22	counts(Norminten<0.22	counts(inten<0.23	counts(Norminten<0.23	counts(inten<0.24000000000000002	counts(Norminten<0.24000000000000002	counts(inten<0.25	counts(Norminten<0.25	counts(inten<0.26	counts(Norminten<0.26	counts(inten<0.27	counts(Norminten<0.27	counts(inten<0.28	counts(Norminten<0.28	counts(inten<0.29000000000000004	counts(Norminten<0.29000000000000004	diff	max	med	std	mean	min	eigenLocal	minProp	counts(inten<0.01Normalized	MicrocoloniesPlatonicNormalized	MicrocoloniesAggregatesNormalized	MicrocoloniesLargeNormalized	counts(Norminten<0.01Normalized	counts(inten<0.02Normalized	counts(Norminten<0.02Normalized	counts(inten<0.03Normalized	counts(Norminten<0.03Normalized	counts(inten<0.04Normalized	counts(Norminten<0.04Normalized	counts(inten<0.05Normalized	counts(Norminten<0.05Normalized	counts(inten<0.060000000000000005Normalized	counts(Norminten<0.060000000000000005Normalized	counts(inten<0.06999999999999999Normalized	counts(Norminten<0.06999999999999999Normalized	counts(inten<0.08Normalized	counts(Norminten<0.08Normalized	counts(inten<0.09Normalized	counts(Norminten<0.09Normalized	counts(inten<0.09999999999999999Normalized	counts(Norminten<0.09999999999999999Normalized	counts(inten<0.11Normalized	counts(Norminten<0.11Normalized	counts(inten<0.12Normalized	counts(Norminten<0.12Normalized	counts(inten<0.13Normalized	counts(Norminten<0.13Normalized	counts(inten<0.14Normalized	counts(Norminten<0.14Normalized	counts(inten<0.15000000000000002Normalized	counts(Norminten<0.15000000000000002Normalized	counts(inten<0.16Normalized	counts(Norminten<0.16Normalized	counts(inten<0.17Normalized	counts(Norminten<0.17Normalized	counts(inten<0.18000000000000002Normalized	counts(Norminten<0.18000000000000002Normalized	counts(inten<0.19Normalized	counts(Norminten<0.19Normalized	counts(inten<0.2Normalized	counts(Norminten<0.2Normalized	counts(inten<0.21000000000000002Normalized	counts(Norminten<0.21000000000000002Normalized	counts(inten<0.22Normalized	counts(Norminten<0.22Normalized	counts(inten<0.23Normalized	counts(Norminten<0.23Normalized	counts(inten<0.24000000000000002Normalized	counts(Norminten<0.24000000000000002Normalized	counts(inten<0.25Normalized	counts(Norminten<0.25Normalized	counts(inten<0.26Normalized	counts(Norminten<0.26Normalized	counts(inten<0.27Normalized	counts(Norminten<0.27Normalized	counts(inten<0.28Normalized	counts(Norminten<0.28Normalized	counts(inten<0.29000000000000004Normalized	counts(Norminten<0.29000000000000004Normalized	diffNormalized	maxNormalized	medNormalized	stdNormalized	meanNormalized	minNormalized	eigenLocalNormalized	minPropNormalized	BioVolume	SubstratumCoverage	Homogenity	ThicknessThreshold=0.01	RoughnessThreshold=0.01	ThicknessThreshold=0.02	RoughnessThreshold=0.02	ThicknessThreshold=0.03	RoughnessThreshold=0.03	ThicknessThreshold=0.04	RoughnessThreshold=0.04	ThicknessThreshold=0.05	RoughnessThreshold=0.05	ThicknessThreshold=0.060000000000000005	RoughnessThreshold=0.060000000000000005	ThicknessThreshold=0.06999999999999999	RoughnessThreshold=0.06999999999999999	ThicknessThreshold=0.08	RoughnessThreshold=0.08	ThicknessThreshold=0.09	RoughnessThreshold=0.09	ThicknessThreshold=0.09999999999999999	RoughnessThreshold=0.09999999999999999	ThicknessThreshold=0.11	RoughnessThreshold=0.11	ThicknessThreshold=0.12	RoughnessThreshold=0.12	ThicknessThreshold=0.13	RoughnessThreshold=0.13	ThicknessThreshold=0.14	RoughnessThreshold=0.14	ThicknessThreshold=0.15000000000000002	RoughnessThreshold=0.15000000000000002	ThicknessThreshold=0.16	RoughnessThreshold=0.16	ThicknessThreshold=0.17	RoughnessThreshold=0.17	ThicknessThreshold=0.18000000000000002	RoughnessThreshold=0.18000000000000002	ThicknessThreshold=0.19	RoughnessThreshold=0.19	ThicknessThreshold=0.2	RoughnessThreshold=0.2	ThicknessThreshold=0.21000000000000002	RoughnessThreshold=0.21000000000000002	ThicknessThreshold=0.22	RoughnessThreshold=0.22	ThicknessThreshold=0.23	RoughnessThreshold=0.23	ThicknessThreshold=0.24000000000000002	RoughnessThreshold=0.24000000000000002	ThicknessThreshold=0.25	RoughnessThreshold=0.25	ThicknessThreshold=0.26	RoughnessThreshold=0.26	ThicknessThreshold=0.27	RoughnessThreshold=0.27	ThicknessThreshold=0.28	RoughnessThreshold=0.28	ThicknessThreshold=0.29000000000000004	RoughnessThreshold=0.29000000000000004
0	1	23	0	0	3580	453	4034	455	4388	281	4790	225	5109	273	5360	301	5523	429	5651	629	5758	887	5824	1248	5805	1626	5698	2065	5585	2451	5468	2948	5282	3474	5113	4024	4954	4442	4776	4914	4503	5257	4233	5501	3893	5626	3555	5768	3312	5839	3004	5773	2697	5640	2410	5500	2179	5308	1934	5099	1694	4077	4095	589.0	384.2242412281036	628.554217338562	18	1	0.5368223190307617	0.0003703854601483764	10.176991150442479			5.999765372303877	0.3433040552317871	11.375877724824456	0.9109838625715773	14.276883032373517	0.9926873211573108	16.162229645375714	1.072041166380789	17.2287043906387	1.4922925549360446	17.928220222764825	1.7448263868761231	18.2572476942911	2.5198237885462555	18.497545008183305	3.626196241208348	18.820683794208016	4.967239737917904	18.933680104031207	6.614724121481953	18.85536102900575	8.217516551271038	18.659942363112393	9.824444550168895	18.476858437820493	11.205595940200247	18.283345036279133	12.884615384615383	18.043314886930382	14.38747618653193	17.820298341000974	15.957488995518895	17.638053191868124	17.06164778183215	17.491942572516848	18.252730109204368	17.05100533908895	19.09137129575828	16.54679071221953	19.682982682123946	15.849686507613386	19.955308055191004	15.096823509427551	20.2870005627462	14.712807072098085	20.575073117446	14.090056285178237	20.56570838231627	13.360083221875465	20.529246896953374	12.631027253668764	20.410435298920103	12.059995572282487	20.259541984732824	11.441079034548036	20.100918516182443	10.761021471223478	4.764854378009444	4.773506166507356	18.106363356901323	8.660538957116962	13.943959371119243	8.108108108108109	4.761904761904762	3.615366458729738	2.6171476888387826	14.990300000000001	0.21964409371931273	13.38086945064262	-2.8643719864419728e-06	8.941029083917542	-4.914821233207284e-06	7.503378395795591	-5.155500196940108e-06	6.73431923147778	-5.386642419593589e-06	6.226874568712645	-5.6193855314309094e-06	5.851340500329982	-4.688914000628315e-06	5.55847115940467	-4.899036971807267e-06	5.316321160387652	-7.701697839288672e-06	5.114719807272128	-8.102359812295332e-06	4.9406896630392625	-8.555210336975476e-06	4.787916756722443	-1.209142325120234e-05	4.653463752883175	-3.2191811690778332e-06	4.537155179540882	-1.3779063058159703e-05	4.431610559331863	-1.482118243393458e-05	4.334646457768396	-1.4019150159117354e-05	4.246814039119421	-8.70483009259763e-06	4.165226848678699	-9.519480426758307e-06	4.090958103892297	-1.308602491055702e-05	4.023247055006055	-1.4485993492891724e-05	3.9620620497971872	-1.6121907415110097e-05	3.9024842684609204	-1.8009840576891214e-05	3.846840230155574	-2.0288831809642063e-05	3.7981489582134222	-2.302301380459908e-05	3.7485803356810714	-3.148994683447309e-05	3.7001673730854447	-3.612390499412987e-05	3.65115552996191	-4.162850720173175e-05	3.6021614564444766	-5.641430666817105e-05	3.5542260548662234	-6.590033985746697e-05	3.507473941006875	-7.762339347298152e-05
1	7	37	0	0	3160	572	3541	507	3799	275	4137	308	4396	430	4665	567	4873	751	5056	901	5221	1181	5329	1410	5432	1708	5458	2017	5479	2320	5411	2680	5319	3104	5210	3531	5095	3841	4937	4214	4789	4499	4643	4771	4441	5024	4238	5221	4015	5347	3760	5477	3514	5485	3256	5440	3052	5330	2830	5186	2582	4083	4095	566.0	424.7972391223279	629.5692501068115	12	1	0.5518178939819336	0.002592698221038635	16.371681415929203			5.295882283933031	0.43348768121982834	9.9856180028764	1.015096304008329	12.360501057426386	0.9714911505987918	13.958902722947666	1.4675052410901468	14.824307007486343	2.3504974308516453	15.60357226477573	3.2867659845806037	16.108558394763808	4.411160058737151	16.54991816693944	5.194281102271417	17.065437667516505	6.613652909223274	17.32444733420026	7.473366194943552	17.64381069932114	8.631930055086674	17.873984804820537	9.596079737380466	18.126178582062394	10.606684039683628	18.09275420470124	11.713286713286713	18.169706907153106	12.855131284684834	18.158371671546075	14.002458658841258	18.1400647986613	14.753216823506818	18.08159976560211	15.6526261050442	18.13396948010148	16.33861127251598	18.14948010319756	17.070988979533418	18.08077518117417	17.820026247650127	17.99728214710379	18.36311198649409	17.83572475678557	18.841396807498505	17.636022514071296	19.51123935734388	17.40724228463863	19.96505660102646	17.064989517819708	20.187776004750067	16.891742306840822	20.34351145038168	16.741599621391387	20.443883786021207	16.40198195909033	4.771866672899818	4.773506166507356	17.39932370119889	9.575067482820646	13.966477039906442	5.405405405405405	4.761904761904762	3.7163579726550897	2.6171476888387826	14.990300000000001	0.21964409371931273	13.38086945064262	-2.8643719864419728e-06	8.941029083917542	-4.914821233207284e-06	7.503378395795591	-5.155500196940108e-06	6.73431923147778	-5.386642419593589e-06	6.226874568712645	-5.6193855314309094e-06	5.851340500329982	-4.688914000628315e-06	5.55847115940467	-4.899036971807267e-06	5.316321160387652	-7.701697839288672e-06	5.114719807272128	-8.102359812295332e-06	4.9406896630392625	-8.555210336975476e-06	4.787916756722443	-1.209142325120234e-05	4.653463752883175	-3.2191811690778332e-06	4.537155179540882	-1.3779063058159703e-05	4.431610559331863	-1.482118243393458e-05	4.334646457768396	-1.4019150159117354e-05	4.246814039119421	-8.70483009259763e-06	4.165226848678699	-9.519480426758307e-06	4.090958103892297	-1.308602491055702e-05	4.023247055006055	-1.4485993492891724e-05	3.9620620497971872	-1.6121907415110097e-05	3.9024842684609204	-1.8009840576891214e-05	3.846840230155574	-2.0288831809642063e-05	3.7981489582134222	-2.302301380459908e-05	3.7485803356810714	-3.148994683447309e-05	3.7001673730854447	-3.612390499412987e-05	3.65115552996191	-4.162850720173175e-05	3.6021614564444766	-5.641430666817105e-05	3.5542260548662234	-6.590033985746697e-05	3.507473941006875	-7.762339347298152e-05
2	83	35	0	0	2719	1031	2911	536	3072	611	3202	730	3393	889	3552	1074	3697	1280	3810	1460	3895	1629	3986	1893	4031	2123	4040	2372	4037	2570	4037	2785	4077	2996	4036	3179	3982	3358	3901	3536	3814	3714	3778	3816	3732	3922	3677	4013	3542	4048	3446	4048	3333	4038	3187	4074	3095	4041	2956	3923	2791	4083	4095	457.0	451.74460998124295	569.0756244659424	12	1	0.5874004364013672	0.030741993192315242	15.486725663716813			4.556805041143643	0.7813388100308443	8.209018358196328	1.0731590117326713	9.995119570522206	2.158476701875861	10.804062489455749	3.4781780064798937	11.441963984622648	4.859516781458402	11.880790714787437	6.225726044866964	12.22108360054213	7.518355359765051	12.471358428805237	8.416926092470886	12.731254494345295	9.122472979783838	12.958387516254877	10.033391636190174	13.093188683535258	10.729266690251176	13.230285564579514	11.285027831961559	13.355609223541867	11.749645681890916	13.498512054034173	12.172202797202797	13.927034228325477	12.40785223225379	14.066638784330127	12.606574929610979	14.177377434400256	12.898021893604763	14.287283914444771	13.134239655300497	14.442046272104205	13.487797791981407	14.768196388085371	13.65392872477458	15.194202426512499	13.911254566736424	15.614914217767964	14.114378165447384	15.73452978543823	14.264068501356636	16.163227016885553	14.42057639556838	16.5106256501709	14.698067193244277	16.70335429769392	15.118566074145544	17.129732123090548	15.423664122137403	17.486985328916234	15.464974179051524	17.72964045229323	4.771866672899818	4.773506166507356	14.048570550261296	10.182469957921017	12.624475610467895	5.405405405405405	4.761904761904762	3.9559976556917715	2.6171476888387826	14.990300000000001	0.21964409371931273	13.38086945064262	-2.8643719864419728e-06	8.941029083917542	-4.914821233207284e-06	7.503378395795591	-5.155500196940108e-06	6.73431923147778	-5.386642419593589e-06	6.226874568712645	-5.6193855314309094e-06	5.851340500329982	-4.688914000628315e-06	5.55847115940467	-4.899036971807267e-06	5.316321160387652	-7.701697839288672e-06	5.114719807272128	-8.102359812295332e-06	4.9406896630392625	-8.555210336975476e-06	4.787916756722443	-1.209142325120234e-05	4.653463752883175	-3.2191811690778332e-06	4.537155179540882	-1.3779063058159703e-05	4.431610559331863	-1.482118243393458e-05	4.334646457768396	-1.4019150159117354e-05	4.246814039119421	-8.70483009259763e-06	4.165226848678699	-9.519480426758307e-06	4.090958103892297	-1.308602491055702e-05	4.023247055006055	-1.4485993492891724e-05	3.9620620497971872	-1.6121907415110097e-05	3.9024842684609204	-1.8009840576891214e-05	3.846840230155574	-2.0288831809642063e-05	3.7981489582134222	-2.302301380459908e-05	3.7485803356810714	-3.148994683447309e-05	3.7001673730854447	-3.612390499412987e-05	3.65115552996191	-4.162850720173175e-05	3.6021614564444766	-5.641430666817105e-05	3.5542260548662234	-6.590033985746697e-05	3.507473941006875	-7.762339347298152e-05
3	163	34	0	0	2409	1475	2534	1101	2647	1156	2768	1192	2867	1341	2947	1510	3018	1641	3110	1775	3130	1961	3127	2136	3138	2305	3203	2486	3251	2595	3279	2736	3244	2857	3227	2947	3216	3027	3159	3096	3129	3129	3045	3123	2963	3196	2888	3223	2852	3261	2782	3244	2667	3233	2596	3216	2484	3142	2387	3099	2305	4083	4095	343.0	429.38633159936956	480.9554853439331	12	1	0.6161823272705078	0.060372830004185356	15.04424778761062			4.037272285441351	1.117822254893788	7.145878570824286	2.204380731189685	8.61233121848056	4.083795527608012	9.339676755407092	5.679435868115113	9.668172927766912	7.330272220400132	9.857176305314914	8.753115761405136	9.976529701497471	9.638766519823788	10.180032733224223	10.232906722010839	10.230764202131137	10.981687853502828	10.165799739921976	11.321354746382573	10.192613765550394	11.649062515793197	10.489258580036678	11.827394262334078	10.755285010090317	11.863941846111645	10.963988363928177	11.958041958041958	11.081505773040924	11.832187525884203	11.247037501742646	11.686560653527382	11.450137074091217	11.626656424044555	11.569733372399648	11.49988856697125	11.84823355674202	11.363306217315513	11.90290047689782	11.17432374409618	12.063349890074099	11.336147270599085	12.264311194156615	11.33581879572313	12.669361645417796	11.490891151908102	13.048780487804878	11.556410530440669	13.211472729974735	11.76791759181742	13.60587002096436	11.934538167514008	13.748062873588665	11.992366412213741	14.120918125887364	12.21665943942918	14.642358023122856	4.771866672899818	4.773506166507356	10.54411312634491	9.678507114969303	10.669602656313764	5.405405405405405	4.761904761904762	4.14983662098477	2.6171476888387826	14.990300000000001	0.21964409371931273	13.38086945064262	-2.8643719864419728e-06	8.941029083917542	-4.914821233207284e-06	7.503378395795591	-5.155500196940108e-06	6.73431923147778	-5.386642419593589e-06	6.226874568712645	-5.6193855314309094e-06	5.851340500329982	-4.688914000628315e-06	5.55847115940467	-4.899036971807267e-06	5.316321160387652	-7.701697839288672e-06	5.114719807272128	-8.102359812295332e-06	4.9406896630392625	-8.555210336975476e-06	4.787916756722443	-1.209142325120234e-05	4.653463752883175	-3.2191811690778332e-06	4.537155179540882	-1.3779063058159703e-05	4.431610559331863	-1.482118243393458e-05	4.334646457768396	-1.4019150159117354e-05	4.246814039119421	-8.70483009259763e-06	4.165226848678699	-9.519480426758307e-06	4.090958103892297	-1.308602491055702e-05	4.023247055006055	-1.4485993492891724e-05	3.9620620497971872	-1.6121907415110097e-05	3.9024842684609204	-1.8009840576891214e-05	3.846840230155574	-2.0288831809642063e-05	3.7981489582134222	-2.302301380459908e-05	3.7485803356810714	-3.148994683447309e-05	3.7001673730854447	-3.612390499412987e-05	3.65115552996191	-4.162850720173175e-05	3.6021614564444766	-5.641430666817105e-05	3.5542260548662234	-6.590033985746697e-05	3.507473941006875	-7.762339347298152e-05
4	315	27	0	0	2060	2461	2132	2086	2173	1907	2280	1733	2373	1809	2420	1819	2501	1843	2531	1982	2552	2029	2618	2129	2604	2158	2590	2269	2559	2372	2558	2424	2555	2505	2539	2522	2472	2597	2425	2630	2397	2610	2370	2590	2326	2554	2276	2545	2209	2541	2131	2456	2044	2421	1987	2379	1899	2356	1821	2291	1740	4085	4095	243.0	389.86343564458537	390.58745861053467	10	1	0.6492557525634766	0.11667141994673856	11.946902654867257			3.4523789572474817	1.8650580130804149	6.01223879755224	4.176510631482	7.070115503497641	6.736849542515985	7.6930863447717375	8.257099294835143	8.002293113913804	9.888488028861921	8.09445763789009	10.544316271520492	8.26749528941192	10.82525697503671	8.284779050736498	11.426265421422807	8.341504870235994	11.362490899927199	8.511053315994799	11.284252928393492	8.458115438334362	10.90615050285541	8.481791983232906	10.79499500451972	8.465941046084627	10.844420061262744	8.553181529407832	10.594405594405593	8.727881396461024	10.374389132775615	8.84915655931967	10.001189673632867	8.801224765905935	9.975033608603802	8.8814825666569	9.76896218705891	9.076451209814836	9.478500871586288	9.264326479555937	9.267210533848576	9.4699128735445	9.05898627318838	9.665364362153898	8.951181767023073	9.812980320732088	8.953803869058106	9.9953095684803	8.74924299098714	10.125328181502947	8.812288428639027	10.414046121593291	8.828441013841987	10.510294443214523	8.99236641221374	10.772598201609087	9.031418772420862	11.053233388387753	4.774204104529942	4.773506166507356	7.470027666769136	8.78764822740817	8.66486216065021	4.504504504504505	4.761904761904762	4.372578016490443	2.6171476888387826	14.990300000000001	0.21964409371931273	13.38086945064262	-2.8643719864419728e-06	8.941029083917542	-4.914821233207284e-06	7.503378395795591	-5.155500196940108e-06	6.73431923147778	-5.386642419593589e-06	6.226874568712645	-5.6193855314309094e-06	5.851340500329982	-4.688914000628315e-06	5.55847115940467	-4.899036971807267e-06	5.316321160387652	-7.701697839288672e-06	5.114719807272128	-8.102359812295332e-06	4.9406896630392625	-8.555210336975476e-06	4.787916756722443	-1.209142325120234e-05	4.653463752883175	-3.2191811690778332e-06	4.537155179540882	-1.3779063058159703e-05	4.431610559331863	-1.482118243393458e-05	4.334646457768396	-1.4019150159117354e-05	4.246814039119421	-8.70483009259763e-06	4.165226848678699	-9.519480426758307e-06	4.090958103892297	-1.308602491055702e-05	4.023247055006055	-1.4485993492891724e-05	3.9620620497971872	-1.6121907415110097e-05	3.9024842684609204	-1.8009840576891214e-05	3.846840230155574	-2.0288831809642063e-05	3.7981489582134222	-2.302301380459908e-05	3.7485803356810714	-3.148994683447309e-05	3.7001673730854447	-3.612390499412987e-05	3.65115552996191	-4.162850720173175e-05	3.6021614564444766	-5.641430666817105e-05	3.5542260548662234	-6.590033985746697e-05	3.507473941006875	-7.762339347298152e-05
5	594	20	0	0	1874	4287	1858	3436	1909	2535	1912	2160	1963	1943	1969	1885	1972	1849	1958	1884	1941	1884	1966	1916	1997	1951	1958	1966	1962	1961	1964	1962	1961	1977	1960	1986	1914	1993	1864	1978	1838	1979	1764	1965	1703	1954	1670	1924	1632	1866	1570	1840	1553	1764	1509	1704	1427	1655	1345	1621	1278	4084	4095	168.0	340.3068063229809	306.63632583618164	11	1	0.6832599639892578	0.22000896332813558	8.849557522123893			3.1406593038261073	3.2488840723590977	5.23955895208821	6.8794297841669	6.211159915405888	8.955382060974317	6.451395215440159	10.291595197255575	6.619680312942605	10.620968623592434	6.585945078101482	10.92690278824416	6.5187927671812504	10.86049926578561	6.409165302782324	10.861293670010378	6.344381251225731	10.550484403875231	6.3914174252275675	10.15529760958287	6.48650404391464	9.860009096881791	6.412103746397695	9.353442123792759	6.490885632050815	8.965391121473964	6.567024442438226	8.575174825174825	6.698777071804332	8.18769154311273	6.831172452251498	7.875639449577666	6.814540534766975	7.655079700403303	6.826838558452975	7.347151028898299	6.9597485705630655	7.186955258570599	6.895473379720116	7.030914555603262	6.933474472762804	6.930798425140992	7.091897401053168	6.7670230725942595	7.249788992048332	6.575284541386236	7.363977485928705	6.554807452531082	7.6930697973943625	6.420849561387544	7.908805031446541	6.323523954429064	7.897941111357095	6.316793893129772	7.956696639848556	6.3901919817085195	8.11840935078135	4.77303538871488	4.773506166507356	5.164463572087304	7.670625736970448	6.802475190244311	4.954954954954955	4.761904761904762	4.60158802797113	2.6171476888387826	14.990300000000001	0.21964409371931273	13.38086945064262	-2.8643719864419728e-06	8.941029083917542	-4.914821233207284e-06	7.503378395795591	-5.155500196940108e-06	6.73431923147778	-5.386642419593589e-06	6.226874568712645	-5.6193855314309094e-06	5.851340500329982	-4.688914000628315e-06	5.55847115940467	-4.899036971807267e-06	5.316321160387652	-7.701697839288672e-06	5.114719807272128	-8.102359812295332e-06	4.9406896630392625	-8.555210336975476e-06	4.787916756722443	-1.209142325120234e-05	4.653463752883175	-3.2191811690778332e-06	4.537155179540882	-1.3779063058159703e-05	4.431610559331863	-1.482118243393458e-05	4.334646457768396	-1.4019150159117354e-05	4.246814039119421	-8.70483009259763e-06	4.165226848678699	-9.519480426758307e-06	4.090958103892297	-1.308602491055702e-05	4.023247055006055	-1.4485993492891724e-05	3.9620620497971872	-1.6121907415110097e-05	3.9024842684609204	-1.8009840576891214e-05	3.846840230155574	-2.0288831809642063e-05	3.7981489582134222	-2.302301380459908e-05	3.7485803356810714	-3.148994683447309e-05	3.7001673730854447	-3.612390499412987e-05	3.65115552996191	-4.162850720173175e-05	3.6021614564444766	-5.641430666817105e-05	3.5542260548662234	-6.590033985746697e-05	3.507473941006875	-7.762339347298152e-05
6	873	17	0	0	1759	6454	1672	4268	1672	2812	1622	2277	1612	1922	1613	1792	1637	1674	1629	1674	1608	1612	1656	1615	1698	1618	1679	1652	1653	1644	1601	1662	1551	1697	1546	1693	1524	1665	1508	1629	1460	1569	1449	1551	1411	1525	1341	1506	1299	1461	1244	1448	1198	1394	1145	1330	1104	1289	1040	1234	971	4085	4095	131.0	297.11213698028615	251.58494186401367	10	1	0.7073202133178711	0.32334650670953263	7.52212389380531			2.947929410581709	4.891135480057293	4.715039056992189	8.545228847154927	5.440052057914429	9.933938601759282	5.472888618956034	10.849056603773585	5.436028866257503	10.506176888597354	5.395190152858146	10.387803605588083	5.41139135896334	9.832599118942731	5.332242225859247	9.650639916983742	5.255932535791332	9.027272218177746	5.383615084525357	8.559919436052366	5.515314905641992	8.177085965532925	5.498428084883416	7.859555640135116	5.468620769510702	7.516115759155123	5.3532617781790215	7.263986013986014	5.298216847714696	7.0280791849581705	5.388261536316744	6.7137248681445065	5.425997792573076	6.395237180718263	5.523000292997363	6.050813461109874	5.528418342231815	5.697995351539802	5.664138847627238	5.549592099613568	5.744646201449393	5.40914411378711	5.694751146594191	5.296848621271807	5.77051219403847	5.148172944783115	5.834896810506566	5.15834847351359	5.934512309902412	5.074072725949113	6.00104821802935	4.935614354102498	6.110250166039407	4.919847328244275	6.1523899668717466	4.864587850356763	6.168212425358913	4.774204104529942	4.773506166507356	4.027051952044267	6.697003886911	5.581205425032761	4.504504504504505	4.761904761904762	4.763627897267917	2.6171476888387826	14.990300000000001	0.21964409371931273	13.38086945064262	-2.8643719864419728e-06	8.941029083917542	-4.914821233207284e-06	7.503378395795591	-5.155500196940108e-06	6.73431923147778	-5.386642419593589e-06	6.226874568712645	-5.6193855314309094e-06	5.851340500329982	-4.688914000628315e-06	5.55847115940467	-4.899036971807267e-06	5.316321160387652	-7.701697839288672e-06	5.114719807272128	-8.102359812295332e-06	4.9406896630392625	-8.555210336975476e-06	4.787916756722443	-1.209142325120234e-05	4.653463752883175	-3.2191811690778332e-06	4.537155179540882	-1.3779063058159703e-05	4.431610559331863	-1.482118243393458e-05	4.334646457768396	-1.4019150159117354e-05	4.246814039119421	-8.70483009259763e-06	4.165226848678699	-9.519480426758307e-06	4.090958103892297	-1.308602491055702e-05	4.023247055006055	-1.4485993492891724e-05	3.9620620497971872	-1.6121907415110097e-05	3.9024842684609204	-1.8009840576891214e-05	3.846840230155574	-2.0288831809642063e-05	3.7981489582134222	-2.302301380459908e-05	3.7485803356810714	-3.148994683447309e-05	3.7001673730854447	-3.612390499412987e-05	3.65115552996191	-4.162850720173175e-05	3.6021614564444766	-5.641430666817105e-05	3.5542260548662234	-6.590033985746697e-05	3.507473941006875	-7.762339347298152e-05
7	1818	13	0	0	1726	7449	1631	4536	1498	2931	1413	2278	1392	1843	1423	1679	1401	1522	1446	1437	1447	1384	1404	1425	1388	1401	1393	1453	1373	1451	1379	1409	1371	1372	1364	1379	1345	1393	1309	1365	1300	1366	1251	1358	1197	1307	1175	1310	1132	1266	1069	1212	1039	1187	988	1147	937	1079	886	1042	826	4085	4095	111.0	275.57194233885446	220.77139377593994	10	1	0.7234048843383789	0.6733607665497483	5.752212389380531			2.8926243107811427	5.645191848612764	4.599419080116184	9.081808353021263	4.87392223849032	10.354329317836578	4.767689037351959	10.853821231179722	4.69413907061442	10.074341314092052	4.759674883767602	9.732769114833923	4.631251859442663	8.939794419970632	4.733224222585925	8.284330681425113	4.729685559259986	7.750462003696029	4.5643693107932375	7.552870090634441	4.508396401078377	7.080406327386668	4.561828661252292	6.912793187116419	4.542296622225163	6.633749371371096	4.610960644665128	6.158216783216783	4.68333674933388	5.682100554957343	4.753938380036247	5.468533132410675	4.788692277566134	5.350489725369695	4.794169352475828	5.070202808112325	4.922564277329698	4.960778617083092	4.890157141740286	4.859023901531415	4.873381646445729	4.635902528996559	4.989808051639205	4.607484524479459	5.028652658700191	4.461045139011241	5.014071294559099	4.317623169819386	5.146876702828553	4.320605685582208	5.178197064989518	4.256503506883883	5.185964135488156	4.1183206106870225	5.241362991008045	4.1076989789884495	5.247109642993267	4.774204104529942	4.773506166507356	3.4122348601291117	6.211480916679531	4.89763215359817	4.504504504504505	4.761904761904762	4.871954205705019	2.6171476888387826	14.990300000000001	0.21964409371931273	13.38086945064262	-2.8643719864419728e-06	8.941029083917542	-4.914821233207284e-06	7.503378395795591	-5.155500196940108e-06	6.73431923147778	-5.386642419593589e-06	6.226874568712645	-5.6193855314309094e-06	5.851340500329982	-4.688914000628315e-06	5.55847115940467	-4.899036971807267e-06	5.316321160387652	-7.701697839288672e-06	5.114719807272128	-8.102359812295332e-06	4.9406896630392625	-8.555210336975476e-06	4.787916756722443	-1.209142325120234e-05	4.653463752883175	-3.2191811690778332e-06	4.537155179540882	-1.3779063058159703e-05	4.431610559331863	-1.482118243393458e-05	4.334646457768396	-1.4019150159117354e-05	4.246814039119421	-8.70483009259763e-06	4.165226848678699	-9.519480426758307e-06	4.090958103892297	-1.308602491055702e-05	4.023247055006055	-1.4485993492891724e-05	3.9620620497971872	-1.6121907415110097e-05	3.9024842684609204	-1.8009840576891214e-05	3.846840230155574	-2.0288831809642063e-05	3.7981489582134222	-2.302301380459908e-05	3.7485803356810714	-3.148994683447309e-05	3.7001673730854447	-3.612390499412987e-05	3.65115552996191	-4.162850720173175e-05	3.6021614564444766	-5.641430666817105e-05	3.5542260548662234	-6.590033985746697e-05	3.507473941006875	-7.762339347298152e-05
8	3758	8	0	0	1951	10358	1450	5008	1244	2726	1154	1858	1103	1399	1077	1258	1091	1129	1094	1103	1038	1066	997	1096	974	1067	982	1021	969	986	986	977	948	973	915	981	894	945	887	925	836	896	805	896	765	845	720	810	662	768	620	723	566	662	532	620	504	562	473	526	418	4085	4095	82.0	213.54077481996032	159.2921018600464	10	1	0.7528076171875	1.3919085592375986	3.5398230088495577			3.2697045366940958	7.849764688942275	4.088999182200164	10.026828975293316	4.047502846917196	9.63012682375384	3.8937814218713096	8.85267772060225	3.719565657246914	7.647316059910353	3.602368130581664	7.292330879369311	3.6064923473604176	6.631424375917767	3.5810147299509003	6.358814712325608	3.392822121984703	5.969647757182058	3.241222366710013	5.809084645147612	3.163672978854711	5.392429372820539	3.2158763426774954	4.857509872020553	3.2057432097131704	4.507840716865542	3.296887016417561	4.270104895104895	3.2383685181389628	4.029652944587095	3.1890422417398576	3.890232779474164	3.1829672090290884	3.6297292106779335	3.2486082625256376	3.435851719783077	3.16558748911356	3.2539221382916907	3.1467438042373543	3.20595391441248	3.1145672176532857	2.997197886000071	3.0575845082384916	2.8489026449071466	2.9407845053529384	2.7062264350399943	2.908067542213884	2.575611841402159	2.8037846138604055	2.4096385542168677	2.788259958071279	2.3008127064237205	2.7894620323223376	2.145038167938931	2.7981542830099384	2.073560137186108	2.6553169864057935	4.774204104529942	4.773506166507356	2.5207500768521367	4.813278291213493	3.533764526919523	4.504504504504505	4.761904761904762	5.06997438923545	2.6171476888387826	14.990300000000001	0.21964409371931273	13.38086945064262	-2.8643719864419728e-06	8.941029083917542	-4.914821233207284e-06	7.503378395795591	-5.155500196940108e-06	6.73431923147778	-5.386642419593589e-06	6.226874568712645	-5.6193855314309094e-06	5.851340500329982	-4.688914000628315e-06	5.55847115940467	-4.899036971807267e-06	5.316321160387652	-7.701697839288672e-06	5.114719807272128	-8.102359812295332e-06	4.9406896630392625	-8.555210336975476e-06	4.787916756722443	-1.209142325120234e-05	4.653463752883175	-3.2191811690778332e-06	4.537155179540882	-1.3779063058159703e-05	4.431610559331863	-1.482118243393458e-05	4.334646457768396	-1.4019150159117354e-05	4.246814039119421	-8.70483009259763e-06	4.165226848678699	-9.519480426758307e-06	4.090958103892297	-1.308602491055702e-05	4.023247055006055	-1.4485993492891724e-05	3.9620620497971872	-1.6121907415110097e-05	3.9024842684609204	-1.8009840576891214e-05	3.846840230155574	-2.0288831809642063e-05	3.7981489582134222	-2.302301380459908e-05	3.7485803356810714	-3.148994683447309e-05	3.7001673730854447	-3.612390499412987e-05	3.65115552996191	-4.162850720173175e-05	3.6021614564444766	-5.641430666817105e-05	3.5542260548662234	-6.590033985746697e-05	3.507473941006875	-7.762339347298152e-05
9	4974	3	0	0	2176	11604	1497	4777	1251	2465	1052	1535	1018	1268	946	1066	902	1001	859	946	837	896	816	854	798	827	778	811	765	801	745	768	687	765	673	735	673	692	613	664	574	657	538	606	502	551	460	517	420	477	395	442	389	406	367	391	342	379	291	358	271	4085	4095	71.0	179.05198711879154	130.80189323425293	10	1	0.7614011764526367	1.8422972787780243	1.3274336283185841			3.6467847626070493	8.794040302228824	4.221539155692168	9.564329475833901	4.070278184480234	8.70809340445826	3.5496170327631	7.3137030684200495	3.4329264180211774	6.931234284464852	3.1641970766297622	6.179351921627732	2.981719612574791	5.879588839941262	2.8117839607201307	5.45370690649141	2.7358305550107866	5.017640141121129	2.6527958387516257	4.526421794667939	2.59200311819924	4.179511800677212	2.547812418129421	3.858413816071174	2.5308499024051345	3.662049101632149	2.4910556057110376	3.3566433566433567	2.34679237548678	3.1682266213865646	2.345601561410846	2.9147004005234565	2.3961263217858795	2.6579604378720956	2.2450922941693525	2.4663843696605006	2.173501457836344	2.385967460778617	2.1030412008443435	2.1683125805066554	2.0438075075319597	1.954385840456851	1.9534567691523694	1.8183736634777716	1.8657545200124384	1.6808203248881215	1.8527204502814258	1.5745787467493142	1.9269827116461087	1.4778145815891965	1.9234800838574424	1.4509964003414109	1.8928492362187292	1.4465648854961832	1.721486038807383	1.411282374738834	1.7215093380764834	4.774204104529942	4.773506166507356	2.1826006762988013	4.035889835672544	2.9017326343727055	4.504504504504505	4.761904761904762	5.127849900045763	2.6171476888387826	14.990300000000001	0.21964409371931273	13.38086945064262	-2.8643719864419728e-06	8.941029083917542	-4.914821233207284e-06	7.503378395795591	-5.155500196940108e-06	6.73431923147778	-5.386642419593589e-06	6.226874568712645	-5.6193855314309094e-06	5.851340500329982	-4.688914000628315e-06	5.55847115940467	-4.899036971807267e-06	5.316321160387652	-7.701697839288672e-06	5.114719807272128	-8.102359812295332e-06	4.9406896630392625	-8.555210336975476e-06	4.787916756722443	-1.209142325120234e-05	4.653463752883175	-3.2191811690778332e-06	4.537155179540882	-1.3779063058159703e-05	4.431610559331863	-1.482118243393458e-05	4.334646457768396	-1.4019150159117354e-05	4.246814039119421	-8.70483009259763e-06	4.165226848678699	-9.519480426758307e-06	4.090958103892297	-1.308602491055702e-05	4.023247055006055	-1.4485993492891724e-05	3.9620620497971872	-1.6121907415110097e-05	3.9024842684609204	-1.8009840576891214e-05	3.846840230155574	-2.0288831809642063e-05	3.7981489582134222	-2.302301380459908e-05	3.7485803356810714	-3.148994683447309e-05	3.7001673730854447	-3.612390499412987e-05	3.65115552996191	-4.162850720173175e-05	3.6021614564444766	-5.641430666817105e-05	3.5542260548662234	-6.590033985746697e-05	3.507473941006875	-7.762339347298152e-05
10	6453	4	0	0	2386	11841	1462	4315	1170	2183	1036	1410	910	1168	833	986	812	886	770	825	750	770	728	767	706	755	660	718	643	681	633	647	578	639	517	605	496	542	487	500	445	498	425	470	407	436	389	406	361	397	315	372	306	323	282	312	281	285	264	282	241	4085	4095	65.0	165.74855226595943	118.09442615509033	10	1	0.7680778503417969	2.390097374337473	1.7699115044247788			3.998726306792472	8.973649708608368	4.122839175432165	8.639330476915069	3.806734992679356	7.711873388207864	3.495630461922597	6.7181246426529455	3.0687259728873	6.38460697496447	2.7862327323811753	5.715610689235406	2.6842087864863973	5.204111600587372	2.520458265139116	4.756139744033207	2.451461070798196	4.31203449627597	2.366710013003901	4.0652991996607835	2.2931756910384253	3.8156365290342142	2.161383285302594	3.4159569912935916	2.127237238230721	3.1134275133726512	2.116561340154479	2.827797202797203	1.9744483159117305	2.646401060217013	1.8018959988847065	2.3991751596145456	1.7659415387901876	2.081812944113693	1.7836214474069734	1.8572171458286904	1.6850316180090121	1.8085415456130158	1.6613243686967398	1.681694575640475	1.6570311863854734	1.5464831695811017	1.6519449634788514	1.4279684862127182	1.6036604326773576	1.3989217379047887	1.477485928705441	1.3252110719247623	1.5158270173874275	1.175699777963819	1.477987421383648	1.157828329684195	1.555235775957494	1.0877862595419847	1.5617605300520587	1.11168052982221	1.530936348621522	4.774204104529942	4.773506166507356	1.9981555487242546	3.7360261013122225	2.619827907980207	4.504504504504505	4.761904761904762	5.172815658694413	2.6171476888387826	14.990300000000001	0.21964409371931273	13.38086945064262	-2.8643719864419728e-06	8.941029083917542	-4.914821233207284e-06	7.503378395795591	-5.155500196940108e-06	6.73431923147778	-5.386642419593589e-06	6.226874568712645	-5.6193855314309094e-06	5.851340500329982	-4.688914000628315e-06	5.55847115940467	-4.899036971807267e-06	5.316321160387652	-7.701697839288672e-06	5.114719807272128	-8.102359812295332e-06	4.9406896630392625	-8.555210336975476e-06	4.787916756722443	-1.209142325120234e-05	4.653463752883175	-3.2191811690778332e-06	4.537155179540882	-1.3779063058159703e-05	4.431610559331863	-1.482118243393458e-05	4.334646457768396	-1.4019150159117354e-05	4.246814039119421	-8.70483009259763e-06	4.165226848678699	-9.519480426758307e-06	4.090958103892297	-1.308602491055702e-05	4.023247055006055	-1.4485993492891724e-05	3.9620620497971872	-1.6121907415110097e-05	3.9024842684609204	-1.8009840576891214e-05	3.846840230155574	-2.0288831809642063e-05	3.7981489582134222	-2.302301380459908e-05	3.7485803356810714	-3.148994683447309e-05	3.7001673730854447	-3.612390499412987e-05	3.65115552996191	-4.162850720173175e-05	3.6021614564444766	-5.641430666817105e-05	3.5542260548662234	-6.590033985746697e-05	3.507473941006875	-7.762339347298152e-05
11	9088	1	0	0	2725	11330	1589	3719	1117	1875	862	1226	694	917	649	720	623	669	615	625	557	620	523	568	498	528	467	502	439	474	423	440	388	421	367	392	339	367	325	338	319	328	315	320	298	314	283	298	266	284	252	271	225	249	213	222	206	206	180	200	172	4085	4095	57.0	141.23097775711113	98.32193565368652	10	1	0.7742033004760742	3.366063061828445	0.4424778761061947			4.566860513834654	8.586390608777368	4.480979103804179	7.446041725063068	3.6342931511306324	6.623803299537218	2.908526504032122	5.841433199923766	2.3403250826195454	5.012572428118508	2.1707863665250695	4.173671091530926	2.05943605170077	3.9295154185022025	2.0130932896890346	3.6031361697221262	1.8206184219127934	3.47202777622221	1.7002600780234072	3.0105475168283244	1.6175658557183226	2.6684186587153182	1.5293424155095625	2.3883153337456586	1.4523439309226849	2.1670552736250173	1.4143845922359315	1.9230769230769231	1.325408212065314	1.7435600099395345	1.2791021887634184	1.5545068802791768	1.2069640759070033	1.4096408680622239	1.1903017872839146	1.2554787905801947	1.2079215418985954	1.1911679256246368	1.231334532092878	1.1449835408616	1.2132562494910837	1.113751640478133	1.2018005775437406	1.0481148002250984	1.1816445293412108	1.0007399837908313	1.1819887429643527	0.96540914110648	1.1145786892554614	0.906344410876133	1.1163522012578615	0.8238393884291386	1.1401372592428602	0.7862595419847329	1.0648367250354946	0.7884259076753263	1.0926184728751112	4.774204104529942	4.773506166507356	1.7522287119581925	3.1833920236465167	2.1811914361976776	4.504504504504505	4.761904761904762	5.214069060751303	2.6171476888387826	14.990300000000001	0.21964409371931273	13.38086945064262	-2.8643719864419728e-06	8.941029083917542	-4.914821233207284e-06	7.503378395795591	-5.155500196940108e-06	6.73431923147778	-5.386642419593589e-06	6.226874568712645	-5.6193855314309094e-06	5.851340500329982	-4.688914000628315e-06	5.55847115940467	-4.899036971807267e-06	5.316321160387652	-7.701697839288672e-06	5.114719807272128	-8.102359812295332e-06	4.9406896630392625	-8.555210336975476e-06	4.787916756722443	-1.209142325120234e-05	4.653463752883175	-3.2191811690778332e-06	4.537155179540882	-1.3779063058159703e-05	4.431610559331863	-1.482118243393458e-05	4.334646457768396	-1.4019150159117354e-05	4.246814039119421	-8.70483009259763e-06	4.165226848678699	-9.519480426758307e-06	4.090958103892297	-1.308602491055702e-05	4.023247055006055	-1.4485993492891724e-05	3.9620620497971872	-1.6121907415110097e-05	3.9024842684609204	-1.8009840576891214e-05	3.846840230155574	-2.0288831809642063e-05	3.7981489582134222	-2.302301380459908e-05	3.7485803356810714	-3.148994683447309e-05	3.7001673730854447	-3.612390499412987e-05	3.65115552996191	-4.162850720173175e-05	3.6021614564444766	-5.641430666817105e-05	3.5542260548662234	-6.590033985746697e-05	3.507473941006875	-7.762339347298152e-05
12	11342	0	0	0	3044	10898	1506	3466	963	1599	724	983	638	725	584	641	503	584	463	502	423	461	422	431	415	419	398	411	370	389	366	366	335	368	310	327	300	299	282	293	259	273	255	257	243	252	230	240	217	223	189	210	171	177	154	159	142	148	127	138	119	4085	4095	53.0	124.98829925642247	87.08491134643555	10	1	0.7751169204711914	4.200911889002885	0.0			5.101476478573463	8.259001311072883	4.24691915061617	6.939494654226565	3.133235724743778	5.648779453845338	2.44289233053278	4.683628740232513	2.151480407364942	3.963047993877774	1.9533732481519885	3.715726624543505	1.6627549502495786	3.4302496328928047	1.5155482815057284	2.894038971520812	1.3826240439301825	2.5816206529652237	1.3719115734720417	2.284411936184873	1.3479715464319355	2.1175519280335573	1.303379617500655	1.9553737095009276	1.22407119462732	1.7784483152745394	1.22379376065804	1.5996503496503496	1.1443601830976293	1.524061956431707	1.0804405409173288	1.2967442598247214	1.0681098016876134	1.1484540042250815	1.0328157046586581	1.0883292474556125	0.9807262675603013	0.9914294015107495	0.996794621218044	0.9195649062544726	0.9893331161957496	0.8938388961799028	0.9767283845761847	0.8441193021947102	0.9639731686730931	0.78579231121604	0.8864915572232646	0.7481030244736561	0.8470798038341507	0.6442689185746006	0.8071278825995808	0.5900471295505993	0.7859198583130396	0.5648854961832062	0.7513014671083766	0.5440138762959751	0.755939524838013	4.774204104529942	4.773506166507356	1.6292652935751613	2.817276784604043	1.9319072757062548	4.504504504504505	4.761904761904762	5.2202220670054675	2.6171476888387826	14.990300000000001	0.21964409371931273	13.38086945064262	-2.8643719864419728e-06	8.941029083917542	-4.914821233207284e-06	7.503378395795591	-5.155500196940108e-06	6.73431923147778	-5.386642419593589e-06	6.226874568712645	-5.6193855314309094e-06	5.851340500329982	-4.688914000628315e-06	5.55847115940467	-4.899036971807267e-06	5.316321160387652	-7.701697839288672e-06	5.114719807272128	-8.102359812295332e-06	4.9406896630392625	-8.555210336975476e-06	4.787916756722443	-1.209142325120234e-05	4.653463752883175	-3.2191811690778332e-06	4.537155179540882	-1.3779063058159703e-05	4.431610559331863	-1.482118243393458e-05	4.334646457768396	-1.4019150159117354e-05	4.246814039119421	-8.70483009259763e-06	4.165226848678699	-9.519480426758307e-06	4.090958103892297	-1.308602491055702e-05	4.023247055006055	-1.4485993492891724e-05	3.9620620497971872	-1.6121907415110097e-05	3.9024842684609204	-1.8009840576891214e-05	3.846840230155574	-2.0288831809642063e-05	3.7981489582134222	-2.302301380459908e-05	3.7485803356810714	-3.148994683447309e-05	3.7001673730854447	-3.612390499412987e-05	3.65115552996191	-4.162850720173175e-05	3.6021614564444766	-5.641430666817105e-05	3.5542260548662234	-6.590033985746697e-05	3.507473941006875	-7.762339347298152e-05
13	14412	0	0	0	3189	10230	1519	2888	874	1390	676	833	565	642	467	546	419	463	380	413	345	371	343	353	334	345	313	332	303	311	276	288	256	275	246	248	250	247	236	242	209	219	184	197	178	183	173	173	153	164	136	148	125	131	130	127	117	123	110	111	98	4085	4095	50.0	113.10659603323367	78.04164791107178	10	1	0.7750520706176758	5.3379952516584	0.0			5.344483735272922	7.75276045258539	4.283579143284171	5.7822448244103635	2.843663575727997	4.910446179390257	2.2809326180112697	3.9689346293119874	1.9053078842651918	3.509347326992457	1.5620296350804428	3.1650339110776184	1.3850781792337443	2.7195301027900145	1.2438625204582652	2.380952380952381	1.12767209256717	2.077616620932967	1.1150845253576074	1.8709916785922511	1.0848734855620878	1.743569009956032	1.0250196489389574	1.579523288453304	1.0024150593839944	1.4218442829058657	0.9228608686929481	1.2587412587412588	0.8744961399193825	1.1389049946160854	0.8573818485989126	0.9834635365031528	0.8900915014063445	0.9487228730555022	0.8643422209200117	0.8988930985810861	0.79139687227839	0.7953224869262057	0.7192557266828239	0.7048804923429226	0.7246966859376271	0.6490972936544532	0.7346696110073042	0.6084693303320202	0.6796677180045311	0.5778921033158321	0.6378986866791745	0.5272345124861957	0.6192103829197008	0.4768317984930659	0.6813417190775681	0.471295505993246	0.6475536860748284	0.46946564885496184	0.6507335541883578	0.437576378759806	0.6225384322195401	4.774204104529942	4.773506166507356	1.537042729787888	2.54945934208032	1.7312898994376307	4.504504504504505	4.761904761904762	5.219785319171143	2.6171476888387826	14.990300000000001	0.21964409371931273	13.38086945064262	-2.8643719864419728e-06	8.941029083917542	-4.914821233207284e-06	7.503378395795591	-5.155500196940108e-06	6.73431923147778	-5.386642419593589e-06	6.226874568712645	-5.6193855314309094e-06	5.851340500329982	-4.688914000628315e-06	5.55847115940467	-4.899036971807267e-06	5.316321160387652	-7.701697839288672e-06	5.114719807272128	-8.102359812295332e-06	4.9406896630392625	-8.555210336975476e-06	4.787916756722443	-1.209142325120234e-05	4.653463752883175	-3.2191811690778332e-06	4.537155179540882	-1.3779063058159703e-05	4.431610559331863	-1.482118243393458e-05	4.334646457768396	-1.4019150159117354e-05	4.246814039119421	-8.70483009259763e-06	4.165226848678699	-9.519480426758307e-06	4.090958103892297	-1.308602491055702e-05	4.023247055006055	-1.4485993492891724e-05	3.9620620497971872	-1.6121907415110097e-05	3.9024842684609204	-1.8009840576891214e-05	3.846840230155574	-2.0288831809642063e-05	3.7981489582134222	-2.302301380459908e-05	3.7485803356810714	-3.148994683447309e-05	3.7001673730854447	-3.612390499412987e-05	3.65115552996191	-4.162850720173175e-05	3.6021614564444766	-5.641430666817105e-05	3.5542260548662234	-6.590033985746697e-05	3.507473941006875	-7.762339347298152e-05
14	20302	0	0	0	3782	8828	1370	2285	685	971	464	559	365	404	324	323	322	326	303	304	285	285	240	252	225	219	208	217	192	216	176	176	163	162	152	153	152	149	138	140	133	133	135	136	118	124	110	115	107	107	99	102	87	92	85	86	80	80	73	74	67	4085	4095	44.0	94.00605241552265	65.0616865158081	10	1	0.7692174911499023	7.519565611932339	0.0			6.33829961956795	6.690260926238888	3.8633992273201545	4.574940936211108	2.2287294615259476	3.430246935387007	1.5656105543745993	2.6634267200304937	1.2308626154987523	2.2083743303815457	1.0837207746596649	1.8723552257840126	1.0644276222273643	1.9148311306901618	0.9918166939443536	1.752565432952842	0.9315552069033143	1.5960127681021448	0.7802340702210664	1.3356654476069327	0.730827946860688	1.1067872845807853	0.6811632171862719	1.0323992578143584	0.6351937009957984	0.9875188588670964	0.588490988731735	0.7692307692307693	0.5568080890892942	0.6709185786465667	0.5297643942562387	0.6067335527620257	0.5411756328550575	0.5723065104666795	0.505420451215939	0.5200208008320333	0.5036161914498846	0.4830040674026728	0.5277147994683762	0.48661800486618007	0.48041690416089894	0.4398254885964601	0.4671309665364362	0.4044738323016319	0.47532317533650215	0.37703936009020755	0.4643527204502815	0.3633643261729187	0.4309704265121118	0.33487424016306916	0.4454926624737945	0.31914498831038707	0.44277175116227585	0.3053435114503817	0.43185044959772834	0.2917175858398707	0.4256130097827468	4.774204104529942	4.773506166507356	1.3525976022133415	2.118926896822416	1.4433401103158374	4.504504504504505	4.761904761904762	5.180490859606445	2.6171476888387826	14.990300000000001	0.21964409371931273	13.38086945064262	-2.8643719864419728e-06	8.941029083917542	-4.914821233207284e-06	7.503378395795591	-5.155500196940108e-06	6.73431923147778	-5.386642419593589e-06	6.226874568712645	-5.6193855314309094e-06	5.851340500329982	-4.688914000628315e-06	5.55847115940467	-4.899036971807267e-06	5.316321160387652	-7.701697839288672e-06	5.114719807272128	-8.102359812295332e-06	4.9406896630392625	-8.555210336975476e-06	4.787916756722443	-1.209142325120234e-05	4.653463752883175	-3.2191811690778332e-06	4.537155179540882	-1.3779063058159703e-05	4.431610559331863	-1.482118243393458e-05	4.334646457768396	-1.4019150159117354e-05	4.246814039119421	-8.70483009259763e-06	4.165226848678699	-9.519480426758307e-06	4.090958103892297	-1.308602491055702e-05	4.023247055006055	-1.4485993492891724e-05	3.9620620497971872	-1.6121907415110097e-05	3.9024842684609204	-1.8009840576891214e-05	3.846840230155574	-2.0288831809642063e-05	3.7981489582134222	-2.302301380459908e-05	3.7485803356810714	-3.148994683447309e-05	3.7001673730854447	-3.612390499412987e-05	3.65115552996191	-4.162850720173175e-05	3.6021614564444766	-5.641430666817105e-05	3.5542260548662234	-6.590033985746697e-05	3.507473941006875	-7.762339347298152e-05
15	19254	0	0	0	4172	9393	1307	2261	628	822	430	478	372	411	289	312	261	271	237	242	210	229	203	197	188	187	175	187	166	164	154	159	145	142	122	120	123	121	123	126	105	110	103	102	98	97	91	91	77	80	79	80	67	67	63	65	61	63	53	53	51	3876	3886	42.0	82.72564979111543	59.1922492980957	10	1	0.7605562210083008	7.131401649696839	0.0			6.991905344483736	7.11844368828295	3.6857392628521475	4.526889040163376	2.043273141369774	2.903875366517116	1.4508890913385297	2.2774919001334095	1.2544681999055776	2.2466382420465725	0.9666521724587752	1.8085908063300677	0.8627813956563418	1.591776798825257	0.7757774140752864	1.3951343249164072	0.6864090998234947	1.2824102592820743	0.6599479843953187	1.0441511634070069	0.6106473511547081	0.9450649416283418	0.5730940529211422	0.88967124982159	0.5491778873192841	0.7497828372879806	0.5149296151402681	0.6949300699300699	0.4953200792512127	0.5880891244926696	0.42520563223198105	0.47586945314668677	0.4379250186919216	0.4647589782984444	0.4504834456489892	0.46801872074883	0.3975917300920141	0.3994770482277745	0.4026268470017981	0.36496350364963503	0.3989903102353229	0.34405703543432764	0.3864447086801427	0.32006190208216095	0.3420549953356137	0.28189858698333276	0.3705440900562852	0.2849916283709166	0.33189676524495965	0.2438758053361482	0.33018867924528306	0.24121423535087397	0.33761346026123534	0.24045801526717558	0.31353525792711784	0.20893286553396143	0.32397408207343414	4.529942499181899	4.52987666985289	1.291115893021826	1.864662964728021	1.313131463491926	4.504504504504505	4.761904761904762	5.122159332675	2.6171476888387826	14.990300000000001	0.21964409371931273	13.38086945064262	-2.8643719864419728e-06	8.941029083917542	-4.914821233207284e-06	7.503378395795591	-5.155500196940108e-06	6.73431923147778	-5.386642419593589e-06	6.226874568712645	-5.6193855314309094e-06	5.851340500329982	-4.688914000628315e-06	5.55847115940467	-4.899036971807267e-06	5.316321160387652	-7.701697839288672e-06	5.114719807272128	-8.102359812295332e-06	4.9406896630392625	-8.555210336975476e-06	4.787916756722443	-1.209142325120234e-05	4.653463752883175	-3.2191811690778332e-06	4.537155179540882	-1.3779063058159703e-05	4.431610559331863	-1.482118243393458e-05	4.334646457768396	-1.4019150159117354e-05	4.246814039119421	-8.70483009259763e-06	4.165226848678699	-9.519480426758307e-06	4.090958103892297	-1.308602491055702e-05	4.023247055006055	-1.4485993492891724e-05	3.9620620497971872	-1.6121907415110097e-05	3.9024842684609204	-1.8009840576891214e-05	3.846840230155574	-2.0288831809642063e-05	3.7981489582134222	-2.302301380459908e-05	3.7485803356810714	-3.148994683447309e-05	3.7001673730854447	-3.612390499412987e-05	3.65115552996191	-4.162850720173175e-05	3.6021614564444766	-5.641430666817105e-05	3.5542260548662234	-6.590033985746697e-05	3.507473941006875	-7.762339347298152e-05
16	26910	2	0	0	3940	6980	1024	1506	498	570	327	388	259	267	214	210	208	210	175	179	170	168	163	170	167	165	156	155	146	148	132	137	120	123	114	115	106	105	100	100	87	89	85	84	77	75	73	73	76	77	70	70	60	60	50	50	47	47	39	38	35	4085	4095	40.0	78.6107041903859	55.23810386657715	10	1	0.7552938461303711	9.96707273259281	0.8849557522123894			6.603093733764602	5.289762263836366	2.8876794224641156	3.015256476995155	1.620302586627623	2.0136362030593142	1.1033505415527887	1.848675433581094	0.8734066230525392	1.4594949163660216	0.7157908820282972	1.2173207350298534	0.6875805758487323	1.2334801762114538	0.5728314238952537	1.031938199008417	0.5556645093809244	0.9408075264602116	0.5299089726918075	0.901044151163407	0.5424367427810439	0.8338808308485369	0.5108724128897039	0.7374280412959703	0.4830118767988884	0.6766332921867142	0.4413682415488012	0.5987762237762237	0.4099200655872105	0.5094011430464673	0.397323295692179	0.4560415592655748	0.3773987965962901	0.4033032456308815	0.366246703779666	0.371443429165738	0.32943314779052596	0.32321324811156305	0.332264873739348	0.30055817947617003	0.31349238661346795	0.26602348100592343	0.3100050959741804	0.2567529544175577	0.3376127226689174	0.2713273899714578	0.3283302063789869	0.24936767482455205	0.2972209838014564	0.21839624358461035	0.2620545073375262	0.18554941180836457	0.260128403807837	0.17938931297709923	0.23071462375769047	0.14980092245831197	0.22233515436412146	4.774204104529942	4.773506166507356	1.2296341838303104	1.7719107568828683	1.225411992802426	4.504504504504505	4.761904761904762	5.086718530471993	2.6171476888387826	14.990300000000001	0.21964409371931273	13.38086945064262	-2.8643719864419728e-06	8.941029083917542	-4.914821233207284e-06	7.503378395795591	-5.155500196940108e-06	6.73431923147778	-5.386642419593589e-06	6.226874568712645	-5.6193855314309094e-06	5.851340500329982	-4.688914000628315e-06	5.55847115940467	-4.899036971807267e-06	5.316321160387652	-7.701697839288672e-06	5.114719807272128	-8.102359812295332e-06	4.9406896630392625	-8.555210336975476e-06	4.787916756722443	-1.209142325120234e-05	4.653463752883175	-3.2191811690778332e-06	4.537155179540882	-1.3779063058159703e-05	4.431610559331863	-1.482118243393458e-05	4.334646457768396	-1.4019150159117354e-05	4.246814039119421	-8.70483009259763e-06	4.165226848678699	-9.519480426758307e-06	4.090958103892297	-1.308602491055702e-05	4.023247055006055	-1.4485993492891724e-05	3.9620620497971872	-1.6121907415110097e-05	3.9024842684609204	-1.8009840576891214e-05	3.846840230155574	-2.0288831809642063e-05	3.7981489582134222	-2.302301380459908e-05	3.7485803356810714	-3.148994683447309e-05	3.7001673730854447	-3.612390499412987e-05	3.65115552996191	-4.162850720173175e-05	3.6021614564444766	-5.641430666817105e-05	3.5542260548662234	-6.590033985746697e-05	3.507473941006875	-7.762339347298152e-05
17	31498	1	0	0	3707	5977	883	1165	414	461	265	283	214	237	201	188	164	171	150	152	131	130	130	127	126	126	122	126	108	113	103	105	94	95	91	92	80	80	73	73	71	71	71	71	70	71	70	70	62	61	55	55	53	52	44	43	37	35	33	32	28	4086	4095	38.0	71.1861432273936	50.62103080749512	9	1	0.7435111999511719	11.66640122375356	0.4424778761061947			6.212606210930298	4.52964313050859	2.4900595019880996	2.332519120650302	1.3469985358711567	1.6285724379128836	0.894152579545838	1.3483895559367258	0.7216564375800903	1.2955067235159068	0.672308258353681	1.089791896121964	0.542130838649962	1.0044052863436124	0.4909983633387889	0.876282716476421	0.4281885336994182	0.7280058240465924	0.42262678803641096	0.6731329835161922	0.40926365024198524	0.6367817253752464	0.3995284254650249	0.5994576335696276	0.35729645681013666	0.516618662277694	0.3444009763600495	0.4589160839160839	0.3211040513766482	0.39343990723101135	0.31716157814024815	0.3648332474124598	0.2848292804500303	0.30727866333781445	0.26736009375915615	0.2711537032909888	0.2688477413003143	0.25784427658338177	0.27753889453522007	0.2540432231286675	0.2849930787395163	0.25183556201894086	0.2972651605231867	0.24620146314012378	0.27542090533516944	0.21494767257479122	0.2579737335834897	0.1959317445050052	0.26254520235795314	0.18927674443999565	0.23060796645702308	0.15957249415519353	0.2047819349125526	0.13358778625954199	0.19522006625650734	0.12614814522805218	0.17786812349129716	4.775372820345005	4.773506166507356	1.168152474638795	1.6045587458437962	1.1229860168509331	4.054054054054054	4.761904761904762	5.00736530263253	2.6171476888387826	14.990300000000001	0.21964409371931273	13.38086945064262	-2.8643719864419728e-06	8.941029083917542	-4.914821233207284e-06	7.503378395795591	-5.155500196940108e-06	6.73431923147778	-5.386642419593589e-06	6.226874568712645	-5.6193855314309094e-06	5.851340500329982	-4.688914000628315e-06	5.55847115940467	-4.899036971807267e-06	5.316321160387652	-7.701697839288672e-06	5.114719807272128	-8.102359812295332e-06	4.9406896630392625	-8.555210336975476e-06	4.787916756722443	-1.209142325120234e-05	4.653463752883175	-3.2191811690778332e-06	4.537155179540882	-1.3779063058159703e-05	4.431610559331863	-1.482118243393458e-05	4.334646457768396	-1.4019150159117354e-05	4.246814039119421	-8.70483009259763e-06	4.165226848678699	-9.519480426758307e-06	4.090958103892297	-1.308602491055702e-05	4.023247055006055	-1.4485993492891724e-05	3.9620620497971872	-1.6121907415110097e-05	3.9024842684609204	-1.8009840576891214e-05	3.846840230155574	-2.0288831809642063e-05	3.7981489582134222	-2.302301380459908e-05	3.7485803356810714	-3.148994683447309e-05	3.7001673730854447	-3.612390499412987e-05	3.65115552996191	-4.162850720173175e-05	3.6021614564444766	-5.641430666817105e-05	3.5542260548662234	-6.590033985746697e-05	3.507473941006875	-7.762339347298152e-05
18	36529	0	0	0	3388	4360	650	724	313	321	222	233	171	169	139	144	118	120	117	116	107	107	97	97	96	96	97	98	92	91	83	84	77	77	69	69	69	71	66	65	54	55	50	50	58	55	54	54	46	42	36	35	34	34	33	34	29	29	24	23	24	4086	4095	36.0	62.87419453454316	45.46171760559082	9	1	0.7282810211181641	13.529810473760042	0.0			5.67799024619149	3.304206800906383	1.8329996334000735	1.4495655307732351	1.0183829510330242	1.1339951248807716	0.7490636704119851	1.1101581856298837	0.5766507047953059	0.9238001530556466	0.4649295915978192	0.8347342183061851	0.3900697497603385	0.7048458149779736	0.3829787234042553	0.6687420731004267	0.3497417794338759	0.5992047936383491	0.3153446033810143	0.5141251921344147	0.3118199239938935	0.48516702885733054	0.3176578464762903	0.4662448261097103	0.3043636483938201	0.4160380377634527	0.27752700036780686	0.36713286713286714	0.2630320420851267	0.3188933984925039	0.24048515265579257	0.27362493555934486	0.24566525438815112	0.27270981371231034	0.24172282449457955	0.24143822895772976	0.20447574690446438	0.19973852411388726	0.19544992572902822	0.178903678259625	0.23613712238417067	0.19508388607101051	0.22931883811788686	0.1899268429938098	0.20434454266802898	0.1479967581662497	0.16885553470919323	0.12468383741227602	0.16842522415415861	0.12375787136461253	0.1729559748427673	0.12617360002968792	0.160504759796325	0.11068702290076336	0.14197823000473261	0.09066897938266251	0.152458391563969	4.775372820345005	4.773506166507356	1.1066707654472794	1.4172047276956998	1.0085308884216817	4.054054054054054	4.761904761904762	4.9047937891888855	2.6171476888387826	14.990300000000001	0.21964409371931273	13.38086945064262	-2.8643719864419728e-06	8.941029083917542	-4.914821233207284e-06	7.503378395795591	-5.155500196940108e-06	6.73431923147778	-5.386642419593589e-06	6.226874568712645	-5.6193855314309094e-06	5.851340500329982	-4.688914000628315e-06	5.55847115940467	-4.899036971807267e-06	5.316321160387652	-7.701697839288672e-06	5.114719807272128	-8.102359812295332e-06	4.9406896630392625	-8.555210336975476e-06	4.787916756722443	-1.209142325120234e-05	4.653463752883175	-3.2191811690778332e-06	4.537155179540882	-1.3779063058159703e-05	4.431610559331863	-1.482118243393458e-05	4.334646457768396	-1.4019150159117354e-05	4.246814039119421	-8.70483009259763e-06	4.165226848678699	-9.519480426758307e-06	4.090958103892297	-1.308602491055702e-05	4.023247055006055	-1.4485993492891724e-05	3.9620620497971872	-1.6121907415110097e-05	3.9024842684609204	-1.8009840576891214e-05	3.846840230155574	-2.0288831809642063e-05	3.7981489582134222	-2.302301380459908e-05	3.7485803356810714	-3.148994683447309e-05	3.7001673730854447	-3.612390499412987e-05	3.65115552996191	-4.162850720173175e-05	3.6021614564444766	-5.641430666817105e-05	3.5542260548662234	-6.590033985746697e-05	3.507473941006875	-7.762339347298152e-05
19	40057	1	0	0	3082	3302	460	489	225	225	160	160	117	114	117	120	110	109	103	106	99	98	93	89	83	82	85	83	65	67	67	63	65	64	59	59	46	45	45	45	44	42	40	42	40	41	41	40	39	37	37	35	30	30	25	25	22	19	16	16	15	4086	4095	34.0	58.15972454869815	42.31618118286133	9	1	0.7192964553833008	14.836530377163514	0.4424778761061947			5.165161138949873	2.5024061597690084	1.297199740560052	0.9790573819725303	0.7320644216691069	0.794856395944466	0.5398657084050342	0.7623403849818944	0.39455048222836714	0.6231551328304362	0.3913436130715456	0.6956118485884877	0.3636243429969257	0.6402349486049926	0.337152209492635	0.6110918943848725	0.32359286134536186	0.5488043904351235	0.3023407022106632	0.47172311443260717	0.2695943092863871	0.4144135038156365	0.27835996856169765	0.394880822113326	0.21503953419128594	0.30631372011155306	0.22402781957401277	0.27534965034965037	0.2220400355264057	0.2650542532924708	0.20563223198104003	0.233969147797121	0.1637768362587674	0.17284424812752064	0.1648110167008497	0.16714954312458213	0.1666098678480821	0.152527600232423	0.15635994058322258	0.15027908973808501	0.1628531878511522	0.14542616961657148	0.17411245116358076	0.14068655036578503	0.17324863400115498	0.1303780964797914	0.17354596622889307	0.12468383741227602	0.1486104919007282	0.10919812179230518	0.1310272536687631	0.09277470590418228	0.12176223156962586	0.07251908396946564	0.09465215333648841	0.06307407261402609	0.09528649472748062	4.775372820345005	4.773506166507356	1.045189056255764	1.3109390458530756	0.9387497448560017	4.054054054054054	4.761904761904762	4.844284945848085	2.6171476888387826	14.990300000000001	0.21964409371931273	13.38086945064262	-2.8643719864419728e-06	8.941029083917542	-4.914821233207284e-06	7.503378395795591	-5.155500196940108e-06	6.73431923147778	-5.386642419593589e-06	6.226874568712645	-5.6193855314309094e-06	5.851340500329982	-4.688914000628315e-06	5.55847115940467	-4.899036971807267e-06	5.316321160387652	-7.701697839288672e-06	5.114719807272128	-8.102359812295332e-06	4.9406896630392625	-8.555210336975476e-06	4.787916756722443	-1.209142325120234e-05	4.653463752883175	-3.2191811690778332e-06	4.537155179540882	-1.3779063058159703e-05	4.431610559331863	-1.482118243393458e-05	4.334646457768396	-1.4019150159117354e-05	4.246814039119421	-8.70483009259763e-06	4.165226848678699	-9.519480426758307e-06	4.090958103892297	-1.308602491055702e-05	4.023247055006055	-1.4485993492891724e-05	3.9620620497971872	-1.6121907415110097e-05	3.9024842684609204	-1.8009840576891214e-05	3.846840230155574	-2.0288831809642063e-05	3.7981489582134222	-2.302301380459908e-05	3.7485803356810714	-3.148994683447309e-05	3.7001673730854447	-3.612390499412987e-05	3.65115552996191	-4.162850720173175e-05	3.6021614564444766	-5.641430666817105e-05	3.5542260548662234	-6.590033985746697e-05	3.507473941006875	-7.762339347298152e-05
20	41558	0	0	0	2840	2670	431	418	195	191	141	139	123	123	108	110	96	97	93	91	90	89	95	94	84	81	76	78	70	68	66	64	58	60	62	60	57	56	50	49	43	42	43	42	42	41	34	35	32	33	31	30	29	28	24	23	23	24	22	21	16	4085	4095	33.0	58.25702381453037	40.45434761047363	10	1	0.7100725173950195	15.392478952846227	0.0			4.7595904070790525	2.0234477427568907	1.2154197569160485	0.8369038561646579	0.634455832113226	0.6747447627795244	0.47575665553193647	0.6622832094530208	0.41478384029136034	0.6723515906854706	0.36124025821988826	0.637644194539447	0.3173448811609534	0.5697503671071953	0.3044189852700491	0.5246166263115416	0.2941753284957835	0.4984039872318978	0.3088426527958388	0.4982244129962368	0.27284243349465687	0.40935968059837263	0.24888656012575322	0.37109282078119793	0.23158103682138484	0.3108855666803822	0.2206841207744006	0.27972027972027974	0.19812803170048504	0.2484883624616914	0.2160881081834658	0.23793472657334339	0.20294086232064656	0.21509506433647013	0.183123351889833	0.18200728029121163	0.16282327994244386	0.152527600232423	0.16808693612696426	0.15027908973808501	0.1709958472437098	0.14542616961657148	0.1443859351112621	0.12310073157006189	0.14215272533428103	0.11628316713062475	0.1454033771106942	0.10687186063909372	0.1436568088373706	0.10191824700615149	0.12578616352201258	0.0853527294318477	0.1272968784591543	0.0916030534351145	0.13014671083767154	0.08278472030590925	0.10163892770931265	4.774204104529942	4.773506166507356	1.014448201660006	1.3131322028479215	0.8974464953144017	4.504504504504505	4.761904761904762	4.782163989177645	2.6171476888387826	14.990300000000001	0.21964409371931273	13.38086945064262	-2.8643719864419728e-06	8.941029083917542	-4.914821233207284e-06	7.503378395795591	-5.155500196940108e-06	6.73431923147778	-5.386642419593589e-06	6.226874568712645	-5.6193855314309094e-06	5.851340500329982	-4.688914000628315e-06	5.55847115940467	-4.899036971807267e-06	5.316321160387652	-7.701697839288672e-06	5.114719807272128	-8.102359812295332e-06	4.9406896630392625	-8.555210336975476e-06	4.787916756722443	-1.209142325120234e-05	4.653463752883175	-3.2191811690778332e-06	4.537155179540882	-1.3779063058159703e-05	4.431610559331863	-1.482118243393458e-05	4.334646457768396	-1.4019150159117354e-05	4.246814039119421	-8.70483009259763e-06	4.165226848678699	-9.519480426758307e-06	4.090958103892297	-1.308602491055702e-05	4.023247055006055	-1.4485993492891724e-05	3.9620620497971872	-1.6121907415110097e-05	3.9024842684609204	-1.8009840576891214e-05	3.846840230155574	-2.0288831809642063e-05	3.7981489582134222	-2.302301380459908e-05	3.7485803356810714	-3.148994683447309e-05	3.7001673730854447	-3.612390499412987e-05	3.65115552996191	-4.162850720173175e-05	3.6021614564444766	-5.641430666817105e-05	3.5542260548662234	-6.590033985746697e-05	3.507473941006875	-7.762339347298152e-05
