	counts(inten<0.01	MicrocoloniesPlatonic	MicrocoloniesAggregates	MicrocoloniesLarge	counts(Norminten<0.01	counts(inten<0.02	counts(Norminten<0.02	counts(inten<0.03	counts(Norminten<0.03	counts(inten<0.04	counts(Norminten<0.04	counts(inten<0.05	counts(Norminten<0.05	counts(inten<0.060000000000000005	counts(Norminten<0.060000000000000005	counts(inten<0.06999999999999999	counts(Norminten<0.06999999999999999	counts(inten<0.08	counts(Norminten<0.08	counts(inten<0.09	counts(Norminten<0.09	counts(inten<0.09999999999999999	counts(Norminten<0.09999999999999999	counts(inten<0.11	counts(Norminten<0.11	counts(inten<0.12	counts(Norminten<0.12	counts(inten<0.13	counts(Norminten<0.13	counts(inten<0.14	counts(Norminten<0.14	counts(inten<0.15000000000000002	counts(Norminten<0.15000000000000002	counts(inten<0.16	counts(Norminten<0.16	counts(inten<0.17	counts(Norminten<0.17	counts(inten<0.18000000000000002	counts(Norminten<0.18000000000000002	counts(inten<0.19	counts(Norminten<0.19	counts(inten<0.2	counts(Norminten<0.2	counts(inten<0.21000000000000002	counts(Norminten<0.21000000000000002	counts(inten<0.22	counts(Norminten<0.22	counts(inten<0.23	counts(Norminten<0.23	counts(inten<0.24000000000000002	counts(Norminten<0.24000000000000002	counts(inten<0.25	counts(Norminten<0.25	counts(inten<0.26	counts(Norminten<0.26	counts(inten<0.27	counts(Norminten<0.27	counts(inten<0.28	counts(Norminten<0.28	counts(inten<0.29000000000000004	counts(Norminten<0.29000000000000004	diff	max	med	std	mean	min	eigenLocal	minProp	counts(inten<0.01Normalized	MicrocoloniesPlatonicNormalized	MicrocoloniesAggregatesNormalized	MicrocoloniesLargeNormalized	counts(Norminten<0.01Normalized	counts(inten<0.02Normalized	counts(Norminten<0.02Normalized	counts(inten<0.03Normalized	counts(Norminten<0.03Normalized	counts(inten<0.04Normalized	counts(Norminten<0.04Normalized	counts(inten<0.05Normalized	counts(Norminten<0.05Normalized	counts(inten<0.060000000000000005Normalized	counts(Norminten<0.060000000000000005Normalized	counts(inten<0.06999999999999999Normalized	counts(Norminten<0.06999999999999999Normalized	counts(inten<0.08Normalized	counts(Norminten<0.08Normalized	counts(inten<0.09Normalized	counts(Norminten<0.09Normalized	counts(inten<0.09999999999999999Normalized	counts(Norminten<0.09999999999999999Normalized	counts(inten<0.11Normalized	counts(Norminten<0.11Normalized	counts(inten<0.12Normalized	counts(Norminten<0.12Normalized	counts(inten<0.13Normalized	counts(Norminten<0.13Normalized	counts(inten<0.14Normalized	counts(Norminten<0.14Normalized	counts(inten<0.15000000000000002Normalized	counts(Norminten<0.15000000000000002Normalized	counts(inten<0.16Normalized	counts(Norminten<0.16Normalized	counts(inten<0.17Normalized	counts(Norminten<0.17Normalized	counts(inten<0.18000000000000002Normalized	counts(Norminten<0.18000000000000002Normalized	counts(inten<0.19Normalized	counts(Norminten<0.19Normalized	counts(inten<0.2Normalized	counts(Norminten<0.2Normalized	counts(inten<0.21000000000000002Normalized	counts(Norminten<0.21000000000000002Normalized	counts(inten<0.22Normalized	counts(Norminten<0.22Normalized	counts(inten<0.23Normalized	counts(Norminten<0.23Normalized	counts(inten<0.24000000000000002Normalized	counts(Norminten<0.24000000000000002Normalized	counts(inten<0.25Normalized	counts(Norminten<0.25Normalized	counts(inten<0.26Normalized	counts(Norminten<0.26Normalized	counts(inten<0.27Normalized	counts(Norminten<0.27Normalized	counts(inten<0.28Normalized	counts(Norminten<0.28Normalized	counts(inten<0.29000000000000004Normalized	counts(Norminten<0.29000000000000004Normalized	diffNormalized	maxNormalized	medNormalized	stdNormalized	meanNormalized	minNormalized	eigenLocalNormalized	minPropNormalized	BioVolume	SubstratumCoverage	Homogenity	ThicknessThreshold=0.01	RoughnessThreshold=0.01	ThicknessThreshold=0.02	RoughnessThreshold=0.02	ThicknessThreshold=0.03	RoughnessThreshold=0.03	ThicknessThreshold=0.04	RoughnessThreshold=0.04	ThicknessThreshold=0.05	RoughnessThreshold=0.05	ThicknessThreshold=0.060000000000000005	RoughnessThreshold=0.060000000000000005	ThicknessThreshold=0.06999999999999999	RoughnessThreshold=0.06999999999999999	ThicknessThreshold=0.08	RoughnessThreshold=0.08	ThicknessThreshold=0.09	RoughnessThreshold=0.09	ThicknessThreshold=0.09999999999999999	RoughnessThreshold=0.09999999999999999	ThicknessThreshold=0.11	RoughnessThreshold=0.11	ThicknessThreshold=0.12	RoughnessThreshold=0.12	ThicknessThreshold=0.13	RoughnessThreshold=0.13	ThicknessThreshold=0.14	RoughnessThreshold=0.14	ThicknessThreshold=0.15000000000000002	RoughnessThreshold=0.15000000000000002	ThicknessThreshold=0.16	RoughnessThreshold=0.16	ThicknessThreshold=0.17	RoughnessThreshold=0.17	ThicknessThreshold=0.18000000000000002	RoughnessThreshold=0.18000000000000002	ThicknessThreshold=0.19	RoughnessThreshold=0.19	ThicknessThreshold=0.2	RoughnessThreshold=0.2	ThicknessThreshold=0.21000000000000002	RoughnessThreshold=0.21000000000000002	ThicknessThreshold=0.22	RoughnessThreshold=0.22	ThicknessThreshold=0.23	RoughnessThreshold=0.23	ThicknessThreshold=0.24000000000000002	RoughnessThreshold=0.24000000000000002	ThicknessThreshold=0.25	RoughnessThreshold=0.25	ThicknessThreshold=0.26	RoughnessThreshold=0.26	ThicknessThreshold=0.27	RoughnessThreshold=0.27	ThicknessThreshold=0.28	RoughnessThreshold=0.28	ThicknessThreshold=0.29000000000000004	RoughnessThreshold=0.29000000000000004
0	1	24	0	0	4055	1	4595	2	5068	20	5491	83	5979	143	6371	201	6665	217	6909	236	7008	274	7097	308	7060	383	6864	508	6678	683	6486	959	6142	1248	5829	1658	5431	2222	5071	2841	4687	3550	4339	4202	4019	4832	3740	5432	3432	5979	3156	6485	2847	6812	2555	6968	2325	7097	2113	7028	1919	3774	3824	730.0	348.33604542353294	764.310510635376	50	1	0.5383615493774414	0.11402508551881414	6.2015503875969			7.584968481696938	0.0009133337595557545	9.10929167575283	0.0018055104177951105	10.471939829737995	0.023684335180711478	11.565112997325134	0.12355051429762276	12.769910937399883	0.2542177027963947	13.70579123999656	0.4170470578471242	14.540654929423827	0.5115390962023526	15.060162176301334	0.6098663979119828	15.473956148292078	0.7597182942383408	15.758154406376978	0.8774178845112954	15.855548318997462	1.1292938227922746	15.709250698036344	1.5522351575152016	15.574057230812285	2.1365783464197454	15.431100114198706	3.034138007403423	15.01271020727415	3.913329779561632	14.602069190109972	5.083550513567377	13.99778344802701	6.6996321534101195	13.453069454024513	8.345082833979555	12.831955319498439	10.041012586621411	12.278219530829961	11.550619863107837	11.761090951656326	12.876748834110593	11.355700622438135	14.109823886955168	10.835043409629044	15.147062549084184	10.345166683056348	16.173279796493503	9.675117243254265	16.785353473129142	9.064140769121613	17.133021883452177	8.613025116692597	17.51178226861105	8.18643214133509	17.57219652456557	7.73322587144872	4.425318355573275	4.460827772852411	12.304062025956515	4.661164809638374	9.120289748901516	11.312217194570136	4.761904761904762	3.746424470271429	17.111605839416058	4.6306	0.08687538244821966	20.106115341186523	-1.2397777936723649e-05	16.09201894053188	-1.3351847895748772e-05	13.351559584696094	-1.4315572479743465e-05	11.496516489065579	-1.7247491927215586e-05	10.149899958977375	-1.838279757153569e-05	9.120080451898353	-1.8668631785802014e-05	8.299899423239456	-1.9071460763480763e-05	7.6187692593088805	-1.9581391082634502e-05	7.048541385829754	-2.0214959495604842e-05	6.568315113617823	-2.2048893421161426e-05	6.167943168707006	-2.293806836232514e-05	5.824636710054888	-2.39736290080911e-05	5.531830783577387	-2.3943372663473378e-05	5.268522051247964	-2.5258433658059303e-05	5.038454646150373	-2.680950015803495e-05	4.831181981911495	-3.009238361770636e-05	4.657871981406385	-8.08138275691524e-06	4.499741126387851	-8.716298432112238e-06	4.360169058830204	-9.455209726006932e-06	4.235450757442729	-1.0329255343323788e-05	4.140524311491195	-1.1381277343518817e-05	4.046733420301097	-1.0073511449804952e-05	3.9620959282921713	-1.4023003334670193e-05	3.8924671286592774	-1.2588394130031817e-05	3.8365949537462347	-1.4242934614247919e-05	3.7763522632680604	-1.6163379439373186e-05	3.728046970772308	-1.843445399451575e-05	3.682640182957818	-2.1175785489292994e-05	3.636083852884962	-2.4425690941732513e-05
1	1	33	0	0	3645	1	4058	8	4494	60	4817	136	5249	185	5686	213	5991	264	6249	306	6422	420	6688	602	6711	804	6734	989	6601	1252	6426	1534	6200	1926	5992	2334	5761	2759	5428	3251	5176	3721	4869	4192	4493	4713	4212	5192	3869	5737	3594	6084	3359	6366	3101	6661	2881	6714	2603	6674	2395	4050	4095	727.0	396.5678098735553	780.8374109268188	45	1	0.5507326126098633	0.11402508551881414	8.527131782945736			6.818054282561119	0.0009133337595557545	8.044723747596297	0.007222041671180442	9.285891395983139	0.07105300554213442	10.145538027338402	0.2024442161985144	11.21078148693962	0.32888304207925195	12.23216590654849	0.44194538965889285	13.070227109104	0.6223332783291294	13.621501438660738	0.7907589735638422	14.180043719225418	1.1645316918981867	14.850012212181095	1.7149531379084408	15.071754216542772	2.3706324635117206	15.411727010573534	3.021969627524674	15.39448214743814	3.9165389307723593	15.288351732013705	4.853355269402348	15.15447790379351	6.039321438650403	15.010396052005312	7.156216464816802	14.848320833011162	8.318760176083941	14.40016978829522	9.549406650217366	14.170727700815858	10.52467826332909	13.777979003367385	11.523131476950988	13.148191501814352	12.55962691538974	12.788826476392895	13.486414878694998	12.214680347277032	14.533985255744433	11.780902743632609	15.173204977928522	11.415075103649833	15.686371140625385	11.00113523485171	16.378165724120976	10.672742090835001	16.5667332889185	10.084847545620084	16.687085885735716	9.651420511787226	4.748950540559555	4.776958611357379	12.25349738749368	5.306565152539618	9.317500329171912	10.180995475113122	4.761904761904762	3.8325139283146648	17.111605839416058	4.6306	0.08687538244821966	20.106115341186523	-1.2397777936723649e-05	16.09201894053188	-1.3351847895748772e-05	13.351559584696094	-1.4315572479743465e-05	11.496516489065579	-1.7247491927215586e-05	10.149899958977375	-1.838279757153569e-05	9.120080451898353	-1.8668631785802014e-05	8.299899423239456	-1.9071460763480763e-05	7.6187692593088805	-1.9581391082634502e-05	7.048541385829754	-2.0214959495604842e-05	6.568315113617823	-2.2048893421161426e-05	6.167943168707006	-2.293806836232514e-05	5.824636710054888	-2.39736290080911e-05	5.531830783577387	-2.3943372663473378e-05	5.268522051247964	-2.5258433658059303e-05	5.038454646150373	-2.680950015803495e-05	4.831181981911495	-3.009238361770636e-05	4.657871981406385	-8.08138275691524e-06	4.499741126387851	-8.716298432112238e-06	4.360169058830204	-9.455209726006932e-06	4.235450757442729	-1.0329255343323788e-05	4.140524311491195	-1.1381277343518817e-05	4.046733420301097	-1.0073511449804952e-05	3.9620959282921713	-1.4023003334670193e-05	3.8924671286592774	-1.2588394130031817e-05	3.8365949537462347	-1.4242934614247919e-05	3.7763522632680604	-1.6163379439373186e-05	3.728046970772308	-1.843445399451575e-05	3.682640182957818	-2.1175785489292994e-05	3.636083852884962	-2.4425690941732513e-05
2	1	44	0	0	3124	2	3395	45	3574	133	3810	241	3948	390	4193	558	4410	733	4597	986	4751	1224	4829	1447	4954	1621	4958	1767	5038	2029	5039	2197	4999	2390	4926	2571	4944	2813	4896	3057	4801	3350	4700	3574	4548	3837	4396	4077	4246	4355	4066	4573	3919	4741	3754	4907	3582	4969	3446	5019	3323	4058	4095	653.0	467.7766738033444	759.5512609481812	37	1	0.5855417251586914	0.11402508551881414	11.369509043927648			5.843512092927554	0.001826667519111509	6.7303689312689565	0.04062398440038999	7.38490784362344	0.15750082895173131	8.024600349628257	0.3587430595870733	8.432113795091945	0.693321007626531	9.020308062989416	1.1577724292472404	9.621048497938347	1.7279177765729237	10.020490016566397	2.548001137039047	10.490406058866391	3.3937780735318586	10.722295001887337	4.1221548015839105	11.12583376378377	4.779596048945894	11.347095711081613	5.399211660097167	11.749341169336972	6.347170519598336	11.988484963837076	6.950991868889803	12.218908877590927	7.494277382333574	12.339988476665246	7.882875977311053	12.742596458671615	8.481577519146114	12.988804584283972	8.979555868875574	13.144061764222744	9.47532173667091	13.299753813067717	9.824349212457737	13.309141987592179	10.225183211192538	13.347502656748139	10.590160527819627	13.404893449092345	11.032857902870315	13.328088635395154	11.404843255106368	13.318154013457487	11.682231476233891	13.31772385412232	12.065404475043028	13.269615470104467	12.26096182791719	13.350896904420594	12.549068633579196	13.391094096312713	4.758331183602636	4.776958611357379	11.006236305410416	6.25942735283328	9.06349903945739	8.3710407239819	4.761904761904762	4.074748373163423	17.111605839416058	4.6306	0.08687538244821966	20.106115341186523	-1.2397777936723649e-05	16.09201894053188	-1.3351847895748772e-05	13.351559584696094	-1.4315572479743465e-05	11.496516489065579	-1.7247491927215586e-05	10.149899958977375	-1.838279757153569e-05	9.120080451898353	-1.8668631785802014e-05	8.299899423239456	-1.9071460763480763e-05	7.6187692593088805	-1.9581391082634502e-05	7.048541385829754	-2.0214959495604842e-05	6.568315113617823	-2.2048893421161426e-05	6.167943168707006	-2.293806836232514e-05	5.824636710054888	-2.39736290080911e-05	5.531830783577387	-2.3943372663473378e-05	5.268522051247964	-2.5258433658059303e-05	5.038454646150373	-2.680950015803495e-05	4.831181981911495	-3.009238361770636e-05	4.657871981406385	-8.08138275691524e-06	4.499741126387851	-8.716298432112238e-06	4.360169058830204	-9.455209726006932e-06	4.235450757442729	-1.0329255343323788e-05	4.140524311491195	-1.1381277343518817e-05	4.046733420301097	-1.0073511449804952e-05	3.9620959282921713	-1.4023003334670193e-05	3.8924671286592774	-1.2588394130031817e-05	3.8365949537462347	-1.4242934614247919e-05	3.7763522632680604	-1.6163379439373186e-05	3.728046970772308	-1.843445399451575e-05	3.682640182957818	-2.1175785489292994e-05	3.636083852884962	-2.4425690941732513e-05
3	1	41	0	0	3063	2	3278	56	3387	263	3524	610	3616	977	3723	1264	3765	1573	3933	1712	3924	1797	3917	2030	3915	2227	3884	2397	3895	2536	3883	2699	3799	2815	3774	3012	3733	3221	3702	3351	3629	3526	3536	3665	3484	3770	3349	3883	3282	3946	3174	3917	3099	3923	2997	3839	2928	3880	2844	3812	2755	4063	4095	553.0	468.7579990922987	681.7692289352417	32	1	0.6108007431030273	0.11402508551881414	10.594315245478036			5.72941022427564	0.001826667519111509	6.4984239636817795	0.0505542916982631	6.998512273741632	0.31144900762635597	7.422228774826765	0.9080218520668661	7.723030264197689	1.7368580114131302	8.009207469236726	2.6226242841729603	8.213888343477976	3.708069116711063	8.573110122940099	4.424115564514045	8.664355583033407	4.982532024621527	8.697293336589915	5.78298151155172	8.792418083410066	6.5664160401002505	8.889092323888862	7.324227701897517	9.083700646003871	7.933181093002159	9.238199467072707	8.53924763501756	9.28578412201799	8.826941770405442	9.454144642901877	9.235014563850989	9.621381994381299	9.711753000060302	9.821191701597071	9.843144166372928	9.935388490390407	9.97312968462735	10.005942443193073	10.07449352648506	10.195481680908346	10.046635576282478	10.16851373918324	10.086238246142656	10.361483820047356	9.996706609581233	10.404169534860852	9.768810634212036	10.531502752667707	9.666609171327895	10.632183908045976	9.43939021391689	10.846854856634808	9.573864337355344	11.018557979156174	9.531191398924864	11.102155954060045	4.7641940855045615	4.776958611357379	9.32074835664925	6.272558692422671	8.13534921115447	7.239819004524888	4.761904761904762	4.250524304841894	17.111605839416058	4.6306	0.08687538244821966	20.106115341186523	-1.2397777936723649e-05	16.09201894053188	-1.3351847895748772e-05	13.351559584696094	-1.4315572479743465e-05	11.496516489065579	-1.7247491927215586e-05	10.149899958977375	-1.838279757153569e-05	9.120080451898353	-1.8668631785802014e-05	8.299899423239456	-1.9071460763480763e-05	7.6187692593088805	-1.9581391082634502e-05	7.048541385829754	-2.0214959495604842e-05	6.568315113617823	-2.2048893421161426e-05	6.167943168707006	-2.293806836232514e-05	5.824636710054888	-2.39736290080911e-05	5.531830783577387	-2.3943372663473378e-05	5.268522051247964	-2.5258433658059303e-05	5.038454646150373	-2.680950015803495e-05	4.831181981911495	-3.009238361770636e-05	4.657871981406385	-8.08138275691524e-06	4.499741126387851	-8.716298432112238e-06	4.360169058830204	-9.455209726006932e-06	4.235450757442729	-1.0329255343323788e-05	4.140524311491195	-1.1381277343518817e-05	4.046733420301097	-1.0073511449804952e-05	3.9620959282921713	-1.4023003334670193e-05	3.8924671286592774	-1.2588394130031817e-05	3.8365949537462347	-1.4242934614247919e-05	3.7763522632680604	-1.6163379439373186e-05	3.728046970772308	-1.843445399451575e-05	3.682640182957818	-2.1175785489292994e-05	3.636083852884962	-2.4425690941732513e-05
4	1	51	0	0	3143	3	3197	159	3281	737	3217	1323	3291	1818	3333	2094	3246	2268	3304	2348	3300	2443	3198	2690	3187	2803	3143	2809	3169	2892	3157	3055	3100	3190	3052	3282	2977	3245	2876	3305	2837	3345	2787	3277	2762	3297	2710	3212	2630	3194	2548	3143	2475	3161	2371	3141	2290	3081	2187	3002	2116	4061	4095	469.0	444.48743514899934	600.8890867233276	34	1	0.6295843124389648	0.11402508551881414	13.178294573643413			5.87905201922897	0.0027400012786672635	6.337846678429118	0.1435380782147113	6.779485907926275	0.872767751409218	6.775627119358033	1.9693654266958425	7.028897289677709	3.231942543243676	7.170209104207899	4.3447589011536225	7.081615288958701	5.346408618372975	7.202022844188683	6.067653823293796	7.286537569829318	6.7736926745411195	7.1008282079179335	7.663162692647352	7.157455027286814	8.264779596048946	7.193207305350849	8.583127081614569	7.390564145619067	9.046829542966183	7.510944042634184	9.665580409402981	7.577238951896755	10.0028221128218	7.645482101255041	10.062854514793806	7.672878166963066	9.78411626364349	7.629861516421712	9.70802490894137	7.767070032305755	9.461179465422147	7.886471037663771	9.00794414359933	8.082640758515744	8.786142571618921	8.228328525884319	8.3432905605486	8.303078137332282	8.091606921186633	8.352181466548661	7.838491657730005	8.41092911031061	7.788975679471701	8.41138072938839	7.723137447750185	8.483366674075722	7.602339181286549	8.47313161055364	7.505938242280285	8.52710054402579	4.761848924743791	4.776958611357379	7.90493847968987	5.9477886892924055	7.170230556313778	7.6923076923076925	4.761904761904762	4.381237993218365	17.111605839416058	4.6306	0.08687538244821966	20.106115341186523	-1.2397777936723649e-05	16.09201894053188	-1.3351847895748772e-05	13.351559584696094	-1.4315572479743465e-05	11.496516489065579	-1.7247491927215586e-05	10.149899958977375	-1.838279757153569e-05	9.120080451898353	-1.8668631785802014e-05	8.299899423239456	-1.9071460763480763e-05	7.6187692593088805	-1.9581391082634502e-05	7.048541385829754	-2.0214959495604842e-05	6.568315113617823	-2.2048893421161426e-05	6.167943168707006	-2.293806836232514e-05	5.824636710054888	-2.39736290080911e-05	5.531830783577387	-2.3943372663473378e-05	5.268522051247964	-2.5258433658059303e-05	5.038454646150373	-2.680950015803495e-05	4.831181981911495	-3.009238361770636e-05	4.657871981406385	-8.08138275691524e-06	4.499741126387851	-8.716298432112238e-06	4.360169058830204	-9.455209726006932e-06	4.235450757442729	-1.0329255343323788e-05	4.140524311491195	-1.1381277343518817e-05	4.046733420301097	-1.0073511449804952e-05	3.9620959282921713	-1.4023003334670193e-05	3.8924671286592774	-1.2588394130031817e-05	3.8365949537462347	-1.4242934614247919e-05	3.7763522632680604	-1.6163379439373186e-05	3.728046970772308	-1.843445399451575e-05	3.682640182957818	-2.1175785489292994e-05	3.636083852884962	-2.4425690941732513e-05
5	1	28	0	0	3175	7	3074	609	2956	1921	2814	2789	2717	3306	2726	3460	2674	3434	2646	3500	2597	3421	2508	3403	2432	3195	2409	3177	2330	3053	2275	2934	2221	2745	2163	2729	2085	2655	2026	2671	1961	2597	1893	2508	1877	2428	1825	2389	1764	2308	1735	2225	1650	2170	1616	2092	1535	2031	1468	1952	1416	4070	4095	370.0	399.3827349355158	495.8959541320801	25	1	0.6518640518188477	0.11402508551881414	7.235142118863049			5.938908737210303	0.006393336316890282	6.094007097119522	0.5497779222186112	6.107942805190512	2.2748803941073374	5.926830809410476	4.15159499248277	5.802951666987036	5.877228849264902	5.864383443765597	7.179019005726617	5.8337151209721405	8.095047264326631	5.767721684540937	9.044628782592966	5.734284263286891	9.485387899961182	5.568754579567911	9.694328120103695	5.461854605071081	9.420610349402919	5.513342793060832	9.707580896507471	5.4338953800228555	9.550473926236432	5.412542824514655	9.28275382035625	5.428725068439578	8.607444106487725	5.418472406623413	8.367315652307221	5.3738498414907605	8.005186033890128	5.374860720539078	7.845729056515098	5.368778404424246	7.3454956866072685	5.3566880783270605	6.894087248137662	5.492801123727028	6.4703530979347095	5.541217549719144	6.205517169723103	5.569060773480663	5.8470346819344865	5.687219326711903	5.54904356934434	5.607286073540407	5.3470665056797175	5.732936001135235	5.1438406687976395	5.68644884048307	5.011473832259975	5.68749757855178	4.880610076259533	5.706226072939754	4.772402148167257	4.776958611357379	6.236305410416316	5.344232312780317	5.917378766952696	5.656108597285068	4.761904761904762	4.536281311041836	17.111605839416058	4.6306	0.08687538244821966	20.106115341186523	-1.2397777936723649e-05	16.09201894053188	-1.3351847895748772e-05	13.351559584696094	-1.4315572479743465e-05	11.496516489065579	-1.7247491927215586e-05	10.149899958977375	-1.838279757153569e-05	9.120080451898353	-1.8668631785802014e-05	8.299899423239456	-1.9071460763480763e-05	7.6187692593088805	-1.9581391082634502e-05	7.048541385829754	-2.0214959495604842e-05	6.568315113617823	-2.2048893421161426e-05	6.167943168707006	-2.293806836232514e-05	5.824636710054888	-2.39736290080911e-05	5.531830783577387	-2.3943372663473378e-05	5.268522051247964	-2.5258433658059303e-05	5.038454646150373	-2.680950015803495e-05	4.831181981911495	-3.009238361770636e-05	4.657871981406385	-8.08138275691524e-06	4.499741126387851	-8.716298432112238e-06	4.360169058830204	-9.455209726006932e-06	4.235450757442729	-1.0329255343323788e-05	4.140524311491195	-1.1381277343518817e-05	4.046733420301097	-1.0073511449804952e-05	3.9620959282921713	-1.4023003334670193e-05	3.8924671286592774	-1.2588394130031817e-05	3.8365949537462347	-1.4242934614247919e-05	3.7763522632680604	-1.6163379439373186e-05	3.728046970772308	-1.843445399451575e-05	3.682640182957818	-2.1175785489292994e-05	3.636083852884962	-2.4425690941732513e-05
6	1	20	0	0	3326	47	3051	1298	2937	3165	2723	4238	2502	4352	2393	4384	2315	4165	2248	3798	2142	3525	2105	3414	2047	3205	1952	2961	1875	2705	1781	2500	1739	2363	1664	2310	1598	2178	1581	2114	1520	2065	1474	1971	1438	1902	1367	1792	1310	1741	1277	1674	1214	1584	1187	1540	1164	1484	1105	1456	1049	4069	4095	315.0	364.544846961045	432.14982891082764	26	1	0.6644926071166992	0.11402508551881414	5.167958656330749			6.221357625184714	0.04292668669912046	6.048411077850247	1.1717762611490268	6.0686833622613445	3.7480460423475916	5.735167126519093	6.308519031244883	5.343756006919972	7.736751346642726	5.148007916702521	9.0961905552328	5.05050505050505	9.818250394851606	4.900165663963729	9.814714318939451	4.729625295325576	9.773748128431208	4.673934764748984	9.725664473121956	4.597210681159745	9.450095827804807	4.467432599441571	9.047575396461637	4.372769887357448	8.461851284136767	4.237247811191473	7.909640269560541	4.250586624951114	7.409613997679595	4.168441093213758	7.082630691399664	4.1186628521353645	6.566966170174275	4.194301480341698	6.20961109152861	4.161419262990746	5.840758025738934	4.171029174566343	5.417960911514886	4.208123609973077	5.068620919387076	4.150599666008805	4.654787261675931	4.135753749013418	4.410609783902921	4.185924541908415	4.174875925879742	4.125603208047305	3.903112140551462	4.211011778061587	3.7865748709122204	4.312069348744165	3.661756359957559	4.281120452520244	3.6404550568821104	4.227281885956075	4.771229567786872	4.776958611357379	5.309287038597674	4.878058514225282	5.15671523518434	5.88235294117647	4.761904761904762	4.6241626403209395	17.111605839416058	4.6306	0.08687538244821966	20.106115341186523	-1.2397777936723649e-05	16.09201894053188	-1.3351847895748772e-05	13.351559584696094	-1.4315572479743465e-05	11.496516489065579	-1.7247491927215586e-05	10.149899958977375	-1.838279757153569e-05	9.120080451898353	-1.8668631785802014e-05	8.299899423239456	-1.9071460763480763e-05	7.6187692593088805	-1.9581391082634502e-05	7.048541385829754	-2.0214959495604842e-05	6.568315113617823	-2.2048893421161426e-05	6.167943168707006	-2.293806836232514e-05	5.824636710054888	-2.39736290080911e-05	5.531830783577387	-2.3943372663473378e-05	5.268522051247964	-2.5258433658059303e-05	5.038454646150373	-2.680950015803495e-05	4.831181981911495	-3.009238361770636e-05	4.657871981406385	-8.08138275691524e-06	4.499741126387851	-8.716298432112238e-06	4.360169058830204	-9.455209726006932e-06	4.235450757442729	-1.0329255343323788e-05	4.140524311491195	-1.1381277343518817e-05	4.046733420301097	-1.0073511449804952e-05	3.9620959282921713	-1.4023003334670193e-05	3.8924671286592774	-1.2588394130031817e-05	3.8365949537462347	-1.4242934614247919e-05	3.7763522632680604	-1.6163379439373186e-05	3.728046970772308	-1.843445399451575e-05	3.682640182957818	-2.1175785489292994e-05	3.636083852884962	-2.4425690941732513e-05
7	1	16	0	0	3203	126	2998	2522	2699	4427	2622	5184	2427	5274	2182	4945	1996	4270	1907	3880	1835	3323	1712	3090	1668	2796	1660	2648	1564	2429	1532	2174	1453	2020	1403	1884	1337	1771	1276	1686	1222	1661	1169	1599	1143	1557	1133	1461	1080	1405	1048	1330	1046	1261	996	1216	940	1157	911	1144	882	4073	4095	277.0	345.7524763624089	390.3304624557495	22	1	0.6726837158203125	0.11402508551881414	4.1343669250646			5.991283365443969	0.11508005370402506	5.943341989968875	2.2767486368396344	5.5769071824117695	5.242527592250486	5.522441500452832	7.716697182155138	5.183571474338438	9.375833318518783	4.694088288443336	10.260187567432983	4.354560726051006	10.065769312368873	4.156857616182753	10.026617050417345	4.051756497162667	9.213663838518272	3.8013189155583187	8.802666438765918	3.7460417274911855	8.244139761167625	3.799148624525107	8.091178537598925	3.647473122041092	7.598460912816342	3.6448420251237152	6.878223178409846	3.551525224872898	6.334075444482769	3.514617099626744	5.776483213245439	3.4459651021933553	5.339805825242718	3.3851541359367543	4.952414522382799	3.3455620653780866	4.69806250883892	3.3079600441438637	4.395392946480112	3.3448437317101716	4.1492338441039305	3.4401093062092	3.7950023377837807	3.4096290449881614	3.5593950295138446	3.4352771495066707	3.3169563807766167	3.554679535105009	3.107212379567799	3.5334184759472116	2.989918859109909	3.4822553159961473	2.8548868655464257	3.52950292510945	2.8603575446930867	3.554301833568406	4.775919889308413	4.776958611357379	4.66880161806843	4.6265934773022686	4.657697187050027	4.97737556561086	4.761904761904762	4.681164055301925	17.111605839416058	4.6306	0.08687538244821966	20.106115341186523	-1.2397777936723649e-05	16.09201894053188	-1.3351847895748772e-05	13.351559584696094	-1.4315572479743465e-05	11.496516489065579	-1.7247491927215586e-05	10.149899958977375	-1.838279757153569e-05	9.120080451898353	-1.8668631785802014e-05	8.299899423239456	-1.9071460763480763e-05	7.6187692593088805	-1.9581391082634502e-05	7.048541385829754	-2.0214959495604842e-05	6.568315113617823	-2.2048893421161426e-05	6.167943168707006	-2.293806836232514e-05	5.824636710054888	-2.39736290080911e-05	5.531830783577387	-2.3943372663473378e-05	5.268522051247964	-2.5258433658059303e-05	5.038454646150373	-2.680950015803495e-05	4.831181981911495	-3.009238361770636e-05	4.657871981406385	-8.08138275691524e-06	4.499741126387851	-8.716298432112238e-06	4.360169058830204	-9.455209726006932e-06	4.235450757442729	-1.0329255343323788e-05	4.140524311491195	-1.1381277343518817e-05	4.046733420301097	-1.0073511449804952e-05	3.9620959282921713	-1.4023003334670193e-05	3.8924671286592774	-1.2588394130031817e-05	3.8365949537462347	-1.4242934614247919e-05	3.7763522632680604	-1.6163379439373186e-05	3.728046970772308	-1.843445399451575e-05	3.682640182957818	-2.1175785489292994e-05	3.636083852884962	-2.4425690941732513e-05
8	1	11	0	0	3195	726	2885	4374	2620	6079	2408	6218	2067	5551	1887	4644	1699	3932	1666	3417	1533	2975	1435	2656	1377	2424	1309	2071	1245	1863	1220	1677	1184	1608	1139	1502	1039	1446	999	1341	1005	1268	948	1224	908	1191	864	1161	840	1038	817	996	798	997	778	952	740	884	716	865	706	4075	4095	234.0	325.0214262887993	343.7821922302246	20	1	0.6837806701660156	0.11402508551881414	2.842377260981912			5.976319185948635	0.6630803094374778	5.719326764863311	3.948651283717907	5.413670551285231	7.1988536781772545	5.071715916510457	9.255868649429138	4.414685717947075	9.868269008550959	4.059461320024094	9.635654411154453	3.7066125619041386	9.26899413026567	3.6315284680442934	8.830141871462905	3.3849279074388923	8.248766150945489	3.1862690676554832	7.566304874227274	3.092505670716644	7.147279964617425	2.9958346683755206	6.328108289791304	2.9035192052053453	5.827885006412863	2.9025504377617053	5.3057866928212105	2.894016425498631	5.042174908281334	2.8532778877226384	4.605242986355971	2.677904069692518	4.359886630887053	2.6502891706902956	3.939020091646105	2.7514647100695395	3.586479988686183	2.6825886414442968	3.364578465598285	2.6571462015685356	3.1738840772818118	2.6233490207985426	3.015741077458569	2.6519337016574585	2.6296455805233956	2.6780738846822043	2.483976357333466	2.7118874464759055	2.456693689475889	2.7600397332198097	2.3407917383820998	2.7413499296139885	2.1812618747995165	2.7740110805470537	2.1627703462932866	2.845053395123917	4.778265050069183	4.776958611357379	3.9440418001011293	4.349186524046917	4.102250538260604	4.524886877828054	4.761904761904762	4.758387069007682	17.111605839416058	4.6306	0.08687538244821966	20.106115341186523	-1.2397777936723649e-05	16.09201894053188	-1.3351847895748772e-05	13.351559584696094	-1.4315572479743465e-05	11.496516489065579	-1.7247491927215586e-05	10.149899958977375	-1.838279757153569e-05	9.120080451898353	-1.8668631785802014e-05	8.299899423239456	-1.9071460763480763e-05	7.6187692593088805	-1.9581391082634502e-05	7.048541385829754	-2.0214959495604842e-05	6.568315113617823	-2.2048893421161426e-05	6.167943168707006	-2.293806836232514e-05	5.824636710054888	-2.39736290080911e-05	5.531830783577387	-2.3943372663473378e-05	5.268522051247964	-2.5258433658059303e-05	5.038454646150373	-2.680950015803495e-05	4.831181981911495	-3.009238361770636e-05	4.657871981406385	-8.08138275691524e-06	4.499741126387851	-8.716298432112238e-06	4.360169058830204	-9.455209726006932e-06	4.235450757442729	-1.0329255343323788e-05	4.140524311491195	-1.1381277343518817e-05	4.046733420301097	-1.0073511449804952e-05	3.9620959282921713	-1.4023003334670193e-05	3.8924671286592774	-1.2588394130031817e-05	3.8365949537462347	-1.4242934614247919e-05	3.7763522632680604	-1.6163379439373186e-05	3.728046970772308	-1.843445399451575e-05	3.682640182957818	-2.1175785489292994e-05	3.636083852884962	-2.4425690941732513e-05
9	1	9	0	0	2906	1477	2592	6042	2228	7546	2032	6563	1925	5185	1718	4114	1543	3354	1374	2790	1319	2412	1279	2143	1192	1944	1125	1808	1072	1574	1047	1391	981	1319	927	1286	909	1177	906	1098	852	1067	832	1010	805	955	771	938	786	911	785	873	768	819	746	807	716	774	683	784	647	4077	4095	204.0	316.59377111459105	315.691593170166	18	1	0.694972038269043	0.11402508551881414	2.3255813953488373			5.435738201679729	1.3489939628638492	5.138473128085166	5.45444697215903	4.603686255062402	8.936099663682441	4.27978685313507	9.769421991991544	4.111403002926037	9.21761390908606	3.6958953618449355	8.535978089468006	3.3662761524532585	7.906461422408713	2.9950300810881507	7.209861229552679	2.9124069862439	6.687739144901014	2.8398872038546084	6.104891319830214	2.677027421564444	5.731977001326847	2.5747242184281594	5.524490481865127	2.500058303598498	4.923827697312854	2.490959269128283	4.400923845983485	2.3978294876808763	4.135963124392462	2.3222024599814626	3.942971025601717	2.342843887729065	3.5488150515588255	2.403565554199607	3.2252379273880862	2.33258500793955	3.0179606844859284	2.35433939839837	2.7763270018417217	2.3557298372936906	2.5449700199866756	2.3409746470320325	2.4364902072834953	2.4814522494080506	2.3079066703822866	2.5731799259186414	2.177220240915779	2.609936790593353	2.018086390853313	2.646516248048815	1.9842635849520531	2.6524412832481294	1.9098378858538754	2.6461586145441864	1.9602450306288286	2.607293975418094	4.780610210829953	4.776958611357379	3.4383954154727796	4.236414130141992	3.767053783691601	4.072398190045249	4.761904761904762	4.836267102166591	17.111605839416058	4.6306	0.08687538244821966	20.106115341186523	-1.2397777936723649e-05	16.09201894053188	-1.3351847895748772e-05	13.351559584696094	-1.4315572479743465e-05	11.496516489065579	-1.7247491927215586e-05	10.149899958977375	-1.838279757153569e-05	9.120080451898353	-1.8668631785802014e-05	8.299899423239456	-1.9071460763480763e-05	7.6187692593088805	-1.9581391082634502e-05	7.048541385829754	-2.0214959495604842e-05	6.568315113617823	-2.2048893421161426e-05	6.167943168707006	-2.293806836232514e-05	5.824636710054888	-2.39736290080911e-05	5.531830783577387	-2.3943372663473378e-05	5.268522051247964	-2.5258433658059303e-05	5.038454646150373	-2.680950015803495e-05	4.831181981911495	-3.009238361770636e-05	4.657871981406385	-8.08138275691524e-06	4.499741126387851	-8.716298432112238e-06	4.360169058830204	-9.455209726006932e-06	4.235450757442729	-1.0329255343323788e-05	4.140524311491195	-1.1381277343518817e-05	4.046733420301097	-1.0073511449804952e-05	3.9620959282921713	-1.4023003334670193e-05	3.8924671286592774	-1.2588394130031817e-05	3.8365949537462347	-1.4242934614247919e-05	3.7763522632680604	-1.6163379439373186e-05	3.728046970772308	-1.843445399451575e-05	3.682640182957818	-2.1175785489292994e-05	3.636083852884962	-2.4425690941732513e-05
10	1	6	0	0	2762	3108	2400	7623	2062	8041	1832	5978	1642	4565	1420	3457	1253	2858	1216	2425	1238	2062	1183	1838	1122	1618	1019	1371	943	1246	957	1244	934	1182	856	1190	842	1040	814	972	791	957	812	925	776	855	769	842	717	811	690	790	670	808	649	756	645	748	633	714	630	4078	4095	180.0	315.9767229950221	295.2039842605591	17	1	0.7063665390014648	0.11402508551881414	1.550387596899225			5.166382970763735	2.8386413246992848	4.757845488967746	6.881702957426064	4.2606827010496735	9.522286959405049	3.8585479896375237	8.898614150255288	3.506973366651716	8.115411281577217	3.05481455984855	7.172794422773674	2.733599493858673	6.737229202517621	2.6506234196529777	6.266635656510841	2.733555609529908	5.717296068319193	2.626729133823301	5.236019713414808	2.519819435398747	4.7707504054253285	2.332127980958484	4.189201576679805	2.199211735348306	3.897769574874089	2.2768366958507804	3.935836998133325	2.2829487680876026	3.706374839296353	2.1443422931436156	3.64862793193316	2.170159024717132	3.135741421938129	2.1594948798217226	2.855128657032076	2.1655806822537373	2.7068307170131525	2.297744701321486	2.542675719508508	2.270865035701744	2.278481012658228	2.3349020798542583	2.1871266039794275	2.2636148382004735	2.0545689458617282	2.2617759858393156	1.9702222111379903	2.276897981377014	1.9909814454328167	2.3023981836242373	1.8588640275387263	2.389419871082463	1.84568312483036	2.4524427569640848	1.7852231528941116	2.538787023977433	4.781782791210337	4.776958611357379	3.0338783077700997	4.228157267211568	3.522581246787118	3.8461538461538463	4.761904761904762	4.915560722633796	17.111605839416058	4.6306	0.08687538244821966	20.106115341186523	-1.2397777936723649e-05	16.09201894053188	-1.3351847895748772e-05	13.351559584696094	-1.4315572479743465e-05	11.496516489065579	-1.7247491927215586e-05	10.149899958977375	-1.838279757153569e-05	9.120080451898353	-1.8668631785802014e-05	8.299899423239456	-1.9071460763480763e-05	7.6187692593088805	-1.9581391082634502e-05	7.048541385829754	-2.0214959495604842e-05	6.568315113617823	-2.2048893421161426e-05	6.167943168707006	-2.293806836232514e-05	5.824636710054888	-2.39736290080911e-05	5.531830783577387	-2.3943372663473378e-05	5.268522051247964	-2.5258433658059303e-05	5.038454646150373	-2.680950015803495e-05	4.831181981911495	-3.009238361770636e-05	4.657871981406385	-8.08138275691524e-06	4.499741126387851	-8.716298432112238e-06	4.360169058830204	-9.455209726006932e-06	4.235450757442729	-1.0329255343323788e-05	4.140524311491195	-1.1381277343518817e-05	4.046733420301097	-1.0073511449804952e-05	3.9620959282921713	-1.4023003334670193e-05	3.8924671286592774	-1.2588394130031817e-05	3.8365949537462347	-1.4242934614247919e-05	3.7763522632680604	-1.6163379439373186e-05	3.728046970772308	-1.843445399451575e-05	3.682640182957818	-2.1175785489292994e-05	3.636083852884962	-2.4425690941732513e-05
11	1	8	0	0	2434	4603	2016	8725	1674	7570	1537	5384	1472	4149	1379	2952	1311	2420	1186	1919	1122	1596	1127	1533	1084	1437	997	1330	918	1203	855	1156	827	1164	816	1105	807	1016	808	919	792	857	796	819	765	824	756	793	741	809	726	803	710	799	697	767	680	751	644	731	646	4085	4095	165.0	321.40508137454634	284.90807723999023	10	1	0.7148685455322266	0.11402508551881414	2.0671834625323			4.55285161145508	4.204075295235138	3.9965902107329065	7.87653919763117	3.4589635507066703	8.964520865899296	3.2372206659786436	8.014409264800012	3.1438884261335724	7.37586887344225	2.966612167627571	6.124989625695078	2.8601348255775902	5.704721718017019	2.5852297497602232	4.959040752513115	2.4774227737419685	4.425220429213109	2.502386926305038	4.367148106999402	2.4344779571945114	4.237063246351172	2.2817778184647777	4.063922754911847	2.1409081368502068	3.763255857603153	2.034164446136277	3.657417660644794	2.0214118107156827	3.6499325828603677	2.044139382249054	3.388011651080791	2.07995051418851	3.0633781583549418	2.1435772271449034	2.6994477734696276	2.168318458084652	2.423985292037901	2.252468943659979	2.251298826245911	2.238674938546178	2.195869420386409	2.2954303931987248	2.059847264792976	2.339384372533544	2.049502191371317	2.3797816894483232	2.0026435892959573	2.4128321892204174	1.968804671906956	2.4726834113807294	1.8859109909023852	2.5190783136993407	1.8530855972561502	2.4950602456317075	1.8277284660582573	2.603264154745114	4.789990853873033	4.776958611357379	2.781055115455924	4.300795380278447	3.399723253931209	2.262443438914027	4.761904761904762	4.974725656218088	17.111605839416058	4.6306	0.08687538244821966	20.106115341186523	-1.2397777936723649e-05	16.09201894053188	-1.3351847895748772e-05	13.351559584696094	-1.4315572479743465e-05	11.496516489065579	-1.7247491927215586e-05	10.149899958977375	-1.838279757153569e-05	9.120080451898353	-1.8668631785802014e-05	8.299899423239456	-1.9071460763480763e-05	7.6187692593088805	-1.9581391082634502e-05	7.048541385829754	-2.0214959495604842e-05	6.568315113617823	-2.2048893421161426e-05	6.167943168707006	-2.293806836232514e-05	5.824636710054888	-2.39736290080911e-05	5.531830783577387	-2.3943372663473378e-05	5.268522051247964	-2.5258433658059303e-05	5.038454646150373	-2.680950015803495e-05	4.831181981911495	-3.009238361770636e-05	4.657871981406385	-8.08138275691524e-06	4.499741126387851	-8.716298432112238e-06	4.360169058830204	-9.455209726006932e-06	4.235450757442729	-1.0329255343323788e-05	4.140524311491195	-1.1381277343518817e-05	4.046733420301097	-1.0073511449804952e-05	3.9620959282921713	-1.4023003334670193e-05	3.8924671286592774	-1.2588394130031817e-05	3.8365949537462347	-1.4242934614247919e-05	3.7763522632680604	-1.6163379439373186e-05	3.728046970772308	-1.843445399451575e-05	3.682640182957818	-2.1175785489292994e-05	3.636083852884962	-2.4425690941732513e-05
12	1	11	0	0	2140	5760	1801	9336	1658	7329	1543	4986	1428	3459	1247	2533	1114	2039	1068	1712	1017	1593	967	1468	982	1354	942	1139	887	1099	851	1021	859	965	830	986	810	932	799	875	784	865	790	844	795	805	784	797	762	786	727	784	718	791	700	799	676	769	640	728	619	4082	4095	153.0	326.0021899813136	277.1751890182495	13	1	0.7212076187133789	0.11402508551881414	2.842377260981912			4.00291801500159	5.260802455041145	3.5703665523462123	8.428122630267577	3.4259029671873704	8.67912462697172	3.2498578318835696	7.421962220336713	3.049913500352406	6.14922401379531	2.6826434902331986	5.255622873267491	2.4303510264633377	4.806581645882935	2.328014648182056	4.424115564514045	2.245578396520126	4.41690234569955	2.1471234762528586	4.181978748255135	2.2054034630673525	3.9923337756155095	2.155902412230512	3.480306780334281	2.0686116747125634	3.4379203553664714	2.024647887323944	3.2302970860885245	2.099628470864294	3.025932081151422	2.079210401062151	3.0231488578874752	2.0876826722338206	2.8101067358137852	2.119700748129676	2.5702032663611796	2.146416251437332	2.4466129260359213	2.235490534536914	2.3200197916380327	2.3264661126068127	2.145236508994004	2.3804463336875665	2.070237414930646	2.40568271507498	1.9912345147315886	2.3830596256596848	1.9552584981420058	2.4400190307890983	1.9490919843284131	2.4833262381155103	1.9645930661421194	2.5042602059716974	1.8975004318108915	2.4795629770252994	1.8202275284410552	2.4944589965746524	4.786473112731878	4.776958611357379	2.5787965616045847	4.3623103487850665	3.307449001259328	2.941176470588235	4.761904761904762	5.018838871421094	17.111605839416058	4.6306	0.08687538244821966	20.106115341186523	-1.2397777936723649e-05	16.09201894053188	-1.3351847895748772e-05	13.351559584696094	-1.4315572479743465e-05	11.496516489065579	-1.7247491927215586e-05	10.149899958977375	-1.838279757153569e-05	9.120080451898353	-1.8668631785802014e-05	8.299899423239456	-1.9071460763480763e-05	7.6187692593088805	-1.9581391082634502e-05	7.048541385829754	-2.0214959495604842e-05	6.568315113617823	-2.2048893421161426e-05	6.167943168707006	-2.293806836232514e-05	5.824636710054888	-2.39736290080911e-05	5.531830783577387	-2.3943372663473378e-05	5.268522051247964	-2.5258433658059303e-05	5.038454646150373	-2.680950015803495e-05	4.831181981911495	-3.009238361770636e-05	4.657871981406385	-8.08138275691524e-06	4.499741126387851	-8.716298432112238e-06	4.360169058830204	-9.455209726006932e-06	4.235450757442729	-1.0329255343323788e-05	4.140524311491195	-1.1381277343518817e-05	4.046733420301097	-1.0073511449804952e-05	3.9620959282921713	-1.4023003334670193e-05	3.8924671286592774	-1.2588394130031817e-05	3.8365949537462347	-1.4242934614247919e-05	3.7763522632680604	-1.6163379439373186e-05	3.728046970772308	-1.843445399451575e-05	3.682640182957818	-2.1175785489292994e-05	3.636083852884962	-2.4425690941732513e-05
13	4	11	0	0	2032	7074	1649	10061	1506	6747	1390	4263	1327	3033	1295	2309	1212	1768	1116	1544	1022	1449	1018	1358	976	1286	965	1198	932	1125	868	1024	825	1017	804	970	789	978	769	894	738	825	731	819	708	786	685	764	679	755	682	757	700	724	697	685	690	673	673	682	652	4083	4095	142.0	326.52940760336907	269.3067855834961	12	1	0.7238130569458008	0.45610034207525657	2.842377260981912			3.8009015918145943	6.460923015097407	3.269036338044922	9.082620156718304	3.1118274237540295	7.989910473213017	2.9276101013079465	6.3457330415754925	2.8341983298092734	5.39190414392633	2.7859048274675158	4.790854012781144	2.6441521041953004	4.167747106385988	2.432644520010463	3.9899733829495827	2.256618604959262	4.017634337048745	2.260363700956991	3.86861521807253	2.1919284928245784	3.791832522482677	2.208541218473932	3.660586060439393	2.173558152009142	3.519254230925642	2.0650932622763607	3.2397886544119974	2.0165232694563944	3.188987488633157	2.0140785089806856	2.9740916756093823	2.0335575659166474	2.9488029910148947	2.040112484745583	2.6260133944307364	2.020478563215244	2.333474756045821	2.0685361781601066	2.251298826245911	2.0718717078309727	2.0946035976015986	2.0798542583877335	1.9845186762948726	2.1436464088397793	1.9126998201302154	2.2355524961484248	1.8879217896600742	2.3788486372595665	1.7839982258581177	2.4726834113807294	1.6842881731005657	2.5561235830184486	1.6606213141856045	2.607415443028166	1.7052131516439557	2.6274430787829943	4.787645693112263	4.776958611357379	2.3933928872408563	4.3693651691495745	3.2135576859004082	2.7149321266968327	4.761904761904762	5.03696995370402	17.111605839416058	4.6306	0.08687538244821966	20.106115341186523	-1.2397777936723649e-05	16.09201894053188	-1.3351847895748772e-05	13.351559584696094	-1.4315572479743465e-05	11.496516489065579	-1.7247491927215586e-05	10.149899958977375	-1.838279757153569e-05	9.120080451898353	-1.8668631785802014e-05	8.299899423239456	-1.9071460763480763e-05	7.6187692593088805	-1.9581391082634502e-05	7.048541385829754	-2.0214959495604842e-05	6.568315113617823	-2.2048893421161426e-05	6.167943168707006	-2.293806836232514e-05	5.824636710054888	-2.39736290080911e-05	5.531830783577387	-2.3943372663473378e-05	5.268522051247964	-2.5258433658059303e-05	5.038454646150373	-2.680950015803495e-05	4.831181981911495	-3.009238361770636e-05	4.657871981406385	-8.08138275691524e-06	4.499741126387851	-8.716298432112238e-06	4.360169058830204	-9.455209726006932e-06	4.235450757442729	-1.0329255343323788e-05	4.140524311491195	-1.1381277343518817e-05	4.046733420301097	-1.0073511449804952e-05	3.9620959282921713	-1.4023003334670193e-05	3.8924671286592774	-1.2588394130031817e-05	3.8365949537462347	-1.4242934614247919e-05	3.7763522632680604	-1.6163379439373186e-05	3.728046970772308	-1.843445399451575e-05	3.682640182957818	-2.1175785489292994e-05	3.636083852884962	-2.4425690941732513e-05
14	14	9	0	0	1857	8802	1476	9713	1349	5937	1276	3807	1164	2570	1107	1989	1074	1580	1016	1369	955	1299	972	1177	913	1125	843	1071	837	1011	826	958	828	955	834	886	833	854	810	840	802	856	801	831	772	841	766	825	746	802	717	805	731	778	718	760	698	746	703	705	709	4083	4095	132.0	332.99678483287516	263.46424770355225	12	1	0.7309017181396484	1.596351197263398	2.3255813953488373			3.4735601653541837	8.03916375160975	2.9260749757151636	8.768461344021954	2.7874204479709066	7.030694898394202	2.6875039491143453	5.666949493145179	2.4860639456654066	4.5688076656415	2.38146458996644	4.1268984978006475	2.3430852804502913	3.724570377878881	2.2146656203679482	3.5377419438199347	2.108679811874848	3.6017301613708206	2.158225459066989	3.3529897729538787	2.050441305275451	3.3171163202122953	1.929326681008834	3.272527271060592	1.9520044777163645	3.1626364688585102	1.9651693947468594	3.030974151295599	2.0238560813453264	2.994575272020319	2.0892306921516073	2.7165414686493943	2.1469625505812004	2.574926129168426	2.14888311137051	2.4673951357067323	2.1956962163938014	2.421156837788149	2.2666176179292	2.2842848896341295	2.259159545826993	2.241172551632245	2.325793229087597	2.142968465894332	2.3551696921862666	2.031768550654878	2.3502802635460713	2.0076314936279522	2.4841976483382044	1.9170588670132813	2.547183198524195	1.8686992869436931	2.585759798473735	1.8407481432131663	2.723644957576227	1.762720340042505	2.857142857142857	4.787645693112263	4.776958611357379	2.2248440923647395	4.455906632626824	3.143840421002763	2.7149321266968327	4.761904761904762	5.08629950517144	17.111605839416058	4.6306	0.08687538244821966	20.106115341186523	-1.2397777936723649e-05	16.09201894053188	-1.3351847895748772e-05	13.351559584696094	-1.4315572479743465e-05	11.496516489065579	-1.7247491927215586e-05	10.149899958977375	-1.838279757153569e-05	9.120080451898353	-1.8668631785802014e-05	8.299899423239456	-1.9071460763480763e-05	7.6187692593088805	-1.9581391082634502e-05	7.048541385829754	-2.0214959495604842e-05	6.568315113617823	-2.2048893421161426e-05	6.167943168707006	-2.293806836232514e-05	5.824636710054888	-2.39736290080911e-05	5.531830783577387	-2.3943372663473378e-05	5.268522051247964	-2.5258433658059303e-05	5.038454646150373	-2.680950015803495e-05	4.831181981911495	-3.009238361770636e-05	4.657871981406385	-8.08138275691524e-06	4.499741126387851	-8.716298432112238e-06	4.360169058830204	-9.455209726006932e-06	4.235450757442729	-1.0329255343323788e-05	4.140524311491195	-1.1381277343518817e-05	4.046733420301097	-1.0073511449804952e-05	3.9620959282921713	-1.4023003334670193e-05	3.8924671286592774	-1.2588394130031817e-05	3.8365949537462347	-1.4242934614247919e-05	3.7763522632680604	-1.6163379439373186e-05	3.728046970772308	-1.843445399451575e-05	3.682640182957818	-2.1175785489292994e-05	3.636083852884962	-2.4425690941732513e-05
15	30	9	0	0	1770	10438	1474	9573	1288	5115	1180	3230	1092	2258	1044	1794	989	1489	913	1290	846	1179	835	1084	830	1026	790	983	772	924	761	851	758	833	775	819	769	771	787	773	772	770	791	777	772	768	785	790	795	783	803	791	814	771	803	781	782	803	783	796	770	4084	4095	120.0	336.67276093446213	255.10816192626953	11	1	0.7392845153808594	3.4207525655644244	2.3255813953488373			3.310824713342436	9.533377782242965	2.922110104474357	8.642075614776298	2.661376973303579	6.057268722466961	2.485309294635523	4.808050134714717	2.3322867943871337	4.014150859540274	2.245934084846399	3.7223006058594077	2.157645570172568	3.510053982697249	1.9901473537361583	3.3335917512985502	1.868003267901698	3.269006820828481	1.8540311299598107	3.088055151981312	1.8640375502504098	3.0252100840336134	1.8080285622739964	3.0036361414122896	1.8004151216213065	2.890480808333594	1.810525314046441	2.692441547758408	1.8527571372702385	2.612022200620865	1.9414313985821288	2.5111145178598804	1.9820098456145778	2.3246698426099015	2.087865442776039	2.270590999882505	2.113562941466353	2.177909772309433	2.238320269390758	2.135847604387146	2.259159545826993	2.0466355762824784	2.3834826172764534	2.052054652189724	2.509865824782952	1.9836343829959717	2.6321827777231457	1.9727161633039878	2.766261129613267	1.8998102653820566	2.8487299560096493	1.9203343988197688	2.896940060754242	1.9813951193031805	3.03359032970439	1.9902487810976373	3.1029619181946404	4.788818273492648	4.776958611357379	2.0225855385133995	4.505095715039917	3.0441297374585328	2.48868778280543	4.761904761904762	5.144634868739127	17.111605839416058	4.6306	0.08687538244821966	20.106115341186523	-1.2397777936723649e-05	16.09201894053188	-1.3351847895748772e-05	13.351559584696094	-1.4315572479743465e-05	11.496516489065579	-1.7247491927215586e-05	10.149899958977375	-1.838279757153569e-05	9.120080451898353	-1.8668631785802014e-05	8.299899423239456	-1.9071460763480763e-05	7.6187692593088805	-1.9581391082634502e-05	7.048541385829754	-2.0214959495604842e-05	6.568315113617823	-2.2048893421161426e-05	6.167943168707006	-2.293806836232514e-05	5.824636710054888	-2.39736290080911e-05	5.531830783577387	-2.3943372663473378e-05	5.268522051247964	-2.5258433658059303e-05	5.038454646150373	-2.680950015803495e-05	4.831181981911495	-3.009238361770636e-05	4.657871981406385	-8.08138275691524e-06	4.499741126387851	-8.716298432112238e-06	4.360169058830204	-9.455209726006932e-06	4.235450757442729	-1.0329255343323788e-05	4.140524311491195	-1.1381277343518817e-05	4.046733420301097	-1.0073511449804952e-05	3.9620959282921713	-1.4023003334670193e-05	3.8924671286592774	-1.2588394130031817e-05	3.8365949537462347	-1.4242934614247919e-05	3.7763522632680604	-1.6163379439373186e-05	3.728046970772308	-1.843445399451575e-05	3.682640182957818	-2.1175785489292994e-05	3.636083852884962	-2.4425690941732513e-05
16	64	10	0	0	1664	11655	1413	9349	1177	4502	1050	2771	1016	1939	972	1669	929	1381	898	1154	837	1070	845	1027	781	955	757	914	802	859	791	853	788	823	809	774	813	772	794	790	818	774	786	814	790	813	786	799	803	814	801	792	807	794	781	795	756	790	734	804	714	4083	4095	111.0	334.60823676034715	246.7835931777954	12	1	0.7435798645019531	7.297605473204105	2.5839793281653747			3.1125493350292737	10.644904967622319	2.8011815316297604	8.439858447983244	2.432019175138441	5.331343849178154	2.2115040333621176	4.124800905044731	2.1699664680378463	3.4470498302252404	2.091042078994923	3.462942982820151	2.0267469511529987	3.25546309610806	1.957450518789781	2.982143318603509	1.8481308927112545	2.9667831198358563	1.876235095588072	2.925675868159417	1.7539919599344218	2.815863187380215	1.7325033185334369	2.7928010511198704	1.8703794398190259	2.687146119435668	1.8818995051389418	2.6987692599740565	1.9260852561595618	2.5806653914897617	2.026603872842506	2.3731411927027444	2.0954148302791307	2.3276849785925346	2.1064360375656603	2.320526377628951	2.239500629688441	2.189223589308443	2.224171595121537	2.2375546331674867	2.3118342502633737	2.1665556295802797	2.386518900865341	2.0754324899994807	2.5351223362273085	2.062169077597345	2.6256269053004226	1.975210115469985	2.7424726432406716	1.9564842421703668	2.7706825599545906	1.9547578067371527	2.800622360524561	1.949317738791423	2.84374878927589	2.0102512814101763	2.8772919605077574	4.787645693112263	4.776958611357379	1.8708916231248947	4.477469841819326	2.944795137234836	2.7149321266968327	4.761904761904762	5.174525935577451	17.111605839416058	4.6306	0.08687538244821966	20.106115341186523	-1.2397777936723649e-05	16.09201894053188	-1.3351847895748772e-05	13.351559584696094	-1.4315572479743465e-05	11.496516489065579	-1.7247491927215586e-05	10.149899958977375	-1.838279757153569e-05	9.120080451898353	-1.8668631785802014e-05	8.299899423239456	-1.9071460763480763e-05	7.6187692593088805	-1.9581391082634502e-05	7.048541385829754	-2.0214959495604842e-05	6.568315113617823	-2.2048893421161426e-05	6.167943168707006	-2.293806836232514e-05	5.824636710054888	-2.39736290080911e-05	5.531830783577387	-2.3943372663473378e-05	5.268522051247964	-2.5258433658059303e-05	5.038454646150373	-2.680950015803495e-05	4.831181981911495	-3.009238361770636e-05	4.657871981406385	-8.08138275691524e-06	4.499741126387851	-8.716298432112238e-06	4.360169058830204	-9.455209726006932e-06	4.235450757442729	-1.0329255343323788e-05	4.140524311491195	-1.1381277343518817e-05	4.046733420301097	-1.0073511449804952e-05	3.9620959282921713	-1.4023003334670193e-05	3.8924671286592774	-1.2588394130031817e-05	3.8365949537462347	-1.4242934614247919e-05	3.7763522632680604	-1.6163379439373186e-05	3.728046970772308	-1.843445399451575e-05	3.682640182957818	-2.1175785489292994e-05	3.636083852884962	-2.4425690941732513e-05
17	78	11	0	0	1471	12874	1237	8697	1137	4116	1092	2622	1023	1928	990	1461	906	1213	908	1146	857	1057	811	1013	809	967	815	888	824	890	799	825	788	811	809	809	801	831	807	791	774	790	781	802	809	803	810	805	802	785	798	769	786	808	800	812	781	808	781	799	770	4083	4095	108.0	336.5501889615454	245.16387557983398	12	1	0.7459325790405273	8.893956670467503	2.842377260981912			2.751538504704364	11.758258820520782	2.452272862438792	7.851262051782039	2.3493677163401934	4.874236180190422	2.299964194696603	3.9030054034743	2.184917024412123	3.4274946223178255	2.129765080457792	3.031371898082828	1.976569147195497	2.8594328280804318	1.9792484087540325	2.961469881386154	1.8922917264677959	2.930738091277103	1.8007416124519842	2.8857932370452666	1.8168751544007007	2.8512457614624798	1.8652446560168443	2.713355944632872	1.921686606497353	2.7841211249100635	1.9009326227636087	2.6101812889549785	1.9260852561595618	2.5430372205324385	2.026603872842506	2.4804537789360723	2.0644861980978892	2.505578001567871	2.1409242850321006	2.323463752790506	2.1190384931281825	2.234478857304483	2.210022920852316	2.2045685697792683	2.367435327168442	2.1399067288474347	2.4593897069986337	2.0910177152059846	2.531965272296764	1.988701137486383	2.615793096666339	1.9178492156520437	2.6711071841228846	1.9909814454328167	2.838087129274869	1.996557659208262	2.893235533822331	1.9937325733461644	3.0258416954011857	1.9977497187148394	3.1029619181946404	4.787645693112263	4.776958611357379	1.8203269846620598	4.503455551254648	2.925467529411515	2.7149321266968327	4.761904761904762	5.190898329425174	17.111605839416058	4.6306	0.08687538244821966	20.106115341186523	-1.2397777936723649e-05	16.09201894053188	-1.3351847895748772e-05	13.351559584696094	-1.4315572479743465e-05	11.496516489065579	-1.7247491927215586e-05	10.149899958977375	-1.838279757153569e-05	9.120080451898353	-1.8668631785802014e-05	8.299899423239456	-1.9071460763480763e-05	7.6187692593088805	-1.9581391082634502e-05	7.048541385829754	-2.0214959495604842e-05	6.568315113617823	-2.2048893421161426e-05	6.167943168707006	-2.293806836232514e-05	5.824636710054888	-2.39736290080911e-05	5.531830783577387	-2.3943372663473378e-05	5.268522051247964	-2.5258433658059303e-05	5.038454646150373	-2.680950015803495e-05	4.831181981911495	-3.009238361770636e-05	4.657871981406385	-8.08138275691524e-06	4.499741126387851	-8.716298432112238e-06	4.360169058830204	-9.455209726006932e-06	4.235450757442729	-1.0329255343323788e-05	4.140524311491195	-1.1381277343518817e-05	4.046733420301097	-1.0073511449804952e-05	3.9620959282921713	-1.4023003334670193e-05	3.8924671286592774	-1.2588394130031817e-05	3.8365949537462347	-1.4242934614247919e-05	3.7763522632680604	-1.6163379439373186e-05	3.728046970772308	-1.843445399451575e-05	3.682640182957818	-2.1175785489292994e-05	3.636083852884962	-2.4425690941732513e-05
18	131	14	0	0	1480	13708	1241	8057	1104	3881	1055	2378	984	1798	953	1421	913	1196	883	1082	830	986	799	949	767	906	814	879	823	859	835	806	871	780	876	822	872	820	858	835	856	887	838	880	846	864	829	848	838	844	818	853	813	842	816	828	802	826	787	809	761	4084	4095	102.0	331.665156700634	237.28889179229736	11	1	0.7498292922973633	14.937286202964653	3.6175710594315245			2.7683732066366136	12.519979175990281	2.460202604920405	7.273498718087604	2.281180262831639	4.595945241817062	2.2220350049495567	3.539796662647553	2.101621067469725	3.1963876197756487	2.050167799673006	2.948377458710266	1.99184065274778	2.8193583366728743	1.924753683843404	2.7960823836473114	1.832674600896465	2.7338767814562193	1.7740968536980706	2.7034726376662963	1.7225503627012824	2.6713843432109687	1.8629560122671303	2.6858557154642955	1.919354462557429	2.687146119435668	1.9865816520746098	2.550068022906318	2.1289597184200235	2.4458311122260197	2.1944437485908965	2.520312739537023	2.2474806051702365	2.47241150575891	2.2762243327850586	2.4527082598989542	2.3435361112632096	2.5088389195304766	2.3713178075214354	2.4189779818026884	2.4757111085098913	2.302465023317788	2.51707909518749	2.202711829185932	2.6456195737963695	2.1381703949535127	2.6813518208935654	2.1273411975958303	2.762862774417182	2.0747603676416233	2.894848871860366	2.035898696828129	2.9710305993924577	2.0381474079009054	3.049087598310798	2.022752844105513	3.06669353213782	4.788818273492648	4.776958611357379	1.7191977077363898	4.438087810052836	2.8314976926621425	2.48868778280543	4.761904761904762	5.218015314127969	17.111605839416058	4.6306	0.08687538244821966	20.106115341186523	-1.2397777936723649e-05	16.09201894053188	-1.3351847895748772e-05	13.351559584696094	-1.4315572479743465e-05	11.496516489065579	-1.7247491927215586e-05	10.149899958977375	-1.838279757153569e-05	9.120080451898353	-1.8668631785802014e-05	8.299899423239456	-1.9071460763480763e-05	7.6187692593088805	-1.9581391082634502e-05	7.048541385829754	-2.0214959495604842e-05	6.568315113617823	-2.2048893421161426e-05	6.167943168707006	-2.293806836232514e-05	5.824636710054888	-2.39736290080911e-05	5.531830783577387	-2.3943372663473378e-05	5.268522051247964	-2.5258433658059303e-05	5.038454646150373	-2.680950015803495e-05	4.831181981911495	-3.009238361770636e-05	4.657871981406385	-8.08138275691524e-06	4.499741126387851	-8.716298432112238e-06	4.360169058830204	-9.455209726006932e-06	4.235450757442729	-1.0329255343323788e-05	4.140524311491195	-1.1381277343518817e-05	4.046733420301097	-1.0073511449804952e-05	3.9620959282921713	-1.4023003334670193e-05	3.8924671286592774	-1.2588394130031817e-05	3.8365949537462347	-1.4242934614247919e-05	3.7763522632680604	-1.6163379439373186e-05	3.728046970772308	-1.843445399451575e-05	3.682640182957818	-2.1175785489292994e-05	3.636083852884962	-2.4425690941732513e-05
19	224	13	0	0	1488	13961	1345	7686	1152	3566	1038	2318	976	1773	905	1431	868	1225	882	1047	871	995	865	905	865	871	881	894	862	878	833	879	811	865	824	861	855	858	861	827	863	806	827	842	830	871	792	872	766	826	787	815	773	819	746	777	719	786	724	763	698	4083	4095	97.0	322.14467279913345	226.41992568969727	12	1	0.7536983489990234	25.541619156214367	3.359173126614987			2.7833373861319464	12.751052617157887	2.666375909442341	6.93857653558661	2.3803620133895365	4.2229169627208565	2.186229701552265	3.4504830378540916	2.0845347173276947	3.1519439654406143	1.9469064624386887	2.9691260685534067	1.8936666884831033	2.8877207043681197	1.9225738948469788	2.7056360958213816	1.9232043100973748	2.7588310319968947	1.9206430268445946	2.578127225593254	1.9426415433332584	2.568185168804364	2.0162951434979632	2.731689430745256	2.010308076214464	2.7465824131135235	1.9818233726684433	2.781029518777486	1.9823034806413766	2.712363989840394	2.0641799644279666	2.639889621339874	2.203665042913477	2.586986673098957	2.284183159123468	2.4292092586065093	2.3627005420796143	2.279734125300523	2.340190724129149	2.314522114406663	2.428889149010886	2.3211192538307794	2.404736602398664	2.265052730011949	2.4183109707971586	2.092569604539812	2.579735798341364	2.032571015287927	2.6269285665737785	2.018086390853313	2.646516248048815	1.910499139414802	2.6635548640438618	1.939447775557036	2.80500561775987	1.9077384673084137	2.8128148297400766	4.787645693112263	4.776958611357379	1.6349233102983314	4.31069202338239	2.701801556409488	2.7149321266968327	4.761904761904762	5.2449398385869115	17.111605839416058	4.6306	0.08687538244821966	20.106115341186523	-1.2397777936723649e-05	16.09201894053188	-1.3351847895748772e-05	13.351559584696094	-1.4315572479743465e-05	11.496516489065579	-1.7247491927215586e-05	10.149899958977375	-1.838279757153569e-05	9.120080451898353	-1.8668631785802014e-05	8.299899423239456	-1.9071460763480763e-05	7.6187692593088805	-1.9581391082634502e-05	7.048541385829754	-2.0214959495604842e-05	6.568315113617823	-2.2048893421161426e-05	6.167943168707006	-2.293806836232514e-05	5.824636710054888	-2.39736290080911e-05	5.531830783577387	-2.3943372663473378e-05	5.268522051247964	-2.5258433658059303e-05	5.038454646150373	-2.680950015803495e-05	4.831181981911495	-3.009238361770636e-05	4.657871981406385	-8.08138275691524e-06	4.499741126387851	-8.716298432112238e-06	4.360169058830204	-9.455209726006932e-06	4.235450757442729	-1.0329255343323788e-05	4.140524311491195	-1.1381277343518817e-05	4.046733420301097	-1.0073511449804952e-05	3.9620959282921713	-1.4023003334670193e-05	3.8924671286592774	-1.2588394130031817e-05	3.8365949537462347	-1.4242934614247919e-05	3.7763522632680604	-1.6163379439373186e-05	3.728046970772308	-1.843445399451575e-05	3.682640182957818	-2.1175785489292994e-05	3.636083852884962	-2.4425690941732513e-05
20	319	8	0	0	1528	15114	1268	6837	1045	3289	1028	2057	976	1598	960	1303	964	1042	957	1036	863	966	847	968	855	968	833	925	812	857	810	870	805	872	817	825	794	807	826	813	846	818	839	804	832	813	806	826	787	844	758	838	729	815	680	787	664	756	633	728	638	4084	4095	91.0	311.38202870075656	214.301194190979	11	1	0.7577133178710938	36.37400228050171	2.0671834625323			2.8581582836086117	13.804126441925673	2.5137283666712924	6.172137363232586	2.1592693611042235	3.894888920468002	2.165167758377388	3.0619687700025304	2.0845347173276947	2.8408383850953762	2.0652267446863437	2.7035438625612085	2.103104478914414	2.4563305909808824	2.086058069578865	2.6772101196475178	1.905539976594758	2.678422891365829	1.8806758887137243	2.7575990656069282	1.920183259595302	2.8541943093026685	1.9064402435116952	2.8264124423259083	1.8937008792182655	2.680889667469578	1.9271031594975256	2.752554813807068	1.967637856863512	2.734313756232166	2.0466444550214185	2.5295109612141653	2.046444495992165	2.433214737984683	2.1913301851753593	2.3880860063447304	2.3161583529540604	2.3136755762975536	2.3741475423752796	2.210066247010638	2.4347418939482615	2.1665556295802797	2.447244572643085	2.1455660034287494	2.484609313338595	2.1381703949535127	2.4846756482118857	2.0899319151058684	2.477400937946034	2.0082300470640417	2.4123740598836383	1.9350872879272192	2.4598058827887677	1.8654230512991337	2.4524427569640848	1.8202275284410552	2.5710255893612732	4.788818273492648	4.776958611357379	1.5337940333726614	4.1666746051763	2.557192341804328	2.48868778280543	4.761904761904762	5.272879756746179	17.111605839416058	4.6306	0.08687538244821966	20.106115341186523	-1.2397777936723649e-05	16.09201894053188	-1.3351847895748772e-05	13.351559584696094	-1.4315572479743465e-05	11.496516489065579	-1.7247491927215586e-05	10.149899958977375	-1.838279757153569e-05	9.120080451898353	-1.8668631785802014e-05	8.299899423239456	-1.9071460763480763e-05	7.6187692593088805	-1.9581391082634502e-05	7.048541385829754	-2.0214959495604842e-05	6.568315113617823	-2.2048893421161426e-05	6.167943168707006	-2.293806836232514e-05	5.824636710054888	-2.39736290080911e-05	5.531830783577387	-2.3943372663473378e-05	5.268522051247964	-2.5258433658059303e-05	5.038454646150373	-2.680950015803495e-05	4.831181981911495	-3.009238361770636e-05	4.657871981406385	-8.08138275691524e-06	4.499741126387851	-8.716298432112238e-06	4.360169058830204	-9.455209726006932e-06	4.235450757442729	-1.0329255343323788e-05	4.140524311491195	-1.1381277343518817e-05	4.046733420301097	-1.0073511449804952e-05	3.9620959282921713	-1.4023003334670193e-05	3.8924671286592774	-1.2588394130031817e-05	3.8365949537462347	-1.4242934614247919e-05	3.7763522632680604	-1.6163379439373186e-05	3.728046970772308	-1.843445399451575e-05	3.682640182957818	-2.1175785489292994e-05	3.636083852884962	-2.4425690941732513e-05
