	counts(inten<0.01	MicrocoloniesPlatonic	MicrocoloniesAggregates	MicrocoloniesLarge	counts(Norminten<0.01	counts(inten<0.02	counts(Norminten<0.02	counts(inten<0.03	counts(Norminten<0.03	counts(inten<0.04	counts(Norminten<0.04	counts(inten<0.05	counts(Norminten<0.05	counts(inten<0.060000000000000005	counts(Norminten<0.060000000000000005	counts(inten<0.06999999999999999	counts(Norminten<0.06999999999999999	counts(inten<0.08	counts(Norminten<0.08	counts(inten<0.09	counts(Norminten<0.09	counts(inten<0.09999999999999999	counts(Norminten<0.09999999999999999	counts(inten<0.11	counts(Norminten<0.11	counts(inten<0.12	counts(Norminten<0.12	counts(inten<0.13	counts(Norminten<0.13	counts(inten<0.14	counts(Norminten<0.14	counts(inten<0.15000000000000002	counts(Norminten<0.15000000000000002	counts(inten<0.16	counts(Norminten<0.16	counts(inten<0.17	counts(Norminten<0.17	counts(inten<0.18000000000000002	counts(Norminten<0.18000000000000002	counts(inten<0.19	counts(Norminten<0.19	counts(inten<0.2	counts(Norminten<0.2	counts(inten<0.21000000000000002	counts(Norminten<0.21000000000000002	counts(inten<0.22	counts(Norminten<0.22	counts(inten<0.23	counts(Norminten<0.23	counts(inten<0.24000000000000002	counts(Norminten<0.24000000000000002	counts(inten<0.25	counts(Norminten<0.25	counts(inten<0.26	counts(Norminten<0.26	counts(inten<0.27	counts(Norminten<0.27	counts(inten<0.28	counts(Norminten<0.28	counts(inten<0.29000000000000004	counts(Norminten<0.29000000000000004	diff	max	med	std	mean	min	eigenLocal	minProp	counts(inten<0.01Normalized	MicrocoloniesPlatonicNormalized	MicrocoloniesAggregatesNormalized	MicrocoloniesLargeNormalized	counts(Norminten<0.01Normalized	counts(inten<0.02Normalized	counts(Norminten<0.02Normalized	counts(inten<0.03Normalized	counts(Norminten<0.03Normalized	counts(inten<0.04Normalized	counts(Norminten<0.04Normalized	counts(inten<0.05Normalized	counts(Norminten<0.05Normalized	counts(inten<0.060000000000000005Normalized	counts(Norminten<0.060000000000000005Normalized	counts(inten<0.06999999999999999Normalized	counts(Norminten<0.06999999999999999Normalized	counts(inten<0.08Normalized	counts(Norminten<0.08Normalized	counts(inten<0.09Normalized	counts(Norminten<0.09Normalized	counts(inten<0.09999999999999999Normalized	counts(Norminten<0.09999999999999999Normalized	counts(inten<0.11Normalized	counts(Norminten<0.11Normalized	counts(inten<0.12Normalized	counts(Norminten<0.12Normalized	counts(inten<0.13Normalized	counts(Norminten<0.13Normalized	counts(inten<0.14Normalized	counts(Norminten<0.14Normalized	counts(inten<0.15000000000000002Normalized	counts(Norminten<0.15000000000000002Normalized	counts(inten<0.16Normalized	counts(Norminten<0.16Normalized	counts(inten<0.17Normalized	counts(Norminten<0.17Normalized	counts(inten<0.18000000000000002Normalized	counts(Norminten<0.18000000000000002Normalized	counts(inten<0.19Normalized	counts(Norminten<0.19Normalized	counts(inten<0.2Normalized	counts(Norminten<0.2Normalized	counts(inten<0.21000000000000002Normalized	counts(Norminten<0.21000000000000002Normalized	counts(inten<0.22Normalized	counts(Norminten<0.22Normalized	counts(inten<0.23Normalized	counts(Norminten<0.23Normalized	counts(inten<0.24000000000000002Normalized	counts(Norminten<0.24000000000000002Normalized	counts(inten<0.25Normalized	counts(Norminten<0.25Normalized	counts(inten<0.26Normalized	counts(Norminten<0.26Normalized	counts(inten<0.27Normalized	counts(Norminten<0.27Normalized	counts(inten<0.28Normalized	counts(Norminten<0.28Normalized	counts(inten<0.29000000000000004Normalized	counts(Norminten<0.29000000000000004Normalized	diffNormalized	maxNormalized	medNormalized	stdNormalized	meanNormalized	minNormalized	eigenLocalNormalized	minPropNormalized	BioVolume	SubstratumCoverage	Homogenity	ThicknessThreshold=0.01	RoughnessThreshold=0.01	ThicknessThreshold=0.02	RoughnessThreshold=0.02	ThicknessThreshold=0.03	RoughnessThreshold=0.03	ThicknessThreshold=0.04	RoughnessThreshold=0.04	ThicknessThreshold=0.05	RoughnessThreshold=0.05	ThicknessThreshold=0.060000000000000005	RoughnessThreshold=0.060000000000000005	ThicknessThreshold=0.06999999999999999	RoughnessThreshold=0.06999999999999999	ThicknessThreshold=0.08	RoughnessThreshold=0.08	ThicknessThreshold=0.09	RoughnessThreshold=0.09	ThicknessThreshold=0.09999999999999999	RoughnessThreshold=0.09999999999999999	ThicknessThreshold=0.11	RoughnessThreshold=0.11	ThicknessThreshold=0.12	RoughnessThreshold=0.12	ThicknessThreshold=0.13	RoughnessThreshold=0.13	ThicknessThreshold=0.14	RoughnessThreshold=0.14	ThicknessThreshold=0.15000000000000002	RoughnessThreshold=0.15000000000000002	ThicknessThreshold=0.16	RoughnessThreshold=0.16	ThicknessThreshold=0.17	RoughnessThreshold=0.17	ThicknessThreshold=0.18000000000000002	RoughnessThreshold=0.18000000000000002	ThicknessThreshold=0.19	RoughnessThreshold=0.19	ThicknessThreshold=0.2	RoughnessThreshold=0.2	ThicknessThreshold=0.21000000000000002	RoughnessThreshold=0.21000000000000002	ThicknessThreshold=0.22	RoughnessThreshold=0.22	ThicknessThreshold=0.23	RoughnessThreshold=0.23	ThicknessThreshold=0.24000000000000002	RoughnessThreshold=0.24000000000000002	ThicknessThreshold=0.25	RoughnessThreshold=0.25	ThicknessThreshold=0.26	RoughnessThreshold=0.26	ThicknessThreshold=0.27	RoughnessThreshold=0.27	ThicknessThreshold=0.28	RoughnessThreshold=0.28	ThicknessThreshold=0.29000000000000004	RoughnessThreshold=0.29000000000000004
0	1	40	0	0	3922	210	4265	535	4613	290	4918	264	5210	226	5340	313	5518	424	5656	588	5663	871	5580	1228	5478	1642	5369	2180	5179	2732	4974	3294	4753	3753	4510	4176	4376	4561	4060	4943	3783	5261	3501	5444	3236	5599	2958	5692	2730	5580	2468	5473	2249	5281	2036	5078	1805	4820	1593	4507	1416	3433	3452	499.0	315.7978748424875	536.6528100967407	19	1	0.5439529418945312	0.016914749661705007	10.869565217391305			3.554725736866911	0.06247694303292832	6.973626122075246	0.3195517912819104	9.859576378053733	0.42156064658681236	11.727953450660562	0.6842923794712287	12.984747283421394	0.8190779936213396	13.559838500799879	1.3185054130334048	14.158156719864525	1.876936697653829	14.524164141543835	2.6060364313256215	14.606277888112249	3.722540388067356	14.569571007075902	4.955609362389024	14.573412434488814	6.239312991602386	14.572250569970688	7.679030610447708	14.31928776819288	9.110007002567608	14.112640090793022	10.457806844879041	13.853507825934885	11.469347839374121	13.62743616860553	12.36234458259325	13.6762821514517	13.169520399618861	13.162160409777604	14.002039544501729	12.885316257365714	14.819718309859157	12.452870456000568	15.261697176978497	12.100815197068282	15.779832027506904	11.653009769933817	16.162648720788255	11.425462459194776	16.185641769398114	10.978159334549174	16.31782945736434	10.755619320899092	16.333663243845105	10.37557967690975	16.26990484124187	9.858539516084985	16.15010889596247	9.411556185749733	15.84851255362543	9.046189228901808	5.1501695220378645	5.160017339571593	14.442836468885673	7.242400545471677	11.508603578603415	7.883817427385892	4.761904761904762	3.7037597405544798	3.492686567164179	14.7199	0.21991284280114676	17.096678777426867	-5.723126582206036e-06	10.765851810805156	-5.812562303402189e-06	8.669909766406313	-2.0112266672566266e-06	7.656689971322714	-1.0466173849427343e-05	7.01785687063215	-8.711209257402078e-06	6.564597069472192	-1.1363933375531406e-06	6.1995921143694215	0.0	5.906047625157104	-2.4912494861797934e-06	5.649588517022429	-2.6221667488278914e-06	5.43601076789301	-2.778098030745211e-06	5.2402396372961375	5.905314192241598e-06	5.077671898119459	6.323280897526491e-06	4.920351308409946	3.394945943973207e-06	4.784433316488262	0.0	4.653791940220544	0.0	4.53657048341509	-6.53765690376569e-06	4.423788097583367	7.172452046181028e-06	4.328768646050584	5.293427944535462e-06	4.228516681165213	2.9389031425691304e-06	4.135857548827965	1.6426619007569386e-05	4.043619882825454	1.4738990894988375e-05	3.9567944744975203	1.668335001668335e-05	3.8690758490119515	1.89327603017882e-05	3.7918341728934797	1.6232185176768498e-05	3.7111109729716287	1.8648946023733893e-05	3.6227723905146028	0.0	3.550335737999551	0.0	3.4717149306800237	0.0	3.4014733385029423	0.0
1	1	45	0	0	4073	788	4434	347	4781	247	5113	212	5384	286	5538	434	5629	626	5823	929	5811	1350	5783	1909	5765	2449	5617	3108	5489	3635	5263	4127	5071	4493	4863	4892	4620	5252	4379	5518	4110	5619	3849	5811	3539	5773	3263	5819	2933	5695	2701	5551	2437	5296	2189	5053	1976	4811	1734	4517	1554	4063	4083	523.0	372.2753011543257	574.8087348937988	20	1	0.5510282516479492	0.016914749661705007	12.228260869565217			3.6915853968023784	0.23443729099975008	7.249955035236025	0.20726069453237927	10.218650479834142	0.35905337829980233	12.19296990508895	0.5495075168481078	13.418402950852357	1.0365323282110757	14.06261902948122	1.828215173343443	14.442961974649767	2.771137671536078	14.953007036104976	4.117360280104596	14.988006499703385	5.769723908026327	15.099610955899632	7.703793381759483	15.336933677405623	9.305771934491014	15.245358810118336	10.94790235654655	15.17639902676399	12.12111107406049	14.932614555256066	13.102419201219126	14.780378326386662	13.730823299309334	14.69406254721257	14.481941977501481	14.438853642528986	15.16472728322698	14.196330156260132	15.63084244518724	13.999114411253789	15.828169014084507	13.690687913495056	16.290544139497072	13.233864333258543	16.270221520771095	12.854554049795148	16.523270011642104	12.275048129237467	16.519216823785353	12.014590098305236	16.550387596899224	11.654710664753706	16.380056909563283	11.155276970901493	16.189804876485855	10.792506417608825	16.119953090970014	10.244594115561858	15.88367677051832	9.927809365616815	6.095292388010441	6.103230242604523	15.137481910274964	8.53763454073434	12.326863362960431	8.29875518672199	4.761904761904762	3.751935318620832	3.492686567164179	14.7199	0.21991284280114676	17.096678777426867	-5.723126582206036e-06	10.765851810805156	-5.812562303402189e-06	8.669909766406313	-2.0112266672566266e-06	7.656689971322714	-1.0466173849427343e-05	7.01785687063215	-8.711209257402078e-06	6.564597069472192	-1.1363933375531406e-06	6.1995921143694215	0.0	5.906047625157104	-2.4912494861797934e-06	5.649588517022429	-2.6221667488278914e-06	5.43601076789301	-2.778098030745211e-06	5.2402396372961375	5.905314192241598e-06	5.077671898119459	6.323280897526491e-06	4.920351308409946	3.394945943973207e-06	4.784433316488262	0.0	4.653791940220544	0.0	4.53657048341509	-6.53765690376569e-06	4.423788097583367	7.172452046181028e-06	4.328768646050584	5.293427944535462e-06	4.228516681165213	2.9389031425691304e-06	4.135857548827965	1.6426619007569386e-05	4.043619882825454	1.4738990894988375e-05	3.9567944744975203	1.668335001668335e-05	3.8690758490119515	1.89327603017882e-05	3.7918341728934797	1.6232185176768498e-05	3.7111109729716287	1.8648946023733893e-05	3.6227723905146028	0.0	3.550335737999551	0.0	3.4717149306800237	0.0	3.4014733385029423	0.0
2	1	45	0	0	3945	923	4252	339	4543	226	4720	242	4895	328	5058	543	5159	810	5238	1165	5335	1669	5356	2193	5337	2624	5223	3123	5125	3598	5028	3986	4923	4351	4741	4629	4587	4836	4438	5033	4232	5146	4046	5235	3832	5348	3615	5369	3402	5290	3177	5183	2905	5046	2697	4887	2486	4721	2295	4527	2112	4081	4095	506.0	402.38256202482825	574.7115726470947	14	1	0.5636014938354492	0.016914749661705007	12.228260869565217			3.575571910234565	0.27460104009234687	6.95237005183211	0.20248234998984602	9.709962168978564	0.32852657285730896	11.255782896933276	0.6272680145152929	12.199680988934304	1.1887503624238909	12.843757141768874	2.287375205358271	13.237029814748293	3.5856573705179287	13.45077294437882	5.163320480432566	13.760284748910268	7.1330882981451404	13.98469933940834	8.849878934624696	14.198302694937349	9.97074134589809	14.175985235045054	11.000739723132199	14.169984516699847	11.99773250191737	14.2658533125266	12.654771731538512	14.349004634352502	13.296864494835278	14.325426801631666	13.703374777975133	14.33571897365378	13.963560765743654	14.387602930687935	14.256982607217722	14.41465989986035	14.495774647887325	14.391406416731877	14.675787053909339	14.329519108518435	15.072431091821207	14.241254333438386	15.245478036175712	14.237883987611951	15.344452501812908	14.131933632845515	15.453190220632083	13.892874222859874	15.606829147593714	13.744075829383887	15.65794111050591	13.578021737943088	15.818395041045402	13.559021623537754	15.918840987411208	13.492621222768797	6.122295898466801	6.121167730459349	14.645441389290884	9.228104173121649	12.3247797033595	5.809128630705394	4.761904761904762	3.8375461585220023	3.492686567164179	14.7199	0.21991284280114676	17.096678777426867	-5.723126582206036e-06	10.765851810805156	-5.812562303402189e-06	8.669909766406313	-2.0112266672566266e-06	7.656689971322714	-1.0466173849427343e-05	7.01785687063215	-8.711209257402078e-06	6.564597069472192	-1.1363933375531406e-06	6.1995921143694215	0.0	5.906047625157104	-2.4912494861797934e-06	5.649588517022429	-2.6221667488278914e-06	5.43601076789301	-2.778098030745211e-06	5.2402396372961375	5.905314192241598e-06	5.077671898119459	6.323280897526491e-06	4.920351308409946	3.394945943973207e-06	4.784433316488262	0.0	4.653791940220544	0.0	4.53657048341509	-6.53765690376569e-06	4.423788097583367	7.172452046181028e-06	4.328768646050584	5.293427944535462e-06	4.228516681165213	2.9389031425691304e-06	4.135857548827965	1.6426619007569386e-05	4.043619882825454	1.4738990894988375e-05	3.9567944744975203	1.668335001668335e-05	3.8690758490119515	1.89327603017882e-05	3.7918341728934797	1.6232185176768498e-05	3.7111109729716287	1.8648946023733893e-05	3.6227723905146028	0.0	3.550335737999551	0.0	3.4717149306800237	0.0	3.4014733385029423	0.0
3	20	50	0	0	3336	925	3534	313	3634	358	3782	586	3859	971	3950	1301	4045	1683	4133	2011	4160	2346	4180	2653	4126	2969	4067	3221	4049	3393	4014	3586	3948	3750	3878	3856	3810	3948	3735	4056	3648	4145	3541	4208	3416	4152	3332	4078	3171	4041	3072	3999	2887	3919	2741	3854	2615	3771	2449	3650	2258	4081	4095	416.0	412.591725542104	519.6506948471069	14	1	0.5930747985839844	0.3382949932341001	13.586956521739129			3.0236014936736395	0.2751960585974224	5.778380941480403	0.186952730226613	7.767114796845277	0.5204093499244098	9.018934516144416	1.5189217210990151	9.617685175954541	3.5191359814438967	10.030217617632868	5.480433042672395	10.378714014471186	7.450199203187251	10.613219660007191	8.912821876523513	10.729669082561708	10.026497991281307	10.914123084153633	10.706214689265536	10.976615499215196	11.281681042672037	11.038432309195526	11.345943851491775	11.19497898694979	11.314148521124412	11.388849482196056	11.384849831735348	11.507184703722055	11.460179695617628	11.71778214231757	11.415038484310243	11.907366315592087	11.399532238038864	12.1085391947092	11.48943402640077	12.425491331448619	11.67605633802817	12.595148324678096	11.796697597488155	12.773913693814972	11.701707908235162	13.12637882130476	11.57963483544879	13.27111408721855	11.721537345902828	13.664872559049865	11.923076923076923	13.806791009086561	12.121118396634913	13.968302502165825	12.34821056678735	14.282593260145285	12.635282291841179	14.46886446886447	12.834939165904775	14.425349773206413	6.122295898466801	6.121167730459349	12.040520984081041	9.462237640496014	11.143990553712163	5.809128630705394	4.761904761904762	4.038229032243612	3.492686567164179	14.7199	0.21991284280114676	17.096678777426867	-5.723126582206036e-06	10.765851810805156	-5.812562303402189e-06	8.669909766406313	-2.0112266672566266e-06	7.656689971322714	-1.0466173849427343e-05	7.01785687063215	-8.711209257402078e-06	6.564597069472192	-1.1363933375531406e-06	6.1995921143694215	0.0	5.906047625157104	-2.4912494861797934e-06	5.649588517022429	-2.6221667488278914e-06	5.43601076789301	-2.778098030745211e-06	5.2402396372961375	5.905314192241598e-06	5.077671898119459	6.323280897526491e-06	4.920351308409946	3.394945943973207e-06	4.784433316488262	0.0	4.653791940220544	0.0	4.53657048341509	-6.53765690376569e-06	4.423788097583367	7.172452046181028e-06	4.328768646050584	5.293427944535462e-06	4.228516681165213	2.9389031425691304e-06	4.135857548827965	1.6426619007569386e-05	4.043619882825454	1.4738990894988375e-05	3.9567944744975203	1.668335001668335e-05	3.8690758490119515	1.89327603017882e-05	3.7918341728934797	1.6232185176768498e-05	3.7111109729716287	1.8648946023733893e-05	3.6227723905146028	0.0	3.550335737999551	0.0	3.4717149306800237	0.0	3.4014733385029423	0.0
4	89	34	0	0	2777	950	2956	625	3070	940	3105	1419	3258	1757	3304	2078	3337	2223	3367	2458	3377	2601	3342	2683	3349	2799	3354	3007	3368	3097	3322	3223	3339	3295	3243	3341	3135	3366	3098	3364	2988	3351	2921	3349	2797	3349	2721	3340	2577	3327	2461	3271	2333	3140	2201	3093	2096	2968	1979	2872	1836	4082	4095	320.0	391.1067139505696	444.6035404205322	13	1	0.6213541030883789	1.5054127198917455	9.239130434782608			2.5169488453032662	0.28263378991086624	4.8333033568240165	0.37330816738540934	6.561651740868189	1.3664379579020816	7.404492774359708	3.678071539657854	8.119828531552189	6.3677877645694405	8.38983266042	8.75352794978727	8.562118335300458	9.840637450199203	8.646191772379435	10.893941408500643	8.710118387454541	11.116334729464057	8.726076398861588	10.8272800645682	8.909521402537976	10.635710757305164	9.103246118771034	10.592130754869844	9.312099093120992	10.32711994397946	9.425450418499077	10.23239570766398	9.732140254743653	10.069677892549356	9.799063302613687	9.890467732386027	9.79779354314467	9.719054081367482	10.043441613175128	9.529205144184466	10.177458360298374	9.43943661971831	10.389841360176424	9.38857895769673	10.459202752224964	9.438588580125133	10.719350772139931	9.484055995683903	10.785134343349794	9.650471356055112	10.947021929629464	9.752534287418008	11.157340985174557	9.711740690337747	11.216429699842022	9.909967639614239	11.447921787099242	9.944714357513822	11.692071369490725	10.09916309163795	11.729380949338784	6.123796093492154	6.121167730459349	9.261939218523878	8.969507726630681	9.53459257097918	5.394190871369295	4.761904761904762	4.230781993074119	3.492686567164179	14.7199	0.21991284280114676	17.096678777426867	-5.723126582206036e-06	10.765851810805156	-5.812562303402189e-06	8.669909766406313	-2.0112266672566266e-06	7.656689971322714	-1.0466173849427343e-05	7.01785687063215	-8.711209257402078e-06	6.564597069472192	-1.1363933375531406e-06	6.1995921143694215	0.0	5.906047625157104	-2.4912494861797934e-06	5.649588517022429	-2.6221667488278914e-06	5.43601076789301	-2.778098030745211e-06	5.2402396372961375	5.905314192241598e-06	5.077671898119459	6.323280897526491e-06	4.920351308409946	3.394945943973207e-06	4.784433316488262	0.0	4.653791940220544	0.0	4.53657048341509	-6.53765690376569e-06	4.423788097583367	7.172452046181028e-06	4.328768646050584	5.293427944535462e-06	4.228516681165213	2.9389031425691304e-06	4.135857548827965	1.6426619007569386e-05	4.043619882825454	1.4738990894988375e-05	3.9567944744975203	1.668335001668335e-05	3.8690758490119515	1.89327603017882e-05	3.7918341728934797	1.6232185176768498e-05	3.7111109729716287	1.8648946023733893e-05	3.6227723905146028	0.0	3.550335737999551	0.0	3.4717149306800237	0.0	3.4014733385029423	0.0
5	278	30	0	0	2254	1780	2360	2449	2388	2392	2403	2330	2471	2169	2596	2118	2626	2194	2692	2256	2673	2324	2717	2358	2668	2387	2603	2482	2613	2595	2589	2641	2538	2673	2487	2697	2442	2701	2353	2657	2255	2622	2186	2616	2124	2543	2029	2498	1923	2452	1790	2353	1675	2250	1625	2172	1551	2088	1470	1981	1351	4084	4095	214.0	349.03748018617637	348.07783794403076	11	1	0.6579074859619141	4.702300405953992	8.152173913043478			2.042924990030091	0.529566469517202	3.8587942902925167	1.462770723082988	5.103981875307243	3.4771485056401907	5.730433538417514	6.039398652151374	6.15840893230984	7.8609741954189625	6.592011376044285	8.922027044104638	6.737825216811208	9.712262062859672	6.91284474346464	9.998670389575855	6.89432823502102	9.932472860928284	7.0941800046998615	9.515738498789347	7.097821171087286	9.070182771592506	7.064922375420693	8.742822924372117	7.224618447246184	8.653172830037681	7.3457227975599375	8.384659343450378	7.397475880964179	8.168816087036245	7.514730321800876	7.984014209591474	7.631965496765322	7.798920105102071	7.628217597095248	7.526485751515495	7.680779318096666	7.385915492957746	7.775485523226862	7.3336884303776175	7.942562261610949	7.16701426075193	7.993224078159471	7.093165232700116	8.048045534443792	7.112400290065264	7.962279258040122	7.015503875968992	8.010521281683406	6.959049857726092	8.28109871069663	6.959084938002627	8.471243650663608	6.996146758250964	8.6848635235732	6.966031366481469	8.630933367405609	6.1267964835428605	6.121167730459349	6.193921852387843	8.004706295605265	7.464583760724336	4.564315352697095	4.761904761904762	4.47967291256532	3.492686567164179	14.7199	0.21991284280114676	17.096678777426867	-5.723126582206036e-06	10.765851810805156	-5.812562303402189e-06	8.669909766406313	-2.0112266672566266e-06	7.656689971322714	-1.0466173849427343e-05	7.01785687063215	-8.711209257402078e-06	6.564597069472192	-1.1363933375531406e-06	6.1995921143694215	0.0	5.906047625157104	-2.4912494861797934e-06	5.649588517022429	-2.6221667488278914e-06	5.43601076789301	-2.778098030745211e-06	5.2402396372961375	5.905314192241598e-06	5.077671898119459	6.323280897526491e-06	4.920351308409946	3.394945943973207e-06	4.784433316488262	0.0	4.653791940220544	0.0	4.53657048341509	-6.53765690376569e-06	4.423788097583367	7.172452046181028e-06	4.328768646050584	5.293427944535462e-06	4.228516681165213	2.9389031425691304e-06	4.135857548827965	1.6426619007569386e-05	4.043619882825454	1.4738990894988375e-05	3.9567944744975203	1.668335001668335e-05	3.8690758490119515	1.89327603017882e-05	3.7918341728934797	1.6232185176768498e-05	3.7111109729716287	1.8648946023733893e-05	3.6227723905146028	0.0	3.550335737999551	0.0	3.4717149306800237	0.0	3.4014733385029423	0.0
6	416	25	0	0	2027	3936	2026	3652	2017	2848	2074	2409	2105	2116	2176	2033	2227	2019	2247	2026	2302	2022	2283	2086	2246	2108	2242	2169	2221	2237	2150	2280	2082	2315	2033	2245	1965	2251	1919	2220	1830	2155	1750	2086	1701	2028	1631	1948	1579	1895	1469	1804	1381	1733	1316	1673	1247	1600	1140	1522	1058	4084	4095	163.0	316.4382139808825	290.5743293762207	11	1	0.6812419891357422	7.036535859269283	6.7934782608695645			1.8371823224449844	1.1709964179885994	3.3126767932765415	2.1813142836664237	4.31102656720884	4.140016280962903	4.945867315305003	6.244167962674961	5.246236666334363	7.668889533198028	5.52550722429598	8.563966468680231	5.7140657874480425	8.937583001328022	5.770119665143033	8.979302397730798	5.937427458667561	8.641764253354987	5.960991148593958	8.418079096045197	5.975152305195669	8.010031538549226	6.085115622625122	7.6402832082849	6.140787436407874	7.4594017806529065	6.100156050503617	7.238554828878025	6.068378559561631	7.074750932094616	6.1429218915243995	6.6459443457667255	6.141200737569147	6.499581324170589	6.2212280360500545	6.288595546994505	6.233182329098402	6.070422535211267	6.224656754641815	5.8478876398194615	6.360780794256227	5.71557409390677	6.425307280176488	5.531419484907857	6.608353561563572	5.496736765772299	6.534406832436279	5.378652355396541	6.604495456719272	5.36001484597303	6.706415940478011	5.360289641472558	6.810858047954557	5.361031998659742	6.735200283587381	5.351993811097827	6.759087714815052	6.1267964835428605	6.121167730459349	4.7178002894356	7.257085864451458	6.231412011625598	4.564315352697095	4.761904761904762	4.638556865136758	3.492686567164179	14.7199	0.21991284280114676	17.096678777426867	-5.723126582206036e-06	10.765851810805156	-5.812562303402189e-06	8.669909766406313	-2.0112266672566266e-06	7.656689971322714	-1.0466173849427343e-05	7.01785687063215	-8.711209257402078e-06	6.564597069472192	-1.1363933375531406e-06	6.1995921143694215	0.0	5.906047625157104	-2.4912494861797934e-06	5.649588517022429	-2.6221667488278914e-06	5.43601076789301	-2.778098030745211e-06	5.2402396372961375	5.905314192241598e-06	5.077671898119459	6.323280897526491e-06	4.920351308409946	3.394945943973207e-06	4.784433316488262	0.0	4.653791940220544	0.0	4.53657048341509	-6.53765690376569e-06	4.423788097583367	7.172452046181028e-06	4.328768646050584	5.293427944535462e-06	4.228516681165213	2.9389031425691304e-06	4.135857548827965	1.6426619007569386e-05	4.043619882825454	1.4738990894988375e-05	3.9567944744975203	1.668335001668335e-05	3.8690758490119515	1.89327603017882e-05	3.7918341728934797	1.6232185176768498e-05	3.7111109729716287	1.8648946023733893e-05	3.6227723905146028	0.0	3.550335737999551	0.0	3.4717149306800237	0.0	3.4014733385029423	0.0
7	684	18	0	0	1936	6573	1858	4444	1814	2986	1802	2290	1851	2060	1899	1894	1881	1841	1855	1815	1861	1830	1805	1882	1766	1875	1752	1862	1749	1853	1732	1822	1673	1780	1614	1755	1533	1743	1478	1732	1401	1664	1332	1601	1259	1527	1208	1444	1134	1386	1075	1305	1011	1250	970	1175	897	1088	827	1041	817	4084	4095	125.0	279.09011604160725	237.28296279907227	11	1	0.7065877914428711	11.569688768606225	4.891304347826087			1.754703984338179	1.9555283169306565	3.037982962442159	2.6543703933772145	3.8771453608908457	4.340621002442145	4.29722897887156	5.935717988595127	4.613199082843186	7.465932154247608	4.822122343261979	7.978432115927377	4.826294452712065	8.149623727312969	4.763494427610293	8.044143066081638	4.799979366020994	7.821181297546799	4.712916786339069	7.594834543987086	4.698182979063024	7.124672265075807	4.755184019107589	6.558878438831941	4.835766423357665	6.178932275167561	4.914172223010356	5.784494253603404	4.876271532251013	5.439765295519834	4.876869617767034	5.195381882770871	4.791074163202801	5.032772211474605	4.791545094988005	4.906237606934451	4.771960897850745	4.687323943661972	4.737853026961656	4.488239746572846	4.707950041133797	4.303590552956429	4.7589032461393	4.100292472385496	4.745961329203984	4.020304568527918	4.781815755526889	3.89087656529517	4.835007173601148	3.8661388098478287	4.943178922692758	3.764698343532729	4.899229886940849	3.6455017590886247	4.885974240812951	3.6605949785498275	5.219446751421453	6.1267964835428605	6.121167730459349	3.61794500723589	6.400557349107109	5.088570307344057	4.564315352697095	4.761904761904762	4.811135694934499	3.492686567164179	14.7199	0.21991284280114676	17.096678777426867	-5.723126582206036e-06	10.765851810805156	-5.812562303402189e-06	8.669909766406313	-2.0112266672566266e-06	7.656689971322714	-1.0466173849427343e-05	7.01785687063215	-8.711209257402078e-06	6.564597069472192	-1.1363933375531406e-06	6.1995921143694215	0.0	5.906047625157104	-2.4912494861797934e-06	5.649588517022429	-2.6221667488278914e-06	5.43601076789301	-2.778098030745211e-06	5.2402396372961375	5.905314192241598e-06	5.077671898119459	6.323280897526491e-06	4.920351308409946	3.394945943973207e-06	4.784433316488262	0.0	4.653791940220544	0.0	4.53657048341509	-6.53765690376569e-06	4.423788097583367	7.172452046181028e-06	4.328768646050584	5.293427944535462e-06	4.228516681165213	2.9389031425691304e-06	4.135857548827965	1.6426619007569386e-05	4.043619882825454	1.4738990894988375e-05	3.9567944744975203	1.668335001668335e-05	3.8690758490119515	1.89327603017882e-05	3.7918341728934797	1.6232185176768498e-05	3.7111109729716287	1.8648946023733893e-05	3.6227723905146028	0.0	3.550335737999551	0.0	3.4717149306800237	0.0	3.4014733385029423	0.0
8	1229	13	0	0	1926	8543	1759	4754	1671	2929	1609	2189	1591	1853	1551	1687	1527	1649	1527	1637	1499	1569	1461	1533	1402	1523	1379	1509	1384	1456	1345	1409	1312	1390	1224	1381	1178	1350	1143	1314	1071	1220	1004	1180	968	1139	937	1058	908	986	832	965	791	924	747	876	681	807	632	765	576	4084	4095	100.0	244.8325791845245	194.95744705200195	11	1	0.7271595001220703	20.788227334235454	3.532608695652174			1.745640430700069	2.541621544430032	2.876109812129041	2.8395312444003773	3.571504905208712	4.257762530526805	3.836981923975771	5.673924313115604	3.965207855647493	6.715714699913018	3.9384474746705265	7.106449302834997	3.9179966131267	7.299690128375387	3.9212161676339177	7.255240881088508	3.866291816048077	6.705701341995042	3.814721010992454	6.186440677966102	3.729814573412434	5.787133791845575	3.7428075127564866	5.315439078516327	3.8265870382658704	4.8551135416319315	3.816144133919705	4.473299892056638	3.8240694861406626	4.247906607175601	3.6984438736969327	4.088217880402605	3.68159514954527	3.898016342794445	3.705504765609804	3.722168715653504	3.6479444122756224	3.4366197183098595	3.571174503805933	3.308009307280424	3.619774138059981	3.210078349585706	3.691301607311692	3.0042309112076553	3.8001171842303503	2.8600435097897026	3.700902984742672	2.8771615980918304	3.7828790052606407	2.857849808239515	3.8067573765479286	2.806702765050783	3.7194822218581023	2.7039705143240074	3.733900508094057	2.6900625923060693	3.679805788027854	6.1267964835428605	6.121167730459349	2.894356005788712	5.614906705498432	4.180892991902144	4.564315352697095	4.761904761904762	4.951207860249135	3.492686567164179	14.7199	0.21991284280114676	17.096678777426867	-5.723126582206036e-06	10.765851810805156	-5.812562303402189e-06	8.669909766406313	-2.0112266672566266e-06	7.656689971322714	-1.0466173849427343e-05	7.01785687063215	-8.711209257402078e-06	6.564597069472192	-1.1363933375531406e-06	6.1995921143694215	0.0	5.906047625157104	-2.4912494861797934e-06	5.649588517022429	-2.6221667488278914e-06	5.43601076789301	-2.778098030745211e-06	5.2402396372961375	5.905314192241598e-06	5.077671898119459	6.323280897526491e-06	4.920351308409946	3.394945943973207e-06	4.784433316488262	0.0	4.653791940220544	0.0	4.53657048341509	-6.53765690376569e-06	4.423788097583367	7.172452046181028e-06	4.328768646050584	5.293427944535462e-06	4.228516681165213	2.9389031425691304e-06	4.135857548827965	1.6426619007569386e-05	4.043619882825454	1.4738990894988375e-05	3.9567944744975203	1.668335001668335e-05	3.8690758490119515	1.89327603017882e-05	3.7918341728934797	1.6232185176768498e-05	3.7111109729716287	1.8648946023733893e-05	3.6227723905146028	0.0	3.550335737999551	0.0	3.4717149306800237	0.0	3.4014733385029423	0.0
9	1958	14	0	0	2026	9761	1658	4621	1569	2892	1479	2088	1400	1680	1312	1571	1274	1486	1233	1371	1245	1322	1205	1251	1152	1228	1154	1239	1110	1159	1041	1153	1012	1120	978	1083	950	1026	927	994	860	960	843	922	795	888	741	854	680	811	650	758	604	686	567	659	520	605	479	570	434	4085	4095	87.0	220.20229723649868	168.13838958740234	10	1	0.7421255111694336	33.1190798376184	3.804347826086957			1.8362759670811732	2.9039878140210162	2.7109664971631324	2.7600912663807624	3.353495629127749	4.2039772066519365	3.5269709543568464	5.412130637636081	3.4891835310537336	6.088721368512613	3.331555826413753	6.617801929314631	3.268845897264843	6.578131916777336	3.1662472394843615	6.076319638345964	3.211162982641665	5.6500555603043	3.1462962479438104	5.048426150121065	3.0647263827183484	4.666185355473648	3.132124633590273	4.364366479974638	3.0690112806901126	3.864750408483111	2.953610441197333	3.660549876182615	2.9496633536389867	3.4227736690911317	2.955129173591177	3.2060390763765545	2.9690283464074754	2.9624924205237777	3.005251896518187	2.815704492663305	2.9292550836200144	2.704225352112676	2.9985060823788863	2.5847326960275856	2.97285169396455	2.5026774139000056	2.9191616766467066	2.42496521566289	2.845902737088809	2.3524292965917333	2.8913304568302123	2.259988073941562	2.88857006217121	2.1217369788444884	2.889466442439994	2.111435070968569	2.840133267791796	2.027140224493215	2.8299657331915395	2.0043603628947184	2.772631444451543	6.128296678568214	6.121167730459349	2.5180897250361793	5.050044236096204	3.6057541033976332	4.149377593360995	4.761904761904762	5.0531109936357455	3.492686567164179	14.7199	0.21991284280114676	17.096678777426867	-5.723126582206036e-06	10.765851810805156	-5.812562303402189e-06	8.669909766406313	-2.0112266672566266e-06	7.656689971322714	-1.0466173849427343e-05	7.01785687063215	-8.711209257402078e-06	6.564597069472192	-1.1363933375531406e-06	6.1995921143694215	0.0	5.906047625157104	-2.4912494861797934e-06	5.649588517022429	-2.6221667488278914e-06	5.43601076789301	-2.778098030745211e-06	5.2402396372961375	5.905314192241598e-06	5.077671898119459	6.323280897526491e-06	4.920351308409946	3.394945943973207e-06	4.784433316488262	0.0	4.653791940220544	0.0	4.53657048341509	-6.53765690376569e-06	4.423788097583367	7.172452046181028e-06	4.328768646050584	5.293427944535462e-06	4.228516681165213	2.9389031425691304e-06	4.135857548827965	1.6426619007569386e-05	4.043619882825454	1.4738990894988375e-05	3.9567944744975203	1.668335001668335e-05	3.8690758490119515	1.89327603017882e-05	3.7918341728934797	1.6232185176768498e-05	3.7111109729716287	1.8648946023733893e-05	3.6227723905146028	0.0	3.550335737999551	0.0	3.4717149306800237	0.0	3.4014733385029423	0.0
10	535	16	0	0	2446	14272	1794	6802	1435	3594	1246	2311	1105	1722	1063	1370	980	1215	951	1060	911	1000	898	953	897	919	854	905	851	900	849	880	815	828	800	853	779	829	764	792	727	791	713	764	700	733	670	713	645	705	627	670	584	645	559	625	521	581	485	559	460	3374	3384	70.0	185.13855192706552	132.04680824279785	10	1	0.7635889053344727	9.049391069012179	4.3478260869565215			2.2169452198818114	4.246052052218824	2.9333376935528706	4.062787447288887	3.0670912860409945	5.224444702872427	2.971335908809081	5.990150336962157	2.7539627155816966	6.240939402725427	2.699271222162972	5.771093980369855	2.514496844049879	5.378486055776892	2.4420933696266243	4.697956831981562	2.3496943591859893	4.273869561500983	2.34470873913157	3.8458434221146085	2.3863364282103805	3.4920393661891556	2.3178807947019866	3.187854450667512	2.352908648529086	3.0011004034812765	2.40885231947794	2.793828179566957	2.3754699932962198	2.5304076767923718	2.4172835775796946	2.5251628182356423	2.4346032440541303	2.3936707764271072	2.476820333268495	2.2434989519007424	2.476242378827617	2.228169014084507	2.5361030091769226	2.141795856578173	2.617605265126019	2.0658361986359277	2.6394579262527578	2.02459039668342	2.6994224491504144	2.0449601160261057	2.7890218406654506	1.9976147883124629	2.7929220468675275	1.9949276258814799	2.8486979564796413	2.0024991189003876	2.8455950625375497	1.9467247445133187	2.8654141557367363	1.9656797243125395	2.9387337890500227	5.0616580155420206	5.058371575060913	2.0260492040520983	4.245904283343258	2.831764487755641	4.149377593360995	4.761904761904762	5.199254619456116	3.492686567164179	14.7199	0.21991284280114676	17.096678777426867	-5.723126582206036e-06	10.765851810805156	-5.812562303402189e-06	8.669909766406313	-2.0112266672566266e-06	7.656689971322714	-1.0466173849427343e-05	7.01785687063215	-8.711209257402078e-06	6.564597069472192	-1.1363933375531406e-06	6.1995921143694215	0.0	5.906047625157104	-2.4912494861797934e-06	5.649588517022429	-2.6221667488278914e-06	5.43601076789301	-2.778098030745211e-06	5.2402396372961375	5.905314192241598e-06	5.077671898119459	6.323280897526491e-06	4.920351308409946	3.394945943973207e-06	4.784433316488262	0.0	4.653791940220544	0.0	4.53657048341509	-6.53765690376569e-06	4.423788097583367	7.172452046181028e-06	4.328768646050584	5.293427944535462e-06	4.228516681165213	2.9389031425691304e-06	4.135857548827965	1.6426619007569386e-05	4.043619882825454	1.4738990894988375e-05	3.9567944744975203	1.668335001668335e-05	3.8690758490119515	1.89327603017882e-05	3.7918341728934797	1.6232185176768498e-05	3.7111109729716287	1.8648946023733893e-05	3.6227723905146028	0.0	3.550335737999551	0.0	3.4717149306800237	0.0	3.4014733385029423	0.0
11	335	12	0	0	3209	18157	1953	8389	1364	4094	1141	2268	948	1511	842	1148	757	973	741	865	721	770	698	736	659	728	639	699	603	663	576	639	571	602	534	576	527	569	510	540	523	521	526	504	511	517	473	527	464	502	452	468	429	457	401	438	398	408	373	404	359	3008	3018	58.0	148.94999940923347	102.96241188049316	10	1	0.7752590179443359	5.666441136671177	3.260869565217391			2.908494362469637	5.401875498327998	3.193315783449697	5.010691545913918	2.9153397311218927	5.951273403884173	2.7209424333476417	5.878693623639191	2.362675705313528	5.476224992751522	2.1380868946954115	4.8359240069084635	1.9423205213732233	4.3072155821159805	1.9028298495197986	3.833710056286841	1.8596373578189884	3.290879562355757	1.8225018929998171	2.970137207425343	1.7531724706696106	2.766272751453433	1.7343393768320485	2.4622212828912606	1.6672196416721963	2.2108106305645405	1.6342743651581786	2.0287002349355516	1.664286338861523	1.839740847136483	1.6135367880344462	1.7051509769094138	1.6470294090070943	1.6429417030000288	1.65337482979965	1.5296583762959606	1.7813958241084504	1.467605633802817	1.8709539731094829	1.4129124498892658	1.9108518435419937	1.457076827687278	1.8633785061456034	1.4964363801573104	1.9419101029547168	1.456127628716461	2.0105867176727013	1.3953488372093024	2.0516499282639886	1.413460348880366	2.0435203587626765	1.4033513825253916	2.173794308809875	1.367063159658234	2.2037102682263976	1.4206343624727478	2.2934900658020827	4.512586636262714	4.511278195488721	1.678726483357453	3.415968386448123	2.208045051726971	4.149377593360995	4.761904761904762	5.278716076363779	3.492686567164179	14.7199	0.21991284280114676	17.096678777426867	-5.723126582206036e-06	10.765851810805156	-5.812562303402189e-06	8.669909766406313	-2.0112266672566266e-06	7.656689971322714	-1.0466173849427343e-05	7.01785687063215	-8.711209257402078e-06	6.564597069472192	-1.1363933375531406e-06	6.1995921143694215	0.0	5.906047625157104	-2.4912494861797934e-06	5.649588517022429	-2.6221667488278914e-06	5.43601076789301	-2.778098030745211e-06	5.2402396372961375	5.905314192241598e-06	5.077671898119459	6.323280897526491e-06	4.920351308409946	3.394945943973207e-06	4.784433316488262	0.0	4.653791940220544	0.0	4.53657048341509	-6.53765690376569e-06	4.423788097583367	7.172452046181028e-06	4.328768646050584	5.293427944535462e-06	4.228516681165213	2.9389031425691304e-06	4.135857548827965	1.6426619007569386e-05	4.043619882825454	1.4738990894988375e-05	3.9567944744975203	1.668335001668335e-05	3.8690758490119515	1.89327603017882e-05	3.7918341728934797	1.6232185176768498e-05	3.7111109729716287	1.8648946023733893e-05	3.6227723905146028	0.0	3.550335737999551	0.0	3.4717149306800237	0.0	3.4014733385029423	0.0
12	129	11	0	0	3860	20774	2122	9863	1432	4503	1103	2365	914	1475	787	1124	724	923	675	807	641	722	626	675	586	637	538	624	520	575	489	534	482	513	487	493	454	486	438	476	433	449	419	441	414	419	403	414	384	411	376	390	357	384	354	365	344	362	331	345	317	2806	2816	54.0	131.11019454378817	91.34487533569336	10	1	0.7794866561889648	2.182002706359946	2.989130434782609			3.4985317043106265	6.1804572122193004	3.4696446966104744	5.8911015278756675	3.060679248509201	6.545819281311781	2.6303238422282638	6.13011923276309	2.2779383909879374	5.345752391997681	1.9984256367283717	4.7348245503180415	1.8576486888695027	4.085878707392652	1.7333470289147963	3.576652040952001	1.6532975677697248	3.0857338234037095	1.6345074283923862	2.723970944309927	1.5589667189869376	2.4204886575217537	1.460210617739659	2.198034449963014	1.43773501437735	1.917369702224149	1.3874308412540786	1.6953457362372213	1.4048791862193595	1.5677525823604914	1.4715213778516392	1.4594434576672588	1.4188830202831515	1.403285883406	1.419957206769111	1.3483655316979208	1.4748458734970538	1.2647887323943663	1.4903606743970974	1.2362983936531076	1.5481265425173882	1.1808804464235387	1.5876142451938229	1.1755686174290827	1.607098016238386	1.192168237853517	1.6725234642587072	1.1627906976744187	1.707317073170732	1.187677842385253	1.8040055037456049	1.1694594854378264	1.8788573925391885	1.2129334896967667	1.9555713104100199	1.2131654828046978	2.025170893758385	4.209547241141348	4.209330483265818	1.5629522431259046	3.0068363979790664	1.95890516064928	4.149377593360995	4.761904761904762	5.307501942055669	3.492686567164179	14.7199	0.21991284280114676	17.096678777426867	-5.723126582206036e-06	10.765851810805156	-5.812562303402189e-06	8.669909766406313	-2.0112266672566266e-06	7.656689971322714	-1.0466173849427343e-05	7.01785687063215	-8.711209257402078e-06	6.564597069472192	-1.1363933375531406e-06	6.1995921143694215	0.0	5.906047625157104	-2.4912494861797934e-06	5.649588517022429	-2.6221667488278914e-06	5.43601076789301	-2.778098030745211e-06	5.2402396372961375	5.905314192241598e-06	5.077671898119459	6.323280897526491e-06	4.920351308409946	3.394945943973207e-06	4.784433316488262	0.0	4.653791940220544	0.0	4.53657048341509	-6.53765690376569e-06	4.423788097583367	7.172452046181028e-06	4.328768646050584	5.293427944535462e-06	4.228516681165213	2.9389031425691304e-06	4.135857548827965	1.6426619007569386e-05	4.043619882825454	1.4738990894988375e-05	3.9567944744975203	1.668335001668335e-05	3.8690758490119515	1.89327603017882e-05	3.7918341728934797	1.6232185176768498e-05	3.7111109729716287	1.8648946023733893e-05	3.6227723905146028	0.0	3.550335737999551	0.0	3.4717149306800237	0.0	3.4014733385029423	0.0
13	20	7	0	0	4631	23779	2424	11463	1514	4955	1142	2499	947	1514	782	1142	677	939	560	774	528	668	489	544	447	527	437	483	433	453	420	438	412	422	400	412	376	409	365	389	341	372	356	339	357	349	351	357	321	351	315	326	306	323	294	308	284	304	285	291	269	2561	2571	49.0	115.37981028524659	79.91562843322754	10	1	0.7776241302490234	0.3382949932341001	1.9021739130434785			4.197331689808941	7.074472516095251	3.963439559181805	6.846770436382315	3.235941607711544	7.202872427026398	2.723327133113941	6.477449455676516	2.3601834313627754	5.487097709481009	1.985729158731368	4.810649142760857	1.7370554728793552	4.156706507304117	1.4380360536182013	3.430394894295971	1.3618426143251399	2.8549448670826565	1.2767957387921356	2.1953188054882973	1.1891776849610258	2.0025078846373066	1.1860818586472694	1.7013632040579096	1.1971908869719088	1.5105538697522425	1.1916583912611718	1.3905644802844626	1.200851088635635	1.2896522217468371	1.2086417887898473	1.2196566015393724	1.1751101665781167	1.1809545808910578	1.1832976723075925	1.1019205710724604	1.1614837017609592	1.047887323943662	1.2662730312299924	0.9503518264136134	1.3349786852142698	0.9835973169494392	1.3827607942010716	1.0137149672033392	1.3434334979492761	1.0181290790427846	1.401183221386949	0.9719737626714371	1.4634146341463417	0.999010268464679	1.4982418590429598	0.986831565794111	1.551149707793981	1.018596079745351	1.6838000708968452	1.023278711583093	1.7185204114227304	3.841999459929791	3.8431067728964563	1.4182344428364688	2.646081140866066	1.7138031704468082	4.149377593360995	4.761904761904762	5.294820057170431	3.492686567164179	14.7199	0.21991284280114676	17.096678777426867	-5.723126582206036e-06	10.765851810805156	-5.812562303402189e-06	8.669909766406313	-2.0112266672566266e-06	7.656689971322714	-1.0466173849427343e-05	7.01785687063215	-8.711209257402078e-06	6.564597069472192	-1.1363933375531406e-06	6.1995921143694215	0.0	5.906047625157104	-2.4912494861797934e-06	5.649588517022429	-2.6221667488278914e-06	5.43601076789301	-2.778098030745211e-06	5.2402396372961375	5.905314192241598e-06	5.077671898119459	6.323280897526491e-06	4.920351308409946	3.394945943973207e-06	4.784433316488262	0.0	4.653791940220544	0.0	4.53657048341509	-6.53765690376569e-06	4.423788097583367	7.172452046181028e-06	4.328768646050584	5.293427944535462e-06	4.228516681165213	2.9389031425691304e-06	4.135857548827965	1.6426619007569386e-05	4.043619882825454	1.4738990894988375e-05	3.9567944744975203	1.668335001668335e-05	3.8690758490119515	1.89327603017882e-05	3.7918341728934797	1.6232185176768498e-05	3.7111109729716287	1.8648946023733893e-05	3.6227723905146028	0.0	3.550335737999551	0.0	3.4717149306800237	0.0	3.4014733385029423	0.0
14	2	3	0	0	6255	24562	3196	17079	1785	7115	1182	3366	902	1866	717	1182	603	902	550	719	471	612	443	525	395	464	358	438	330	382	343	340	325	331	318	337	311	306	313	315	293	303	297	305	274	298	272	293	265	268	260	259	248	258	245	250	241	245	229	239	223	2163	2173	45.0	95.65615976808066	68.2286262512207	10	1	0.7762184143066406	0.03382949932341001	0.8152173913043478			5.669252800638074	7.307422260832312	5.225723115158848	10.20116830524065	3.8151623314168464	10.342772415397139	2.8187151237659176	8.724727838258165	2.2480311035789056	6.762829805740794	1.8206749447703205	4.979148237078226	1.5471853030225278	3.9929172200088536	1.4123568383750194	3.1866329832025886	1.2148255139150397	2.6156081716386015	1.1566881641818323	2.11864406779661	1.050839341296656	1.7631188965307596	0.9716643144066877	1.5428511043009616	0.9124087591240875	1.2738003934776083	0.9731876861966237	1.0794336148326877	0.9472733102101489	1.0115518611331826	0.9608702220879287	0.9976317347542926	0.9719661218239211	0.8835503710334074	1.014718277896648	0.8923007195059771	0.9979903947682142	0.8535211267605634	1.0564131749306396	0.8550363040004486	1.0246054894921846	0.8398624654754524	1.0715411282697762	0.8319845529147855	1.1090650372478446	0.7773749093546047	1.156532182732085	0.7722122838401908	1.1860353897656624	0.7979710503525919	1.2485348825357998	0.8009996475601552	1.3162925337265825	0.8209080247947731	1.3529481271416754	0.8404247837400661	1.424647032517728	3.2449218398391793	3.2481800923780626	1.3024602026049203	2.1937456799784214	1.4631735778974957	4.149377593360995	4.761904761904762	5.2852485782555085	3.492686567164179	14.7199	0.21991284280114676	17.096678777426867	-5.723126582206036e-06	10.765851810805156	-5.812562303402189e-06	8.669909766406313	-2.0112266672566266e-06	7.656689971322714	-1.0466173849427343e-05	7.01785687063215	-8.711209257402078e-06	6.564597069472192	-1.1363933375531406e-06	6.1995921143694215	0.0	5.906047625157104	-2.4912494861797934e-06	5.649588517022429	-2.6221667488278914e-06	5.43601076789301	-2.778098030745211e-06	5.2402396372961375	5.905314192241598e-06	5.077671898119459	6.323280897526491e-06	4.920351308409946	3.394945943973207e-06	4.784433316488262	0.0	4.653791940220544	0.0	4.53657048341509	-6.53765690376569e-06	4.423788097583367	7.172452046181028e-06	4.328768646050584	5.293427944535462e-06	4.228516681165213	2.9389031425691304e-06	4.135857548827965	1.6426619007569386e-05	4.043619882825454	1.4738990894988375e-05	3.9567944744975203	1.668335001668335e-05	3.8690758490119515	1.89327603017882e-05	3.7918341728934797	1.6232185176768498e-05	3.7111109729716287	1.8648946023733893e-05	3.6227723905146028	0.0	3.550335737999551	0.0	3.4717149306800237	0.0	3.4014733385029423	0.0
15	198	2	0	0	6128	28002	2465	8279	1295	2963	736	1493	518	853	454	562	396	451	350	397	334	344	309	335	306	304	271	306	256	271	260	255	251	259	230	248	240	236	219	236	195	217	194	196	185	192	175	182	172	173	172	172	161	168	152	153	145	147	139	141	136	2598	2608	42.0	81.25714792890238	59.60089874267578	10	1	0.7660856246948242	3.349120433017591	0.5434782608695652			5.554145669434072	8.330854089562186	4.030477934564005	4.944989308454086	2.7678628678906536	4.307186882195604	1.7551390279963754	3.8698807672369107	1.2909979064898813	3.091475790084082	1.1528402021279298	2.3674122751590208	1.016061990044645	1.9964586100044268	0.8987725335113759	1.7595177946195097	0.8614686234556755	1.4702111291563382	0.8068095772735582	1.3518966908797418	0.8140679454095613	1.1551468632442907	0.7355336011290848	1.077882278347247	0.7078080070780801	0.903664677048251	0.7376932898283445	0.8095752111245158	0.7315864641930688	0.7915164109773242	0.6949690285541623	0.7341622261693309	0.750070319092415	0.6814310051107325	0.7099786033845555	0.6685173644552717	0.6641915596580266	0.6112676056338028	0.690047663086007	0.5494659527347145	0.6917956772118764	0.5411194408432445	0.6894106523794516	0.516795865633075	0.7198459864401104	0.5018129079042785	0.7650905208843023	0.5128205128205128	0.7699665231946438	0.5196090560435482	0.7746012332467003	0.49021178430681495	0.7919602381342509	0.4925448148768638	0.8212217889637244	0.4958154581897461	0.8688430332843545	3.897506675867863	3.898414027115502	1.215629522431259	1.8635236629672813	1.278150609952623	4.149377593360995	4.761904761904762	5.21625470887217	3.492686567164179	14.7199	0.21991284280114676	17.096678777426867	-5.723126582206036e-06	10.765851810805156	-5.812562303402189e-06	8.669909766406313	-2.0112266672566266e-06	7.656689971322714	-1.0466173849427343e-05	7.01785687063215	-8.711209257402078e-06	6.564597069472192	-1.1363933375531406e-06	6.1995921143694215	0.0	5.906047625157104	-2.4912494861797934e-06	5.649588517022429	-2.6221667488278914e-06	5.43601076789301	-2.778098030745211e-06	5.2402396372961375	5.905314192241598e-06	5.077671898119459	6.323280897526491e-06	4.920351308409946	3.394945943973207e-06	4.784433316488262	0.0	4.653791940220544	0.0	4.53657048341509	-6.53765690376569e-06	4.423788097583367	7.172452046181028e-06	4.328768646050584	5.293427944535462e-06	4.228516681165213	2.9389031425691304e-06	4.135857548827965	1.6426619007569386e-05	4.043619882825454	1.4738990894988375e-05	3.9567944744975203	1.668335001668335e-05	3.8690758490119515	1.89327603017882e-05	3.7918341728934797	1.6232185176768498e-05	3.7111109729716287	1.8648946023733893e-05	3.6227723905146028	0.0	3.550335737999551	0.0	3.4717149306800237	0.0	3.4014733385029423	0.0
16	2	2	0	0	8687	28604	3689	18801	1843	6540	1147	2801	714	1530	530	938	439	628	362	481	344	384	313	327	290	323	297	301	272	297	265	284	259	265	243	260	230	246	217	233	203	220	193	204	198	189	174	195	175	178	181	178	164	175	155	165	152	155	142	152	131	2051	2060	41.0	75.84609335229682	56.68583011627197	9	1	0.7578868865966797	0.03382949932341001	0.5434782608695652			7.873509045426531	8.509954659589914	6.031818702071649	11.22970696802093	3.9391283903648446	9.506919409233632	2.7352506319454384	7.26023846552618	1.779483600837404	5.545085532038272	1.345826667682385	3.951303761742281	1.126391953610099	2.779991146525011	0.9295875918031944	2.131808713380313	0.8872610972118335	1.6411659116163775	0.8172537141961931	1.3196125907990315	0.7715023012051397	1.2273435421970589	0.8061014004994029	1.0602698228186973	0.7520460075204601	0.9903631331488213	0.7518796992481203	0.9016445488602451	0.7549039610597802	0.8098526984903123	0.7342498866898324	0.7696862048549438	0.718817389130231	0.7103052002425433	0.7034947805225961	0.6600192623647385	0.6914404441568174	0.6197183098591549	0.6864907163690688	0.5718931344789885	0.7404083464213597	0.5326644495800688	0.6854711629372834	0.5537098560354374	0.7324014396919729	0.5163161711385061	0.8051243272096437	0.5307096004770423	0.7843137254901961	0.5412594333786961	0.7898894154818324	0.5286597673897023	0.8301928013545252	0.5193499748701624	0.8389460002363229	0.5344960967719249	0.8369002747077238	3.07689999699961	3.079268748411785	1.1866859623733719	1.7394283864023845	1.2156365066170647	3.7344398340248963	4.761904761904762	5.160429739922658	3.492686567164179	14.7199	0.21991284280114676	17.096678777426867	-5.723126582206036e-06	10.765851810805156	-5.812562303402189e-06	8.669909766406313	-2.0112266672566266e-06	7.656689971322714	-1.0466173849427343e-05	7.01785687063215	-8.711209257402078e-06	6.564597069472192	-1.1363933375531406e-06	6.1995921143694215	0.0	5.906047625157104	-2.4912494861797934e-06	5.649588517022429	-2.6221667488278914e-06	5.43601076789301	-2.778098030745211e-06	5.2402396372961375	5.905314192241598e-06	5.077671898119459	6.323280897526491e-06	4.920351308409946	3.394945943973207e-06	4.784433316488262	0.0	4.653791940220544	0.0	4.53657048341509	-6.53765690376569e-06	4.423788097583367	7.172452046181028e-06	4.328768646050584	5.293427944535462e-06	4.228516681165213	2.9389031425691304e-06	4.135857548827965	1.6426619007569386e-05	4.043619882825454	1.4738990894988375e-05	3.9567944744975203	1.668335001668335e-05	3.8690758490119515	1.89327603017882e-05	3.7918341728934797	1.6232185176768498e-05	3.7111109729716287	1.8648946023733893e-05	3.6227723905146028	0.0	3.550335737999551	0.0	3.4717149306800237	0.0	3.4014733385029423	0.0
17	2	1	0	0	10339	31193	4016	19347	1882	6441	1056	2789	675	1349	496	853	387	583	343	416	305	353	261	317	237	267	226	245	195	233	200	192	177	197	177	180	169	180	178	173	180	182	166	181	152	167	152	153	154	152	144	154	140	144	131	142	125	132	117	126	118	1948	1957	38.0	65.87035866178755	50.7597541809082	9	1	0.7432460784912109	0.03382949932341001	0.2717391304347826			9.370808106442375	9.280206114410158	6.566490622802858	11.555828983048823	4.022484878278155	9.363007326433307	2.5182429532121904	7.2291342664593055	1.6822849167580498	4.889098289359235	1.2594906173027602	3.5932431863178738	0.992969672089085	2.5807879592740153	0.8807970828411483	1.843726454815406	0.7866704495628176	1.508675955209847	0.6814799342019373	1.2792574656981437	0.6305036047779935	1.0145533305467949	0.613397025295842	0.8630103208989397	0.5391506303915063	0.7769515489012638	0.5674563767910342	0.6095625119055178	0.5158996181759888	0.6020414400097793	0.5348239915395075	0.5328596802841918	0.5281745163609088	0.5197355123725926	0.5770602347143876	0.4900572205540763	0.6130999012227937	0.5126760563380282	0.5904531550117379	0.5074149869642006	0.5683942861416498	0.47066118031678034	0.5988023952095809	0.43444927165857394	0.6445132669289361	0.4408992023205221	0.6405409012054624	0.4591532498509242	0.6695361071257772	0.44537919089446987	0.6675839576007746	0.4549677998141681	0.6827243432191819	0.4422851398894287	0.6912442396313364	0.44306913285041144	0.7538491024084839	2.9223799093882206	2.9253053109911957	1.0998552821997105	1.5106482959725145	1.088550879869841	3.7344398340248963	4.761904761904762	5.060740903896962	3.492686567164179	14.7199	0.21991284280114676	17.096678777426867	-5.723126582206036e-06	10.765851810805156	-5.812562303402189e-06	8.669909766406313	-2.0112266672566266e-06	7.656689971322714	-1.0466173849427343e-05	7.01785687063215	-8.711209257402078e-06	6.564597069472192	-1.1363933375531406e-06	6.1995921143694215	0.0	5.906047625157104	-2.4912494861797934e-06	5.649588517022429	-2.6221667488278914e-06	5.43601076789301	-2.778098030745211e-06	5.2402396372961375	5.905314192241598e-06	5.077671898119459	6.323280897526491e-06	4.920351308409946	3.394945943973207e-06	4.784433316488262	0.0	4.653791940220544	0.0	4.53657048341509	-6.53765690376569e-06	4.423788097583367	7.172452046181028e-06	4.328768646050584	5.293427944535462e-06	4.228516681165213	2.9389031425691304e-06	4.135857548827965	1.6426619007569386e-05	4.043619882825454	1.4738990894988375e-05	3.9567944744975203	1.668335001668335e-05	3.8690758490119515	1.89327603017882e-05	3.7918341728934797	1.6232185176768498e-05	3.7111109729716287	1.8648946023733893e-05	3.6227723905146028	0.0	3.550335737999551	0.0	3.4717149306800237	0.0	3.4014733385029423	0.0
18	2	0	0	0	11297	34337	3547	17417	1606	5153	866	1986	541	988	410	619	354	448	277	355	260	283	244	269	214	251	203	217	179	200	165	176	155	164	140	155	122	140	114	121	109	115	110	108	115	109	104	110	105	104	99	102	100	101	99	99	91	97	92	94	90	1987	1997	37.0	58.910747266978596	47.337886810302734	10	1	0.7371664047241211	0.03382949932341001	0.0			10.239096544973354	10.215575204388855	5.79963701172354	10.403053362162678	3.4325774253531964	7.4906965926270495	2.0651499976153	5.147744945567652	1.3483202073571927	3.580748042910989	1.0411111957542978	2.6075234845612703	0.9082978395853645	1.9831783975210269	0.711314262236146	1.5733723352391082	0.6706043176601068	1.2095050859047782	0.6370923522807383	1.0855528652138822	0.5693154912341377	0.9537561272181481	0.5509716643144067	0.7643805699390609	0.4949126299491263	0.666911200773617	0.46815151085260315	0.5587656359133913	0.4517765017925326	0.5011918586883443	0.42302462607644653	0.4588513913558318	0.38128574553864425	0.40423873184534986	0.3695779031316865	0.3427567843181689	0.3712660512960251	0.323943661971831	0.3912641388631999	0.3027669535476998	0.43003515069927456	0.30719801589538354	0.40970690198550264	0.3123491495584519	0.43944086381518377	0.30166787527193617	0.44037186957875546	0.3041144901610018	0.47824007651841227	0.3123840158357045	0.504510013759364	0.3171958604338214	0.49702332186356435	0.32501256491874686	0.54354247902635	0.3305436387931641	0.5749696543793522	2.980887515376999	2.9850969371739486	1.0709117221418234	1.3510389465201924	1.015168398075406	4.149377593360995	4.761904761904762	5.0193445822669585	3.492686567164179	14.7199	0.21991284280114676	17.096678777426867	-5.723126582206036e-06	10.765851810805156	-5.812562303402189e-06	8.669909766406313	-2.0112266672566266e-06	7.656689971322714	-1.0466173849427343e-05	7.01785687063215	-8.711209257402078e-06	6.564597069472192	-1.1363933375531406e-06	6.1995921143694215	0.0	5.906047625157104	-2.4912494861797934e-06	5.649588517022429	-2.6221667488278914e-06	5.43601076789301	-2.778098030745211e-06	5.2402396372961375	5.905314192241598e-06	5.077671898119459	6.323280897526491e-06	4.920351308409946	3.394945943973207e-06	4.784433316488262	0.0	4.653791940220544	0.0	4.53657048341509	-6.53765690376569e-06	4.423788097583367	7.172452046181028e-06	4.328768646050584	5.293427944535462e-06	4.228516681165213	2.9389031425691304e-06	4.135857548827965	1.6426619007569386e-05	4.043619882825454	1.4738990894988375e-05	3.9567944744975203	1.668335001668335e-05	3.8690758490119515	1.89327603017882e-05	3.7918341728934797	1.6232185176768498e-05	3.7111109729716287	1.8648946023733893e-05	3.6227723905146028	0.0	3.550335737999551	0.0	3.4717149306800237	0.0	3.4014733385029423	0.0
19	5	0	0	0	11317	38400	3346	12864	1275	3549	724	1417	468	752	313	468	236	313	205	236	202	207	182	197	148	178	153	150	129	150	117	127	118	120	115	118	106	116	109	105	97	102	94	102	96	93	97	103	91	93	87	83	81	84	78	79	71	74	71	74	72	2068	2077	35.0	52.981273367873705	44.2208948135376	9	1	0.7237577438354492	0.08457374830852503	0.0			10.257223652249573	11.42435529744975	5.470985464118119	7.683578024393449	2.7251159510120333	5.15903011978137	1.7265226308007822	3.6728875064800417	1.166384208952248	2.72542766019136	0.7947995226124274	1.9714394035132061	0.6055318930569097	1.385568835768039	0.5264239124852345	1.0459602003279707	0.5210079698743907	0.8846909992307035	0.4752082299798951	0.79499596448749	0.39373220889089894	0.6763688870311966	0.41526435783302573	0.5283736658564937	0.35666887856668883	0.5001834005802127	0.33196198042275504	0.403200203187504	0.34393307878399254	0.36672575025976406	0.34748451427708116	0.3493191237418591	0.3312810575991499	0.3349406635290041	0.3533683459767879	0.297433573168659	0.33039272454783886	0.28732394366197184	0.33435299139218894	0.28594656723949424	0.3589858649315683	0.2621047291584465	0.3821304758903246	0.2924723854956413	0.38084874863982593	0.2697606961566352	0.38699346114496685	0.24746571258199165	0.38737446197991393	0.2598045280217741	0.3974927381134383	0.25311588862900897	0.3877874269484953	0.2479477299380131	0.41947300011816147	0.2602152050073845	0.45997572350348176	3.102403312430616	3.104680189539455	1.0130246020260492	1.2150544183701641	0.9483240164313728	3.7344398340248963	4.761904761904762	4.928045400758277	3.492686567164179	14.7199	0.21991284280114676	17.096678777426867	-5.723126582206036e-06	10.765851810805156	-5.812562303402189e-06	8.669909766406313	-2.0112266672566266e-06	7.656689971322714	-1.0466173849427343e-05	7.01785687063215	-8.711209257402078e-06	6.564597069472192	-1.1363933375531406e-06	6.1995921143694215	0.0	5.906047625157104	-2.4912494861797934e-06	5.649588517022429	-2.6221667488278914e-06	5.43601076789301	-2.778098030745211e-06	5.2402396372961375	5.905314192241598e-06	5.077671898119459	6.323280897526491e-06	4.920351308409946	3.394945943973207e-06	4.784433316488262	0.0	4.653791940220544	0.0	4.53657048341509	-6.53765690376569e-06	4.423788097583367	7.172452046181028e-06	4.328768646050584	5.293427944535462e-06	4.228516681165213	2.9389031425691304e-06	4.135857548827965	1.6426619007569386e-05	4.043619882825454	1.4738990894988375e-05	3.9567944744975203	1.668335001668335e-05	3.8690758490119515	1.89327603017882e-05	3.7918341728934797	1.6232185176768498e-05	3.7111109729716287	1.8648946023733893e-05	3.6227723905146028	0.0	3.550335737999551	0.0	3.4717149306800237	0.0	3.4014733385029423	0.0
20	5	0	0	0	13941	39655	3505	15039	1256	3777	586	1256	368	586	263	361	198	260	157	197	128	151	124	126	121	115	108	121	113	110	103	112	93	101	80	93	87	82	89	91	80	85	73	75	73	70	78	70	81	75	73	76	67	68	66	67	63	61	64	61	66	1933	1943	33.0	45.548133290980736	40.495633125305176	10	1	0.6981534957885742	0.08457374830852503	0.0			12.63550012688975	11.797729409384631	5.730963554014944	8.982690446894672	2.684506379977344	5.490464007442726	1.397434063051462	3.2555728356661486	0.9171568138769813	2.123804001159756	0.6678347426423911	1.5207043262142466	0.5080309950223225	1.1509517485613103	0.40316367931796	0.8731108451890263	0.3301436640788218	0.6453543037866484	0.3237682446016867	0.5084745762711864	0.32190268429593766	0.4369798989246495	0.29312778199978284	0.42622142379090494	0.31243087812430875	0.3668011604254894	0.29224003404738264	0.35557813194488536	0.27106590107551953	0.30866083980196807	0.24172835775796947	0.2753108348134991	0.2719004906710004	0.23676840008084776	0.2885301173571938	0.25777576341283776	0.2724888449879083	0.23943661971830987	0.25965711033648714	0.2102548288525693	0.2729788347917134	0.19728312947409954	0.30728017648912703	0.19876764062810573	0.33899723780028457	0.21754894851341552	0.32471865130554695	0.22659511031604054	0.3204208512673362	0.2103179512557219	0.33634000917290935	0.21466790554612158	0.34409306898246766	0.20438934494890265	0.3781165071487652	0.21450172304662776	0.4216444132115249	2.8998769840079213	2.904378241827232	0.9551374819102749	1.0445853239397218	0.8684351959690383	4.149377593360995	4.761904761904762	4.75370682144497	3.492686567164179	14.7199	0.21991284280114676	17.096678777426867	-5.723126582206036e-06	10.765851810805156	-5.812562303402189e-06	8.669909766406313	-2.0112266672566266e-06	7.656689971322714	-1.0466173849427343e-05	7.01785687063215	-8.711209257402078e-06	6.564597069472192	-1.1363933375531406e-06	6.1995921143694215	0.0	5.906047625157104	-2.4912494861797934e-06	5.649588517022429	-2.6221667488278914e-06	5.43601076789301	-2.778098030745211e-06	5.2402396372961375	5.905314192241598e-06	5.077671898119459	6.323280897526491e-06	4.920351308409946	3.394945943973207e-06	4.784433316488262	0.0	4.653791940220544	0.0	4.53657048341509	-6.53765690376569e-06	4.423788097583367	7.172452046181028e-06	4.328768646050584	5.293427944535462e-06	4.228516681165213	2.9389031425691304e-06	4.135857548827965	1.6426619007569386e-05	4.043619882825454	1.4738990894988375e-05	3.9567944744975203	1.668335001668335e-05	3.8690758490119515	1.89327603017882e-05	3.7918341728934797	1.6232185176768498e-05	3.7111109729716287	1.8648946023733893e-05	3.6227723905146028	0.0	3.550335737999551	0.0	3.4717149306800237	0.0	3.4014733385029423	0.0
