	counts(inten<0.01	MicrocoloniesPlatonic	MicrocoloniesAggregates	MicrocoloniesLarge	counts(Norminten<0.01	counts(inten<0.02	counts(Norminten<0.02	counts(inten<0.03	counts(Norminten<0.03	counts(inten<0.04	counts(Norminten<0.04	counts(inten<0.05	counts(Norminten<0.05	counts(inten<0.060000000000000005	counts(Norminten<0.060000000000000005	counts(inten<0.06999999999999999	counts(Norminten<0.06999999999999999	counts(inten<0.08	counts(Norminten<0.08	counts(inten<0.09	counts(Norminten<0.09	counts(inten<0.09999999999999999	counts(Norminten<0.09999999999999999	counts(inten<0.11	counts(Norminten<0.11	counts(inten<0.12	counts(Norminten<0.12	counts(inten<0.13	counts(Norminten<0.13	counts(inten<0.14	counts(Norminten<0.14	counts(inten<0.15000000000000002	counts(Norminten<0.15000000000000002	counts(inten<0.16	counts(Norminten<0.16	counts(inten<0.17	counts(Norminten<0.17	counts(inten<0.18000000000000002	counts(Norminten<0.18000000000000002	counts(inten<0.19	counts(Norminten<0.19	counts(inten<0.2	counts(Norminten<0.2	counts(inten<0.21000000000000002	counts(Norminten<0.21000000000000002	counts(inten<0.22	counts(Norminten<0.22	counts(inten<0.23	counts(Norminten<0.23	counts(inten<0.24000000000000002	counts(Norminten<0.24000000000000002	counts(inten<0.25	counts(Norminten<0.25	counts(inten<0.26	counts(Norminten<0.26	counts(inten<0.27	counts(Norminten<0.27	counts(inten<0.28	counts(Norminten<0.28	counts(inten<0.29000000000000004	counts(Norminten<0.29000000000000004	diff	max	med	std	mean	min	eigenLocal	minProp	counts(inten<0.01Normalized	MicrocoloniesPlatonicNormalized	MicrocoloniesAggregatesNormalized	MicrocoloniesLargeNormalized	counts(Norminten<0.01Normalized	counts(inten<0.02Normalized	counts(Norminten<0.02Normalized	counts(inten<0.03Normalized	counts(Norminten<0.03Normalized	counts(inten<0.04Normalized	counts(Norminten<0.04Normalized	counts(inten<0.05Normalized	counts(Norminten<0.05Normalized	counts(inten<0.060000000000000005Normalized	counts(Norminten<0.060000000000000005Normalized	counts(inten<0.06999999999999999Normalized	counts(Norminten<0.06999999999999999Normalized	counts(inten<0.08Normalized	counts(Norminten<0.08Normalized	counts(inten<0.09Normalized	counts(Norminten<0.09Normalized	counts(inten<0.09999999999999999Normalized	counts(Norminten<0.09999999999999999Normalized	counts(inten<0.11Normalized	counts(Norminten<0.11Normalized	counts(inten<0.12Normalized	counts(Norminten<0.12Normalized	counts(inten<0.13Normalized	counts(Norminten<0.13Normalized	counts(inten<0.14Normalized	counts(Norminten<0.14Normalized	counts(inten<0.15000000000000002Normalized	counts(Norminten<0.15000000000000002Normalized	counts(inten<0.16Normalized	counts(Norminten<0.16Normalized	counts(inten<0.17Normalized	counts(Norminten<0.17Normalized	counts(inten<0.18000000000000002Normalized	counts(Norminten<0.18000000000000002Normalized	counts(inten<0.19Normalized	counts(Norminten<0.19Normalized	counts(inten<0.2Normalized	counts(Norminten<0.2Normalized	counts(inten<0.21000000000000002Normalized	counts(Norminten<0.21000000000000002Normalized	counts(inten<0.22Normalized	counts(Norminten<0.22Normalized	counts(inten<0.23Normalized	counts(Norminten<0.23Normalized	counts(inten<0.24000000000000002Normalized	counts(Norminten<0.24000000000000002Normalized	counts(inten<0.25Normalized	counts(Norminten<0.25Normalized	counts(inten<0.26Normalized	counts(Norminten<0.26Normalized	counts(inten<0.27Normalized	counts(Norminten<0.27Normalized	counts(inten<0.28Normalized	counts(Norminten<0.28Normalized	counts(inten<0.29000000000000004Normalized	counts(Norminten<0.29000000000000004Normalized	diffNormalized	maxNormalized	medNormalized	stdNormalized	meanNormalized	minNormalized	eigenLocalNormalized	minPropNormalized	BioVolume	SubstratumCoverage	Homogenity	ThicknessThreshold=0.01	RoughnessThreshold=0.01	ThicknessThreshold=0.02	RoughnessThreshold=0.02	ThicknessThreshold=0.03	RoughnessThreshold=0.03	ThicknessThreshold=0.04	RoughnessThreshold=0.04	ThicknessThreshold=0.05	RoughnessThreshold=0.05	ThicknessThreshold=0.060000000000000005	RoughnessThreshold=0.060000000000000005	ThicknessThreshold=0.06999999999999999	RoughnessThreshold=0.06999999999999999	ThicknessThreshold=0.08	RoughnessThreshold=0.08	ThicknessThreshold=0.09	RoughnessThreshold=0.09	ThicknessThreshold=0.09999999999999999	RoughnessThreshold=0.09999999999999999	ThicknessThreshold=0.11	RoughnessThreshold=0.11	ThicknessThreshold=0.12	RoughnessThreshold=0.12	ThicknessThreshold=0.13	RoughnessThreshold=0.13	ThicknessThreshold=0.14	RoughnessThreshold=0.14	ThicknessThreshold=0.15000000000000002	RoughnessThreshold=0.15000000000000002	ThicknessThreshold=0.16	RoughnessThreshold=0.16	ThicknessThreshold=0.17	RoughnessThreshold=0.17	ThicknessThreshold=0.18000000000000002	RoughnessThreshold=0.18000000000000002	ThicknessThreshold=0.19	RoughnessThreshold=0.19	ThicknessThreshold=0.2	RoughnessThreshold=0.2	ThicknessThreshold=0.21000000000000002	RoughnessThreshold=0.21000000000000002	ThicknessThreshold=0.22	RoughnessThreshold=0.22	ThicknessThreshold=0.23	RoughnessThreshold=0.23	ThicknessThreshold=0.24000000000000002	RoughnessThreshold=0.24000000000000002	ThicknessThreshold=0.25	RoughnessThreshold=0.25	ThicknessThreshold=0.26	RoughnessThreshold=0.26	ThicknessThreshold=0.27	RoughnessThreshold=0.27	ThicknessThreshold=0.28	RoughnessThreshold=0.28	ThicknessThreshold=0.29000000000000004	RoughnessThreshold=0.29000000000000004
0	3	45	0	0	3271	297	3556	80	3842	62	4078	86	4332	102	4558	127	4701	181	4842	241	4953	297	5032	395	5156	490	5239	672	5358	865	5413	1070	5456	1319	5498	1613	5513	1940	5495	2273	5477	2580	5447	2903	5411	3294	5355	3641	5260	4015	5188	4302	5072	4585	4970	4765	4847	4906	4720	5025	4623	4076	4095	795.0	585.6818463586923	865.9759244918823	19	1	0.5434207916259766	0.13192612137203166	11.96808510638298			4.322717060922426	0.1414642743168514	8.26112208154257	0.07284979283340162	10.762206224263984	0.15225185403467414	12.062947405785955	0.38339797601533593	12.967730347841705	0.6116207951070336	13.515597200806548	0.839391936549901	13.833387281876233	1.2297031048304912	14.026651216685979	1.613119143239625	14.081423778927618	1.9210866752910738	14.13999494197319	2.4097120546608104	14.27582578840989	2.8237192416296892	14.303655773063587	3.6345935421061175	14.486562483101714	4.423647335583512	14.522187047271556	5.1328792094406595	14.496758422786693	5.9510918606749685	14.55498491025573	6.860034874324842	14.528540557634534	7.810298321188454	14.469665051611544	8.696816651362106	14.42340610433729	9.403017712661272	14.426846064201717	10.09282759100233	14.358498076157622	10.981830305050842	14.291051746684102	11.647100220722306	14.213143104193687	12.404609633268453	14.1323889948243	12.941459599302089	13.983623280306581	13.482914779744751	13.879967604099757	13.728427785300642	13.723103057757644	13.892507220932208	13.600737667127708	14.070506538235378	13.54209385435585	5.423674685969767	5.425853296586814	15.025515025515027	8.76475366632899	12.103918347357629	5.9375	4.761904761904762	3.779167997811892	6.767003367003367	5.0193	0.19530869804186013	19.40655330642533	-1.3380739381427534e-05	12.911013517287605	-1.6956472734490562e-05	10.360641989199154	-7.265616404516307e-06	9.206104681752098	-8.589986009060287e-06	8.52478391915252	-1.1081081380569766e-06	8.047638532816856	-2.285975540061721e-06	7.680010462950198	0.0	7.382053963351613	1.2159400006566076e-06	7.128024767895106	1.2549618052374575e-06	6.908598121632344	0.0	6.712643755220911	1.340845644531093e-06	6.535403673240438	1.3884357188973044e-06	6.372889532773806	1.4401025353005135e-06	6.22709472284929	2.99396267426734e-06	6.087227657048116	1.5582513303570733e-06	5.959342525410921	1.625001625001625e-06	5.840817719983899	-6.7939628845807615e-06	5.733912424350303	-8.899980242043862e-06	5.631551315681307	-5.605014619746467e-06	5.5361184579232505	-7.8657474229845e-06	5.44302648673177	-8.28812849914425e-06	5.355093626148282	-8.763435441961958e-06	5.272937564304145	-9.290010915762827e-06	5.191641645222652	-7.401595784051042e-06	5.115347347137061	-7.877861633238273e-06	5.043810581271782	-1.1215540252573967e-05	4.976421932165034	-1.2005162219754495e-05	4.909876658418152	-9.653689962093178e-06	4.846949227617518	-1.0381520892810797e-05
1	4	47	0	0	3182	344	3406	89	3662	64	3887	85	4059	110	4234	162	4358	213	4479	269	4631	368	4758	493	4848	687	4954	861	5060	1070	5116	1287	5137	1559	5145	1833	5176	2172	5186	2448	5190	2774	5139	3043	5092	3264	5092	3590	5010	3886	4973	4086	4923	4278	4843	4442	4774	4643	4650	4788	4543	4073	4095	768.0	603.5080667395448	854.3320589065552	22	1	0.5511751174926758	0.1759014951627089	12.5			4.205101096867979	0.16385087664982115	7.912649552793588	0.08104539452715931	10.257990419899716	0.15716320416482493	11.49795894219961	0.37893986001515756	12.150511884092678	0.659591053546801	12.554857075080061	1.0707204230006608	12.824059088367711	1.4471091786126775	12.975086906141367	1.8005354752342704	13.16597486780008	2.3803363518758087	13.370050861269563	3.007564665690581	13.423041780878812	3.958969630611422	13.525541267371066	4.656822975823462	13.680852214351377	5.472026183900993	13.725384986854108	6.173846301448719	13.64916569242215	7.033928893701498	13.620479695028326	7.795687492025688	13.640436409634743	8.74431337815532	13.65599325890036	9.366391184573002	13.667605930529586	10.11006633136526	13.61108168238161	10.579564023224282	13.512007430011941	10.881813635605935	13.58917562915321	11.483957646908289	13.537613488975357	12.006055550406277	13.546717515663307	12.29167920101077	13.572826776212402	12.580132917720402	13.525288351439663	12.797833414964419	13.516421291053227	13.147760095146403	13.399031811894883	13.40688264777532	13.307750893432537	5.419682776240153	5.425853296586814	14.515214515214513	9.031523810241179	11.941169713929854	6.875000000000001	4.761904761904762	3.833094716501383	6.767003367003367	5.0193	0.19530869804186013	19.40655330642533	-1.3380739381427534e-05	12.911013517287605	-1.6956472734490562e-05	10.360641989199154	-7.265616404516307e-06	9.206104681752098	-8.589986009060287e-06	8.52478391915252	-1.1081081380569766e-06	8.047638532816856	-2.285975540061721e-06	7.680010462950198	0.0	7.382053963351613	1.2159400006566076e-06	7.128024767895106	1.2549618052374575e-06	6.908598121632344	0.0	6.712643755220911	1.340845644531093e-06	6.535403673240438	1.3884357188973044e-06	6.372889532773806	1.4401025353005135e-06	6.22709472284929	2.99396267426734e-06	6.087227657048116	1.5582513303570733e-06	5.959342525410921	1.625001625001625e-06	5.840817719983899	-6.7939628845807615e-06	5.733912424350303	-8.899980242043862e-06	5.631551315681307	-5.605014619746467e-06	5.5361184579232505	-7.8657474229845e-06	5.44302648673177	-8.28812849914425e-06	5.355093626148282	-8.763435441961958e-06	5.272937564304145	-9.290010915762827e-06	5.191641645222652	-7.401595784051042e-06	5.115347347137061	-7.877861633238273e-06	5.043810581271782	-1.1215540252573967e-05	4.976421932165034	-1.2005162219754495e-05	4.909876658418152	-9.653689962093178e-06	4.846949227617518	-1.0381520892810797e-05
2	12	52	0	0	2958	428	3134	90	3332	72	3468	108	3637	160	3787	221	3923	305	4053	437	4208	587	4311	804	4413	1026	4517	1202	4567	1408	4586	1584	4664	1857	4658	2112	4655	2332	4718	2547	4710	2770	4705	3004	4759	3238	4722	3442	4668	3648	4633	3815	4563	3984	4533	4180	4474	4323	4414	4432	4364	4079	4095	707.0	611.8188054176004	816.9605102539062	16	1	0.5631217956542969	0.5277044854881267	13.829787234042554			3.9090788952028546	0.20386097443640538	7.280752700662098	0.08195601693757683	9.333594778565226	0.17680860468542803	10.258533988049459	0.4814765280192591	10.887265760641801	0.959405168795347	11.229391531253706	1.4606741573033708	11.54400729776653	2.072151640736463	11.741019698725376	2.925033467202142	11.9633820435549	3.7968952134540745	12.11397420406328	4.904831625183016	12.218622809203422	5.912522330432778	12.332432358642532	6.50116285358862	12.34791542745904	7.200572772834203	12.303482320115897	7.5985800633215	12.392390264640238	8.378451543042772	12.33123312331233	8.982265129928123	12.267432667474832	9.388461693304883	12.423635980619338	9.745179063360881	12.403549890711822	10.095488009330127	12.461595507998728	10.443973159962452	12.628366724160806	10.795132522087014	12.601745349737131	11.010524295448002	12.61348897535668	11.270738715358235	12.620539362571506	11.47644546056194	12.580298309944585	11.715579603599364	12.659535844946518	12.042985969057018	12.66704416761042	12.241603896471656	12.718994928538496	12.41004676168342	12.78340851836663	5.427666595699383	5.425853296586814	13.362313362313364	9.15589436697136	11.418820118966945	5.0	4.761904761904762	3.916176748849589	6.767003367003367	5.0193	0.19530869804186013	19.40655330642533	-1.3380739381427534e-05	12.911013517287605	-1.6956472734490562e-05	10.360641989199154	-7.265616404516307e-06	9.206104681752098	-8.589986009060287e-06	8.52478391915252	-1.1081081380569766e-06	8.047638532816856	-2.285975540061721e-06	7.680010462950198	0.0	7.382053963351613	1.2159400006566076e-06	7.128024767895106	1.2549618052374575e-06	6.908598121632344	0.0	6.712643755220911	1.340845644531093e-06	6.535403673240438	1.3884357188973044e-06	6.372889532773806	1.4401025353005135e-06	6.22709472284929	2.99396267426734e-06	6.087227657048116	1.5582513303570733e-06	5.959342525410921	1.625001625001625e-06	5.840817719983899	-6.7939628845807615e-06	5.733912424350303	-8.899980242043862e-06	5.631551315681307	-5.605014619746467e-06	5.5361184579232505	-7.8657474229845e-06	5.44302648673177	-8.28812849914425e-06	5.355093626148282	-8.763435441961958e-06	5.272937564304145	-9.290010915762827e-06	5.191641645222652	-7.401595784051042e-06	5.115347347137061	-7.877861633238273e-06	5.043810581271782	-1.1215540252573967e-05	4.976421932165034	-1.2005162219754495e-05	4.909876658418152	-9.653689962093178e-06	4.846949227617518	-1.0381520892810797e-05
3	28	45	0	0	2732	410	2838	105	2984	121	3133	192	3239	323	3344	473	3428	643	3550	802	3659	992	3711	1137	3781	1292	3860	1519	3936	1698	3987	1898	4010	2110	4018	2304	4045	2476	4075	2665	4057	2829	4092	3002	4112	3172	4106	3302	4127	3387	4145	3569	4148	3674	4092	3744	4066	3829	4017	3931	3977	4078	4095	608.0	611.5418498333313	754.2428102493286	17	1	0.5839786529541016	1.2313104661389622	11.96808510638298			3.6104136381657193	0.1952873820535659	6.59310024393077	0.09561535309383964	8.358777556794308	0.2971366828741221	9.267585635685972	0.8559582720342382	9.69586301861941	1.9367991845056065	9.915786976633852	3.1262392597488433	10.087396639496218	4.368503295060806	10.283893395133257	5.3681392235609104	10.402570080172854	6.416558861578267	10.427965268215921	6.936310395314788	10.46875432621757	7.445398490174609	10.538673656046086	8.215695819135703	10.64186448926621	8.683645289966249	10.696464023179695	9.104864242540534	10.654692315867786	9.519942248691573	10.636946047545932	9.798834687194317	10.659885099878776	9.96819517693949	10.730461344006741	10.196663605754514	10.68390698654307	10.310518259348349	10.838012501324293	10.437019782359283	10.911503250630224	10.575095849308218	10.9578073710336	10.562681935958542	11.151642888024211	10.46436185003244	11.291201307545629	10.736417784730161	11.436133550219184	10.803975768981944	11.427933085709498	10.786827623959203	11.5118912797282	10.842725264767514	11.575034578146612	11.007196259065326	11.649774444900112	5.426335959122844	5.425853296586814	11.49121149121149	9.151749714908597	10.542202307409534	5.3125	4.761904761904762	4.061223771077995	6.767003367003367	5.0193	0.19530869804186013	19.40655330642533	-1.3380739381427534e-05	12.911013517287605	-1.6956472734490562e-05	10.360641989199154	-7.265616404516307e-06	9.206104681752098	-8.589986009060287e-06	8.52478391915252	-1.1081081380569766e-06	8.047638532816856	-2.285975540061721e-06	7.680010462950198	0.0	7.382053963351613	1.2159400006566076e-06	7.128024767895106	1.2549618052374575e-06	6.908598121632344	0.0	6.712643755220911	1.340845644531093e-06	6.535403673240438	1.3884357188973044e-06	6.372889532773806	1.4401025353005135e-06	6.22709472284929	2.99396267426734e-06	6.087227657048116	1.5582513303570733e-06	5.959342525410921	1.625001625001625e-06	5.840817719983899	-6.7939628845807615e-06	5.733912424350303	-8.899980242043862e-06	5.631551315681307	-5.605014619746467e-06	5.5361184579232505	-7.8657474229845e-06	5.44302648673177	-8.28812849914425e-06	5.355093626148282	-8.763435441961958e-06	5.272937564304145	-9.290010915762827e-06	5.191641645222652	-7.401595784051042e-06	5.115347347137061	-7.877861633238273e-06	5.043810581271782	-1.1215540252573967e-05	4.976421932165034	-1.2005162219754495e-05	4.909876658418152	-9.653689962093178e-06	4.846949227617518	-1.0381520892810797e-05
4	30	41	0	0	2437	493	2520	130	2605	231	2728	426	2827	644	2937	801	2973	938	3068	1106	3164	1269	3190	1471	3239	1653	3341	1841	3372	1996	3396	2139	3451	2238	3507	2396	3539	2512	3602	2624	3639	2761	3661	2904	3697	2960	3670	3063	3639	3169	3628	3212	3600	3314	3586	3348	3563	3402	3522	3459	3493	4077	4095	490.0	592.9192296498604	671.0553560256958	18	1	0.6096696853637695	1.3192612137203166	10.904255319148938			3.2205629707942385	0.23482116915221463	5.854338482982925	0.11838091335427765	7.29712316871621	0.5672609400324149	8.069573448500266	1.8991574160759663	8.462551637430401	3.8616058044012713	8.708931324872495	5.294117647058823	8.748491893005326	6.372715537740335	8.887601390498261	7.402945113788487	8.995280604992324	8.208279430789133	8.963947508921798	8.973889702293803	8.968075975302488	9.52573042125281	9.121686187784968	9.957271891394884	9.116963175255503	10.207630152398487	9.11090840800558	10.26096133550801	9.1694122648528	10.097455332972388	9.284163710488697	10.190107600051036	9.326411215938439	10.113128547848142	9.484937855487678	10.039791857973675	9.583124851868433	10.062686784751076	9.696472083907194	10.096304279803915	9.810269337932864	9.868311385230871	9.794240879613568	9.798151050830107	9.833009079118028	9.790836345660704	9.882865704167802	9.662475181998676	9.925284662678173	9.745339057813327	10.014801575111012	9.64591316373275	10.087768969422424	9.633573087160899	10.148686030428768	9.685548679752472	10.231999531314079	5.425005322546307	5.425853296586814	9.26100926100926	8.873061414179254	9.37947465532359	5.625	4.761904761904762	4.2398896024365245	6.767003367003367	5.0193	0.19530869804186013	19.40655330642533	-1.3380739381427534e-05	12.911013517287605	-1.6956472734490562e-05	10.360641989199154	-7.265616404516307e-06	9.206104681752098	-8.589986009060287e-06	8.52478391915252	-1.1081081380569766e-06	8.047638532816856	-2.285975540061721e-06	7.680010462950198	0.0	7.382053963351613	1.2159400006566076e-06	7.128024767895106	1.2549618052374575e-06	6.908598121632344	0.0	6.712643755220911	1.340845644531093e-06	6.535403673240438	1.3884357188973044e-06	6.372889532773806	1.4401025353005135e-06	6.22709472284929	2.99396267426734e-06	6.087227657048116	1.5582513303570733e-06	5.959342525410921	1.625001625001625e-06	5.840817719983899	-6.7939628845807615e-06	5.733912424350303	-8.899980242043862e-06	5.631551315681307	-5.605014619746467e-06	5.5361184579232505	-7.8657474229845e-06	5.44302648673177	-8.28812849914425e-06	5.355093626148282	-8.763435441961958e-06	5.272937564304145	-9.290010915762827e-06	5.191641645222652	-7.401595784051042e-06	5.115347347137061	-7.877861633238273e-06	5.043810581271782	-1.1215540252573967e-05	4.976421932165034	-1.2005162219754495e-05	4.909876658418152	-9.653689962093178e-06	4.846949227617518	-1.0381520892810797e-05
5	37	38	0	0	2146	594	2219	351	2335	558	2435	756	2505	868	2587	1042	2628	1246	2730	1393	2777	1536	2878	1633	2929	1675	2965	1835	2982	1962	3063	2110	3166	2196	3196	2328	3256	2451	3219	2521	3269	2611	3254	2698	3232	2776	3219	2876	3141	2919	3146	2970	3156	3018	3128	3111	3108	3206	3069	3245	3068	4077	4095	390.0	568.4567666052059	593.9569892883301	18	1	0.6331720352172852	1.6270888302550572	10.106382978723403			2.835998414166777	0.2829285486337028	5.155070275293298	0.31962846605654965	6.540799462169809	1.3702666863120672	7.202863397030113	3.3703356961348137	7.498652936598216	5.204773040714756	7.67109476930376	6.886979510905486	7.733278403907836	8.465248997893879	7.90845886442642	9.323962516733602	7.8950361062148176	9.935316946959896	8.08722286228117	9.962176671547097	8.109754409280947	9.652509652509652	8.095121085537992	9.924820163340364	8.062510138971502	10.03375268487266	8.217524279658743	10.12184591768205	8.4121585715804	9.907958852192746	8.46084608460846	9.900905881852593	8.58061455752912	9.867547002697371	8.476406151253425	9.645699418426691	8.608748321175572	9.51599970843356	8.618497722216336	9.380106386677328	8.576356640573172	9.25487581263544	8.590643430919911	9.199961613512043	8.487354085603114	9.018444712206877	8.5698719694906	8.934480476505625	8.701166220947865	8.874904428630241	8.735722065517916	8.963093145869948	8.799546998867497	9.078552415472616	8.843360995850622	9.08632710777588	8.987052551408988	5.425005322546307	5.425853296586814	7.371007371007371	8.506979617396427	8.301855394428703	5.625	4.761904761904762	4.403334449980962	6.767003367003367	5.0193	0.19530869804186013	19.40655330642533	-1.3380739381427534e-05	12.911013517287605	-1.6956472734490562e-05	10.360641989199154	-7.265616404516307e-06	9.206104681752098	-8.589986009060287e-06	8.52478391915252	-1.1081081380569766e-06	8.047638532816856	-2.285975540061721e-06	7.680010462950198	0.0	7.382053963351613	1.2159400006566076e-06	7.128024767895106	1.2549618052374575e-06	6.908598121632344	0.0	6.712643755220911	1.340845644531093e-06	6.535403673240438	1.3884357188973044e-06	6.372889532773806	1.4401025353005135e-06	6.22709472284929	2.99396267426734e-06	6.087227657048116	1.5582513303570733e-06	5.959342525410921	1.625001625001625e-06	5.840817719983899	-6.7939628845807615e-06	5.733912424350303	-8.899980242043862e-06	5.631551315681307	-5.605014619746467e-06	5.5361184579232505	-7.8657474229845e-06	5.44302648673177	-8.28812849914425e-06	5.355093626148282	-8.763435441961958e-06	5.272937564304145	-9.290010915762827e-06	5.191641645222652	-7.401595784051042e-06	5.115347347137061	-7.877861633238273e-06	5.043810581271782	-1.1215540252573967e-05	4.976421932165034	-1.2005162219754495e-05	4.909876658418152	-9.653689962093178e-06	4.846949227617518	-1.0381520892810797e-05
6	53	35	0	0	1913	876	2035	773	2105	879	2179	958	2230	1147	2321	1328	2406	1366	2480	1482	2527	1540	2589	1679	2644	1804	2676	1887	2684	1952	2704	2064	2714	2160	2770	2231	2777	2329	2772	2423	2797	2501	2757	2566	2768	2616	2760	2663	2733	2690	2728	2709	2701	2724	2705	2790	2700	2782	2676	2782	2623	4079	4095	308.0	535.7854494980269	520.2046165466309	16	1	0.655573844909668	2.3306948109058925	9.308510638297872			2.528082463327607	0.41724816263152126	4.727610640027878	0.7039111232527433	5.8965237121488	2.158538382201267	6.4456013725374195	4.270875128170835	6.675447524396814	6.877735803801643	6.882338987071522	8.777263714474554	7.0800105935320605	9.280521774577078	7.184241019698725	9.919678714859439	7.18428384602263	9.961190168175937	7.2751285581813585	10.242801366520254	7.320652324390177	10.395896963061142	7.306085674502416	10.206068473146194	7.2567998702211645	9.982612253247417	7.254386435585126	9.901180082509834	7.211180784355404	9.745533297238767	7.33308624980145	9.488368136775401	7.318294418384019	9.376383912395829	7.299346955972193	9.270737679828589	7.365759882021436	9.11509585246738	7.302150651552071	8.92118346486806	7.3450975189067265	8.721453575595934	7.365696138346989	8.518601452288795	7.384889753566797	8.310933975963172	7.4312176518659765	8.149329161903616	7.44672052052604	8.010351114509204	7.554388806657916	8.038260969777292	7.644394110985278	7.877895452228579	7.710926694329184	7.789880435695686	7.683519831273069	5.427666595699383	5.425853296586814	5.8212058212058215	8.018051971475215	7.271003759479146	5.0	4.761904761904762	4.55912569607814	6.767003367003367	5.0193	0.19530869804186013	19.40655330642533	-1.3380739381427534e-05	12.911013517287605	-1.6956472734490562e-05	10.360641989199154	-7.265616404516307e-06	9.206104681752098	-8.589986009060287e-06	8.52478391915252	-1.1081081380569766e-06	8.047638532816856	-2.285975540061721e-06	7.680010462950198	0.0	7.382053963351613	1.2159400006566076e-06	7.128024767895106	1.2549618052374575e-06	6.908598121632344	0.0	6.712643755220911	1.340845644531093e-06	6.535403673240438	1.3884357188973044e-06	6.372889532773806	1.4401025353005135e-06	6.22709472284929	2.99396267426734e-06	6.087227657048116	1.5582513303570733e-06	5.959342525410921	1.625001625001625e-06	5.840817719983899	-6.7939628845807615e-06	5.733912424350303	-8.899980242043862e-06	5.631551315681307	-5.605014619746467e-06	5.5361184579232505	-7.8657474229845e-06	5.44302648673177	-8.28812849914425e-06	5.355093626148282	-8.763435441961958e-06	5.272937564304145	-9.290010915762827e-06	5.191641645222652	-7.401595784051042e-06	5.115347347137061	-7.877861633238273e-06	5.043810581271782	-1.1215540252573967e-05	4.976421932165034	-1.2005162219754495e-05	4.909876658418152	-9.653689962093178e-06	4.846949227617518	-1.0381520892810797e-05
7	47	22	0	0	1680	1745	1755	1638	1821	1470	1883	1405	1929	1398	1985	1412	2008	1480	2000	1552	2052	1615	2081	1692	2129	1737	2158	1810	2196	1883	2274	1933	2287	1994	2272	2005	2282	2033	2298	2068	2318	2105	2284	2149	2270	2192	2289	2276	2279	2287	2273	2276	2261	2289	2255	2298	2235	2289	2195	2270	2141	4079	4095	226.0	480.84018070297947	426.6228857040405	16	1	0.6849756240844727	2.0668425681618294	5.851063829787234			2.2201665124884364	0.831162150447494	4.077128586363108	1.4915995082638984	5.10098322081851	3.609842345660822	5.570017156717742	6.263652980250546	5.774411782314554	8.382802662349343	5.886015893725537	9.33245208195638	5.90883677132684	10.055030912426115	5.793742757821553	10.388219544846052	5.833854551657474	10.446313065976714	5.8476409924972605	10.322108345534406	5.894731013096326	10.009796576960756	5.891828432577061	9.78960462977987	5.937381711999135	9.62974327503324	6.100767290872994	9.272762160606352	6.076628759698162	8.996571016062083	6.014719118970721	8.527197720409987	6.013809097138038	8.184709529369137	6.051190225405519	7.912457912457913	6.104337292286624	7.6718419709891394	6.049369636614048	7.471404234606959	6.0236168236698955	7.30788464744124	6.108724079955166	7.280637215700074	6.158127972330307	7.065838662835604	6.191773358757832	6.846760122736298	6.233630172865374	6.731165088513793	6.297651297232385	6.620761185859575	6.327859569648924	6.4818485586452965	6.324919317657907	6.3562288242376725	6.271603491710118	5.427666595699383	5.425853296586814	4.271404271404271	7.195793694028306	5.962993228369132	5.0	4.761904761904762	4.763597561432587	6.767003367003367	5.0193	0.19530869804186013	19.40655330642533	-1.3380739381427534e-05	12.911013517287605	-1.6956472734490562e-05	10.360641989199154	-7.265616404516307e-06	9.206104681752098	-8.589986009060287e-06	8.52478391915252	-1.1081081380569766e-06	8.047638532816856	-2.285975540061721e-06	7.680010462950198	0.0	7.382053963351613	1.2159400006566076e-06	7.128024767895106	1.2549618052374575e-06	6.908598121632344	0.0	6.712643755220911	1.340845644531093e-06	6.535403673240438	1.3884357188973044e-06	6.372889532773806	1.4401025353005135e-06	6.22709472284929	2.99396267426734e-06	6.087227657048116	1.5582513303570733e-06	5.959342525410921	1.625001625001625e-06	5.840817719983899	-6.7939628845807615e-06	5.733912424350303	-8.899980242043862e-06	5.631551315681307	-5.605014619746467e-06	5.5361184579232505	-7.8657474229845e-06	5.44302648673177	-8.28812849914425e-06	5.355093626148282	-8.763435441961958e-06	5.272937564304145	-9.290010915762827e-06	5.191641645222652	-7.401595784051042e-06	5.115347347137061	-7.877861633238273e-06	5.043810581271782	-1.1215540252573967e-05	4.976421932165034	-1.2005162219754495e-05	4.909876658418152	-9.653689962093178e-06	4.846949227617518	-1.0381520892810797e-05
8	76	15	0	0	1502	3078	1521	2521	1547	1911	1595	1602	1589	1431	1625	1458	1669	1520	1711	1512	1749	1499	1736	1557	1777	1596	1773	1585	1820	1627	1835	1669	1862	1711	1891	1754	1920	1755	1932	1781	1889	1791	1897	1811	1901	1857	1894	1897	1861	1909	1843	1941	1820	1887	1800	1890	1767	1906	1762	1884	1703	4081	4095	175.0	427.65077289480394	352.5934238433838	14	1	0.7109050750732422	3.342128408091469	3.9893617021276597			1.9849345843795427	1.4660842974655508	3.533511441514694	2.295679096662569	4.333454718619569	4.692795049359068	4.718097379163462	7.141901832285676	4.756630545411004	8.580679978413382	4.818526865140553	9.636483807005948	4.911279168996263	10.326788504653848	4.956546929316338	10.120481927710843	4.972422812304543	9.695989650711514	4.878185854385028	9.498535871156662	4.920120718775093	9.19725695845099	4.840691293308215	8.57266482773541	4.920780835991997	8.320548225427023	4.923002629178516	8.006332150052769	4.947390796046339	7.719725681284967	5.006088844178535	7.459703142942202	5.059821852105624	7.06550183179677	5.0874236359806195	6.814355677992041	4.974587206699497	6.52744369123114	5.024366988028393	6.296283419671105	5.044447392861881	6.191031838639773	5.054575538416375	6.068263971082179	5.028642455685257	5.897982513053419	5.020430400435848	5.838998856867818	5.017782801687298	5.549020761042169	5.026950037702125	5.445273560171714	5.002831257078142	5.397292858356459	5.077224527431996	5.275389914036905	4.988575780654989	5.4303278688524586	5.425853296586814	3.3075033075033073	6.399811950706417	4.928268663496295	4.375	4.761904761904762	4.943921452030124	6.767003367003367	5.0193	0.19530869804186013	19.40655330642533	-1.3380739381427534e-05	12.911013517287605	-1.6956472734490562e-05	10.360641989199154	-7.265616404516307e-06	9.206104681752098	-8.589986009060287e-06	8.52478391915252	-1.1081081380569766e-06	8.047638532816856	-2.285975540061721e-06	7.680010462950198	0.0	7.382053963351613	1.2159400006566076e-06	7.128024767895106	1.2549618052374575e-06	6.908598121632344	0.0	6.712643755220911	1.340845644531093e-06	6.535403673240438	1.3884357188973044e-06	6.372889532773806	1.4401025353005135e-06	6.22709472284929	2.99396267426734e-06	6.087227657048116	1.5582513303570733e-06	5.959342525410921	1.625001625001625e-06	5.840817719983899	-6.7939628845807615e-06	5.733912424350303	-8.899980242043862e-06	5.631551315681307	-5.605014619746467e-06	5.5361184579232505	-7.8657474229845e-06	5.44302648673177	-8.28812849914425e-06	5.355093626148282	-8.763435441961958e-06	5.272937564304145	-9.290010915762827e-06	5.191641645222652	-7.401595784051042e-06	5.115347347137061	-7.877861633238273e-06	5.043810581271782	-1.1215540252573967e-05	4.976421932165034	-1.2005162219754495e-05	4.909876658418152	-9.653689962093178e-06	4.846949227617518	-1.0381520892810797e-05
9	146	11	0	0	1340	5794	1250	4074	1201	2474	1196	1680	1210	1422	1230	1366	1241	1234	1241	1212	1268	1199	1261	1210	1244	1234	1249	1253	1220	1251	1206	1263	1231	1260	1251	1257	1252	1227	1226	1212	1236	1231	1224	1250	1210	1253	1189	1229	1207	1231	1157	1207	1137	1202	1112	1190	1090	1184	1078	1139	1073	4078	4095	121.0	331.92061570063544	245.3436803817749	17	1	0.7512693405151367	6.420404573438875	2.925531914893617			1.7708470992467293	2.759744125898441	2.9039377395748636	3.709875700040978	3.3642398946749212	6.075340110996513	3.537833520676803	7.489634880299585	3.6221038136861643	8.526713437668645	3.647254180998695	9.028420356906807	3.651825912956478	8.383721720225559	3.5950173812282737	8.112449799196787	3.6049354636947744	7.755498059508409	3.5434287801725346	7.381649585163494	3.4443613810670874	7.111162335042932	3.4100526933682804	6.777002542052031	3.2985453955550748	6.397667996317889	3.2354992756344902	6.058716300489302	3.27080454883622	5.68489442338928	3.3118017684121357	5.345978820227108	3.299425499393876	4.939812391803213	3.228354750368654	4.637281910009182	3.2549443025307454	4.486478606312414	3.2418688420383512	4.345861001981713	3.2108265888284464	4.177362893815636	3.1731205465560035	3.9314161415181856	3.2614569822741033	3.803256403126641	3.151729773903569	3.630948799711209	3.134735739295856	3.5346703522907723	3.105538023291535	3.4285055749229305	3.086070215175538	3.3527779350965625	3.1062701705855233	3.1893148153333524	3.143124963383912	5.426335959122844	5.425853296586814	2.2869022869022873	4.967206088902099	3.4292175918443197	5.3125	4.761904761904762	5.224630881194153	6.767003367003367	5.0193	0.19530869804186013	19.40655330642533	-1.3380739381427534e-05	12.911013517287605	-1.6956472734490562e-05	10.360641989199154	-7.265616404516307e-06	9.206104681752098	-8.589986009060287e-06	8.52478391915252	-1.1081081380569766e-06	8.047638532816856	-2.285975540061721e-06	7.680010462950198	0.0	7.382053963351613	1.2159400006566076e-06	7.128024767895106	1.2549618052374575e-06	6.908598121632344	0.0	6.712643755220911	1.340845644531093e-06	6.535403673240438	1.3884357188973044e-06	6.372889532773806	1.4401025353005135e-06	6.22709472284929	2.99396267426734e-06	6.087227657048116	1.5582513303570733e-06	5.959342525410921	1.625001625001625e-06	5.840817719983899	-6.7939628845807615e-06	5.733912424350303	-8.899980242043862e-06	5.631551315681307	-5.605014619746467e-06	5.5361184579232505	-7.8657474229845e-06	5.44302648673177	-8.28812849914425e-06	5.355093626148282	-8.763435441961958e-06	5.272937564304145	-9.290010915762827e-06	5.191641645222652	-7.401595784051042e-06	5.115347347137061	-7.877861633238273e-06	5.043810581271782	-1.1215540252573967e-05	4.976421932165034	-1.2005162219754495e-05	4.909876658418152	-9.653689962093178e-06	4.846949227617518	-1.0381520892810797e-05
10	217	6	0	0	1375	7958	1177	4869	1067	2529	1015	1632	1002	1258	1005	1115	994	1058	971	1012	969	987	935	1008	955	991	978	983	964	925	955	954	954	984	939	963	937	955	936	952	920	933	900	940	892	927	863	917	841	898	817	887	788	851	753	823	724	799	694	769	670	4079	4095	101.0	265.92901655629856	191.2700958251953	16	1	0.7682828903198242	9.542656112576957	1.5957446808510638			1.817100568256905	3.7904804545909205	2.7343477755836916	4.433820516322907	2.9888792403148545	6.21040223957566	3.002425604922203	7.275645312291027	2.9994611746392863	7.543323139653414	2.9800735381330803	7.369464639788499	2.924991907718565	7.187988314423534	2.812862108922364	6.7737617135207495	2.7548757605049183	6.3842173350582145	2.627363925028803	6.149341142020498	2.644184179195393	5.7108280988878	2.6701613563764437	5.316674779598681	2.6063916076353215	4.73048992533497	2.5621076353490366	4.576417538136813	2.534807099585503	4.439631835408771	2.485836818976015	4.09560668566325	2.4692984767827966	3.8447602560489553	2.4647145565620394	3.6424854606672787	2.4227740763173835	3.4003936146949485	2.383727089734082	3.268087473490248	2.3669895183760117	3.0905150858476413	2.303114408475888	2.933367454655961	2.272481625594466	2.7744307473661447	2.225551620811768	2.6683111726129596	2.1725345317195552	2.5024995589013703	2.102940765772056	2.3711429312282117	2.0498301245753114	2.2625587585660076	1.9997694790225908	2.1532775179906474	1.962622297732732	5.427666595699383	5.425853296586814	1.908901908901909	3.979639009363481	2.673420307288387	5.0	4.761904761904762	5.342949988489753	6.767003367003367	5.0193	0.19530869804186013	19.40655330642533	-1.3380739381427534e-05	12.911013517287605	-1.6956472734490562e-05	10.360641989199154	-7.265616404516307e-06	9.206104681752098	-8.589986009060287e-06	8.52478391915252	-1.1081081380569766e-06	8.047638532816856	-2.285975540061721e-06	7.680010462950198	0.0	7.382053963351613	1.2159400006566076e-06	7.128024767895106	1.2549618052374575e-06	6.908598121632344	0.0	6.712643755220911	1.340845644531093e-06	6.535403673240438	1.3884357188973044e-06	6.372889532773806	1.4401025353005135e-06	6.22709472284929	2.99396267426734e-06	6.087227657048116	1.5582513303570733e-06	5.959342525410921	1.625001625001625e-06	5.840817719983899	-6.7939628845807615e-06	5.733912424350303	-8.899980242043862e-06	5.631551315681307	-5.605014619746467e-06	5.5361184579232505	-7.8657474229845e-06	5.44302648673177	-8.28812849914425e-06	5.355093626148282	-8.763435441961958e-06	5.272937564304145	-9.290010915762827e-06	5.191641645222652	-7.401595784051042e-06	5.115347347137061	-7.877861633238273e-06	5.043810581271782	-1.1215540252573967e-05	4.976421932165034	-1.2005162219754495e-05	4.909876658418152	-9.653689962093178e-06	4.846949227617518	-1.0381520892810797e-05
11	406	4	0	0	1504	9635	1177	4867	1032	2353	934	1451	891	1145	839	1010	823	937	805	864	817	829	804	825	809	809	799	797	797	799	774	811	755	791	745	764	725	757	708	751	704	727	671	708	666	703	649	678	630	670	612	647	589	626	581	612	557	588	542	578	517	4077	4092	89.0	227.44588146129152	161.03986358642578	15	1	0.7766227722167969	17.854001759014952	1.0638297872340425			1.9875776397515528	4.589253478258799	2.7343477755836916	4.431999271502072	2.890837278355136	5.77820342812239	2.762823167485062	6.468726316258749	2.667185535532539	6.865743239191701	2.4878424860633377	6.67547918043622	2.4217991348615486	6.365921597934642	2.331981460023175	5.783132530120482	2.3227383863080684	5.36222509702458	2.2592519740354624	5.03294289897511	2.2399424093916993	4.662018094853916	2.1814508422748244	4.310671209908595	2.154869410047045	4.086120486856909	2.076514460481837	3.890434615753622	2.006058029546179	3.568850388016603	1.972256049134325	3.2492663632883936	1.910609813946134	3.047626716051371	1.8643353697071836	2.8734312825221915	1.853948858399389	2.6496100298855603	1.777200974679521	2.4614956715224423	1.7672814117022688	2.343723953992332	1.7320060847055057	2.1688365695275262	1.7023346303501945	2.070009577656255	1.667120675565241	1.9463329522892727	1.6238868517548455	1.8408516144209845	1.622587762169408	1.763231438531793	1.5770101925254811	1.6650620150648467	1.561779621945597	1.6184582644975218	1.514441384966899	5.425005322546307	5.42187831248675	1.682101682101682	3.4037372608069356	2.2508863172650253	4.6875	4.761904761904762	5.400948900670247	6.767003367003367	5.0193	0.19530869804186013	19.40655330642533	-1.3380739381427534e-05	12.911013517287605	-1.6956472734490562e-05	10.360641989199154	-7.265616404516307e-06	9.206104681752098	-8.589986009060287e-06	8.52478391915252	-1.1081081380569766e-06	8.047638532816856	-2.285975540061721e-06	7.680010462950198	0.0	7.382053963351613	1.2159400006566076e-06	7.128024767895106	1.2549618052374575e-06	6.908598121632344	0.0	6.712643755220911	1.340845644531093e-06	6.535403673240438	1.3884357188973044e-06	6.372889532773806	1.4401025353005135e-06	6.22709472284929	2.99396267426734e-06	6.087227657048116	1.5582513303570733e-06	5.959342525410921	1.625001625001625e-06	5.840817719983899	-6.7939628845807615e-06	5.733912424350303	-8.899980242043862e-06	5.631551315681307	-5.605014619746467e-06	5.5361184579232505	-7.8657474229845e-06	5.44302648673177	-8.28812849914425e-06	5.355093626148282	-8.763435441961958e-06	5.272937564304145	-9.290010915762827e-06	5.191641645222652	-7.401595784051042e-06	5.115347347137061	-7.877861633238273e-06	5.043810581271782	-1.1215540252573967e-05	4.976421932165034	-1.2005162219754495e-05	4.909876658418152	-9.653689962093178e-06	4.846949227617518	-1.0381520892810797e-05
12	785	5	0	0	1776	11924	1101	4589	907	2031	790	1198	726	909	697	791	663	723	633	696	615	663	576	635	571	613	580	571	566	565	547	575	541	568	522	543	513	522	498	525	483	504	485	493	470	477	461	483	459	462	438	464	415	446	398	432	388	402	362	388	361	4080	4095	78.0	187.28769906948708	131.7351541519165	15	1	0.780430793762207	34.52066842568161	1.3297872340425532			2.3470331703449188	5.679528642943219	2.55778836101754	4.178846241406001	2.5406874142132834	4.987476057168116	2.3368632787079218	5.340822968213633	2.1732622882116983	5.450620615218565	2.066777369232594	5.228023793787178	1.9509754877438719	4.912018479516272	1.8337195828505213	4.658634538152611	1.7484505600727809	4.288486416558861	1.6185685784134656	3.8738408979990235	1.580972949026774	3.5325303982020397	1.583531274742676	3.0883227865217155	1.5303087654788299	2.889434386826225	1.4675108654826419	2.7583229396526914	1.4374535019662027	2.5627143114961197	1.3819028961719702	2.3093607791434523	1.3519211511094713	2.10153387817545	1.31135453970929	2.0087235996326904	1.2719563900666264	1.8368685764268533	1.2845640428011442	1.7140075791815874	1.2471805758259256	1.5902650441740291	1.2302847535427397	1.545056140238636	1.240272373540856	1.4273797386226712	1.193135385453555	1.3958245592924614	1.1441647597254003	1.311533258836676	1.111514508336359	1.2446339566106772	1.098527746319366	1.1383587245851503	1.0431074227754724	1.0864391118080252	1.057472611166442	5.428997232275921	5.425853296586814	1.4742014742014742	2.8027683584242014	1.841288544213234	4.6875	4.761904761904762	5.427431422835681	6.767003367003367	5.0193	0.19530869804186013	19.40655330642533	-1.3380739381427534e-05	12.911013517287605	-1.6956472734490562e-05	10.360641989199154	-7.265616404516307e-06	9.206104681752098	-8.589986009060287e-06	8.52478391915252	-1.1081081380569766e-06	8.047638532816856	-2.285975540061721e-06	7.680010462950198	0.0	7.382053963351613	1.2159400006566076e-06	7.128024767895106	1.2549618052374575e-06	6.908598121632344	0.0	6.712643755220911	1.340845644531093e-06	6.535403673240438	1.3884357188973044e-06	6.372889532773806	1.4401025353005135e-06	6.22709472284929	2.99396267426734e-06	6.087227657048116	1.5582513303570733e-06	5.959342525410921	1.625001625001625e-06	5.840817719983899	-6.7939628845807615e-06	5.733912424350303	-8.899980242043862e-06	5.631551315681307	-5.605014619746467e-06	5.5361184579232505	-7.8657474229845e-06	5.44302648673177	-8.28812849914425e-06	5.355093626148282	-8.763435441961958e-06	5.272937564304145	-9.290010915762827e-06	5.191641645222652	-7.401595784051042e-06	5.115347347137061	-7.877861633238273e-06	5.043810581271782	-1.1215540252573967e-05	4.976421932165034	-1.2005162219754495e-05	4.909876658418152	-9.653689962093178e-06	4.846949227617518	-1.0381520892810797e-05
13	372	3	0	0	2511	14700	1383	5306	862	2211	680	1230	613	791	547	658	485	599	460	542	436	488	424	447	411	426	412	420	404	403	389	418	396	400	380	388	374	388	365	374	364	365	354	368	332	361	325	336	315	325	317	320	310	318	290	306	291	294	288	292	287	3707	3722	69.0	149.5961280831383	107.52816581726074	15	1	0.7782382965087891	16.358839050131927	0.7978723404255319			3.3183560195586095	7.0017671126522405	3.2129167150656293	4.831762509675363	2.4146334631222164	5.429497568881685	2.0114772525587172	5.483482680219339	1.8349997006525773	4.743059303231996	1.6219902739888505	4.34897554527429	1.427184180325457	4.0695699436103	1.3325608342989572	3.6278447121820614	1.2395519417751748	3.1565329883570503	1.191446314665468	2.726939970717423	1.1379682697898497	2.454906932518873	1.1248532503344528	2.271620963816323	1.0923051965608608	2.0609593944972895	1.0436229006814401	2.005180850043174	1.0521840790732278	1.8047283883775491	1.0059829512363	1.6501509803087653	0.9856111316080746	1.5620596642376907	0.961133347377291	1.430976430976431	0.9585758301951387	1.3302718857059552	0.9375993219620722	1.2794214789834162	0.8809871301578877	1.2035339223203867	0.867337407595207	1.0748216627747034	0.8511673151750972	1.0041091234899744	0.8635249250885317	0.9626376270982493	0.8546772903972871	0.9351290948656119	0.8098975060742314	0.8816157192658965	0.8238958097395244	0.8325310075324234	0.8298755186721992	0.8176294346596478	0.8407053723123791	4.932669789227166	4.931630273478906	1.304101304101304	2.2387124003196415	1.5029426364906477	4.6875	4.761904761904762	5.4121839100737645	6.767003367003367	5.0193	0.19530869804186013	19.40655330642533	-1.3380739381427534e-05	12.911013517287605	-1.6956472734490562e-05	10.360641989199154	-7.265616404516307e-06	9.206104681752098	-8.589986009060287e-06	8.52478391915252	-1.1081081380569766e-06	8.047638532816856	-2.285975540061721e-06	7.680010462950198	0.0	7.382053963351613	1.2159400006566076e-06	7.128024767895106	1.2549618052374575e-06	6.908598121632344	0.0	6.712643755220911	1.340845644531093e-06	6.535403673240438	1.3884357188973044e-06	6.372889532773806	1.4401025353005135e-06	6.22709472284929	2.99396267426734e-06	6.087227657048116	1.5582513303570733e-06	5.959342525410921	1.625001625001625e-06	5.840817719983899	-6.7939628845807615e-06	5.733912424350303	-8.899980242043862e-06	5.631551315681307	-5.605014619746467e-06	5.5361184579232505	-7.8657474229845e-06	5.44302648673177	-8.28812849914425e-06	5.355093626148282	-8.763435441961958e-06	5.272937564304145	-9.290010915762827e-06	5.191641645222652	-7.401595784051042e-06	5.115347347137061	-7.877861633238273e-06	5.043810581271782	-1.1215540252573967e-05	4.976421932165034	-1.2005162219754495e-05	4.909876658418152	-9.653689962093178e-06	4.846949227617518	-1.0381520892810797e-05
14	2	4	0	0	3688	16730	1815	10285	1100	3814	764	1815	530	1084	455	740	411	523	362	439	330	410	330	357	310	343	301	328	292	301	277	295	264	282	264	273	271	267	266	265	272	269	256	271	243	268	245	244	243	241	240	242	242	240	237	234	223	237	222	223	213	2932	2946	63.0	118.14908660447526	90.04214572906494	14	1	0.7712421417236328	0.08795074758135445	1.0638297872340425			4.87379410598652	7.968677809161359	4.216517597862702	9.365751491144197	3.0813188044483035	9.365944698197534	2.2599538543453828	8.091480540323658	1.5865413398790638	6.499970018588474	1.3491875222393548	4.890945142101785	1.2094282435335315	3.553230518377607	1.048667439165701	2.938420348058902	0.9381929834536874	2.652005174644243	0.927304914716048	2.177891654465593	0.8583215660215412	1.9766034691407826	0.8217981270647337	1.7740278003137	0.7894879143459688	1.5393269919198118	0.7431453560122337	1.4151395951261632	0.7014560527154852	1.2723335138061722	0.6988934187536401	1.1610598392378684	0.7141727718336583	1.0749225009058334	0.7004423846639983	1.0139271502907867	0.7162984225634004	0.9803921568627451	0.6780379277465833	0.9421826652296353	0.644818893458936	0.8934822470411736	0.6538389688025406	0.7805252551102012	0.6566147859922179	0.7445855346494887	0.6537728139471534	0.727994705493051	0.6671996912133661	0.7057578074457449	0.6618817549641132	0.6741767264974502	0.631370328425821	0.6711219346434841	0.6396957123098201	0.6244224792092515	0.6239381334583163	3.901426442410049	3.9034343862624548	1.1907011907011906	1.76810609109402	1.2585370434691512	4.375	4.761904761904762	5.363529819764318	6.767003367003367	5.0193	0.19530869804186013	19.40655330642533	-1.3380739381427534e-05	12.911013517287605	-1.6956472734490562e-05	10.360641989199154	-7.265616404516307e-06	9.206104681752098	-8.589986009060287e-06	8.52478391915252	-1.1081081380569766e-06	8.047638532816856	-2.285975540061721e-06	7.680010462950198	0.0	7.382053963351613	1.2159400006566076e-06	7.128024767895106	1.2549618052374575e-06	6.908598121632344	0.0	6.712643755220911	1.340845644531093e-06	6.535403673240438	1.3884357188973044e-06	6.372889532773806	1.4401025353005135e-06	6.22709472284929	2.99396267426734e-06	6.087227657048116	1.5582513303570733e-06	5.959342525410921	1.625001625001625e-06	5.840817719983899	-6.7939628845807615e-06	5.733912424350303	-8.899980242043862e-06	5.631551315681307	-5.605014619746467e-06	5.5361184579232505	-7.8657474229845e-06	5.44302648673177	-8.28812849914425e-06	5.355093626148282	-8.763435441961958e-06	5.272937564304145	-9.290010915762827e-06	5.191641645222652	-7.401595784051042e-06	5.115347347137061	-7.877861633238273e-06	5.043810581271782	-1.1215540252573967e-05	4.976421932165034	-1.2005162219754495e-05	4.909876658418152	-9.653689962093178e-06	4.846949227617518	-1.0381520892810797e-05
15	1	1	0	0	4797	19111	2028	11425	1023	3772	624	1637	462	870	364	547	314	402	296	352	284	311	266	274	240	274	230	251	211	236	218	218	222	205	219	219	219	217	214	220	204	212	187	205	191	196	191	188	176	193	178	180	169	182	167	169	170	167	164	170	163	2765	2777	58.0	94.74458943481577	77.58688926696777	12	1	0.7523918151855469	0.04397537379067722	0.26595744680851063			6.33936830976609	9.10277355713585	4.711348588686259	10.403861039020171	2.8656264881369227	9.262806345464368	1.8458261847009407	7.2979358922919175	1.3829850924983536	5.216765605324699	1.0793500177914839	3.6153337739590214	0.9239914074684401	2.731163801888715	0.8574739281575897	2.356091030789826	0.8074145675783249	2.011642949547219	0.7474639615589963	1.6715470961444607	0.6645070188553867	1.5789776983806834	0.627952057225544	1.357563956947374	0.5704861298869842	1.2069141863557329	0.5848580780168482	1.0457641753813682	0.589860771601658	0.924923299043494	0.579763858738815	0.9313996512567516	0.5771359300057977	0.873626152421595	0.5635137981883295	0.8417508417508417	0.5372238169225502	0.7726510678620891	0.49528551753363703	0.7127212043250009	0.5068329574101101	0.6534422403733956	0.5097275226174909	0.6013883113144173	0.4755728491137051	0.596286341026354	0.48488150367747207	0.5414836652427651	0.465936974442392	0.5351996706463565	0.4663892534979194	0.48690541358149186	0.4813137032842582	0.4729002661833834	0.4725680036883356	0.47601713661691825	0.4774737828812467	3.679210134128167	3.679510281958872	1.0962010962010962	1.4178567984930543	1.0844474378013254	3.75	4.761904761904762	5.232437024091402	6.767003367003367	5.0193	0.19530869804186013	19.40655330642533	-1.3380739381427534e-05	12.911013517287605	-1.6956472734490562e-05	10.360641989199154	-7.265616404516307e-06	9.206104681752098	-8.589986009060287e-06	8.52478391915252	-1.1081081380569766e-06	8.047638532816856	-2.285975540061721e-06	7.680010462950198	0.0	7.382053963351613	1.2159400006566076e-06	7.128024767895106	1.2549618052374575e-06	6.908598121632344	0.0	6.712643755220911	1.340845644531093e-06	6.535403673240438	1.3884357188973044e-06	6.372889532773806	1.4401025353005135e-06	6.22709472284929	2.99396267426734e-06	6.087227657048116	1.5582513303570733e-06	5.959342525410921	1.625001625001625e-06	5.840817719983899	-6.7939628845807615e-06	5.733912424350303	-8.899980242043862e-06	5.631551315681307	-5.605014619746467e-06	5.5361184579232505	-7.8657474229845e-06	5.44302648673177	-8.28812849914425e-06	5.355093626148282	-8.763435441961958e-06	5.272937564304145	-9.290010915762827e-06	5.191641645222652	-7.401595784051042e-06	5.115347347137061	-7.877861633238273e-06	5.043810581271782	-1.1215540252573967e-05	4.976421932165034	-1.2005162219754495e-05	4.909876658418152	-9.653689962093178e-06	4.846949227617518	-1.0381520892810797e-05
16	1	1	0	0	5891	20796	2185	12504	1024	3749	603	1427	415	761	315	508	263	354	220	286	205	244	195	212	196	192	189	200	177	191	170	180	161	167	157	165	158	161	153	158	149	158	145	151	152	150	150	148	141	149	130	141	127	130	125	126	122	127	114	124	111	2640	2652	54.0	78.21996090191324	69.31011390686035	12	1	0.7355508804321289	0.04397537379067722	0.26595744680851063			7.785119598255584	9.90535706630721	5.0760831687768615	11.386422619860674	2.8684276870500574	9.206325818967635	1.7837070342542745	6.36173153225447	1.2422918038675688	4.563170834082868	0.934052900011861	3.357567746199604	0.7739163699496807	2.405054691215436	0.6373117033603708	1.9143239625167336	0.5828168533575937	1.5782664941785252	0.547952904150392	1.2933138116154221	0.5426807320652325	1.1064369273324497	0.5160127774592513	1.0817242684839634	0.47855945492889207	0.9767822440421398	0.4560819874443312	0.863475007195625	0.42778191093633755	0.7534741021476268	0.41562979827394503	0.7017394632756347	0.4163811732461919	0.648174242119248	0.40288603328417943	0.6045301499846955	0.39238406236009793	0.5758437203877834	0.3840449200127132	0.5249800090393909	0.40334350537349084	0.5000833472245374	0.4003095727362494	0.473433351460286	0.38099870298313876	0.4603454135384806	0.3541269408880414	0.42416220444016606	0.35014198671114666	0.3822854790331118	0.34909375261820313	0.3630182373447809	0.3454133635334088	0.35963074134904005	0.3284923928077455	0.3472124996499874	0.32515085828109436	3.51288056206089	3.5138859444562223	1.0206010206010205	1.1705650317788434	0.9687612965301996	3.75	4.761904761904762	5.115318351684843	6.767003367003367	5.0193	0.19530869804186013	19.40655330642533	-1.3380739381427534e-05	12.911013517287605	-1.6956472734490562e-05	10.360641989199154	-7.265616404516307e-06	9.206104681752098	-8.589986009060287e-06	8.52478391915252	-1.1081081380569766e-06	8.047638532816856	-2.285975540061721e-06	7.680010462950198	0.0	7.382053963351613	1.2159400006566076e-06	7.128024767895106	1.2549618052374575e-06	6.908598121632344	0.0	6.712643755220911	1.340845644531093e-06	6.535403673240438	1.3884357188973044e-06	6.372889532773806	1.4401025353005135e-06	6.22709472284929	2.99396267426734e-06	6.087227657048116	1.5582513303570733e-06	5.959342525410921	1.625001625001625e-06	5.840817719983899	-6.7939628845807615e-06	5.733912424350303	-8.899980242043862e-06	5.631551315681307	-5.605014619746467e-06	5.5361184579232505	-7.8657474229845e-06	5.44302648673177	-8.28812849914425e-06	5.355093626148282	-8.763435441961958e-06	5.272937564304145	-9.290010915762827e-06	5.191641645222652	-7.401595784051042e-06	5.115347347137061	-7.877861633238273e-06	5.043810581271782	-1.1215540252573967e-05	4.976421932165034	-1.2005162219754495e-05	4.909876658418152	-9.653689962093178e-06	4.846949227617518	-1.0381520892810797e-05
17	1	1	0	0	8548	12548	3062	22131	1319	7274	765	2732	511	1160	352	687	274	452	253	316	209	259	196	240	174	202	148	194	141	168	136	141	133	140	129	134	124	133	114	123	109	119	111	109	104	108	105	108	96	103	92	98	90	91	87	93	85	85	84	84	81	2141	2154	51.0	62.405926033414644	62.248412132263184	13	1	0.7137794494628906	0.04397537379067722	0.26595744680851063			11.296418659970927	5.976746512214988	7.113485886862586	20.152984564950145	3.69478136642483	17.86258042335838	2.2629119091285568	12.179572912487183	1.5296653295815124	6.955687473766265	1.0437670501719845	4.540647719762062	0.8062854956890211	3.0708607921733813	0.7329084588644263	2.115127175368139	0.5941888895206687	1.6752910737386804	0.550762919043471	1.4641288433382138	0.4817675886701553	1.1640638506310148	0.40407349769295875	1.0492725404294445	0.38122532850267665	0.859159251304081	0.3648655899554649	0.676388755636573	0.35338505686045274	0.6316549359321422	0.34150473870916503	0.5698975035086974	0.3267801612818215	0.5354482869680743	0.30018959342742785	0.4706152433425161	0.28704605904195085	0.43370508054522927	0.2939930077338701	0.3789590793728054	0.2759718720976516	0.36006001000166693	0.28021670091537454	0.3454783916061546	0.25940337224383914	0.3182253529829765	0.25061291201307545	0.29480777329883884	0.2481321165669543	0.26759983532317827	0.24296925182226936	0.2679420323259097	0.2406568516421291	0.24069774027297955	0.24204702627939143	0.23520846750483018	0.23727224793485263	2.84889291036832	2.854038583845665	0.9639009639009639	0.9339073293848371	0.8700584812951603	4.0625	4.761904761904762	4.963911014215603	6.767003367003367	5.0193	0.19530869804186013	19.40655330642533	-1.3380739381427534e-05	12.911013517287605	-1.6956472734490562e-05	10.360641989199154	-7.265616404516307e-06	9.206104681752098	-8.589986009060287e-06	8.52478391915252	-1.1081081380569766e-06	8.047638532816856	-2.285975540061721e-06	7.680010462950198	0.0	7.382053963351613	1.2159400006566076e-06	7.128024767895106	1.2549618052374575e-06	6.908598121632344	0.0	6.712643755220911	1.340845644531093e-06	6.535403673240438	1.3884357188973044e-06	6.372889532773806	1.4401025353005135e-06	6.22709472284929	2.99396267426734e-06	6.087227657048116	1.5582513303570733e-06	5.959342525410921	1.625001625001625e-06	5.840817719983899	-6.7939628845807615e-06	5.733912424350303	-8.899980242043862e-06	5.631551315681307	-5.605014619746467e-06	5.5361184579232505	-7.8657474229845e-06	5.44302648673177	-8.28812849914425e-06	5.355093626148282	-8.763435441961958e-06	5.272937564304145	-9.290010915762827e-06	5.191641645222652	-7.401595784051042e-06	5.115347347137061	-7.877861633238273e-06	5.043810581271782	-1.1215540252573967e-05	4.976421932165034	-1.2005162219754495e-05	4.909876658418152	-9.653689962093178e-06	4.846949227617518	-1.0381520892810797e-05
18	1	0	0	0	7913	24877	2065	12282	886	2732	478	1039	320	551	267	347	178	265	164	188	148	164	137	148	112	134	109	112	99	112	89	100	94	89	82	94	82	82	80	83	79	80	77	79	80	75	88	81	84	86	80	82	74	78	63	73	55	62	51	52	48	2494	2506	49.0	53.94439978274494	57.957106590270996	12	1	0.683720588684082	0.04397537379067722	0.0			10.457248579357739	11.849180983772095	4.797305145777674	11.184264444747985	2.4818622370374523	6.7089042777859635	1.4139501863574513	4.631982524185279	0.957911752379812	3.303951550038976	0.7917210295338631	2.293456708526107	0.5237913074184152	1.8003940485087304	0.47508690614136734	1.2583668005354753	0.42076533803377497	1.0608020698576974	0.38497204035181387	0.9028794533918985	0.31010327546584715	0.7722007722007722	0.29759467059819256	0.6057655903510195	0.26766884767209215	0.5727728342027206	0.23877233460320868	0.47970833733090285	0.24976086725475607	0.40155206641400465	0.21708053158257	0.399778845744907	0.216096558267011	0.3301260115141511	0.21065936380872127	0.3175696357514539	0.20804255655334053	0.2915664407026751	0.203941095455027	0.2746584153252442	0.21228605545973198	0.2500416736122687	0.23484828267193295	0.259108793704616	0.2269779507133593	0.26570272190811633	0.2179242713157178	0.24667589194392636	0.20401974028838465	0.22937128741986706	0.1759432513195744	0.21032008989023018	0.15571913929784825	0.17556776349323217	0.14695712309820194	0.1456052417887044	0.14060577655398676	3.3186076218863105	3.320436718253127	0.9261009261009262	0.8072802302364094	0.8100780471805353	3.75	4.761904761904762	4.7548695375984495	6.767003367003367	5.0193	0.19530869804186013	19.40655330642533	-1.3380739381427534e-05	12.911013517287605	-1.6956472734490562e-05	10.360641989199154	-7.265616404516307e-06	9.206104681752098	-8.589986009060287e-06	8.52478391915252	-1.1081081380569766e-06	8.047638532816856	-2.285975540061721e-06	7.680010462950198	0.0	7.382053963351613	1.2159400006566076e-06	7.128024767895106	1.2549618052374575e-06	6.908598121632344	0.0	6.712643755220911	1.340845644531093e-06	6.535403673240438	1.3884357188973044e-06	6.372889532773806	1.4401025353005135e-06	6.22709472284929	2.99396267426734e-06	6.087227657048116	1.5582513303570733e-06	5.959342525410921	1.625001625001625e-06	5.840817719983899	-6.7939628845807615e-06	5.733912424350303	-8.899980242043862e-06	5.631551315681307	-5.605014619746467e-06	5.5361184579232505	-7.8657474229845e-06	5.44302648673177	-8.28812849914425e-06	5.355093626148282	-8.763435441961958e-06	5.272937564304145	-9.290010915762827e-06	5.191641645222652	-7.401595784051042e-06	5.115347347137061	-7.877861633238273e-06	5.043810581271782	-1.1215540252573967e-05	4.976421932165034	-1.2005162219754495e-05	4.909876658418152	-9.653689962093178e-06	4.846949227617518	-1.0381520892810797e-05
19	51	0	0	0	6034	26096	1303	4458	501	1059	308	466	215	296	139	183	132	145	116	125	98	115	102	102	108	104	89	104	85	84	80	80	78	77	73	78	74	74	72	73	64	71	67	65	63	67	58	60	58	60	56	57	50	52	46	47	44	45	42	41	40	2925	2936	47.0	51.08578323667595	54.58124256134033	11	1	0.6822443008422852	2.242744063324538	0.0			7.974098057354302	12.429803712365501	3.0270646997328376	4.059554705641306	1.4034006554805456	2.6005598939148373	0.911080873217772	2.0774820560830993	0.6435969586301862	1.774899562271392	0.4121693749258688	1.209517514871117	0.3884295088720831	0.9851212718255317	0.33603707995365006	0.8366800535475234	0.27861488599533746	0.7438551099611902	0.2866215190940512	0.6222547584187409	0.299028158484924	0.599320002305077	0.2429901438829279	0.562496619611661	0.22981668739523062	0.4295796256520405	0.21462681762086175	0.38376666986472224	0.20724837921139333	0.3474102147626782	0.19325461957960502	0.33173138263939095	0.1950139672165709	0.29791859575667295	0.18959342742784915	0.2793082338536884	0.16854080530903537	0.25876521612362413	0.17745523890242612	0.22598477210304907	0.16717526867453894	0.2233705617602934	0.15478636812468308	0.19193243978119703	0.15672287073065283	0.18537399202891836	0.15254698992100246	0.17146982732687563	0.13785117587053017	0.1529141916132447	0.12846650096349876	0.13541156472384686	0.1245753114382786	0.12742821543863622	0.12102351313969571	0.11480413294878615	0.11717148046165562	3.8921119863742817	3.890184439262243	0.8883008883008883	0.7645009124061581	0.7628929218181484	3.4375000000000004	4.761904761904762	4.744602834790513	6.767003367003367	5.0193	0.19530869804186013	19.40655330642533	-1.3380739381427534e-05	12.911013517287605	-1.6956472734490562e-05	10.360641989199154	-7.265616404516307e-06	9.206104681752098	-8.589986009060287e-06	8.52478391915252	-1.1081081380569766e-06	8.047638532816856	-2.285975540061721e-06	7.680010462950198	0.0	7.382053963351613	1.2159400006566076e-06	7.128024767895106	1.2549618052374575e-06	6.908598121632344	0.0	6.712643755220911	1.340845644531093e-06	6.535403673240438	1.3884357188973044e-06	6.372889532773806	1.4401025353005135e-06	6.22709472284929	2.99396267426734e-06	6.087227657048116	1.5582513303570733e-06	5.959342525410921	1.625001625001625e-06	5.840817719983899	-6.7939628845807615e-06	5.733912424350303	-8.899980242043862e-06	5.631551315681307	-5.605014619746467e-06	5.5361184579232505	-7.8657474229845e-06	5.44302648673177	-8.28812849914425e-06	5.355093626148282	-8.763435441961958e-06	5.272937564304145	-9.290010915762827e-06	5.191641645222652	-7.401595784051042e-06	5.115347347137061	-7.877861633238273e-06	5.043810581271782	-1.1215540252573967e-05	4.976421932165034	-1.2005162219754495e-05	4.909876658418152	-9.653689962093178e-06	4.846949227617518	-1.0381520892810797e-05
20	1	0	0	0	8472	31513	1515	7248	544	1356	263	506	164	247	136	154	111	135	86	114	75	88	75	73	71	71	60	64	55	58	59	57	60	57	58	59	54	56	47	50	43	47	43	44	40	41	40	39	40	39	36	37	36	37	36	36	37	38	38	37	39	2535	2547	44.0	43.30761417407254	49.92152976989746	12	1	0.6496105194091797	0.04397537379067722	0.0			11.195982555834545	15.00997870891225	3.519572540364735	6.600191230706187	1.523852208745343	3.329895388242228	0.7779684079749157	2.2558066960902323	0.4909297730946537	1.4810817293278167	0.40327363302099395	1.0178453403833443	0.32663390518788804	0.9171818737685984	0.24913093858632676	0.7630522088353414	0.21322567805765621	0.5692108667529107	0.21075111698092	0.4453391898487067	0.1965833264113852	0.4091511554198121	0.16381358014579409	0.3461517659148683	0.1487049153733845	0.29661450342640894	0.15828727799538553	0.2734337522786146	0.15942183016261027	0.25717379534380075	0.15354476624133	0.2509250202015906	0.14230748959047065	0.22545191030234712	0.12376237623762376	0.19130700948882767	0.11323835356700815	0.17129528391282164	0.11388918317618392	0.15297430726975628	0.10614302772986599	0.13668944824137358	0.10674921939633317	0.12475608585777807	0.10808473843493299	0.12049309481879693	0.09806592209207302	0.11130497563323505	0.09925284662678172	0.10880432864788567	0.1005390007540425	0.1037194963842231	0.10475651189127973	0.10760604859262615	0.1094974642692485	0.10360372973427043	0.11424219345011424	3.3731637215243775	3.374761500953996	0.8316008316008316	0.6481002825545921	0.6977631860430389	3.75	4.761904761904762	4.517654318392076	6.767003367003367	5.0193	0.19530869804186013	19.40655330642533	-1.3380739381427534e-05	12.911013517287605	-1.6956472734490562e-05	10.360641989199154	-7.265616404516307e-06	9.206104681752098	-8.589986009060287e-06	8.52478391915252	-1.1081081380569766e-06	8.047638532816856	-2.285975540061721e-06	7.680010462950198	0.0	7.382053963351613	1.2159400006566076e-06	7.128024767895106	1.2549618052374575e-06	6.908598121632344	0.0	6.712643755220911	1.340845644531093e-06	6.535403673240438	1.3884357188973044e-06	6.372889532773806	1.4401025353005135e-06	6.22709472284929	2.99396267426734e-06	6.087227657048116	1.5582513303570733e-06	5.959342525410921	1.625001625001625e-06	5.840817719983899	-6.7939628845807615e-06	5.733912424350303	-8.899980242043862e-06	5.631551315681307	-5.605014619746467e-06	5.5361184579232505	-7.8657474229845e-06	5.44302648673177	-8.28812849914425e-06	5.355093626148282	-8.763435441961958e-06	5.272937564304145	-9.290010915762827e-06	5.191641645222652	-7.401595784051042e-06	5.115347347137061	-7.877861633238273e-06	5.043810581271782	-1.1215540252573967e-05	4.976421932165034	-1.2005162219754495e-05	4.909876658418152	-9.653689962093178e-06	4.846949227617518	-1.0381520892810797e-05
