	counts(inten<0.01	MicrocoloniesPlatonic	MicrocoloniesAggregates	MicrocoloniesLarge	counts(Norminten<0.01	counts(inten<0.02	counts(Norminten<0.02	counts(inten<0.03	counts(Norminten<0.03	counts(inten<0.04	counts(Norminten<0.04	counts(inten<0.05	counts(Norminten<0.05	counts(inten<0.060000000000000005	counts(Norminten<0.060000000000000005	counts(inten<0.06999999999999999	counts(Norminten<0.06999999999999999	counts(inten<0.08	counts(Norminten<0.08	counts(inten<0.09	counts(Norminten<0.09	counts(inten<0.09999999999999999	counts(Norminten<0.09999999999999999	counts(inten<0.11	counts(Norminten<0.11	counts(inten<0.12	counts(Norminten<0.12	counts(inten<0.13	counts(Norminten<0.13	counts(inten<0.14	counts(Norminten<0.14	counts(inten<0.15000000000000002	counts(Norminten<0.15000000000000002	counts(inten<0.16	counts(Norminten<0.16	counts(inten<0.17	counts(Norminten<0.17	counts(inten<0.18000000000000002	counts(Norminten<0.18000000000000002	counts(inten<0.19	counts(Norminten<0.19	counts(inten<0.2	counts(Norminten<0.2	counts(inten<0.21000000000000002	counts(Norminten<0.21000000000000002	counts(inten<0.22	counts(Norminten<0.22	counts(inten<0.23	counts(Norminten<0.23	counts(inten<0.24000000000000002	counts(Norminten<0.24000000000000002	counts(inten<0.25	counts(Norminten<0.25	counts(inten<0.26	counts(Norminten<0.26	counts(inten<0.27	counts(Norminten<0.27	counts(inten<0.28	counts(Norminten<0.28	counts(inten<0.29000000000000004	counts(Norminten<0.29000000000000004	diff	max	med	std	mean	min	eigenLocal	minProp	counts(inten<0.01Normalized	MicrocoloniesPlatonicNormalized	MicrocoloniesAggregatesNormalized	MicrocoloniesLargeNormalized	counts(Norminten<0.01Normalized	counts(inten<0.02Normalized	counts(Norminten<0.02Normalized	counts(inten<0.03Normalized	counts(Norminten<0.03Normalized	counts(inten<0.04Normalized	counts(Norminten<0.04Normalized	counts(inten<0.05Normalized	counts(Norminten<0.05Normalized	counts(inten<0.060000000000000005Normalized	counts(Norminten<0.060000000000000005Normalized	counts(inten<0.06999999999999999Normalized	counts(Norminten<0.06999999999999999Normalized	counts(inten<0.08Normalized	counts(Norminten<0.08Normalized	counts(inten<0.09Normalized	counts(Norminten<0.09Normalized	counts(inten<0.09999999999999999Normalized	counts(Norminten<0.09999999999999999Normalized	counts(inten<0.11Normalized	counts(Norminten<0.11Normalized	counts(inten<0.12Normalized	counts(Norminten<0.12Normalized	counts(inten<0.13Normalized	counts(Norminten<0.13Normalized	counts(inten<0.14Normalized	counts(Norminten<0.14Normalized	counts(inten<0.15000000000000002Normalized	counts(Norminten<0.15000000000000002Normalized	counts(inten<0.16Normalized	counts(Norminten<0.16Normalized	counts(inten<0.17Normalized	counts(Norminten<0.17Normalized	counts(inten<0.18000000000000002Normalized	counts(Norminten<0.18000000000000002Normalized	counts(inten<0.19Normalized	counts(Norminten<0.19Normalized	counts(inten<0.2Normalized	counts(Norminten<0.2Normalized	counts(inten<0.21000000000000002Normalized	counts(Norminten<0.21000000000000002Normalized	counts(inten<0.22Normalized	counts(Norminten<0.22Normalized	counts(inten<0.23Normalized	counts(Norminten<0.23Normalized	counts(inten<0.24000000000000002Normalized	counts(Norminten<0.24000000000000002Normalized	counts(inten<0.25Normalized	counts(Norminten<0.25Normalized	counts(inten<0.26Normalized	counts(Norminten<0.26Normalized	counts(inten<0.27Normalized	counts(Norminten<0.27Normalized	counts(inten<0.28Normalized	counts(Norminten<0.28Normalized	counts(inten<0.29000000000000004Normalized	counts(Norminten<0.29000000000000004Normalized	diffNormalized	maxNormalized	medNormalized	stdNormalized	meanNormalized	minNormalized	eigenLocalNormalized	minPropNormalized	BioVolume	SubstratumCoverage	Homogenity	ThicknessThreshold=0.01	RoughnessThreshold=0.01	ThicknessThreshold=0.02	RoughnessThreshold=0.02	ThicknessThreshold=0.03	RoughnessThreshold=0.03	ThicknessThreshold=0.04	RoughnessThreshold=0.04	ThicknessThreshold=0.05	RoughnessThreshold=0.05	ThicknessThreshold=0.060000000000000005	RoughnessThreshold=0.060000000000000005	ThicknessThreshold=0.06999999999999999	RoughnessThreshold=0.06999999999999999	ThicknessThreshold=0.08	RoughnessThreshold=0.08	ThicknessThreshold=0.09	RoughnessThreshold=0.09	ThicknessThreshold=0.09999999999999999	RoughnessThreshold=0.09999999999999999	ThicknessThreshold=0.11	RoughnessThreshold=0.11	ThicknessThreshold=0.12	RoughnessThreshold=0.12	ThicknessThreshold=0.13	RoughnessThreshold=0.13	ThicknessThreshold=0.14	RoughnessThreshold=0.14	ThicknessThreshold=0.15000000000000002	RoughnessThreshold=0.15000000000000002	ThicknessThreshold=0.16	RoughnessThreshold=0.16	ThicknessThreshold=0.17	RoughnessThreshold=0.17	ThicknessThreshold=0.18000000000000002	RoughnessThreshold=0.18000000000000002	ThicknessThreshold=0.19	RoughnessThreshold=0.19	ThicknessThreshold=0.2	RoughnessThreshold=0.2	ThicknessThreshold=0.21000000000000002	RoughnessThreshold=0.21000000000000002	ThicknessThreshold=0.22	RoughnessThreshold=0.22	ThicknessThreshold=0.23	RoughnessThreshold=0.23	ThicknessThreshold=0.24000000000000002	RoughnessThreshold=0.24000000000000002	ThicknessThreshold=0.25	RoughnessThreshold=0.25	ThicknessThreshold=0.26	RoughnessThreshold=0.26	ThicknessThreshold=0.27	RoughnessThreshold=0.27	ThicknessThreshold=0.28	RoughnessThreshold=0.28	ThicknessThreshold=0.29000000000000004	RoughnessThreshold=0.29000000000000004
0	12	34	0	0	2914	199	3081	44	3276	44	3459	39	3646	64	3822	81	3995	99	4147	117	4335	160	4478	199	4586	258	4743	337	4860	430	4950	537	5060	662	5159	775	5218	993	5327	1176	5355	1377	5398	1619	5434	1844	5495	2091	5522	2291	5498	2524	5424	2769	5338	3007	5309	3252	5290	3492	5191	4073	4095	994.0	693.9087163439559	1059.8191576004028	22	1	0.5341768264770508	1.426872770511296	14.529914529914532			5.182379199345533	0.10007040128733782	9.470383917868011	0.046565774155995346	12.003517514289902	0.12067688763336168	13.35779107935895	0.1955671447196871	14.092455163883736	0.43620501635768816	14.64255612596736	0.6362422433430209	14.977692797960485	0.820215410107705	15.285661629192775	0.9687836383207751	15.646995127233351	1.276527844263603	15.93310798790251	1.5366795366795367	16.013688106711363	1.901953556948028	16.199877040781473	2.3828042140988477	16.23571858087793	2.8645659849443743	16.272724284164504	3.456933178833527	16.373814839983172	4.072593048292833	16.48716883448915	4.556411311658533	16.571918569568396	5.560533094411468	16.67762436993206	6.314772056059711	16.605166051660518	7.08260467030141	16.636360834591795	7.96987299399429	16.650324794705234	8.730647223142844	16.8294998621788	9.479124167006663	16.846151499435614	10.026697010810102	16.78266178266178	10.592135633052163	16.6039122049775	11.184715434018662	16.449922958397533	11.82089786932935	16.44365979062132	12.397544889634402	16.465900955582534	13.01479631769222	16.331602957369828	5.317718329351246	5.321429963744103	17.329149232914922	9.34344829169378	13.512966815263821	6.111111111111111	4.761904761904762	3.6513760953557886	10.1830625	2.704	0.19091176596535467	20.12275714758318	-1.1473624527549606e-05	13.795073231056524	-1.3906216476085281e-05	10.753702333038774	-1.5377281604158017e-05	9.342514942340085	-1.3677213551804024e-05	8.50607075435103	-1.4007790486555214e-05	7.937953959796935	-1.4328337152386275e-05	7.515944721657899	-9.019155559012899e-06	7.180279780271478	-8.071481036055306e-06	6.901872449755991	-5.898229587407044e-06	6.6607336454578165	-6.036452931965553e-06	6.449655099054661	-6.184353091929172e-06	6.259234506434067	-5.072691671654814e-06	6.084518408030134	-5.206265740819076e-06	5.924990907340451	-5.34863041632402e-06	5.773941551657778	-4.123830378608867e-06	5.635971742454273	-4.2471321240332465e-06	5.505794407251545	-2.918366006872752e-06	5.384816986696929	-4.5212725875243015e-06	5.267976035588243	-4.674469915111626e-06	5.158984271635376	1.6134991795356672e-06	5.056039161185338	0.0	4.957866242259551	0.0	4.866413317809388	3.6158322832353744e-06	4.776943083301922	3.769324857378171e-06	4.693077920876465	3.936697897803323e-06	4.614191271692605	4.117717302236332e-06	4.538166069282211	4.315851258502227e-06	4.4631588003432245	4.5280421651286415e-06	4.393318773028345	4.763469902015424e-06
1	17	28	0	0	2702	287	2843	65	2962	40	3039	50	3179	85	3341	106	3479	136	3579	187	3718	255	3831	334	3940	415	4031	531	4154	674	4263	781	4331	932	4463	1095	4504	1263	4604	1436	4660	1578	4729	1771	4762	1901	4739	2083	4778	2274	4804	2475	4804	2632	4789	2803	4765	2980	4780	3080	4749	4076	4095	949.0	745.4216212765099	1051.4941024780273	19	1	0.5489187240600586	2.0214030915576697	11.965811965811966			4.805349552721905	0.1443226390425425	8.738819045277104	0.06879034818499312	10.852997215301187	0.10970626148487425	11.735856342923343	0.25072710861498343	12.287414965986395	0.5793347873500545	12.799785457053101	0.8326133061032127	13.043152251340306	1.1267605633802817	13.192038333947659	1.5483977809058542	13.419960295975455	2.0344662517951173	13.631026507738836	2.579150579150579	13.757943990502131	3.0593438997419833	13.768016941047886	3.754507530226967	13.87719649896439	4.490040636866298	14.014267398665309	5.027681215398481	14.014820567582436	5.733620424484774	14.262887092135118	6.437768240343347	14.304316066948264	7.072460521894949	14.414075952537491	7.710895129678355	14.450060466991225	8.116448925007715	14.57453693715906	8.718125430737423	14.591248927564651	9.000520808673832	14.514103702796238	9.44285779047101	14.576405625552946	9.952295505273753	14.664224664224665	10.386503839858996	14.705972388036855	10.631336591671042	14.758089368258858	11.018948030505543	14.758718949389829	11.36060386565514	14.878451147010303	11.47925906600574	14.941009910335062	5.321635136370165	5.321429963744103	16.54463040446304	10.037067138461056	13.406820221482093	5.277777777777778	4.761904761904762	3.7521446232415463	10.1830625	2.704	0.19091176596535467	20.12275714758318	-1.1473624527549606e-05	13.795073231056524	-1.3906216476085281e-05	10.753702333038774	-1.5377281604158017e-05	9.342514942340085	-1.3677213551804024e-05	8.50607075435103	-1.4007790486555214e-05	7.937953959796935	-1.4328337152386275e-05	7.515944721657899	-9.019155559012899e-06	7.180279780271478	-8.071481036055306e-06	6.901872449755991	-5.898229587407044e-06	6.6607336454578165	-6.036452931965553e-06	6.449655099054661	-6.184353091929172e-06	6.259234506434067	-5.072691671654814e-06	6.084518408030134	-5.206265740819076e-06	5.924990907340451	-5.34863041632402e-06	5.773941551657778	-4.123830378608867e-06	5.635971742454273	-4.2471321240332465e-06	5.505794407251545	-2.918366006872752e-06	5.384816986696929	-4.5212725875243015e-06	5.267976035588243	-4.674469915111626e-06	5.158984271635376	1.6134991795356672e-06	5.056039161185338	0.0	4.957866242259551	0.0	4.866413317809388	3.6158322832353744e-06	4.776943083301922	3.769324857378171e-06	4.693077920876465	3.936697897803323e-06	4.614191271692605	4.117717302236332e-06	4.538166069282211	4.315851258502227e-06	4.4631588003432245	4.5280421651286415e-06	4.393318773028345	4.763469902015424e-06
2	22	25	0	0	2211	377	2325	81	2417	61	2590	82	2672	117	2787	200	2861	312	2964	423	3074	596	3182	741	3257	922	3340	1064	3411	1209	3495	1310	3571	1388	3667	1486	3713	1560	3783	1657	3815	1759	3911	1839	3984	2005	3988	2151	4003	2260	4037	2402	4073	2600	4059	2716	4053	2843	4061	2950	4037	4076	4095	778.0	730.8039775316873	936.0387678146362	19	1	0.5769271850585938	2.6159334126040426	10.683760683760683			3.932134663607747	0.1895806094740018	7.146589616696892	0.08572335696899143	8.856075040304852	0.16730204876443325	10.001930874686233	0.4111924581285728	10.327767470624613	0.7974372955288985	10.677342732357674	1.5709685020815334	10.726202526899861	2.584921292460646	10.925175082934022	3.5025254616212633	11.095470131745172	4.755066219881921	11.321828856075431	5.722007722007723	11.373000907884629	6.7969037965352	11.407883052121047	7.523156331754224	11.395069152134695	8.054093664645928	11.48952957033433	8.433114458606926	11.555512409798402	8.538911104275607	11.71902463967275	8.736551237580105	11.792168196398514	8.735580692126778	11.843711843711842	8.8975997422542	11.829824180594747	9.047423104618867	12.053502635066415	9.05286994191198	12.207378355190587	9.492921736660195	12.21402101007626	9.751121991024071	12.212087006925165	9.891023677184997	12.322954822954824	10.080154433673256	12.468240119998777	10.502080219735833	12.508474576271187	10.676940011007154	12.553428730719196	10.838321070489116	12.640458181591807	10.994744884648354	12.700959572125218	5.321635136370165	5.321429963744103	13.563458856345886	9.840241251627187	11.93473501263949	5.277777777777778	4.761904761904762	3.9435970035932604	10.1830625	2.704	0.19091176596535467	20.12275714758318	-1.1473624527549606e-05	13.795073231056524	-1.3906216476085281e-05	10.753702333038774	-1.5377281604158017e-05	9.342514942340085	-1.3677213551804024e-05	8.50607075435103	-1.4007790486555214e-05	7.937953959796935	-1.4328337152386275e-05	7.515944721657899	-9.019155559012899e-06	7.180279780271478	-8.071481036055306e-06	6.901872449755991	-5.898229587407044e-06	6.6607336454578165	-6.036452931965553e-06	6.449655099054661	-6.184353091929172e-06	6.259234506434067	-5.072691671654814e-06	6.084518408030134	-5.206265740819076e-06	5.924990907340451	-5.34863041632402e-06	5.773941551657778	-4.123830378608867e-06	5.635971742454273	-4.2471321240332465e-06	5.505794407251545	-2.918366006872752e-06	5.384816986696929	-4.5212725875243015e-06	5.267976035588243	-4.674469915111626e-06	5.158984271635376	1.6134991795356672e-06	5.056039161185338	0.0	4.957866242259551	0.0	4.866413317809388	3.6158322832353744e-06	4.776943083301922	3.769324857378171e-06	4.693077920876465	3.936697897803323e-06	4.614191271692605	4.117717302236332e-06	4.538166069282211	4.315851258502227e-06	4.4631588003432245	4.5280421651286415e-06	4.393318773028345	4.763469902015424e-06
3	23	25	0	0	1994	393	2081	89	2195	94	2302	212	2418	370	2527	495	2653	604	2736	697	2793	847	2879	984	2973	1096	3030	1168	3148	1235	3212	1280	3281	1391	3318	1490	3351	1629	3387	1713	3443	1837	3440	1965	3461	2068	3452	2215	3477	2337	3504	2493	3494	2645	3504	2736	3506	2852	3500	2954	3505	4078	4095	645.0	703.6480612962285	836.9818124771118	17	1	0.593897819519043	2.7348394768133173	10.683760683760683			3.5462128083373345	0.197626470884039	6.3965819321919275	0.09418986136099057	8.04264986076506	0.2578097144894545	8.889747055416104	1.06308294052753	9.346011131725419	2.5218102508178846	9.681250478890506	3.8881470426517946	9.946387732913434	5.004142502071251	10.084776999631405	5.771300819740001	10.08121277747699	6.757619275570448	10.24372887386586	7.598455598455598	10.381311544102243	8.079616660523406	10.349067559259511	8.258502439369298	10.516469566379367	8.227299980014656	10.559189979946744	8.239989700012874	10.6170921916966	8.557366964011074	10.60368796139465	8.760068199188664	10.64248737574237	9.121962145817001	10.603925988541372	9.19830317349514	10.676300040311327	9.44861639748997	10.60190464449718	9.673131830264841	10.604853535972545	9.791203068036552	10.572417383847355	10.041253003309308	10.60740107995973	10.228018731673158	10.695970695970695	10.462042049603424	10.695809226436465	10.683846992769721	10.798151001540832	10.755562544225175	10.859195936319148	10.872631619076666	10.894263392162355	11.009653013305504	11.027214094698758	5.324246341049443	5.321429963744103	11.244769874476987	9.47458811428598	10.671733357406408	4.722222222222222	4.761904761904762	4.05960010578805	10.1830625	2.704	0.19091176596535467	20.12275714758318	-1.1473624527549606e-05	13.795073231056524	-1.3906216476085281e-05	10.753702333038774	-1.5377281604158017e-05	9.342514942340085	-1.3677213551804024e-05	8.50607075435103	-1.4007790486555214e-05	7.937953959796935	-1.4328337152386275e-05	7.515944721657899	-9.019155559012899e-06	7.180279780271478	-8.071481036055306e-06	6.901872449755991	-5.898229587407044e-06	6.6607336454578165	-6.036452931965553e-06	6.449655099054661	-6.184353091929172e-06	6.259234506434067	-5.072691671654814e-06	6.084518408030134	-5.206265740819076e-06	5.924990907340451	-5.34863041632402e-06	5.773941551657778	-4.123830378608867e-06	5.635971742454273	-4.2471321240332465e-06	5.505794407251545	-2.918366006872752e-06	5.384816986696929	-4.5212725875243015e-06	5.267976035588243	-4.674469915111626e-06	5.158984271635376	1.6134991795356672e-06	5.056039161185338	0.0	4.957866242259551	0.0	4.866413317809388	3.6158322832353744e-06	4.776943083301922	3.769324857378171e-06	4.693077920876465	3.936697897803323e-06	4.614191271692605	4.117717302236332e-06	4.538166069282211	4.315851258502227e-06	4.4631588003432245	4.5280421651286415e-06	4.393318773028345	4.763469902015424e-06
4	21	23	0	0	1739	540	1802	226	1899	407	1987	587	2095	699	2156	799	2237	824	2312	903	2382	959	2440	1040	2518	1132	2585	1250	2643	1391	2702	1466	2747	1583	2748	1703	2796	1758	2857	1851	2920	1949	2925	2074	2958	2158	2960	2244	3009	2356	3014	2422	3007	2506	2993	2589	3012	2671	3007	2728	2992	4076	4095	472.0	641.8052268581637	695.3504037857056	19	1	0.620539665222168	2.4970273483947683	9.82905982905983			3.092710167351367	0.27154782258875587	5.538991178188301	0.23917874907397607	6.958082954712004	1.1162612106085954	7.6732960030893995	2.9435362551399056	8.097557204700061	4.764176663031624	8.259903455673895	6.276019165815725	8.386758144940575	6.826843413421707	8.521931441208993	7.477022439347521	8.597726042230644	7.65118876655497	8.681729229674435	8.03088803088803	8.792513443676235	8.345005528934758	8.82915499692602	8.838294562681186	8.829424734415714	9.266537872227033	8.882606265820705	9.437363203295995	8.88910461767466	9.738541987080898	8.782077913777124	10.012346404844493	8.879855178327563	9.84432747228133	8.94461663692433	9.939322343338882	9.054544326955874	10.024688818022836	9.014700896847167	10.209707590824062	9.063610736609878	10.217319255717058	9.06557226424918	10.172718618251055	9.179657707678697	10.311173355507899	9.200244200244201	10.164085777833733	9.20500811216212	10.122389627176153	9.22342064714946	10.177686925072727	9.329120981230254	10.182608364149289	9.3597285772092	10.167343744176511	9.4132452414661	5.321635136370165	5.321429963744103	8.228730822873082	8.641877251640723	8.865896472952157	5.277777777777778	4.761904761904762	4.241710960686258	10.1830625	2.704	0.19091176596535467	20.12275714758318	-1.1473624527549606e-05	13.795073231056524	-1.3906216476085281e-05	10.753702333038774	-1.5377281604158017e-05	9.342514942340085	-1.3677213551804024e-05	8.50607075435103	-1.4007790486555214e-05	7.937953959796935	-1.4328337152386275e-05	7.515944721657899	-9.019155559012899e-06	7.180279780271478	-8.071481036055306e-06	6.901872449755991	-5.898229587407044e-06	6.6607336454578165	-6.036452931965553e-06	6.449655099054661	-6.184353091929172e-06	6.259234506434067	-5.072691671654814e-06	6.084518408030134	-5.206265740819076e-06	5.924990907340451	-5.34863041632402e-06	5.773941551657778	-4.123830378608867e-06	5.635971742454273	-4.2471321240332465e-06	5.505794407251545	-2.918366006872752e-06	5.384816986696929	-4.5212725875243015e-06	5.267976035588243	-4.674469915111626e-06	5.158984271635376	1.6134991795356672e-06	5.056039161185338	0.0	4.957866242259551	0.0	4.866413317809388	3.6158322832353744e-06	4.776943083301922	3.769324857378171e-06	4.693077920876465	3.936697897803323e-06	4.614191271692605	4.117717302236332e-06	4.538166069282211	4.315851258502227e-06	4.4631588003432245	4.5280421651286415e-06	4.393318773028345	4.763469902015424e-06
5	30	19	0	0	1548	812	1584	799	1637	953	1695	876	1775	804	1863	862	1942	946	1991	1057	2020	1164	2042	1202	2094	1276	2156	1391	2265	1499	2283	1548	2359	1592	2389	1663	2434	1722	2443	1831	2470	1929	2494	1992	2524	2028	2553	2067	2555	2117	2566	2246	2583	2270	2567	2360	2553	2413	2560	2432	2544	4075	4095	346.0	581.1393133735853	579.0572690963745	20	1	0.6480627059936523	3.56718192627824	8.11965811965812			2.7530277970442296	0.4083274665593885	4.868902345310915	0.8455921261509155	5.998094679759636	2.613751679877129	6.545665186329407	4.39273894293451	6.860698824984539	5.479825517993457	7.137384108497432	6.7708742439714085	7.280770816930978	7.83761391880696	7.338739402875046	8.752173553034694	7.2911026890452995	9.286740067017712	7.26561110122754	9.281853281853282	7.311963125916614	9.40656100258017	7.363890976159573	9.835254189351621	7.566646622569653	9.986010259143296	7.5051776849995075	9.965237543453071	7.633563084490179	9.793909566287297	7.634783164488192	9.777176788758894	7.7301743576714195	9.642737148616867	7.64847687924611	9.831928260752832	7.659152221774318	9.921818742927682	7.686380867260456	9.806045092054742	7.733790905748253	9.601818095734103	7.819056077914918	9.3703250373997	7.794624607218036	9.26517571884984	7.832722832722832	9.425489949221538	7.907062172834971	9.169123884153976	7.910631741140215	9.277458919726394	7.907452146441182	9.199039304639548	7.968375509695895	9.064142223547389	8.003775365738557	5.320329534030525	5.321429963744103	6.03207810320781	7.8250135743864355	7.383129098320074	5.555555555555555	4.761904761904762	4.4298452416270635	10.1830625	2.704	0.19091176596535467	20.12275714758318	-1.1473624527549606e-05	13.795073231056524	-1.3906216476085281e-05	10.753702333038774	-1.5377281604158017e-05	9.342514942340085	-1.3677213551804024e-05	8.50607075435103	-1.4007790486555214e-05	7.937953959796935	-1.4328337152386275e-05	7.515944721657899	-9.019155559012899e-06	7.180279780271478	-8.071481036055306e-06	6.901872449755991	-5.898229587407044e-06	6.6607336454578165	-6.036452931965553e-06	6.449655099054661	-6.184353091929172e-06	6.259234506434067	-5.072691671654814e-06	6.084518408030134	-5.206265740819076e-06	5.924990907340451	-5.34863041632402e-06	5.773941551657778	-4.123830378608867e-06	5.635971742454273	-4.2471321240332465e-06	5.505794407251545	-2.918366006872752e-06	5.384816986696929	-4.5212725875243015e-06	5.267976035588243	-4.674469915111626e-06	5.158984271635376	1.6134991795356672e-06	5.056039161185338	0.0	4.957866242259551	0.0	4.866413317809388	3.6158322832353744e-06	4.776943083301922	3.769324857378171e-06	4.693077920876465	3.936697897803323e-06	4.614191271692605	4.117717302236332e-06	4.538166069282211	4.315851258502227e-06	4.4631588003432245	4.5280421651286415e-06	4.393318773028345	4.763469902015424e-06
6	34	16	0	0	1421	1232	1521	1283	1557	1157	1608	994	1657	937	1726	981	1788	1030	1816	1066	1873	1200	1897	1297	1938	1334	2022	1375	2031	1473	2068	1541	2129	1606	2155	1667	2172	1743	2209	1799	2261	1845	2284	1876	2330	1948	2318	2029	2344	2029	2342	2080	2376	2156	2353	2157	2345	2189	2299	2255	2281	4077	4095	287.0	542.125677482093	513.9007139205933	18	1	0.6640520095825195	4.0428061831153395	6.837606837606838			2.5271656974159242	0.6195313285728653	4.675252820213323	1.3578156418668643	5.704968488934487	3.1732536134499876	6.209692990924888	4.984454919265871	6.40460729746444	6.386314067611777	6.612520113401272	7.705600502709921	6.703407940614105	8.533554266777134	6.69369701437523	8.826695371367062	6.7605125428622985	9.573958831977022	6.749688667496886	10.015444015444015	6.767232348627697	9.834131957242905	6.906209440535556	9.722124018949303	6.784926839045902	9.812803943774567	6.798382589828725	9.920175099781126	6.889298773581853	9.880036911719472	6.886964302834681	9.800693750367452	6.898084923936863	9.760331504087803	6.9158761466453775	9.660097728615154	7.011070110701106	9.489764427528032	7.039171572102197	9.235010337698139	7.139355313151122	9.223048151129207	7.099323144773514	9.198059748855343	7.150919796210989	8.880038513720514	7.148962148962148	8.72885979268958	7.2733951694370464	8.70864805913479	7.25115562403698	8.479440207563488	7.263210060087964	8.345087873127216	7.155974725308931	8.404457530468488	7.176341041371716	5.322940738709804	5.321429963744103	5.003486750348675	7.299696798508899	6.552366263384409	5.0	4.761904761904762	4.539140437547143	10.1830625	2.704	0.19091176596535467	20.12275714758318	-1.1473624527549606e-05	13.795073231056524	-1.3906216476085281e-05	10.753702333038774	-1.5377281604158017e-05	9.342514942340085	-1.3677213551804024e-05	8.50607075435103	-1.4007790486555214e-05	7.937953959796935	-1.4328337152386275e-05	7.515944721657899	-9.019155559012899e-06	7.180279780271478	-8.071481036055306e-06	6.901872449755991	-5.898229587407044e-06	6.6607336454578165	-6.036452931965553e-06	6.449655099054661	-6.184353091929172e-06	6.259234506434067	-5.072691671654814e-06	6.084518408030134	-5.206265740819076e-06	5.924990907340451	-5.34863041632402e-06	5.773941551657778	-4.123830378608867e-06	5.635971742454273	-4.2471321240332465e-06	5.505794407251545	-2.918366006872752e-06	5.384816986696929	-4.5212725875243015e-06	5.267976035588243	-4.674469915111626e-06	5.158984271635376	1.6134991795356672e-06	5.056039161185338	0.0	4.957866242259551	0.0	4.866413317809388	3.6158322832353744e-06	4.776943083301922	3.769324857378171e-06	4.693077920876465	3.936697897803323e-06	4.614191271692605	4.117717302236332e-06	4.538166069282211	4.315851258502227e-06	4.4631588003432245	4.5280421651286415e-06	4.393318773028345	4.763469902015424e-06
7	42	15	0	0	1178	2446	1219	2483	1290	1666	1315	1209	1387	1150	1406	1161	1439	1152	1485	1196	1540	1179	1543	1201	1576	1261	1614	1304	1659	1368	1684	1410	1726	1437	1752	1493	1737	1546	1789	1546	1770	1611	1775	1646	1774	1674	1783	1711	1786	1742	1793	1739	1776	1793	1745	1768	1739	1767	1700	1773	1684	4077	4095	199.0	462.666592919214	397.34234619140625	18	1	0.6997699737548828	4.9940546967895365	6.41025641025641			2.095004357182237	1.230011063059439	3.7469646205391447	2.627791300666737	4.726659827055547	4.569265790845012	5.078200424792431	6.0625814863103	5.361008039579468	7.838058887677208	5.386560416826297	9.1194721545833	5.394968694934953	9.544324772162387	5.47364541098415	9.903121636167922	5.558563436202851	9.406414552417425	5.49012631204412	9.274131274131275	5.503177596200852	9.295982307408773	5.512671630575859	9.220108887789012	5.542192824213269	9.113316900939312	5.536013675663236	9.076863653920432	5.585218263599003	8.840356813288219	5.599054041098079	8.777705920395086	5.516562390827961	8.657184455146153	5.600951754797909	8.301562583901626	5.488542280380787	8.286184548914722	5.470459518599562	8.102786255784187	5.4357151611717125	7.92576109085744	5.460782211877125	7.756471281563081	5.448610390798987	7.623966037901002	5.473137973137973	7.297830374753452	5.436679217559004	7.242396089994749	5.377503852080123	6.950231936472993	5.386235520039646	6.736304372688803	5.29149936190743	6.608028027281875	5.298096586440145	5.322940738709804	5.321429963744103	3.4693165969316597	6.22978395488556	5.066217099283638	5.0	4.761904761904762	4.783291276912214	10.1830625	2.704	0.19091176596535467	20.12275714758318	-1.1473624527549606e-05	13.795073231056524	-1.3906216476085281e-05	10.753702333038774	-1.5377281604158017e-05	9.342514942340085	-1.3677213551804024e-05	8.50607075435103	-1.4007790486555214e-05	7.937953959796935	-1.4328337152386275e-05	7.515944721657899	-9.019155559012899e-06	7.180279780271478	-8.071481036055306e-06	6.901872449755991	-5.898229587407044e-06	6.6607336454578165	-6.036452931965553e-06	6.449655099054661	-6.184353091929172e-06	6.259234506434067	-5.072691671654814e-06	6.084518408030134	-5.206265740819076e-06	5.924990907340451	-5.34863041632402e-06	5.773941551657778	-4.123830378608867e-06	5.635971742454273	-4.2471321240332465e-06	5.505794407251545	-2.918366006872752e-06	5.384816986696929	-4.5212725875243015e-06	5.267976035588243	-4.674469915111626e-06	5.158984271635376	1.6134991795356672e-06	5.056039161185338	0.0	4.957866242259551	0.0	4.866413317809388	3.6158322832353744e-06	4.776943083301922	3.769324857378171e-06	4.693077920876465	3.936697897803323e-06	4.614191271692605	4.117717302236332e-06	4.538166069282211	4.315851258502227e-06	4.4631588003432245	4.5280421651286415e-06	4.393318773028345	4.763469902015424e-06
8	31	14	0	0	1095	3814	1157	3363	1179	1923	1153	1464	1216	1239	1230	1142	1303	1115	1323	1129	1318	1161	1314	1153	1326	1178	1344	1226	1368	1293	1377	1321	1358	1322	1391	1316	1393	1327	1416	1352	1443	1357	1432	1375	1409	1371	1409	1406	1390	1397	1362	1446	1359	1440	1357	1405	1326	1412	1324	1393	1297	4075	4095	157.0	398.2497450201635	321.26146125793457	20	1	0.7248783111572266	3.686087990487515	5.982905982905983			1.9473936936456278	1.9179322136176205	3.5563888974272277	3.559106783786644	4.3199472372856516	5.27412852088533	4.452597026452984	7.341289740246716	4.700061842918986	8.444656488549619	4.712282583710061	8.970230146885555	4.885089791174596	9.237779618889808	4.876520457058606	9.348348099693633	4.75726403176322	9.262805169937769	4.675324675324675	8.903474903474903	4.630211606955793	8.684113527460376	4.590477491631942	8.668599307077706	4.570054119061936	8.613683298914129	4.526776028140307	8.503926870091412	4.394395366145681	8.132882190095355	4.4453676776069795	7.737080369216296	4.424048019817702	7.430843319520664	4.4331736639428945	7.259839982816947	4.474557350615523	6.979734595206255	4.413351003174407	6.768730924485576	4.317318298811128	6.491169925666399	4.315334905515911	6.373815676141257	4.240519845022728	6.114053131428071	4.157509157509157	6.068236182802467	4.160161631003765	5.816536737084461	4.181818181818182	5.5232329585659246	4.107043300501766	5.382943845068812	4.121144208920845	5.191755804852596	4.080541135755859	5.320329534030525	5.321429963744103	2.737099023709902	5.362414121819009	4.096166250505211	5.555555555555555	4.761904761904762	4.9549198059700625	10.1830625	2.704	0.19091176596535467	20.12275714758318	-1.1473624527549606e-05	13.795073231056524	-1.3906216476085281e-05	10.753702333038774	-1.5377281604158017e-05	9.342514942340085	-1.3677213551804024e-05	8.50607075435103	-1.4007790486555214e-05	7.937953959796935	-1.4328337152386275e-05	7.515944721657899	-9.019155559012899e-06	7.180279780271478	-8.071481036055306e-06	6.901872449755991	-5.898229587407044e-06	6.6607336454578165	-6.036452931965553e-06	6.449655099054661	-6.184353091929172e-06	6.259234506434067	-5.072691671654814e-06	6.084518408030134	-5.206265740819076e-06	5.924990907340451	-5.34863041632402e-06	5.773941551657778	-4.123830378608867e-06	5.635971742454273	-4.2471321240332465e-06	5.505794407251545	-2.918366006872752e-06	5.384816986696929	-4.5212725875243015e-06	5.267976035588243	-4.674469915111626e-06	5.158984271635376	1.6134991795356672e-06	5.056039161185338	0.0	4.957866242259551	0.0	4.866413317809388	3.6158322832353744e-06	4.776943083301922	3.769324857378171e-06	4.693077920876465	3.936697897803323e-06	4.614191271692605	4.117717302236332e-06	4.538166069282211	4.315851258502227e-06	4.4631588003432245	4.5280421651286415e-06	4.393318773028345	4.763469902015424e-06
9	45	13	0	0	1132	5396	1107	3888	1100	2273	1078	1491	1088	1254	1072	1106	1069	1073	1066	1091	1068	1085	1056	1090	1061	1084	1114	1069	1105	1069	1125	1062	1131	1048	1141	1070	1132	1120	1141	1125	1151	1140	1157	1139	1136	1137	1131	1148	1130	1154	1130	1156	1101	1138	1083	1127	1052	1139	1039	1126	1006	4079	4095	132.0	349.29311284688833	268.0594024658203	16	1	0.7434310913085938	5.35077288941736	5.555555555555555			2.0131960376318268	2.7134667605350495	3.4026987981434234	4.114721134511588	4.030485123845816	6.234058308877979	4.1629658235180536	7.476682378898807	4.205318491032776	8.54689203925845	4.106964983526167	8.687455816510878	4.007798147939864	8.889809444904722	3.929229635090306	9.033700422290304	3.854899837574445	8.656454443912558	3.7573385518590996	8.416988416988417	3.7048676583560307	7.991153704386288	3.8049047066056425	7.55850951000495	3.691454533306608	7.121444274198921	3.698346428219205	6.836616454229433	3.6598388505970294	6.4472470009227925	3.646415902336135	6.290787230289846	3.595134499952361	6.271698958449995	3.5722112645189568	6.040917145465285	3.5691029179199356	5.863594280423825	3.565815021419546	5.60697056217387	3.480818727785268	5.383267837697079	3.463906159076292	5.204225032866404	3.4473290826443757	5.050549258173224	3.4493284493284495	4.8512316924755545	3.370373771696207	4.596679726945915	3.3374422187981514	4.430379746835443	3.2583782444403147	4.342190537913156	3.234039904130482	4.196638216987813	3.1650149441560487	5.325551943389082	5.321429963744103	2.301255230125523	4.703215367757339	3.417826318823567	4.444444444444445	4.761904761904762	5.081737695832239	10.1830625	2.704	0.19091176596535467	20.12275714758318	-1.1473624527549606e-05	13.795073231056524	-1.3906216476085281e-05	10.753702333038774	-1.5377281604158017e-05	9.342514942340085	-1.3677213551804024e-05	8.50607075435103	-1.4007790486555214e-05	7.937953959796935	-1.4328337152386275e-05	7.515944721657899	-9.019155559012899e-06	7.180279780271478	-8.071481036055306e-06	6.901872449755991	-5.898229587407044e-06	6.6607336454578165	-6.036452931965553e-06	6.449655099054661	-6.184353091929172e-06	6.259234506434067	-5.072691671654814e-06	6.084518408030134	-5.206265740819076e-06	5.924990907340451	-5.34863041632402e-06	5.773941551657778	-4.123830378608867e-06	5.635971742454273	-4.2471321240332465e-06	5.505794407251545	-2.918366006872752e-06	5.384816986696929	-4.5212725875243015e-06	5.267976035588243	-4.674469915111626e-06	5.158984271635376	1.6134991795356672e-06	5.056039161185338	0.0	4.957866242259551	0.0	4.866413317809388	3.6158322832353744e-06	4.776943083301922	3.769324857378171e-06	4.693077920876465	3.936697897803323e-06	4.614191271692605	4.117717302236332e-06	4.538166069282211	4.315851258502227e-06	4.4631588003432245	4.5280421651286415e-06	4.393318773028345	4.763469902015424e-06
10	85	8	0	0	1121	7471	1041	4583	957	2314	909	1504	904	1172	883	1071	878	957	870	910	854	900	859	880	891	886	901	866	895	865	930	871	912	909	898	888	899	911	889	925	881	910	872	907	847	898	840	881	816	879	784	846	761	845	753	816	751	783	733	757	713	4077	4095	111.0	291.30240038123355	214.22898197174072	18	1	0.7619180679321289	10.107015457788346	3.418803418803419			1.9936331786089028	3.756914412149251	3.1998278670888025	4.850248703566515	3.5065220577458596	6.346507226899975	3.5103301795713455	7.541871427138702	3.494124922696351	7.988004362050163	3.382882537736572	8.412536328646611	3.291718216923481	7.928748964374482	3.2067821599705124	7.534983853606028	3.082476087348854	7.180469123982768	3.056395659135385	6.795366795366796	3.1112507856693905	6.531514928123848	3.0773959969943303	6.123170473025525	2.989911137836574	5.762440876690427	3.0572997139945426	5.6070554911806365	2.951169789340841	5.592125499846201	2.869834776772874	5.220765477100358	2.8551465684250643	5.101355134953522	2.7832566294104755	4.96697631960479	2.731867654811002	4.680588416829544	2.6874595494190525	4.464901053460667	2.595293540875107	4.251692628189953	2.572662399313957	3.9938347159889385	2.489398700387443	3.8469954921440763	2.3931623931623935	3.5502958579881656	2.3295680656319835	3.4131760714141457	2.320493066255778	3.2077993552952275	2.3260856098618596	2.98501772711677	2.2815700189871446	2.821363348365696	2.2431964763253105	5.322940738709804	5.321429963744103	1.9351464435146442	3.9223731466419727	2.731474613844802	5.0	4.761904761904762	5.208105784399026	10.1830625	2.704	0.19091176596535467	20.12275714758318	-1.1473624527549606e-05	13.795073231056524	-1.3906216476085281e-05	10.753702333038774	-1.5377281604158017e-05	9.342514942340085	-1.3677213551804024e-05	8.50607075435103	-1.4007790486555214e-05	7.937953959796935	-1.4328337152386275e-05	7.515944721657899	-9.019155559012899e-06	7.180279780271478	-8.071481036055306e-06	6.901872449755991	-5.898229587407044e-06	6.6607336454578165	-6.036452931965553e-06	6.449655099054661	-6.184353091929172e-06	6.259234506434067	-5.072691671654814e-06	6.084518408030134	-5.206265740819076e-06	5.924990907340451	-5.34863041632402e-06	5.773941551657778	-4.123830378608867e-06	5.635971742454273	-4.2471321240332465e-06	5.505794407251545	-2.918366006872752e-06	5.384816986696929	-4.5212725875243015e-06	5.267976035588243	-4.674469915111626e-06	5.158984271635376	1.6134991795356672e-06	5.056039161185338	0.0	4.957866242259551	0.0	4.866413317809388	3.6158322832353744e-06	4.776943083301922	3.769324857378171e-06	4.693077920876465	3.936697897803323e-06	4.614191271692605	4.117717302236332e-06	4.538166069282211	4.315851258502227e-06	4.4631588003432245	4.5280421651286415e-06	4.393318773028345	4.763469902015424e-06
11	56	7	0	0	1337	9038	1013	5153	882	2649	809	1507	751	1080	727	917	718	823	732	754	715	715	721	717	716	729	703	716	696	721	687	719	677	701	671	693	641	691	642	685	648	655	632	648	621	656	602	641	585	630	571	618	561	591	544	576	534	559	526	546	505	3921	3940	97.0	244.2311229179348	175.44728088378906	19	1	0.7737827301025391	6.658739595719382	2.9914529914529915			2.3777765921499583	4.54490596399477	3.1137614114898717	5.4534871414964545	3.231716253847281	7.265297166835798	3.124155242324773	7.556915053655601	2.902752009894867	7.360959651035986	2.7852271856562716	7.20289058204383	2.6918606830877665	6.818558409279205	2.6981201621820863	6.243272335844995	2.580761595379895	5.704483804052976	2.5653798256537983	5.536679536679537	2.500174593197849	5.374124585329893	2.401120295102124	5.062575125503783	2.3251152535578274	4.8031443608020785	2.2584568854991947	4.628556714304107	2.190725819499725	4.312519224853891	2.144386564826947	4.07431359868305	2.035760790167371	3.8694142681151305	2.0099558561097024	3.6782473285721955	2.0093646314614406	3.3689949593663204	1.9477917835239005	3.1899182829575663	1.902806716509376	3.105913545760144	1.8437413861750023	2.9058434199193073	1.784679215351292	2.757232263994048	1.742979242979243	2.5934785345587312	1.7173294150059693	2.3872036191784143	1.6764252696456088	2.264328956678984	1.6539676640029735	2.1310662956044375	1.6372521555078283	2.0349595617010174	1.5887997483089507	5.119266773726058	5.120008316764778	1.6910739191073918	3.288560605246688	2.2369979514040925	5.277777777777778	4.761904761904762	5.2892069136154	10.1830625	2.704	0.19091176596535467	20.12275714758318	-1.1473624527549606e-05	13.795073231056524	-1.3906216476085281e-05	10.753702333038774	-1.5377281604158017e-05	9.342514942340085	-1.3677213551804024e-05	8.50607075435103	-1.4007790486555214e-05	7.937953959796935	-1.4328337152386275e-05	7.515944721657899	-9.019155559012899e-06	7.180279780271478	-8.071481036055306e-06	6.901872449755991	-5.898229587407044e-06	6.6607336454578165	-6.036452931965553e-06	6.449655099054661	-6.184353091929172e-06	6.259234506434067	-5.072691671654814e-06	6.084518408030134	-5.206265740819076e-06	5.924990907340451	-5.34863041632402e-06	5.773941551657778	-4.123830378608867e-06	5.635971742454273	-4.2471321240332465e-06	5.505794407251545	-2.918366006872752e-06	5.384816986696929	-4.5212725875243015e-06	5.267976035588243	-4.674469915111626e-06	5.158984271635376	1.6134991795356672e-06	5.056039161185338	0.0	4.957866242259551	0.0	4.866413317809388	3.6158322832353744e-06	4.776943083301922	3.769324857378171e-06	4.693077920876465	3.936697897803323e-06	4.614191271692605	4.117717302236332e-06	4.538166069282211	4.315851258502227e-06	4.4631588003432245	4.5280421651286415e-06	4.393318773028345	4.763469902015424e-06
12	2	4	0	0	1677	10558	1111	7266	831	3313	739	1753	673	1147	630	831	621	749	582	657	569	636	549	620	523	584	510	574	524	542	510	516	503	531	491	523	471	509	456	493	441	472	434	464	437	445	431	438	423	437	424	431	417	424	419	427	406	416	400	419	383	3477	3494	85.0	204.465093831572	144.25974082946777	17	1	0.7816905975341797	0.23781212841854932	1.7094017094017095			2.982446780131249	5.309262797948305	3.4149940060861277	7.689702614033231	3.044848307196248	9.08642110748471	2.8538327862521724	8.79049242804132	2.6012677798392083	7.817611777535443	2.413608152631982	6.5273741261487706	2.328197053199865	6.205468102734051	2.1452266863251013	5.440092738262814	2.053780905973651	5.074198180947822	1.9533890766767477	4.787644787644788	1.8262448495006633	4.305197198673056	1.741922262449621	4.0585448631832	1.7505178058395137	3.6106854973019784	1.6765837141260398	3.32174584781769	1.6276736886386436	3.2666871731774836	1.569141286631939	3.0748427303192427	1.4958554324006734	2.8502631873670063	1.4276321968629662	2.6472641357461204	1.367484263077925	2.427733772245654	1.3375658766604002	2.2841390174264053	1.3390121338399315	2.1069078168647315	1.320020826314661	1.9855841153270775	1.2904603557155496	1.912556348199046	1.2942612942612943	1.8087204666582737	1.2765175865552392	1.7126469281415357	1.2912172573189524	1.6785910842047331	1.2575109954779162	1.5859098013800466	1.2450586733899836	1.5616264768364951	1.204970898222432	4.5395793349261675	4.540433771262978	1.48186889818689	2.753112890319511	1.8393487951480831	4.722222222222222	4.761904761904762	5.343261295374276	10.1830625	2.704	0.19091176596535467	20.12275714758318	-1.1473624527549606e-05	13.795073231056524	-1.3906216476085281e-05	10.753702333038774	-1.5377281604158017e-05	9.342514942340085	-1.3677213551804024e-05	8.50607075435103	-1.4007790486555214e-05	7.937953959796935	-1.4328337152386275e-05	7.515944721657899	-9.019155559012899e-06	7.180279780271478	-8.071481036055306e-06	6.901872449755991	-5.898229587407044e-06	6.6607336454578165	-6.036452931965553e-06	6.449655099054661	-6.184353091929172e-06	6.259234506434067	-5.072691671654814e-06	6.084518408030134	-5.206265740819076e-06	5.924990907340451	-5.34863041632402e-06	5.773941551657778	-4.123830378608867e-06	5.635971742454273	-4.2471321240332465e-06	5.505794407251545	-2.918366006872752e-06	5.384816986696929	-4.5212725875243015e-06	5.267976035588243	-4.674469915111626e-06	5.158984271635376	1.6134991795356672e-06	5.056039161185338	0.0	4.957866242259551	0.0	4.866413317809388	3.6158322832353744e-06	4.776943083301922	3.769324857378171e-06	4.693077920876465	3.936697897803323e-06	4.614191271692605	4.117717302236332e-06	4.538166069282211	4.315851258502227e-06	4.4631588003432245	4.5280421651286415e-06	4.393318773028345	4.763469902015424e-06
13	3	1	0	0	2227	12937	1226	8304	851	3514	723	1700	626	1025	518	797	466	633	434	551	419	486	390	435	379	415	357	395	349	383	339	359	349	348	322	342	317	349	303	321	301	317	286	305	289	295	283	281	290	285	276	287	263	286	243	268	243	254	227	241	223	3301	3317	76.0	166.39232759364015	118.00516605377197	16	1	0.7823495864868164	0.356718192627824	0.4273504273504274			3.960589731277455	6.505581816353214	3.768481234438877	8.78823155889512	3.1181298549025356	9.637695071446203	2.792044796292721	8.524721692909438	2.4196042053184907	6.9860959651035985	1.984522258830741	6.260309480794909	1.747085067296517	5.244407622203811	1.5997051234795427	4.562391322348265	1.5123623894603861	3.8774533269506946	1.387653442447963	3.359073359073359	1.3234164396955095	3.0593438997419833	1.2193455837147347	2.7929010818072544	1.1658983096144853	2.5514622610085937	1.1144350570367203	2.311059611175486	1.1293401935087208	2.140879729314057	1.029049886548848	2.010700217531895	1.0067646965414299	1.9543061933027215	0.9486240255471025	1.7236750255060946	0.9333622747992185	1.6304906902582037	0.8814374210250563	1.5014275868858915	0.8855251869101607	1.3967141707305526	0.866742213102202	1.2738564758148603	0.884712773422008	1.247319357521117	0.8424908424908425	1.2044147887028411	0.8050938255732084	1.1552288241709416	0.74884437596302	1.0535419451214718	0.7526482066530384	0.968319926804163	0.7065707971488157	0.8982147515933063	0.7015887997483089	4.309793323149635	4.310423245357556	1.3249651324965133	2.2404648801603	1.504596214815311	4.444444444444445	4.761904761904762	5.347765827187516	10.1830625	2.704	0.19091176596535467	20.12275714758318	-1.1473624527549606e-05	13.795073231056524	-1.3906216476085281e-05	10.753702333038774	-1.5377281604158017e-05	9.342514942340085	-1.3677213551804024e-05	8.50607075435103	-1.4007790486555214e-05	7.937953959796935	-1.4328337152386275e-05	7.515944721657899	-9.019155559012899e-06	7.180279780271478	-8.071481036055306e-06	6.901872449755991	-5.898229587407044e-06	6.6607336454578165	-6.036452931965553e-06	6.449655099054661	-6.184353091929172e-06	6.259234506434067	-5.072691671654814e-06	6.084518408030134	-5.206265740819076e-06	5.924990907340451	-5.34863041632402e-06	5.773941551657778	-4.123830378608867e-06	5.635971742454273	-4.2471321240332465e-06	5.505794407251545	-2.918366006872752e-06	5.384816986696929	-4.5212725875243015e-06	5.267976035588243	-4.674469915111626e-06	5.158984271635376	1.6134991795356672e-06	5.056039161185338	0.0	4.957866242259551	0.0	4.866413317809388	3.6158322832353744e-06	4.776943083301922	3.769324857378171e-06	4.693077920876465	3.936697897803323e-06	4.614191271692605	4.117717302236332e-06	4.538166069282211	4.315851258502227e-06	4.4631588003432245	4.5280421651286415e-06	4.393318773028345	4.763469902015424e-06
14	1	1	0	0	2794	14650	1377	9080	901	3356	641	1592	496	995	425	653	376	500	334	420	315	379	286	334	269	317	264	283	270	272	264	261	248	263	236	270	221	243	213	232	214	219	202	215	193	216	187	195	195	191	191	192	195	193	188	194	183	195	177	181	166	3174	3190	71.0	144.2912060567942	103.5815839767456	16	1	0.778050422668457	0.11890606420927466	0.4273504273504274			4.968966191822725	7.366991853565322	4.2326253342759665	9.60948248491904	3.3013337241682548	9.20435533858095	2.475381347750531	7.983151138301073	1.91713048855906	6.781624863685932	1.628227722013639	5.129212159296206	1.409665204513928	4.142502071251036	1.2311094729082197	3.4776848555104745	1.136978884677856	3.0237753310994098	1.0176125244618397	2.579150579150579	0.9393114044276835	2.3368964246221897	0.9017009358562743	2.0009898889910205	0.9019843656043296	1.8120045300113252	0.8678786284887734	1.6801853997682505	0.8025110830663689	1.6179637034758536	0.7542104758556774	1.5873949085778118	0.7018769650967066	1.3607346847351327	0.6668545130083592	1.2457713579981744	0.6635864677974511	1.1264273222919452	0.622553702961753	1.0583833809195629	0.5913714916043633	1.022678850433218	0.572723653180607	0.8839929280565756	0.5948930717837639	0.8359227974966082	0.5830280830280831	0.8057409039405766	0.5969326843603637	0.7795774932342368	0.5793528505392912	0.7626385722147968	0.5668091432819178	0.7433952193968968	0.5509384629750677	0.6745928217360516	0.5222589271669026	4.143981826015432	4.145387444284173	1.2377963737796374	1.9428743161507227	1.3206918339911449	4.444444444444445	4.761904761904762	5.318378809222126	10.1830625	2.704	0.19091176596535467	20.12275714758318	-1.1473624527549606e-05	13.795073231056524	-1.3906216476085281e-05	10.753702333038774	-1.5377281604158017e-05	9.342514942340085	-1.3677213551804024e-05	8.50607075435103	-1.4007790486555214e-05	7.937953959796935	-1.4328337152386275e-05	7.515944721657899	-9.019155559012899e-06	7.180279780271478	-8.071481036055306e-06	6.901872449755991	-5.898229587407044e-06	6.6607336454578165	-6.036452931965553e-06	6.449655099054661	-6.184353091929172e-06	6.259234506434067	-5.072691671654814e-06	6.084518408030134	-5.206265740819076e-06	5.924990907340451	-5.34863041632402e-06	5.773941551657778	-4.123830378608867e-06	5.635971742454273	-4.2471321240332465e-06	5.505794407251545	-2.918366006872752e-06	5.384816986696929	-4.5212725875243015e-06	5.267976035588243	-4.674469915111626e-06	5.158984271635376	1.6134991795356672e-06	5.056039161185338	0.0	4.957866242259551	0.0	4.866413317809388	3.6158322832353744e-06	4.776943083301922	3.769324857378171e-06	4.693077920876465	3.936697897803323e-06	4.614191271692605	4.117717302236332e-06	4.538166069282211	4.315851258502227e-06	4.4631588003432245	4.5280421651286415e-06	4.393318773028345	4.763469902015424e-06
15	2	1	0	0	3248	16985	1527	9396	924	3085	541	1411	403	822	323	512	277	382	251	315	235	280	220	246	205	240	185	213	169	201	161	176	160	169	151	165	155	154	153	154	146	153	146	149	141	148	142	144	139	137	133	139	135	137	141	134	145	139	142	143	137	3115	3129	66.0	127.47064703811793	92.66620349884033	14	1	0.7718086242675781	0.23781212841854932	0.4273504273504274			5.776378736950684	8.541184753092628	4.693695632127378	9.943909408403005	3.3856075040304847	8.461095417020926	2.0892064105039583	7.075519005114833	1.557668521954236	5.602508178844056	1.2374530687303655	4.021679365328725	1.0385033554530798	3.164871582435791	0.9251750829340214	2.6082636416328557	0.8482223425374481	2.2339237274613053	0.7827788649706457	1.8996138996138996	0.7158321111809484	1.7692591227423518	0.6318737618689801	1.506045393480874	0.5645753992115988	1.3390180534274865	0.5292744666162595	1.1329985837517704	0.5177490858492703	1.039680098431252	0.4825668722635902	0.9700746663531071	0.49226664972845935	0.8623586067868743	0.4790081713158636	0.8269344359125812	0.4527272163477937	0.7869560744779344	0.4499645575862175	0.7334842965442552	0.43203823998038976	0.7007243975190569	0.4349024532173593	0.6527947776417788	0.42405198450227277	0.5995886034399754	0.40598290598290604	0.5833228419153133	0.41326108917255944	0.5533788423476188	0.43451463790446837	0.5267709725607359	0.44911106981354143	0.5299073615188136	0.4419958290534442	0.5329655994931236	0.43102092181846785	4.066951287976709	4.066118279989085	1.1506276150627615	1.7163862785649786	1.1815179257671478	3.888888888888889	4.761904761904762	5.275712874753742	10.1830625	2.704	0.19091176596535467	20.12275714758318	-1.1473624527549606e-05	13.795073231056524	-1.3906216476085281e-05	10.753702333038774	-1.5377281604158017e-05	9.342514942340085	-1.3677213551804024e-05	8.50607075435103	-1.4007790486555214e-05	7.937953959796935	-1.4328337152386275e-05	7.515944721657899	-9.019155559012899e-06	7.180279780271478	-8.071481036055306e-06	6.901872449755991	-5.898229587407044e-06	6.6607336454578165	-6.036452931965553e-06	6.449655099054661	-6.184353091929172e-06	6.259234506434067	-5.072691671654814e-06	6.084518408030134	-5.206265740819076e-06	5.924990907340451	-5.34863041632402e-06	5.773941551657778	-4.123830378608867e-06	5.635971742454273	-4.2471321240332465e-06	5.505794407251545	-2.918366006872752e-06	5.384816986696929	-4.5212725875243015e-06	5.267976035588243	-4.674469915111626e-06	5.158984271635376	1.6134991795356672e-06	5.056039161185338	0.0	4.957866242259551	0.0	4.866413317809388	3.6158322832353744e-06	4.776943083301922	3.769324857378171e-06	4.693077920876465	3.936697897803323e-06	4.614191271692605	4.117717302236332e-06	4.538166069282211	4.315851258502227e-06	4.4631588003432245	4.5280421651286415e-06	4.393318773028345	4.763469902015424e-06
16	1	0	0	0	4500	15286	1965	12666	941	4326	514	1843	361	874	269	494	231	336	210	259	186	224	153	198	141	177	140	143	143	148	134	139	120	139	100	129	105	110	99	102	102	102	104	101	102	105	100	103	99	99	95	98	101	94	105	101	101	103	101	101	103	2733	2747	61.0	109.01972123126828	81.84349250793457	14	1	0.7606658935546875	0.11890606420927466	0.0			8.00298778210532	7.686814844614301	6.040020901853502	13.40459307863266	3.44789681958083	11.86473217958915	1.9849391774473837	9.24180122354829	1.3953308596165739	5.956924754634678	1.0305723699333385	3.8802922001413873	0.8660443144753122	2.783761391880696	0.7740508661997788	2.1445723275647923	0.6713589604764483	1.7871389819690442	0.5443871197295854	1.5289575289575288	0.4923528179342133	1.3048286030224843	0.47817473871166066	1.0111008979707274	0.4777176454867375	0.9859436413296915	0.44051415233899865	0.8948113814857732	0.3883118143869527	0.8551215010765919	0.3195807101083379	0.7584220118760656	0.33347095626766604	0.6159704334191959	0.30994646379261764	0.5477098211888525	0.316288877174486	0.5246373829852896	0.32052269855456594	0.4971940533622133	0.3125383012624096	0.4971355522939255	0.3062693332516615	0.4669295978965502	0.3020226364440648	0.43327935577049326	0.28998778998779	0.41126358638633603	0.3091805185661371	0.3796905925596801	0.3235747303543914	0.3970437927510025	0.31282909000805303	0.39266516716861727	0.3143773150309708	0.37643024859304536	0.3240522258927167	3.56821119423446	3.5697113822722963	1.0634588563458856	1.467945428710132	1.0435255773343957	3.888888888888889	4.761904761904762	5.199546522067936	10.1830625	2.704	0.19091176596535467	20.12275714758318	-1.1473624527549606e-05	13.795073231056524	-1.3906216476085281e-05	10.753702333038774	-1.5377281604158017e-05	9.342514942340085	-1.3677213551804024e-05	8.50607075435103	-1.4007790486555214e-05	7.937953959796935	-1.4328337152386275e-05	7.515944721657899	-9.019155559012899e-06	7.180279780271478	-8.071481036055306e-06	6.901872449755991	-5.898229587407044e-06	6.6607336454578165	-6.036452931965553e-06	6.449655099054661	-6.184353091929172e-06	6.259234506434067	-5.072691671654814e-06	6.084518408030134	-5.206265740819076e-06	5.924990907340451	-5.34863041632402e-06	5.773941551657778	-4.123830378608867e-06	5.635971742454273	-4.2471321240332465e-06	5.505794407251545	-2.918366006872752e-06	5.384816986696929	-4.5212725875243015e-06	5.267976035588243	-4.674469915111626e-06	5.158984271635376	1.6134991795356672e-06	5.056039161185338	0.0	4.957866242259551	0.0	4.866413317809388	3.6158322832353744e-06	4.776943083301922	3.769324857378171e-06	4.693077920876465	3.936697897803323e-06	4.614191271692605	4.117717302236332e-06	4.538166069282211	4.315851258502227e-06	4.4631588003432245	4.5280421651286415e-06	4.393318773028345	4.763469902015424e-06
17	407	0	0	0	3573	17106	938	3312	356	841	189	320	146	199	113	142	103	107	97	104	85	98	78	83	77	77	77	75	79	76	76	76	82	77	78	83	80	78	80	79	76	80	80	77	82	78	81	80	78	79	80	78	82	82	94	92	92	92	88	88	89	3665	3680	57.0	92.70294886468282	72.56652736663818	15	1	0.747950553894043	48.39476813317479	0.0			6.354372298991623	8.602031580006035	2.8832262625641656	3.5051328182876498	1.3044115491719184	2.3065741477194814	0.7298706313960224	1.6046534951358942	0.5643166357452072	1.3563249727371864	0.4329170178530381	1.1153876364778885	0.3861582874067409	0.8864954432477217	0.35753778105418355	0.8611410118406888	0.3068038260241834	0.7818733046114569	0.2775306884895926	0.640926640926641	0.26887352468747816	0.5676373018798377	0.26299610629141335	0.5302976737608711	0.26391394401015567	0.5062953833855173	0.24984384759525297	0.4892493884382645	0.26534640649775104	0.47370039987696094	0.24927295388450355	0.4879769533776236	0.25407310953726936	0.4367790346063389	0.2504617889233274	0.4242066262148955	0.23566622220844058	0.4114803003806193	0.2465559219650507	0.3790489317711923	0.25125628140703515	0.3693006959897732	0.24807815993384583	0.3626637653565438	0.2379572287135056	0.34574817278655523	0.2442002442002442	0.32733224222585927	0.2510178467566657	0.33121945308397627	0.2896764252696456	0.3616636528028933	0.2849532305023849	0.3507300522282795	0.27391290814579633	0.32797883045730686	0.2800062922762309	4.7850325747783735	4.782139747638168	0.9937238493723849	1.2482408547457369	0.9252418860067821	4.166666666666666	4.761904761904762	5.112630570308277	10.1830625	2.704	0.19091176596535467	20.12275714758318	-1.1473624527549606e-05	13.795073231056524	-1.3906216476085281e-05	10.753702333038774	-1.5377281604158017e-05	9.342514942340085	-1.3677213551804024e-05	8.50607075435103	-1.4007790486555214e-05	7.937953959796935	-1.4328337152386275e-05	7.515944721657899	-9.019155559012899e-06	7.180279780271478	-8.071481036055306e-06	6.901872449755991	-5.898229587407044e-06	6.6607336454578165	-6.036452931965553e-06	6.449655099054661	-6.184353091929172e-06	6.259234506434067	-5.072691671654814e-06	6.084518408030134	-5.206265740819076e-06	5.924990907340451	-5.34863041632402e-06	5.773941551657778	-4.123830378608867e-06	5.635971742454273	-4.2471321240332465e-06	5.505794407251545	-2.918366006872752e-06	5.384816986696929	-4.5212725875243015e-06	5.267976035588243	-4.674469915111626e-06	5.158984271635376	1.6134991795356672e-06	5.056039161185338	0.0	4.957866242259551	0.0	4.866413317809388	3.6158322832353744e-06	4.776943083301922	3.769324857378171e-06	4.693077920876465	3.936697897803323e-06	4.614191271692605	4.117717302236332e-06	4.538166069282211	4.315851258502227e-06	4.4631588003432245	4.5280421651286415e-06	4.393318773028345	4.763469902015424e-06
18	1	0	0	0	6048	23580	1601	9741	502	2487	259	689	162	301	133	171	106	140	87	112	88	95	79	86	71	80	70	70	74	71	65	73	60	65	59	60	56	59	60	58	56	60	56	56	59	56	58	58	59	58	60	59	65	62	73	67	72	71	75	71	77	2754	2769	54.0	77.74691685563964	65.8486967086792	15	1	0.7244358062744141	0.11890606420927466	0.0			10.75601557914955	11.85758825304234	4.921156979067408	10.30902741030797	1.8393668474278178	6.820986807822056	1.0001930874686233	3.455019556714472	0.6261595547309833	2.051526717557252	0.5095394988889741	1.3431780692797108	0.39740561616616055	1.15990057995029	0.3206782159970512	0.9273826281361265	0.31763219635444867	0.7579384075315143	0.28108877423945916	0.6640926640926641	0.24792234094559673	0.5897530409141172	0.23908736935583033	0.4949444955101464	0.24721052983229772	0.4729864765838385	0.2136822380748874	0.4699369125788592	0.19415590719347636	0.3998769609350969	0.18855261896391934	0.35275442412840263	0.17785117667608855	0.33038414156120505	0.18784634169249553	0.3114428394995436	0.17364879531148253	0.30861022528546445	0.1725891453755355	0.2756719503790489	0.18078195857335458	0.2651389612234269	0.17763621328596368	0.26293122988349427	0.1799932883858568	0.25384043065342027	0.18315018315018314	0.24759746527340637	0.19897756145345458	0.25043422062446985	0.22496147919876733	0.26338548628036795	0.22300687604534472	0.27067210552399834	0.2334485012606219	0.264619283664418	0.24225263489067167	3.5956288433668875	3.5983002611983936	0.9414225941422595	1.0468585858189616	0.8395878174795656	4.166666666666666	4.761904761904762	4.951895055230058	10.1830625	2.704	0.19091176596535467	20.12275714758318	-1.1473624527549606e-05	13.795073231056524	-1.3906216476085281e-05	10.753702333038774	-1.5377281604158017e-05	9.342514942340085	-1.3677213551804024e-05	8.50607075435103	-1.4007790486555214e-05	7.937953959796935	-1.4328337152386275e-05	7.515944721657899	-9.019155559012899e-06	7.180279780271478	-8.071481036055306e-06	6.901872449755991	-5.898229587407044e-06	6.6607336454578165	-6.036452931965553e-06	6.449655099054661	-6.184353091929172e-06	6.259234506434067	-5.072691671654814e-06	6.084518408030134	-5.206265740819076e-06	5.924990907340451	-5.34863041632402e-06	5.773941551657778	-4.123830378608867e-06	5.635971742454273	-4.2471321240332465e-06	5.505794407251545	-2.918366006872752e-06	5.384816986696929	-4.5212725875243015e-06	5.267976035588243	-4.674469915111626e-06	5.158984271635376	1.6134991795356672e-06	5.056039161185338	0.0	4.957866242259551	0.0	4.866413317809388	3.6158322832353744e-06	4.776943083301922	3.769324857378171e-06	4.693077920876465	3.936697897803323e-06	4.614191271692605	4.117717302236332e-06	4.538166069282211	4.315851258502227e-06	4.4631588003432245	4.5280421651286415e-06	4.393318773028345	4.763469902015424e-06
19	5	0	0	0	5429	26764	1018	5827	311	1018	178	311	126	178	72	117	63	75	56	61	53	57	54	50	50	53	52	49	50	51	55	48	58	54	61	57	54	57	50	52	52	50	52	54	57	53	60	55	58	57	59	57	53	56	59	55	56	57	56	56	61	2903	2917	51.0	65.82234054854128	59.80901622772217	14	1	0.7050838470458984	0.5945303210463734	0.0			9.655160148677728	13.458714673639745	3.1291304214182523	6.166790136522383	1.1395280668327714	2.79202435479005	0.6873913882988995	1.5595226155851971	0.487012987012987	1.21319520174482	0.27584093172936935	0.9190165737176968	0.2361939039478124	0.6213753106876554	0.20641356431994104	0.5050923242527118	0.19130120916802024	0.4547630445189086	0.1921366304927949	0.3861003861003861	0.17459319784901178	0.39071138960560264	0.17760776009290252	0.34646114685710244	0.16703414177857953	0.33975084937712347	0.1808080476018278	0.3089996137504828	0.18768404362036048	0.33220547523838817	0.19494423316608608	0.3351167029219825	0.1714993489376568	0.3191846791354015	0.1565386180770796	0.2792246147237287	0.1612453099320909	0.25717518773788706	0.16026134927728297	0.2658265235797972	0.17465375658781715	0.25093508830074335	0.18376159995099692	0.24933133868262386	0.17694255468440162	0.24946387150422336	0.1800976800976801	0.23920433085735868	0.16224324241589372	0.22619865088661795	0.18181818181818182	0.21621196634955575	0.17344979247971257	0.2173001410544775	0.1743082142745977	0.20871380120010435	0.1919144250432594	3.7901635919731564	3.7906254467012332	0.889121338912134	0.8862947256144681	0.762580338110391	3.888888888888889	4.761904761904762	4.819614361229683	10.1830625	2.704	0.19091176596535467	20.12275714758318	-1.1473624527549606e-05	13.795073231056524	-1.3906216476085281e-05	10.753702333038774	-1.5377281604158017e-05	9.342514942340085	-1.3677213551804024e-05	8.50607075435103	-1.4007790486555214e-05	7.937953959796935	-1.4328337152386275e-05	7.515944721657899	-9.019155559012899e-06	7.180279780271478	-8.071481036055306e-06	6.901872449755991	-5.898229587407044e-06	6.6607336454578165	-6.036452931965553e-06	6.449655099054661	-6.184353091929172e-06	6.259234506434067	-5.072691671654814e-06	6.084518408030134	-5.206265740819076e-06	5.924990907340451	-5.34863041632402e-06	5.773941551657778	-4.123830378608867e-06	5.635971742454273	-4.2471321240332465e-06	5.505794407251545	-2.918366006872752e-06	5.384816986696929	-4.5212725875243015e-06	5.267976035588243	-4.674469915111626e-06	5.158984271635376	1.6134991795356672e-06	5.056039161185338	0.0	4.957866242259551	0.0	4.866413317809388	3.6158322832353744e-06	4.776943083301922	3.769324857378171e-06	4.693077920876465	3.936697897803323e-06	4.614191271692605	4.117717302236332e-06	4.538166069282211	4.315851258502227e-06	4.4631588003432245	4.5280421651286415e-06	4.393318773028345	4.763469902015424e-06
20	1	0	0	0	6341	28989	996	6841	324	940	167	308	91	160	79	93	68	77	58	68	65	58	54	60	47	51	40	44	41	40	39	40	41	38	41	41	38	36	40	36	44	42	38	42	36	37	39	38	43	40	37	41	37	38	43	40	43	44	42	45	42	2711	2725	48.0	54.18083671368398	55.416932106018066	14	1	0.6870756149291992	0.11890606420927466	0.0			11.277099005851074	14.577592275973048	3.061506777733378	7.239919568208276	1.1871610728418585	2.578097144894545	0.6449121452017764	1.5444789890682982	0.35173160173160173	1.0905125408942202	0.30265880009194696	0.730500353467913	0.25493945188017847	0.6379453189726595	0.2137854773313675	0.5630537385112198	0.2346146904890814	0.46274134354555607	0.1921366304927949	0.4633204633204633	0.1641176059780711	0.3759675635827497	0.13662135391761732	0.3111079686063777	0.13696799625843523	0.26647125441343017	0.12820934284493243	0.2574996781254023	0.13267320324887552	0.2337742233159028	0.13102809114441852	0.2410488564877418	0.12068472703020294	0.20159032366446414	0.1252308944616637	0.1933093486548891	0.1364383391733077	0.21602715769982514	0.11711406293339907	0.20675396278428668	0.11030763573967398	0.17518109937976423	0.11944503996814798	0.17226528854435832	0.1311815491625736	0.17506236596787605	0.11294261294261296	0.1720592555289773	0.11326415036581261	0.15349194167306215	0.1325115562403698	0.15724506643604055	0.13318466208263643	0.16774045976135107	0.13073116070594828	0.167716447392941	0.13213780084945728	3.5394879427623933	3.541122503346198	0.8368200836820083	0.7295424229605437	0.7065801360374142	3.888888888888889	4.761904761904762	4.696518740058332	10.1830625	2.704	0.19091176596535467	20.12275714758318	-1.1473624527549606e-05	13.795073231056524	-1.3906216476085281e-05	10.753702333038774	-1.5377281604158017e-05	9.342514942340085	-1.3677213551804024e-05	8.50607075435103	-1.4007790486555214e-05	7.937953959796935	-1.4328337152386275e-05	7.515944721657899	-9.019155559012899e-06	7.180279780271478	-8.071481036055306e-06	6.901872449755991	-5.898229587407044e-06	6.6607336454578165	-6.036452931965553e-06	6.449655099054661	-6.184353091929172e-06	6.259234506434067	-5.072691671654814e-06	6.084518408030134	-5.206265740819076e-06	5.924990907340451	-5.34863041632402e-06	5.773941551657778	-4.123830378608867e-06	5.635971742454273	-4.2471321240332465e-06	5.505794407251545	-2.918366006872752e-06	5.384816986696929	-4.5212725875243015e-06	5.267976035588243	-4.674469915111626e-06	5.158984271635376	1.6134991795356672e-06	5.056039161185338	0.0	4.957866242259551	0.0	4.866413317809388	3.6158322832353744e-06	4.776943083301922	3.769324857378171e-06	4.693077920876465	3.936697897803323e-06	4.614191271692605	4.117717302236332e-06	4.538166069282211	4.315851258502227e-06	4.4631588003432245	4.5280421651286415e-06	4.393318773028345	4.763469902015424e-06
