	counts(inten<0.01	MicrocoloniesPlatonic	MicrocoloniesAggregates	MicrocoloniesLarge	counts(Norminten<0.01	counts(inten<0.02	counts(Norminten<0.02	counts(inten<0.03	counts(Norminten<0.03	counts(inten<0.04	counts(Norminten<0.04	counts(inten<0.05	counts(Norminten<0.05	counts(inten<0.060000000000000005	counts(Norminten<0.060000000000000005	counts(inten<0.06999999999999999	counts(Norminten<0.06999999999999999	counts(inten<0.08	counts(Norminten<0.08	counts(inten<0.09	counts(Norminten<0.09	counts(inten<0.09999999999999999	counts(Norminten<0.09999999999999999	counts(inten<0.11	counts(Norminten<0.11	counts(inten<0.12	counts(Norminten<0.12	counts(inten<0.13	counts(Norminten<0.13	counts(inten<0.14	counts(Norminten<0.14	counts(inten<0.15000000000000002	counts(Norminten<0.15000000000000002	counts(inten<0.16	counts(Norminten<0.16	counts(inten<0.17	counts(Norminten<0.17	counts(inten<0.18000000000000002	counts(Norminten<0.18000000000000002	counts(inten<0.19	counts(Norminten<0.19	counts(inten<0.2	counts(Norminten<0.2	counts(inten<0.21000000000000002	counts(Norminten<0.21000000000000002	counts(inten<0.22	counts(Norminten<0.22	counts(inten<0.23	counts(Norminten<0.23	counts(inten<0.24000000000000002	counts(Norminten<0.24000000000000002	counts(inten<0.25	counts(Norminten<0.25	counts(inten<0.26	counts(Norminten<0.26	counts(inten<0.27	counts(Norminten<0.27	counts(inten<0.28	counts(Norminten<0.28	counts(inten<0.29000000000000004	counts(Norminten<0.29000000000000004	diff	max	med	std	mean	min	eigenLocal	minProp	counts(inten<0.01Normalized	MicrocoloniesPlatonicNormalized	MicrocoloniesAggregatesNormalized	MicrocoloniesLargeNormalized	counts(Norminten<0.01Normalized	counts(inten<0.02Normalized	counts(Norminten<0.02Normalized	counts(inten<0.03Normalized	counts(Norminten<0.03Normalized	counts(inten<0.04Normalized	counts(Norminten<0.04Normalized	counts(inten<0.05Normalized	counts(Norminten<0.05Normalized	counts(inten<0.060000000000000005Normalized	counts(Norminten<0.060000000000000005Normalized	counts(inten<0.06999999999999999Normalized	counts(Norminten<0.06999999999999999Normalized	counts(inten<0.08Normalized	counts(Norminten<0.08Normalized	counts(inten<0.09Normalized	counts(Norminten<0.09Normalized	counts(inten<0.09999999999999999Normalized	counts(Norminten<0.09999999999999999Normalized	counts(inten<0.11Normalized	counts(Norminten<0.11Normalized	counts(inten<0.12Normalized	counts(Norminten<0.12Normalized	counts(inten<0.13Normalized	counts(Norminten<0.13Normalized	counts(inten<0.14Normalized	counts(Norminten<0.14Normalized	counts(inten<0.15000000000000002Normalized	counts(Norminten<0.15000000000000002Normalized	counts(inten<0.16Normalized	counts(Norminten<0.16Normalized	counts(inten<0.17Normalized	counts(Norminten<0.17Normalized	counts(inten<0.18000000000000002Normalized	counts(Norminten<0.18000000000000002Normalized	counts(inten<0.19Normalized	counts(Norminten<0.19Normalized	counts(inten<0.2Normalized	counts(Norminten<0.2Normalized	counts(inten<0.21000000000000002Normalized	counts(Norminten<0.21000000000000002Normalized	counts(inten<0.22Normalized	counts(Norminten<0.22Normalized	counts(inten<0.23Normalized	counts(Norminten<0.23Normalized	counts(inten<0.24000000000000002Normalized	counts(Norminten<0.24000000000000002Normalized	counts(inten<0.25Normalized	counts(Norminten<0.25Normalized	counts(inten<0.26Normalized	counts(Norminten<0.26Normalized	counts(inten<0.27Normalized	counts(Norminten<0.27Normalized	counts(inten<0.28Normalized	counts(Norminten<0.28Normalized	counts(inten<0.29000000000000004Normalized	counts(Norminten<0.29000000000000004Normalized	diffNormalized	maxNormalized	medNormalized	stdNormalized	meanNormalized	minNormalized	eigenLocalNormalized	minPropNormalized	BioVolume	SubstratumCoverage	Homogenity	ThicknessThreshold=0.01	RoughnessThreshold=0.01	ThicknessThreshold=0.02	RoughnessThreshold=0.02	ThicknessThreshold=0.03	RoughnessThreshold=0.03	ThicknessThreshold=0.04	RoughnessThreshold=0.04	ThicknessThreshold=0.05	RoughnessThreshold=0.05	ThicknessThreshold=0.060000000000000005	RoughnessThreshold=0.060000000000000005	ThicknessThreshold=0.06999999999999999	RoughnessThreshold=0.06999999999999999	ThicknessThreshold=0.08	RoughnessThreshold=0.08	ThicknessThreshold=0.09	RoughnessThreshold=0.09	ThicknessThreshold=0.09999999999999999	RoughnessThreshold=0.09999999999999999	ThicknessThreshold=0.11	RoughnessThreshold=0.11	ThicknessThreshold=0.12	RoughnessThreshold=0.12	ThicknessThreshold=0.13	RoughnessThreshold=0.13	ThicknessThreshold=0.14	RoughnessThreshold=0.14	ThicknessThreshold=0.15000000000000002	RoughnessThreshold=0.15000000000000002	ThicknessThreshold=0.16	RoughnessThreshold=0.16	ThicknessThreshold=0.17	RoughnessThreshold=0.17	ThicknessThreshold=0.18000000000000002	RoughnessThreshold=0.18000000000000002	ThicknessThreshold=0.19	RoughnessThreshold=0.19	ThicknessThreshold=0.2	RoughnessThreshold=0.2	ThicknessThreshold=0.21000000000000002	RoughnessThreshold=0.21000000000000002	ThicknessThreshold=0.22	RoughnessThreshold=0.22	ThicknessThreshold=0.23	RoughnessThreshold=0.23	ThicknessThreshold=0.24000000000000002	RoughnessThreshold=0.24000000000000002	ThicknessThreshold=0.25	RoughnessThreshold=0.25	ThicknessThreshold=0.26	RoughnessThreshold=0.26	ThicknessThreshold=0.27	RoughnessThreshold=0.27	ThicknessThreshold=0.28	RoughnessThreshold=0.28	ThicknessThreshold=0.29000000000000004	RoughnessThreshold=0.29000000000000004
0	175	37	0	0	3112	235	3291	58	3466	69	3651	92	3823	117	3982	163	4193	206	4362	277	4510	377	4671	506	4806	598	4870	755	5023	926	5094	1142	5142	1362	5266	1637	5321	1847	5383	2052	5368	2315	5381	2572	5380	2819	5336	3092	5334	3328	5265	3539	5273	3769	5225	3994	5202	4262	5127	4463	5018	4081	4095	835.0	639.0840578126607	913.975338935852	14	1	0.5438699722290039	0.8532423208191127	15.289256198347106			7.241250930752048	0.12831643378599003	11.910966340933768	0.10316796812465537	14.234086242299796	0.28157518873699244	15.351946850559248	0.5531505531505532	15.961755250302701	0.8481333816600217	16.437564499484004	1.2608292079207921	16.890231621349447	1.5914709517923362	17.087120025070508	2.078019504876219	17.263157894736842	2.699219589031288	17.53312563342217	3.472651156406561	17.681468672970087	3.9373189360021073	17.639175631134773	4.7158026233604	17.848766967521854	5.532321663281157	17.901950448075908	6.52832561596067	17.887706115633478	7.414262384322265	18.15173554858502	8.477911854575588	18.16723001809553	9.189511916015721	18.291481192021475	9.800362976406534	18.15783242566722	10.68297185048454	18.171687153856546	11.496513499016627	18.250279860239495	12.195544019035259	18.17562504257783	12.989413543942193	18.290299351918527	13.650533223954062	18.26792963464141	14.18039027126658	18.491373264132417	14.753777499412823	18.588352484969228	15.312068701119461	18.72098463310181	16.048499454004595	18.687807545106615	16.64180774106943	18.603788974159343	5.270022469588574	5.269931149861656	20.062469966362325	9.738015279124843	14.948041060426034	5.2434456928838955	4.761904761904762	3.540608075001993	4.8165517241379305	6.371300000000001	0.22511649624615698	18.27728425357873	-1.539758488881019e-05	11.648152814775441	-1.1222588826790564e-05	9.225780454070815	-1.0590337164564308e-05	8.057036566971	-5.461186257034008e-06	7.348678013502	-5.620219300957124e-06	6.850361067141157	-5.777080933437629e-06	6.474297031866147	-5.936987192731228e-06	6.169650520928086	-4.8838975455972885e-06	5.910471898930141	-6.282946199131697e-06	5.686417138878031	-6.471612272765514e-06	5.487838858536819	-6.672422743353266e-06	5.308240374334498	-6.8892633586261154e-06	5.144780042200461	-5.6950770330357184e-06	4.992232477382802	-4.421746147553669e-06	4.853230105265732	-4.584751422419129e-06	4.7207674477678285	-4.7628195256549275e-06	4.59773697729544	-4.955532356322599e-06	4.479573913926071	-5.160935161451255e-06	4.368932108524433	-7.178029487345134e-06	4.263510852564896	-7.501354932234635e-06	4.164490764270591	-7.849355175472335e-06	4.069694617669887	-8.235231142350087e-06	3.978179489065942	-6.491637688717318e-06	3.892040406249573	-6.8346315336229695e-06	3.8066979783540944	-7.207311096376164e-06	3.7279302892002613	-7.619241123584091e-06	3.651414862171634	-8.068810818661545e-06	3.5756915406424525	-8.556930686009133e-06	3.509091956916712	-9.09956746722639e-06
1	231	35	0	0	2521	235	2651	72	2768	105	2873	156	3004	228	3092	357	3180	526	3322	721	3462	897	3564	1020	3649	1202	3728	1395	3850	1578	3899	1684	3974	1844	4020	1975	4095	2110	4120	2245	4161	2396	4198	2524	4248	2676	4245	2830	4250	2976	4264	3089	4235	3221	4192	3404	4135	3555	4107	3661	4117	4084	4095	687.0	653.0277461267946	825.1035928726196	11	1	0.5749073028564453	1.1262798634812288	14.46280991735537			5.866064780342517	0.12831643378599003	9.594643503438292	0.12807058112026184	11.367556468172484	0.4284839828606407	12.080565133294089	0.937950937950938	12.542273809026764	1.6527727437477349	12.763673890608876	2.76144801980198	12.809667673716014	4.063658838071693	13.01316201817612	5.4088522130532635	13.251674641148325	6.42228109114341	13.37787620584813	7.000205888408482	13.424818807255068	7.9141427442717935	13.502843275743418	8.713304184884448	13.680619714306019	9.427649659457522	13.702337023370234	9.626707825987538	13.824532108815141	10.038105606967882	13.856812933025402	10.228390905795225	13.981358189081226	10.498034728095925	13.99979611947399	10.72213200878785	14.075026215201433	11.056760498384865	14.176685127650954	11.281959592347578	14.410258149869398	11.576898118105126	14.45943184140609	11.888758191900521	14.573260638480265	12.206726825266612	14.794767704104647	12.37728893697159	14.851311544396129	12.60862757378846	14.913372941050909	13.050145683177428	14.881059488249901	13.38630116353504	14.969928922908693	13.651278991721977	15.263411559707857	5.273896536584106	5.269931149861656	16.506487265737626	9.950481617770697	13.494546143581026	4.119850187265917	4.761904761904762	3.742661928050079	4.8165517241379305	6.371300000000001	0.22511649624615698	18.27728425357873	-1.539758488881019e-05	11.648152814775441	-1.1222588826790564e-05	9.225780454070815	-1.0590337164564308e-05	8.057036566971	-5.461186257034008e-06	7.348678013502	-5.620219300957124e-06	6.850361067141157	-5.777080933437629e-06	6.474297031866147	-5.936987192731228e-06	6.169650520928086	-4.8838975455972885e-06	5.910471898930141	-6.282946199131697e-06	5.686417138878031	-6.471612272765514e-06	5.487838858536819	-6.672422743353266e-06	5.308240374334498	-6.8892633586261154e-06	5.144780042200461	-5.6950770330357184e-06	4.992232477382802	-4.421746147553669e-06	4.853230105265732	-4.584751422419129e-06	4.7207674477678285	-4.7628195256549275e-06	4.59773697729544	-4.955532356322599e-06	4.479573913926071	-5.160935161451255e-06	4.368932108524433	-7.178029487345134e-06	4.263510852564896	-7.501354932234635e-06	4.164490764270591	-7.849355175472335e-06	4.069694617669887	-8.235231142350087e-06	3.978179489065942	-6.491637688717318e-06	3.892040406249573	-6.8346315336229695e-06	3.8066979783540944	-7.207311096376164e-06	3.7279302892002613	-7.619241123584091e-06	3.651414862171634	-8.068810818661545e-06	3.5756915406424525	-8.556930686009133e-06	3.509091956916712	-9.09956746722639e-06
2	238	35	0	0	2181	262	2298	128	2372	205	2453	364	2597	528	2700	649	2777	778	2932	957	3055	1125	3161	1279	3216	1359	3290	1476	3354	1593	3439	1687	3494	1800	3565	1951	3652	2057	3659	2189	3679	2335	3722	2423	3746	2561	3805	2700	3842	2816	3798	2973	3771	3129	3777	3220	3772	3297	3781	3368	3712	4080	4095	572.0	629.1464747952177	740.3670234680176	15	1	0.5928783416748047	1.1604095563139931	14.46280991735537			5.074925539836188	0.14305917298693357	8.317046688382193	0.22768103310268772	9.741273100616016	0.8365639665374413	10.314523589269195	2.1885521885521886	10.842971065926266	3.827473722363175	11.145510835913312	5.020111386138614	11.186304128902316	6.010506798516687	11.485427765590723	7.179294823705927	11.69377990430622	8.054700365146417	11.865170226342855	8.777709148308285	11.831794268054892	8.947853568606796	11.916404071136224	9.219237976264834	11.918129486177245	9.517266101087346	12.085749428922862	9.643857543017207	12.154734571766507	9.79858464888405	12.288442314983971	10.104096535294422	12.468844958858275	10.234340016916263	12.433314077950321	10.454675709236794	12.444609816324459	10.775265343793263	12.569228691071189	10.83050241373145	12.707350995624003	11.07938568029418	12.9606921452415	11.342631490505797	13.17422761718616	11.55045118949959	13.177891121057561	11.912489481908883	13.224154860429232	12.248492914742034	13.436977480522252	12.344732403005674	13.574693201856983	12.414805889219414	13.781665755421907	12.558729211723469	13.761910058206356	5.268731113923397	5.269931149861656	13.743392599711676	9.586591794094337	12.108681925128046	5.617977528089887	4.761904761904762	3.859653871723089	4.8165517241379305	6.371300000000001	0.22511649624615698	18.27728425357873	-1.539758488881019e-05	11.648152814775441	-1.1222588826790564e-05	9.225780454070815	-1.0590337164564308e-05	8.057036566971	-5.461186257034008e-06	7.348678013502	-5.620219300957124e-06	6.850361067141157	-5.777080933437629e-06	6.474297031866147	-5.936987192731228e-06	6.169650520928086	-4.8838975455972885e-06	5.910471898930141	-6.282946199131697e-06	5.686417138878031	-6.471612272765514e-06	5.487838858536819	-6.672422743353266e-06	5.308240374334498	-6.8892633586261154e-06	5.144780042200461	-5.6950770330357184e-06	4.992232477382802	-4.421746147553669e-06	4.853230105265732	-4.584751422419129e-06	4.7207674477678285	-4.7628195256549275e-06	4.59773697729544	-4.955532356322599e-06	4.479573913926071	-5.160935161451255e-06	4.368932108524433	-7.178029487345134e-06	4.263510852564896	-7.501354932234635e-06	4.164490764270591	-7.849355175472335e-06	4.069694617669887	-8.235231142350087e-06	3.978179489065942	-6.491637688717318e-06	3.892040406249573	-6.8346315336229695e-06	3.8066979783540944	-7.207311096376164e-06	3.7279302892002613	-7.619241123584091e-06	3.651414862171634	-8.068810818661545e-06	3.5756915406424525	-8.556930686009133e-06	3.509091956916712	-9.09956746722639e-06
3	290	38	0	0	1820	353	1928	247	2023	557	2124	733	2255	835	2338	924	2424	1005	2533	1074	2660	1206	2723	1256	2789	1373	2865	1503	2993	1595	3065	1717	3126	1816	3167	1942	3206	2054	3239	2176	3278	2319	3299	2407	3308	2533	3308	2673	3272	2732	3271	2844	3253	2960	3200	3066	3164	3135	3185	3193	3130	4082	4095	423.0	579.4013433869467	622.5488367080688	13	1	0.6180543899536133	1.4139444173573867	15.702479338842975			4.234921816827997	0.1927476643678914	6.977922547955122	0.43935324356534267	8.308008213552363	2.2730055090797796	8.931124379783029	4.407166907166907	9.415055738800051	6.052917723812976	9.651186790505676	7.147277227722772	9.764350453172206	7.764215080346107	9.922438107176433	8.057014253563391	10.181818181818182	8.63463879143696	10.221087797004618	8.619861368471621	10.26084397189213	9.040031603897813	10.377050961642942	9.38788257339163	10.635349299978678	9.529214959971323	10.771393428219996	9.815354713313896	10.87455646002922	9.885683179096352	10.916548895246631	10.057486146356622	10.946088975383251	10.219413901189114	11.006150395868021	10.392587639698156	11.088184555018096	10.701430549146284	11.140753748480346	10.758984444841767	11.22154754231826	10.958252217174994	11.267797533891954	11.22920517560074	11.219696190378219	11.205906480721902	11.349363311474272	11.39560043274432	11.407630803759293	11.586941204102404	11.384254153473975	11.754332157644534	11.386619642278765	11.804797228602629	11.60925824676508	11.906182414796032	11.604196789381975	5.271313825253751	5.269931149861656	10.163382988947621	8.828602537761146	10.181768781713064	4.868913857677903	4.761904761904762	4.02355061981393	4.8165517241379305	6.371300000000001	0.22511649624615698	18.27728425357873	-1.539758488881019e-05	11.648152814775441	-1.1222588826790564e-05	9.225780454070815	-1.0590337164564308e-05	8.057036566971	-5.461186257034008e-06	7.348678013502	-5.620219300957124e-06	6.850361067141157	-5.777080933437629e-06	6.474297031866147	-5.936987192731228e-06	6.169650520928086	-4.8838975455972885e-06	5.910471898930141	-6.282946199131697e-06	5.686417138878031	-6.471612272765514e-06	5.487838858536819	-6.672422743353266e-06	5.308240374334498	-6.8892633586261154e-06	5.144780042200461	-5.6950770330357184e-06	4.992232477382802	-4.421746147553669e-06	4.853230105265732	-4.584751422419129e-06	4.7207674477678285	-4.7628195256549275e-06	4.59773697729544	-4.955532356322599e-06	4.479573913926071	-5.160935161451255e-06	4.368932108524433	-7.178029487345134e-06	4.263510852564896	-7.501354932234635e-06	4.164490764270591	-7.849355175472335e-06	4.069694617669887	-8.235231142350087e-06	3.978179489065942	-6.491637688717318e-06	3.892040406249573	-6.8346315336229695e-06	3.8066979783540944	-7.207311096376164e-06	3.7279302892002613	-7.619241123584091e-06	3.651414862171634	-8.068810818661545e-06	3.5756915406424525	-8.556930686009133e-06	3.509091956916712	-9.09956746722639e-06
4	353	32	0	0	1564	921	1642	926	1724	878	1820	968	1929	985	1998	1065	2102	1084	2202	1163	2254	1255	2334	1326	2395	1400	2437	1482	2484	1609	2528	1684	2579	1788	2598	1912	2658	1998	2693	2108	2774	2208	2817	2295	2791	2367	2797	2435	2778	2479	2733	2521	2711	2579	2667	2619	2615	2660	2623	2719	2595	4081	4095	306.0	535.5796102327885	521.4188632965088	14	1	0.6462802886962891	1.7211116528522672	13.223140495867769			3.6392405063291138	0.5028912149655184	5.94281577994933	1.6471299738522565	7.0800821355236145	3.5829422566823097	7.652846690774536	5.82010582010582	8.053943467913657	7.140268213120696	8.247678018575852	8.23793316831683	8.467270896273918	8.374536464771323	8.625822626136008	8.724681170292573	8.62775119617225	8.985465740674448	8.760932397432528	9.100267654931027	8.811302012435156	9.217803529101923	8.826831830200298	9.256714553404121	8.826664771515883	9.61285697215916	8.884203127745563	9.626707825987538	8.97168301676755	9.733260751224822	8.955223880597014	9.902118183230618	9.075079381337705	9.940793074282302	9.150837609161032	10.06781927595759	9.383350810134289	10.18920166128288	9.513035255977305	10.25835866261398	9.467756708165135	10.240103828682674	9.527215750391715	10.229373214585785	9.525768953811337	10.1681706316653	9.4826688872697	10.101374363905919	9.506943470332445	10.095513974790574	9.488064321035967	10.040637938966416	9.410875589304352	10.01619158790526	9.560780025514854	10.138712804832576	9.620731842954065	5.270022469588574	5.269931149861656	7.352234502642959	8.16087080232484	8.52779090003863	5.2434456928838955	4.761904761904762	4.207301976048812	4.8165517241379305	6.371300000000001	0.22511649624615698	18.27728425357873	-1.539758488881019e-05	11.648152814775441	-1.1222588826790564e-05	9.225780454070815	-1.0590337164564308e-05	8.057036566971	-5.461186257034008e-06	7.348678013502	-5.620219300957124e-06	6.850361067141157	-5.777080933437629e-06	6.474297031866147	-5.936987192731228e-06	6.169650520928086	-4.8838975455972885e-06	5.910471898930141	-6.282946199131697e-06	5.686417138878031	-6.471612272765514e-06	5.487838858536819	-6.672422743353266e-06	5.308240374334498	-6.8892633586261154e-06	5.144780042200461	-5.6950770330357184e-06	4.992232477382802	-4.421746147553669e-06	4.853230105265732	-4.584751422419129e-06	4.7207674477678285	-4.7628195256549275e-06	4.59773697729544	-4.955532356322599e-06	4.479573913926071	-5.160935161451255e-06	4.368932108524433	-7.178029487345134e-06	4.263510852564896	-7.501354932234635e-06	4.164490764270591	-7.849355175472335e-06	4.069694617669887	-8.235231142350087e-06	3.978179489065942	-6.491637688717318e-06	3.892040406249573	-6.8346315336229695e-06	3.8066979783540944	-7.207311096376164e-06	3.7279302892002613	-7.619241123584091e-06	3.651414862171634	-8.068810818661545e-06	3.5756915406424525	-8.556930686009133e-06	3.509091956916712	-9.09956746722639e-06
5	398	22	0	0	1354	1878	1407	1682	1479	1193	1556	1073	1677	1056	1696	1059	1804	1131	1896	1196	1944	1236	1982	1346	2034	1400	2073	1489	2143	1585	2204	1676	2263	1734	2284	1845	2309	1905	2318	1966	2279	2017	2290	2074	2255	2146	2222	2218	2211	2254	2196	2303	2185	2310	2159	2300	2131	2281	2065	2262	2025	4082	4095	218.0	472.28910417397583	420.7329168319702	13	1	0.6768894195556641	1.9405168210628962	9.090909090909092			3.1505956813104987	1.0254394155322948	5.09229098805646	2.9918710756150055	6.073921971252567	4.868394205264232	6.542763434530317	6.451418951418951	7.001795332136446	7.65494744472635	7.001031991744067	8.191522277227723	7.26686807653575	8.737639060568602	7.42713882795362	8.97224306076519	7.441148325358851	8.849430801174197	7.439660673398146	9.237526593919428	7.483168389683971	9.217803529101923	7.5084211670107575	9.300437226733292	7.614952739677351	9.46947066555144	7.745563169917413	9.580975247241753	7.872399638210534	9.439303211758302	7.872875805728861	9.55512973224921	7.883505753013077	9.478083486740633	7.87658432158755	9.389626516381698	7.70896052498055	9.307798800184587	7.733351344049709	9.270516717325227	7.649513212795549	9.28401470906338	7.568635465631174	9.317761720719208	7.581524534512909	9.245283018867925	7.619444155303425	9.227871939736348	7.662364988076869	9.042511547796133	7.680813974171974	8.81766600214691	7.669053874113795	8.589072560906729	7.526881720430108	8.434633455142068	7.5075075075075075	5.271313825253751	5.269931149861656	5.237866410379626	7.196484494311305	6.881075066641934	4.868913857677903	4.761904761904762	4.406568237146717	4.8165517241379305	6.371300000000001	0.22511649624615698	18.27728425357873	-1.539758488881019e-05	11.648152814775441	-1.1222588826790564e-05	9.225780454070815	-1.0590337164564308e-05	8.057036566971	-5.461186257034008e-06	7.348678013502	-5.620219300957124e-06	6.850361067141157	-5.777080933437629e-06	6.474297031866147	-5.936987192731228e-06	6.169650520928086	-4.8838975455972885e-06	5.910471898930141	-6.282946199131697e-06	5.686417138878031	-6.471612272765514e-06	5.487838858536819	-6.672422743353266e-06	5.308240374334498	-6.8892633586261154e-06	5.144780042200461	-5.6950770330357184e-06	4.992232477382802	-4.421746147553669e-06	4.853230105265732	-4.584751422419129e-06	4.7207674477678285	-4.7628195256549275e-06	4.59773697729544	-4.955532356322599e-06	4.479573913926071	-5.160935161451255e-06	4.368932108524433	-7.178029487345134e-06	4.263510852564896	-7.501354932234635e-06	4.164490764270591	-7.849355175472335e-06	4.069694617669887	-8.235231142350087e-06	3.978179489065942	-6.491637688717318e-06	3.892040406249573	-6.8346315336229695e-06	3.8066979783540944	-7.207311096376164e-06	3.7279302892002613	-7.619241123584091e-06	3.651414862171634	-8.068810818661545e-06	3.5756915406424525	-8.556930686009133e-06	3.509091956916712	-9.09956746722639e-06
6	551	17	0	0	1268	3242	1271	2181	1325	1477	1374	1205	1411	1130	1480	1125	1551	1166	1638	1215	1676	1282	1712	1316	1785	1374	1810	1416	1809	1489	1810	1556	1806	1645	1796	1692	1786	1738	1819	1808	1826	1818	1829	1807	1824	1809	1803	1799	1788	1794	1718	1813	1687	1823	1654	1826	1637	1828	1588	1789	1543	4082	4095	163.0	415.54937128646515	341.6517581939697	13	1	0.7052173614501953	2.686494392979035	7.024793388429752			2.9504839910647807	1.7702207588688499	4.600072385088671	3.8794713531012643	5.441478439425051	6.027341358906345	5.777478765452863	7.2450697450697445	5.891194522149388	8.191373686118158	6.109391124871001	8.70204207920792	6.24773413897281	9.008034610630409	6.416483860858666	9.114778694673669	6.415311004784689	9.178778549437961	6.426185203258136	9.031638185436828	6.5670873036312125	9.046615749275745	6.555833242783151	8.844472204871954	6.428114561864828	8.895925439120564	6.360920752064664	8.894986566054994	6.282613233145481	8.954817637452368	6.190755230774534	8.762753120306593	6.097852436068148	8.64719637792925	6.180977946923103	8.635017671219792	6.176639718567127	8.389478541762806	6.1765500472781305	8.077060611478634	6.187455476780081	7.82608695652174	6.141426527692622	7.557553352377752	6.131056475671228	7.3584905660377355	5.960931265396759	7.264494931281805	5.91597699537102	7.1361465591482025	5.884236365576862	7.000460052139243	5.89124410695649	6.883307602515345	5.788226717696373	6.670892684018197	5.72053535016498	5.271313825253751	5.269931149861656	3.916386352715041	6.331915304957485	5.58770493282275	4.868913857677903	4.761904761904762	4.590983897031196	4.8165517241379305	6.371300000000001	0.22511649624615698	18.27728425357873	-1.539758488881019e-05	11.648152814775441	-1.1222588826790564e-05	9.225780454070815	-1.0590337164564308e-05	8.057036566971	-5.461186257034008e-06	7.348678013502	-5.620219300957124e-06	6.850361067141157	-5.777080933437629e-06	6.474297031866147	-5.936987192731228e-06	6.169650520928086	-4.8838975455972885e-06	5.910471898930141	-6.282946199131697e-06	5.686417138878031	-6.471612272765514e-06	5.487838858536819	-6.672422743353266e-06	5.308240374334498	-6.8892633586261154e-06	5.144780042200461	-5.6950770330357184e-06	4.992232477382802	-4.421746147553669e-06	4.853230105265732	-4.584751422419129e-06	4.7207674477678285	-4.7628195256549275e-06	4.59773697729544	-4.955532356322599e-06	4.479573913926071	-5.160935161451255e-06	4.368932108524433	-7.178029487345134e-06	4.263510852564896	-7.501354932234635e-06	4.164490764270591	-7.849355175472335e-06	4.069694617669887	-8.235231142350087e-06	3.978179489065942	-6.491637688717318e-06	3.892040406249573	-6.8346315336229695e-06	3.8066979783540944	-7.207311096376164e-06	3.7279302892002613	-7.619241123584091e-06	3.651414862171634	-8.068810818661545e-06	3.5756915406424525	-8.556930686009133e-06	3.509091956916712	-9.09956746722639e-06
7	760	9	0	0	1117	4907	1106	2760	1148	1583	1191	1299	1220	1125	1234	1107	1283	1120	1288	1116	1317	1179	1327	1223	1369	1247	1384	1278	1382	1287	1383	1323	1403	1331	1391	1361	1383	1393	1367	1396	1392	1383	1372	1408	1364	1389	1357	1364	1330	1401	1308	1381	1267	1360	1215	1353	1201	1342	1157	1308	1142	4080	4095	124.0	355.3460835779369	268.7498950958252	15	1	0.7347297668457031	3.7055095075572893	3.71900826446281			2.599125093075205	2.6793563429270346	4.002895403546869	4.909372276276704	4.714579055441479	6.459906141603754	5.007989235556303	7.81024531024531	5.093733038286501	8.155128669807901	5.09391124871001	8.562809405940595	5.168177240684794	8.65265760197775	5.0454403008461295	8.372093023255815	5.041148325358852	8.441325982673446	4.981044255095529	8.393384119140759	5.036606453037048	8.210429286278641	5.012858125973414	7.982510930668332	4.9108094662781605	7.6890906918389295	4.8603057459146015	7.563025210084033	4.8806790509984	7.245508982035928	4.794733032298094	7.048526593816355	4.7219092492061865	6.9306930693069315	4.6450779843012	6.667303467379883	4.708588438250516	6.3820950622981085	4.633256787788734	6.293581262292151	4.627022626276332	6.009085009733939	4.62224947203488	5.730129390018484	4.56057332921853	5.746513535684987	4.5383574476943895	5.5335176503586165	4.443119652125123	5.323729742425429	4.32245899889715	5.187087869958596	4.322165041206319	5.053281620664984	4.217240750865683	4.877321202177642	4.233863493122753	5.268731113923397	5.269931149861656	2.9793368572801535	5.414570351046819	4.395397004425674	5.617977528089887	4.761904761904762	4.783110446007262	4.8165517241379305	6.371300000000001	0.22511649624615698	18.27728425357873	-1.539758488881019e-05	11.648152814775441	-1.1222588826790564e-05	9.225780454070815	-1.0590337164564308e-05	8.057036566971	-5.461186257034008e-06	7.348678013502	-5.620219300957124e-06	6.850361067141157	-5.777080933437629e-06	6.474297031866147	-5.936987192731228e-06	6.169650520928086	-4.8838975455972885e-06	5.910471898930141	-6.282946199131697e-06	5.686417138878031	-6.471612272765514e-06	5.487838858536819	-6.672422743353266e-06	5.308240374334498	-6.8892633586261154e-06	5.144780042200461	-5.6950770330357184e-06	4.992232477382802	-4.421746147553669e-06	4.853230105265732	-4.584751422419129e-06	4.7207674477678285	-4.7628195256549275e-06	4.59773697729544	-4.955532356322599e-06	4.479573913926071	-5.160935161451255e-06	4.368932108524433	-7.178029487345134e-06	4.263510852564896	-7.501354932234635e-06	4.164490764270591	-7.849355175472335e-06	4.069694617669887	-8.235231142350087e-06	3.978179489065942	-6.491637688717318e-06	3.892040406249573	-6.8346315336229695e-06	3.8066979783540944	-7.207311096376164e-06	3.7279302892002613	-7.619241123584091e-06	3.651414862171634	-8.068810818661545e-06	3.5756915406424525	-8.556930686009133e-06	3.509091956916712	-9.09956746722639e-06
8	1040	6	0	0	1102	6223	1043	3107	1065	1815	1046	1314	1046	1124	1089	1069	1091	1058	1092	1068	1071	1059	1096	1074	1125	1088	1154	1101	1170	1070	1162	1096	1153	1144	1144	1156	1133	1163	1132	1183	1112	1141	1106	1134	1076	1143	1079	1113	1053	1112	995	1089	948	1078	923	1064	905	1010	863	950	847	4082	4095	106.0	310.4934939814617	224.4766092300415	13	1	0.7532100677490234	5.07069722086787	2.479338842975207			2.564221891288161	3.397928372128579	3.7748823742309083	5.526601326953521	4.373716632443532	7.406651703733933	4.398284416785804	7.900432900432901	4.367249801678427	8.14787966654585	4.495356037151703	8.268873762376238	4.394763343403827	8.173671199011125	4.27765590723911	8.012003000750187	4.0995215311004785	7.582157943724494	4.1139596861979655	7.370805023677167	4.13892056951547	7.163550171187779	4.179796443188815	6.876951905059338	4.157487030061829	6.39263950292747	4.083640836408364	6.265363288172413	4.01099283378557	6.227544910179641	3.9433318396470303	5.986845512455332	3.868346478200007	5.786357530225384	3.846545924088484	5.650014328016048	3.7614585799817335	5.265343793262575	3.7349723085235715	5.068836045056321	3.6500559720478982	4.944841012329656	3.675318482185435	4.675684758864056	3.6107396358399346	4.561115668580804	3.4523437771069707	4.363505228993869	3.3244494318978823	4.2198387223048615	3.2836458073926504	4.079128967949701	3.256918702990607	3.8031404149565087	3.145616912702752	3.5423968976060856	3.1401772142512883	5.271313825253751	5.269931149861656	2.5468524747717445	4.731130985818862	3.6713086545449745	4.868913857677903	4.761904761904762	4.903417699482936	4.8165517241379305	6.371300000000001	0.22511649624615698	18.27728425357873	-1.539758488881019e-05	11.648152814775441	-1.1222588826790564e-05	9.225780454070815	-1.0590337164564308e-05	8.057036566971	-5.461186257034008e-06	7.348678013502	-5.620219300957124e-06	6.850361067141157	-5.777080933437629e-06	6.474297031866147	-5.936987192731228e-06	6.169650520928086	-4.8838975455972885e-06	5.910471898930141	-6.282946199131697e-06	5.686417138878031	-6.471612272765514e-06	5.487838858536819	-6.672422743353266e-06	5.308240374334498	-6.8892633586261154e-06	5.144780042200461	-5.6950770330357184e-06	4.992232477382802	-4.421746147553669e-06	4.853230105265732	-4.584751422419129e-06	4.7207674477678285	-4.7628195256549275e-06	4.59773697729544	-4.955532356322599e-06	4.479573913926071	-5.160935161451255e-06	4.368932108524433	-7.178029487345134e-06	4.263510852564896	-7.501354932234635e-06	4.164490764270591	-7.849355175472335e-06	4.069694617669887	-8.235231142350087e-06	3.978179489065942	-6.491637688717318e-06	3.892040406249573	-6.8346315336229695e-06	3.8066979783540944	-7.207311096376164e-06	3.7279302892002613	-7.619241123584091e-06	3.651414862171634	-8.068810818661545e-06	3.5756915406424525	-8.556930686009133e-06	3.509091956916712	-9.09956746722639e-06
9	1423	6	0	0	1069	7112	1000	3161	958	1740	947	1284	923	1110	940	974	950	945	968	918	962	935	945	940	941	950	930	959	919	949	942	918	948	926	927	925	923	935	915	948	901	924	875	923	843	911	808	887	790	866	789	828	760	801	727	790	723	763	696	743	679	4071	4085	93.0	278.10810163028196	192.43063354492188	14	1	0.7666940689086914	6.938078985860556	2.479338842975207			2.4874348473566643	3.88334671100409	3.6192544335866814	5.622654262793717	3.9342915811088295	7.100591715976331	3.9820031956942223	7.72005772005772	3.853701306834788	8.04639362087713	3.880288957688338	7.534034653465346	3.826787512588117	7.300679851668727	3.79191476026324	6.886721680420105	3.6822966507177037	6.694350970143911	3.5471641454900347	6.451170132454877	3.4619771163680513	6.254938109033448	3.368466804302945	5.99000624609619	3.265581692843437	5.669733540446888	3.3104902477596205	5.247813411078718	3.2978501356710503	5.040827436037016	3.195339698734963	4.790512196385106	3.151353750554816	4.651972734961938	3.1091780216792957	4.527653070971439	3.0477285796434734	4.263959390862944	2.9548831554775092	4.1256928303236196	2.859662810814478	3.9411637464849667	2.7522310784113357	3.72626449336246	2.7089119775057435	3.552091878589007	2.7375871760174872	3.317706455102777	2.665170430635433	3.1355202380020355	2.586360240492369	3.0286765833461127	2.6019361571958113	2.873065481793877	2.5369054127938764	2.7705272578119176	2.5173321469617767	5.257108912936801	5.257061965124509	2.2345026429601154	4.237659991384062	3.147197620082803	5.2434456928838955	4.761904761904762	4.9911989079096335	4.8165517241379305	6.371300000000001	0.22511649624615698	18.27728425357873	-1.539758488881019e-05	11.648152814775441	-1.1222588826790564e-05	9.225780454070815	-1.0590337164564308e-05	8.057036566971	-5.461186257034008e-06	7.348678013502	-5.620219300957124e-06	6.850361067141157	-5.777080933437629e-06	6.474297031866147	-5.936987192731228e-06	6.169650520928086	-4.8838975455972885e-06	5.910471898930141	-6.282946199131697e-06	5.686417138878031	-6.471612272765514e-06	5.487838858536819	-6.672422743353266e-06	5.308240374334498	-6.8892633586261154e-06	5.144780042200461	-5.6950770330357184e-06	4.992232477382802	-4.421746147553669e-06	4.853230105265732	-4.584751422419129e-06	4.7207674477678285	-4.7628195256549275e-06	4.59773697729544	-4.955532356322599e-06	4.479573913926071	-5.160935161451255e-06	4.368932108524433	-7.178029487345134e-06	4.263510852564896	-7.501354932234635e-06	4.164490764270591	-7.849355175472335e-06	4.069694617669887	-8.235231142350087e-06	3.978179489065942	-6.491637688717318e-06	3.892040406249573	-6.8346315336229695e-06	3.8066979783540944	-7.207311096376164e-06	3.7279302892002613	-7.619241123584091e-06	3.651414862171634	-8.068810818661545e-06	3.5756915406424525	-8.556930686009133e-06	3.509091956916712	-9.09956746722639e-06
10	968	3	0	0	1243	8968	970	4147	870	2144	835	1396	834	1043	810	868	797	847	766	834	765	814	745	800	738	775	758	765	754	747	741	735	714	748	709	751	726	730	708	715	712	718	687	719	662	702	670	696	642	671	648	665	628	657	610	643	581	637	557	618	537	3701	3715	83.0	243.7584839079067	163.075421333313	14	1	0.7792949676513672	4.719648951730862	1.2396694214876034			2.8923119880863735	4.896773524224505	3.510676800579081	7.376509720912859	3.572895277207392	8.749234850030605	3.511058783954251	8.393458393458394	3.4821093065007727	7.560710402319682	3.343653250773994	6.714108910891089	3.210473313192346	6.543572311495674	3.0006267627702914	6.256564141035259	2.9282296650717705	5.828023197537052	2.796441575015953	5.490357559536065	2.7151318936021487	5.102712667895707	2.745481545872723	4.7782635852592135	2.679269419373179	4.462898793165253	2.6041117554032684	4.201680672268908	2.4838238363598415	4.07185628742515	2.443900589431595	3.889378010254286	2.4787462870019463	3.632021493606647	2.405790206938734	3.4148438246250836	2.4084159253120454	3.31333640978311	2.3200054032149127	3.213838726980154	2.245666406594525	3.0369889682024658	2.2821718100688058	2.9238783397748276	2.2014196070363132	2.7522559474979493	2.248360570417404	2.6645830829025923	2.2022724084724365	2.5718312064511077	2.1701234480059766	2.4651127127741144	2.090905819268003	2.3986143013141543	2.030253326043375	2.3044224028637483	1.9908797686575466	4.779307316821199	4.780902129850074	1.9942335415665546	3.7142591990728855	2.66709394683977	5.2434456928838955	4.761904761904762	5.07323109596692	4.8165517241379305	6.371300000000001	0.22511649624615698	18.27728425357873	-1.539758488881019e-05	11.648152814775441	-1.1222588826790564e-05	9.225780454070815	-1.0590337164564308e-05	8.057036566971	-5.461186257034008e-06	7.348678013502	-5.620219300957124e-06	6.850361067141157	-5.777080933437629e-06	6.474297031866147	-5.936987192731228e-06	6.169650520928086	-4.8838975455972885e-06	5.910471898930141	-6.282946199131697e-06	5.686417138878031	-6.471612272765514e-06	5.487838858536819	-6.672422743353266e-06	5.308240374334498	-6.8892633586261154e-06	5.144780042200461	-5.6950770330357184e-06	4.992232477382802	-4.421746147553669e-06	4.853230105265732	-4.584751422419129e-06	4.7207674477678285	-4.7628195256549275e-06	4.59773697729544	-4.955532356322599e-06	4.479573913926071	-5.160935161451255e-06	4.368932108524433	-7.178029487345134e-06	4.263510852564896	-7.501354932234635e-06	4.164490764270591	-7.849355175472335e-06	4.069694617669887	-8.235231142350087e-06	3.978179489065942	-6.491637688717318e-06	3.892040406249573	-6.8346315336229695e-06	3.8066979783540944	-7.207311096376164e-06	3.7279302892002613	-7.619241123584091e-06	3.651414862171634	-8.068810818661545e-06	3.5756915406424525	-8.556930686009133e-06	3.509091956916712	-9.09956746722639e-06
11	1362	2	0	0	1353	9470	991	4072	828	1846	794	1228	702	921	664	834	642	756	623	686	617	640	603	639	586	608	582	610	585	584	569	581	560	588	561	572	545	563	546	562	549	550	536	553	524	546	509	536	495	527	479	509	470	495	455	476	443	469	422	455	405	3760	3771	75.0	220.42136227668416	142.55141830444336	11	1	0.786860466003418	6.640663091175036	0.8264462809917356			3.1482688011913624	5.170879267886492	3.5866811436844013	7.243102865579252	3.4004106776180696	7.5331564986737405	3.338659490370869	7.383357383357383	2.930984092522233	6.676332004349401	2.740970072239422	6.451113861386139	2.586102719033233	5.840543881334981	2.4404575368223127	5.146286571642911	2.3617224880382777	4.582229541061072	2.263428549979355	4.385423100679431	2.1559177366542803	4.0031603897814065	2.1080082581766817	3.8101186758276078	2.0787435150309146	3.4890667941211615	1.9996485679142504	3.321328531412565	1.9480971265567384	3.2008709853021236	1.9337492675192167	2.962349163602465	1.8607668407934719	2.8011343847952634	1.8553127867069898	2.684115006208807	1.8570510435341474	2.5380710659898478	1.8100769958125085	2.471839799749687	1.7775365514434003	2.3621025308241403	1.7337693303358541	2.2517223995967064	1.6973562390700545	2.161607875307629	1.6619825821449639	2.03950795368033	1.648197503156123	1.9376810459563143	1.6186986374470809	1.8248734856617082	1.5942707021268938	1.7660127273411905	1.5381811554583562	1.6966216720113356	1.5015015015015014	4.85549730106666	4.852969564378096	1.802018260451706	3.358660832570904	2.3314244523465666	4.119850187265917	4.761904761904762	5.122482692716972	4.8165517241379305	6.371300000000001	0.22511649624615698	18.27728425357873	-1.539758488881019e-05	11.648152814775441	-1.1222588826790564e-05	9.225780454070815	-1.0590337164564308e-05	8.057036566971	-5.461186257034008e-06	7.348678013502	-5.620219300957124e-06	6.850361067141157	-5.777080933437629e-06	6.474297031866147	-5.936987192731228e-06	6.169650520928086	-4.8838975455972885e-06	5.910471898930141	-6.282946199131697e-06	5.686417138878031	-6.471612272765514e-06	5.487838858536819	-6.672422743353266e-06	5.308240374334498	-6.8892633586261154e-06	5.144780042200461	-5.6950770330357184e-06	4.992232477382802	-4.421746147553669e-06	4.853230105265732	-4.584751422419129e-06	4.7207674477678285	-4.7628195256549275e-06	4.59773697729544	-4.955532356322599e-06	4.479573913926071	-5.160935161451255e-06	4.368932108524433	-7.178029487345134e-06	4.263510852564896	-7.501354932234635e-06	4.164490764270591	-7.849355175472335e-06	4.069694617669887	-8.235231142350087e-06	3.978179489065942	-6.491637688717318e-06	3.892040406249573	-6.8346315336229695e-06	3.8066979783540944	-7.207311096376164e-06	3.7279302892002613	-7.619241123584091e-06	3.651414862171634	-8.068810818661545e-06	3.5756915406424525	-8.556930686009133e-06	3.509091956916712	-9.09956746722639e-06
12	2701	0	0	0	1425	9064	988	3414	735	1598	628	995	577	748	530	628	489	573	483	530	466	485	464	473	454	464	462	464	454	451	444	459	425	453	430	436	427	434	424	434	413	429	393	417	395	396	387	395	366	387	359	381	339	356	328	342	304	330	295	302	274	3937	3950	69.0	197.0109112589714	123.88995933532715	13	1	0.7928600311279297	13.169185763042417	0.0			3.315804169769174	4.949192152494526	3.575823380383641	6.0726800547857485	3.0184804928131417	6.521118139155274	2.6406525943991253	5.9824434824434825	2.409085215648616	5.422254440014497	2.1878224974200204	4.857673267326732	1.9697885196374623	4.426761433868974	1.8920401128172986	3.975993998499625	1.7837320574162678	3.4724708240853444	1.7416763634998687	3.246173907075698	1.670284389831132	3.055043455359494	1.6733673802021078	2.8981886321049344	1.6132471039727099	2.6944676783367187	1.5603584607274643	2.623906705539359	1.4784665692618104	2.4659771366358196	1.4821964082589363	2.2580143974312494	1.457885212878555	2.1593114085277874	1.4407557171497503	2.07278632152068	1.3970165409464532	1.9796954314720812	1.3271646629744698	1.8639370641873771	1.3399369042369145	1.7131732641142114	1.3182096873084	1.6593849773147369	1.2550149161608888	1.5873666940114848	1.2456195135491481	1.526625796369756	1.1888062841913312	1.3935645502231269	1.1668860507310825	1.3111485968409753	1.09403677978911	1.2426102345897503	1.0752688172043012	1.1261093295547766	1.015830645460275	5.084067253803042	5.083327971173026	1.6578567996155695	3.0019451127609798	2.0262168137656493	4.868913857677903	4.761904761904762	5.161540022246101	4.8165517241379305	6.371300000000001	0.22511649624615698	18.27728425357873	-1.539758488881019e-05	11.648152814775441	-1.1222588826790564e-05	9.225780454070815	-1.0590337164564308e-05	8.057036566971	-5.461186257034008e-06	7.348678013502	-5.620219300957124e-06	6.850361067141157	-5.777080933437629e-06	6.474297031866147	-5.936987192731228e-06	6.169650520928086	-4.8838975455972885e-06	5.910471898930141	-6.282946199131697e-06	5.686417138878031	-6.471612272765514e-06	5.487838858536819	-6.672422743353266e-06	5.308240374334498	-6.8892633586261154e-06	5.144780042200461	-5.6950770330357184e-06	4.992232477382802	-4.421746147553669e-06	4.853230105265732	-4.584751422419129e-06	4.7207674477678285	-4.7628195256549275e-06	4.59773697729544	-4.955532356322599e-06	4.479573913926071	-5.160935161451255e-06	4.368932108524433	-7.178029487345134e-06	4.263510852564896	-7.501354932234635e-06	4.164490764270591	-7.849355175472335e-06	4.069694617669887	-8.235231142350087e-06	3.978179489065942	-6.491637688717318e-06	3.892040406249573	-6.8346315336229695e-06	3.8066979783540944	-7.207311096376164e-06	3.7279302892002613	-7.619241123584091e-06	3.651414862171634	-8.068810818661545e-06	3.5756915406424525	-8.556930686009133e-06	3.509091956916712	-9.09956746722639e-06
13	1776	0	0	0	1758	11291	1031	4213	692	1726	530	1018	476	656	409	515	402	474	385	408	377	401	360	381	377	373	364	377	353	373	340	365	342	345	334	337	330	338	321	339	326	323	308	326	292	313	283	295	272	283	264	278	255	264	245	254	249	245	242	247	226	3596	3607	63.0	176.75926770414944	108.22690963745117	11	1	0.8007164001464844	8.659190638712824	0.0			4.090655249441548	6.165195122883461	3.7314513210278686	7.4939077536064325	2.841889117043121	7.043460518261579	2.2285762341266504	6.120731120731121	1.9873909231347335	4.755346139905763	1.6883384932920538	3.983601485148515	1.6193353474320245	3.6619283065512978	1.5081479160137887	3.0607651912978247	1.4430622009569376	2.8710531968210784	1.3513006268533463	2.614782787729051	1.386998270850962	2.4558862259678693	1.3184106631895396	2.3547782635852594	1.254352924454552	2.2284621818616324	1.1948690915480584	2.0865489052763966	1.1897307451471508	1.8780620577027765	1.1512874426941506	1.7453001191154383	1.1267028577281573	1.6816757052589681	1.0907608141629004	1.6190658133537108	1.102729763555796	1.490539916935856	1.040118870728083	1.457178616127302	0.990535635537162	1.354099069868051	0.9639621227604059	1.2392875147034113	0.9326886808627369	1.1607875307629203	0.9159987509107943	1.1139159354089034	0.8942348155421517	1.0334298911767008	0.8716069586253513	0.9737770280631806	0.8961024939720014	0.9225439620439057	0.8820849280116638	0.9210231933775822	0.837874911948986	4.643714971977582	4.641914934688887	1.513695338779433	2.6933615830149504	1.7700480748060785	4.119850187265917	4.761904761904762	5.212685194819772	4.8165517241379305	6.371300000000001	0.22511649624615698	18.27728425357873	-1.539758488881019e-05	11.648152814775441	-1.1222588826790564e-05	9.225780454070815	-1.0590337164564308e-05	8.057036566971	-5.461186257034008e-06	7.348678013502	-5.620219300957124e-06	6.850361067141157	-5.777080933437629e-06	6.474297031866147	-5.936987192731228e-06	6.169650520928086	-4.8838975455972885e-06	5.910471898930141	-6.282946199131697e-06	5.686417138878031	-6.471612272765514e-06	5.487838858536819	-6.672422743353266e-06	5.308240374334498	-6.8892633586261154e-06	5.144780042200461	-5.6950770330357184e-06	4.992232477382802	-4.421746147553669e-06	4.853230105265732	-4.584751422419129e-06	4.7207674477678285	-4.7628195256549275e-06	4.59773697729544	-4.955532356322599e-06	4.479573913926071	-5.160935161451255e-06	4.368932108524433	-7.178029487345134e-06	4.263510852564896	-7.501354932234635e-06	4.164490764270591	-7.849355175472335e-06	4.069694617669887	-8.235231142350087e-06	3.978179489065942	-6.491637688717318e-06	3.892040406249573	-6.8346315336229695e-06	3.8066979783540944	-7.207311096376164e-06	3.7279302892002613	-7.619241123584091e-06	3.651414862171634	-8.068810818661545e-06	3.5756915406424525	-8.556930686009133e-06	3.509091956916712	-9.09956746722639e-06
14	1175	0	0	0	1964	12579	1103	4654	721	1964	536	1076	451	709	424	537	393	439	365	404	355	400	339	365	327	358	334	342	318	332	308	323	308	320	317	303	300	312	294	312	296	294	293	294	275	294	266	277	250	270	242	261	233	247	233	234	226	234	215	232	211	3393	3405	62.0	170.5996149183929	103.88426303863525	12	1	0.7991428375244141	5.728912725499756	0.0			4.569992553983618	6.868478385506249	3.9920376402461093	8.278340062968036	2.9609856262833674	8.014690879412365	2.253805399041292	6.469456469456469	1.8830111477600102	5.1395433127944905	1.7502579979360167	4.153774752475248	1.583081570996979	3.391532756489493	1.4298025697273582	3.0307576894223556	1.3588516746411483	2.8638934631631705	1.272474756953568	2.5049756365383296	1.2030462455391635	2.3571240452989204	1.2097504436958961	2.136164896939413	1.1299836543244972	1.9835105747401123	1.082410824108241	1.84645286686103	1.071453419606206	1.7419706042460534	1.0926889800420532	1.5692164275726346	1.0242753252074157	1.5523160356236627	0.9990145774576098	1.4901136689273091	1.0012515644555695	1.3567143516382096	0.9894637309198974	1.3141426783479349	0.932867464975067	1.2719013627514602	0.9060562708631379	1.1636699714333727	0.8572506257929569	1.1074651353568499	0.839665521668228	1.0457987738910928	0.8170851451816523	0.9668832693963829	0.8289160055498238	0.8971016715227726	0.8133299744484832	0.8811236208909138	0.7836704938946601	0.865090610783802	0.7822637452267082	4.38156977194659	4.38195740299852	1.4896684286400768	2.5995041440622417	1.6990242113552336	4.49438202247191	4.761904761904762	5.202441260036262	4.8165517241379305	6.371300000000001	0.22511649624615698	18.27728425357873	-1.539758488881019e-05	11.648152814775441	-1.1222588826790564e-05	9.225780454070815	-1.0590337164564308e-05	8.057036566971	-5.461186257034008e-06	7.348678013502	-5.620219300957124e-06	6.850361067141157	-5.777080933437629e-06	6.474297031866147	-5.936987192731228e-06	6.169650520928086	-4.8838975455972885e-06	5.910471898930141	-6.282946199131697e-06	5.686417138878031	-6.471612272765514e-06	5.487838858536819	-6.672422743353266e-06	5.308240374334498	-6.8892633586261154e-06	5.144780042200461	-5.6950770330357184e-06	4.992232477382802	-4.421746147553669e-06	4.853230105265732	-4.584751422419129e-06	4.7207674477678285	-4.7628195256549275e-06	4.59773697729544	-4.955532356322599e-06	4.479573913926071	-5.160935161451255e-06	4.368932108524433	-7.178029487345134e-06	4.263510852564896	-7.501354932234635e-06	4.164490764270591	-7.849355175472335e-06	4.069694617669887	-8.235231142350087e-06	3.978179489065942	-6.491637688717318e-06	3.892040406249573	-6.8346315336229695e-06	3.8066979783540944	-7.207311096376164e-06	3.7279302892002613	-7.619241123584091e-06	3.651414862171634	-8.068810818661545e-06	3.5756915406424525	-8.556930686009133e-06	3.509091956916712	-9.09956746722639e-06
15	792	0	0	0	2328	14247	1025	4999	578	1751	449	842	345	523	321	390	273	321	256	304	259	257	244	259	248	252	238	248	240	249	231	240	218	231	198	219	195	207	192	200	181	194	179	181	174	183	163	175	161	163	165	158	171	165	163	169	158	164	150	158	142	3265	3277	56.0	151.04451094616797	89.25264739990234	12	1	0.8050851821899414	3.8615309605070696	0.0			5.416976917349218	7.779252051697873	3.7097357944263485	8.892011597502623	2.373716632443532	7.14548051418078	1.8879825077789927	5.062530062530062	1.4404409001711829	3.7912287060529173	1.325077399380805	3.0167079207920793	1.0996978851963748	2.4799134734239803	1.0028204324663115	2.280570142535634	0.9913875598086125	1.840051550082337	0.9158815359783792	1.777503259899801	0.9124020455465214	1.6592046352383463	0.8620377413162374	1.5490318550905684	0.8528178523203752	1.4876329310550842	0.8118081180811807	1.371977362373521	0.7583663814095875	1.2574850299401197	0.6824997414773707	1.134186130819825	0.6657789613848202	1.0299019851733917	0.6524176832376227	0.9552010698251981	0.612251801238034	0.8952468850946008	0.6044846683776848	0.809047023064545	0.5902506869296787	0.791693705386113	0.5552149328973364	0.7351705595698201	0.5520694030106642	0.6685808039376538	0.5724992193192464	0.63308891293024	0.5996633468929724	0.6458936819854381	0.5798854459425806	0.6479067627664469	0.5686112210746033	0.6175396317355123	0.5467468562055768	0.5891565366544859	0.5264523783042301	4.216276246803894	4.21723183836304	1.3455069678039404	2.301534105632301	1.4597245475341052	4.49438202247191	4.761904761904762	5.241126082845991	4.8165517241379305	6.371300000000001	0.22511649624615698	18.27728425357873	-1.539758488881019e-05	11.648152814775441	-1.1222588826790564e-05	9.225780454070815	-1.0590337164564308e-05	8.057036566971	-5.461186257034008e-06	7.348678013502	-5.620219300957124e-06	6.850361067141157	-5.777080933437629e-06	6.474297031866147	-5.936987192731228e-06	6.169650520928086	-4.8838975455972885e-06	5.910471898930141	-6.282946199131697e-06	5.686417138878031	-6.471612272765514e-06	5.487838858536819	-6.672422743353266e-06	5.308240374334498	-6.8892633586261154e-06	5.144780042200461	-5.6950770330357184e-06	4.992232477382802	-4.421746147553669e-06	4.853230105265732	-4.584751422419129e-06	4.7207674477678285	-4.7628195256549275e-06	4.59773697729544	-4.955532356322599e-06	4.479573913926071	-5.160935161451255e-06	4.368932108524433	-7.178029487345134e-06	4.263510852564896	-7.501354932234635e-06	4.164490764270591	-7.849355175472335e-06	4.069694617669887	-8.235231142350087e-06	3.978179489065942	-6.491637688717318e-06	3.892040406249573	-6.8346315336229695e-06	3.8066979783540944	-7.207311096376164e-06	3.7279302892002613	-7.619241123584091e-06	3.651414862171634	-8.068810818661545e-06	3.5756915406424525	-8.556930686009133e-06	3.509091956916712	-9.09956746722639e-06
16	2656	0	0	0	2511	13509	882	3237	440	998	305	486	231	307	192	232	179	192	169	179	149	171	157	149	135	157	123	135	119	121	110	119	108	109	106	110	97	109	101	99	99	101	108	103	101	106	103	100	100	102	96	95	93	99	96	96	103	100	107	103	106	3391	3403	51.0	132.56603361050236	76.25025939941406	12	1	0.8066349029541016	12.94978059483179	0.0			5.842795979151154	7.376283846872083	3.1921824104234524	5.757839876198438	1.8069815195071868	4.072638237094471	1.2824825498276007	2.922077922077922	0.964469124462444	2.2254440014498007	0.7925696594427245	1.7945544554455444	0.7210473313192346	1.4833127317676145	0.6620181761203384	1.3428357089272318	0.570334928229665	1.2243144555022554	0.5893172178221538	1.022579095463592	0.49667046834185646	1.0337108243350013	0.4455068999239378	0.8432229856339788	0.42285551844218605	0.722905962480583	0.3865752943243718	0.6802721088435374	0.37570444583594237	0.5933587370713119	0.3653786494777843	0.5696825314620125	0.3311823551503978	0.5423155380864719	0.3431988854531245	0.4728245295634731	0.33487805703074786	0.4660821412090448	0.3647170066189383	0.46039692472733773	0.34261677804538826	0.4585766818083496	0.35084133796580147	0.4200974626113258	0.3429002503171827	0.4183757178014766	0.33309045487665245	0.38065472612894174	0.32613269743302004	0.38753620919126286	0.34152762460421926	0.36804171139395797	0.3706769352574945	0.37654855593628794	0.3900127574266448	0.38407040047729135	0.3929855781707634	4.378987060616235	4.37938356605109	1.22537241710716	2.019969118319752	1.247070856088574	4.49438202247191	4.761904761904762	5.251214806496418	4.8165517241379305	6.371300000000001	0.22511649624615698	18.27728425357873	-1.539758488881019e-05	11.648152814775441	-1.1222588826790564e-05	9.225780454070815	-1.0590337164564308e-05	8.057036566971	-5.461186257034008e-06	7.348678013502	-5.620219300957124e-06	6.850361067141157	-5.777080933437629e-06	6.474297031866147	-5.936987192731228e-06	6.169650520928086	-4.8838975455972885e-06	5.910471898930141	-6.282946199131697e-06	5.686417138878031	-6.471612272765514e-06	5.487838858536819	-6.672422743353266e-06	5.308240374334498	-6.8892633586261154e-06	5.144780042200461	-5.6950770330357184e-06	4.992232477382802	-4.421746147553669e-06	4.853230105265732	-4.584751422419129e-06	4.7207674477678285	-4.7628195256549275e-06	4.59773697729544	-4.955532356322599e-06	4.479573913926071	-5.160935161451255e-06	4.368932108524433	-7.178029487345134e-06	4.263510852564896	-7.501354932234635e-06	4.164490764270591	-7.849355175472335e-06	4.069694617669887	-8.235231142350087e-06	3.978179489065942	-6.491637688717318e-06	3.892040406249573	-6.8346315336229695e-06	3.8066979783540944	-7.207311096376164e-06	3.7279302892002613	-7.619241123584091e-06	3.651414862171634	-8.068810818661545e-06	3.5756915406424525	-8.556930686009133e-06	3.509091956916712	-9.09956746722639e-06
17	2869	0	0	0	2598	13391	751	2598	328	732	224	317	163	216	129	154	124	131	108	118	96	104	86	94	77	86	75	75	68	74	68	66	64	65	72	65	69	74	66	75	75	68	77	73	80	77	85	82	85	84	85	87	82	86	81	80	76	81	80	75	83	3338	3350	48.0	119.21965860271872	67.96134948730469	12	1	0.8006772994995117	13.988298391028767	0.0			6.045234549516009	7.311852616290181	2.7180600796235974	4.621213468756114	1.3470225872689938	2.9871454805141804	0.9418888234799428	1.905964405964406	0.6805561354431966	1.565784704603117	0.5325077399380804	1.1912128712871288	0.499496475327291	1.0120519159456118	0.42306486994672515	0.8852213053263315	0.3674641148325359	0.7446123004224243	0.322810705303855	0.6451170132454876	0.28328611898017	0.5662365025019753	0.27165054873410843	0.4684572142410993	0.2416317248241063	0.4421077787071335	0.23897381830961165	0.37729377465271824	0.2226396716064844	0.3538377789874796	0.24818172417358933	0.3366305867730074	0.23558332479770563	0.36817752126971487	0.2242685786129328	0.35820040118444935	0.2536954977505666	0.3137978772496539	0.26002971768202077	0.3263007330591811	0.27137962617456496	0.33311702357776335	0.289529259486341	0.3444799193412872	0.2914652127696053	0.3445447087776866	0.29492384025536933	0.3485995912970309	0.28755786225277036	0.3366476160651374	0.28816393325981005	0.30670142616163165	0.2735091949472775	0.30500433030839325	0.29159832330964097	0.2796629129689015	0.3077151225299374	4.310545210361838	4.311176886944212	1.1532916866890917	1.8166043149610906	1.1115059667156895	4.49438202247191	4.761904761904762	5.212430648561515	4.8165517241379305	6.371300000000001	0.22511649624615698	18.27728425357873	-1.539758488881019e-05	11.648152814775441	-1.1222588826790564e-05	9.225780454070815	-1.0590337164564308e-05	8.057036566971	-5.461186257034008e-06	7.348678013502	-5.620219300957124e-06	6.850361067141157	-5.777080933437629e-06	6.474297031866147	-5.936987192731228e-06	6.169650520928086	-4.8838975455972885e-06	5.910471898930141	-6.282946199131697e-06	5.686417138878031	-6.471612272765514e-06	5.487838858536819	-6.672422743353266e-06	5.308240374334498	-6.8892633586261154e-06	5.144780042200461	-5.6950770330357184e-06	4.992232477382802	-4.421746147553669e-06	4.853230105265732	-4.584751422419129e-06	4.7207674477678285	-4.7628195256549275e-06	4.59773697729544	-4.955532356322599e-06	4.479573913926071	-5.160935161451255e-06	4.368932108524433	-7.178029487345134e-06	4.263510852564896	-7.501354932234635e-06	4.164490764270591	-7.849355175472335e-06	4.069694617669887	-8.235231142350087e-06	3.978179489065942	-6.491637688717318e-06	3.892040406249573	-6.8346315336229695e-06	3.8066979783540944	-7.207311096376164e-06	3.7279302892002613	-7.619241123584091e-06	3.651414862171634	-8.068810818661545e-06	3.5756915406424525	-8.556930686009133e-06	3.509091956916712	-9.09956746722639e-06
18	537	0	0	0	3352	19109	815	3737	339	838	215	342	129	215	85	129	67	83	53	64	54	55	60	54	67	57	62	69	58	62	50	55	49	51	51	49	57	54	56	54	61	59	57	60	57	60	51	55	55	52	52	57	55	53	57	55	54	56	56	57	60	2891	2903	45.0	106.17621318228693	61.06806468963623	12	1	0.8038320541381836	2.6182350073135057	0.0			7.79970215934475	10.434037162623335	2.949692363373145	6.647218911755812	1.3921971252566734	3.4197102632115897	0.9040450761079809	2.0562770562770565	0.5385996409335727	1.5585357013410657	0.3508771929824561	0.9978341584158416	0.26988922457200404	0.6412237330037083	0.20761516765904103	0.4801200300075019	0.20669856459330144	0.39378535118493596	0.22521677114222438	0.3705991352686844	0.24649571391781025	0.37529628654200686	0.22456445362019634	0.4309806371018114	0.20609764764409066	0.37041462540327397	0.17571604287471446	0.31441147887726517	0.17045849857371462	0.27762656505171474	0.17579538795629246	0.25376767310580556	0.194612311789409	0.2686700830887109	0.19028849094430664	0.25790428885280353	0.2063390048371275	0.27226580526072913	0.1924895312711063	0.26819238333631323	0.19335798364937754	0.25957170668397145	0.17371755569180464	0.23105360443622922	0.1885951376744505	0.21328958162428222	0.18042399639152007	0.22839283567736507	0.19287417590124842	0.2074688796680498	0.20278202710875523	0.21085723048612173	0.19433548062043401	0.21086719132432127	0.20411882631674866	0.21254381385636514	0.22244466688911133	3.7333092280275837	3.7359243291937454	1.0812109562710235	1.6178553878929878	0.9987664869866958	4.49438202247191	4.761904761904762	5.232968185691123	4.8165517241379305	6.371300000000001	0.22511649624615698	18.27728425357873	-1.539758488881019e-05	11.648152814775441	-1.1222588826790564e-05	9.225780454070815	-1.0590337164564308e-05	8.057036566971	-5.461186257034008e-06	7.348678013502	-5.620219300957124e-06	6.850361067141157	-5.777080933437629e-06	6.474297031866147	-5.936987192731228e-06	6.169650520928086	-4.8838975455972885e-06	5.910471898930141	-6.282946199131697e-06	5.686417138878031	-6.471612272765514e-06	5.487838858536819	-6.672422743353266e-06	5.308240374334498	-6.8892633586261154e-06	5.144780042200461	-5.6950770330357184e-06	4.992232477382802	-4.421746147553669e-06	4.853230105265732	-4.584751422419129e-06	4.7207674477678285	-4.7628195256549275e-06	4.59773697729544	-4.955532356322599e-06	4.479573913926071	-5.160935161451255e-06	4.368932108524433	-7.178029487345134e-06	4.263510852564896	-7.501354932234635e-06	4.164490764270591	-7.849355175472335e-06	4.069694617669887	-8.235231142350087e-06	3.978179489065942	-6.491637688717318e-06	3.892040406249573	-6.8346315336229695e-06	3.8066979783540944	-7.207311096376164e-06	3.7279302892002613	-7.619241123584091e-06	3.651414862171634	-8.068810818661545e-06	3.5756915406424525	-8.556930686009133e-06	3.509091956916712	-9.09956746722639e-06
19	153	0	0	0	3623	22812	726	3623	262	691	121	247	83	117	63	78	56	62	51	57	41	53	35	38	35	33	38	37	37	34	38	38	39	40	41	39	40	41	41	40	38	42	42	37	42	43	43	43	46	43	49	45	56	51	52	52	52	52	60	57	62	2694	2705	42.0	92.2560596623205	54.713149070739746	11	1	0.7863082885742188	0.7459775719161386	0.0			8.430286671630679	12.45597654266385	2.6275787187839303	6.444440491648732	1.0759753593429158	2.8198326872066923	0.5087881591119334	1.485088985088985	0.34654085424408165	0.8481333816600217	0.26006191950464397	0.6033415841584159	0.2255790533736153	0.4789864029666254	0.199780633030398	0.42760690172543137	0.15693779904306218	0.37946588386912006	0.13137644983296423	0.26079198407796306	0.12876641771825909	0.21727679747168818	0.1376362780252816	0.23110555902560898	0.13147608556605786	0.2031306010276019	0.133544192584783	0.21722974904247414	0.13567104988520143	0.21774632553075668	0.14132570404329392	0.20197835206380446	0.13657004336098877	0.20399024827105824	0.13931835944136736	0.19104021396503965	0.1285390521936204	0.19381633594831565	0.14183439146292046	0.16538530305739316	0.1424743037416466	0.18602638979017955	0.14646774303426663	0.1806419089228701	0.15773411514590405	0.1763740771123872	0.1700149196766247	0.18031013342949875	0.19638097909945293	0.19963986534095357	0.1849941299939521	0.19935592700506058	0.1871378702270846	0.19580524908686972	0.2186987424822307	0.21254381385636514	0.22985948911874837	3.4789121619876546	3.4811144713982367	1.0091302258529553	1.4057476596402316	0.8948320200924259	4.119850187265917	4.761904761904762	5.118888002874758	4.8165517241379305	6.371300000000001	0.22511649624615698	18.27728425357873	-1.539758488881019e-05	11.648152814775441	-1.1222588826790564e-05	9.225780454070815	-1.0590337164564308e-05	8.057036566971	-5.461186257034008e-06	7.348678013502	-5.620219300957124e-06	6.850361067141157	-5.777080933437629e-06	6.474297031866147	-5.936987192731228e-06	6.169650520928086	-4.8838975455972885e-06	5.910471898930141	-6.282946199131697e-06	5.686417138878031	-6.471612272765514e-06	5.487838858536819	-6.672422743353266e-06	5.308240374334498	-6.8892633586261154e-06	5.144780042200461	-5.6950770330357184e-06	4.992232477382802	-4.421746147553669e-06	4.853230105265732	-4.584751422419129e-06	4.7207674477678285	-4.7628195256549275e-06	4.59773697729544	-4.955532356322599e-06	4.479573913926071	-5.160935161451255e-06	4.368932108524433	-7.178029487345134e-06	4.263510852564896	-7.501354932234635e-06	4.164490764270591	-7.849355175472335e-06	4.069694617669887	-8.235231142350087e-06	3.978179489065942	-6.491637688717318e-06	3.892040406249573	-6.8346315336229695e-06	3.8066979783540944	-7.207311096376164e-06	3.7279302892002613	-7.619241123584091e-06	3.651414862171634	-8.068810818661545e-06	3.5756915406424525	-8.556930686009133e-06	3.509091956916712	-9.09956746722639e-06
20	62	0	0	0	3713	23333	711	3203	229	595	110	197	75	102	49	71	48	47	36	41	35	36	33	33	28	34	32	34	29	30	30	29	31	30	34	32	37	37	35	37	43	36	43	42	42	41	38	39	43	40	45	41	44	43	50	47	56	56	59	58	59	2667	2679	41.0	84.93775958746785	52.01968765258789	12	1	0.7867765426635742	0.3022915650901999	0.0			8.63970588235294	12.740456806504277	2.57328990228013	5.697362101780537	0.9404517453798769	2.428075902876964	0.46253469010175763	1.1844636844636844	0.3131393261241702	0.7393983327292497	0.20227038183694532	0.5491955445544554	0.1933534743202417	0.3631025957972806	0.14102162331557505	0.3075768942235559	0.1339712918660287	0.2577504116846853	0.12386922412822342	0.22647724933086266	0.10301313417460728	0.2238609428496181	0.11590423412655294	0.21236727045596504	0.10304882382204533	0.1792328832596487	0.10542962572482868	0.1657805979534671	0.10784109093439087	0.16330974414806748	0.11719692530419495	0.16572582733440364	0.1263272901089146	0.18408876063485743	0.11893030684019165	0.17671219791766168	0.14545208537699153	0.16612828795569912	0.14521140078346614	0.18773466833541927	0.1424743037416466	0.1773739995673805	0.1294366101233054	0.16383801041841706	0.14744710763638857	0.16406890894175555	0.15613615072343084	0.1642825660135433	0.15429934072099874	0.1683238080325687	0.17787897114803086	0.18018708786995857	0.20153309101378342	0.21086719132432127	0.21505376344086022	0.2162726526959505	0.21873725577429282	3.4440455590278676	3.447654591081655	0.9851033157135992	1.2942353834772948	0.850780534064275	4.49438202247191	4.761904761904762	5.121936349528519	4.8165517241379305	6.371300000000001	0.22511649624615698	18.27728425357873	-1.539758488881019e-05	11.648152814775441	-1.1222588826790564e-05	9.225780454070815	-1.0590337164564308e-05	8.057036566971	-5.461186257034008e-06	7.348678013502	-5.620219300957124e-06	6.850361067141157	-5.777080933437629e-06	6.474297031866147	-5.936987192731228e-06	6.169650520928086	-4.8838975455972885e-06	5.910471898930141	-6.282946199131697e-06	5.686417138878031	-6.471612272765514e-06	5.487838858536819	-6.672422743353266e-06	5.308240374334498	-6.8892633586261154e-06	5.144780042200461	-5.6950770330357184e-06	4.992232477382802	-4.421746147553669e-06	4.853230105265732	-4.584751422419129e-06	4.7207674477678285	-4.7628195256549275e-06	4.59773697729544	-4.955532356322599e-06	4.479573913926071	-5.160935161451255e-06	4.368932108524433	-7.178029487345134e-06	4.263510852564896	-7.501354932234635e-06	4.164490764270591	-7.849355175472335e-06	4.069694617669887	-8.235231142350087e-06	3.978179489065942	-6.491637688717318e-06	3.892040406249573	-6.8346315336229695e-06	3.8066979783540944	-7.207311096376164e-06	3.7279302892002613	-7.619241123584091e-06	3.651414862171634	-8.068810818661545e-06	3.5756915406424525	-8.556930686009133e-06	3.509091956916712	-9.09956746722639e-06
