	counts(inten<0.01	MicrocoloniesPlatonic	MicrocoloniesAggregates	MicrocoloniesLarge	counts(Norminten<0.01	counts(inten<0.02	counts(Norminten<0.02	counts(inten<0.03	counts(Norminten<0.03	counts(inten<0.04	counts(Norminten<0.04	counts(inten<0.05	counts(Norminten<0.05	counts(inten<0.060000000000000005	counts(Norminten<0.060000000000000005	counts(inten<0.06999999999999999	counts(Norminten<0.06999999999999999	counts(inten<0.08	counts(Norminten<0.08	counts(inten<0.09	counts(Norminten<0.09	counts(inten<0.09999999999999999	counts(Norminten<0.09999999999999999	counts(inten<0.11	counts(Norminten<0.11	counts(inten<0.12	counts(Norminten<0.12	counts(inten<0.13	counts(Norminten<0.13	counts(inten<0.14	counts(Norminten<0.14	counts(inten<0.15000000000000002	counts(Norminten<0.15000000000000002	counts(inten<0.16	counts(Norminten<0.16	counts(inten<0.17	counts(Norminten<0.17	counts(inten<0.18000000000000002	counts(Norminten<0.18000000000000002	counts(inten<0.19	counts(Norminten<0.19	counts(inten<0.2	counts(Norminten<0.2	counts(inten<0.21000000000000002	counts(Norminten<0.21000000000000002	counts(inten<0.22	counts(Norminten<0.22	counts(inten<0.23	counts(Norminten<0.23	counts(inten<0.24000000000000002	counts(Norminten<0.24000000000000002	counts(inten<0.25	counts(Norminten<0.25	counts(inten<0.26	counts(Norminten<0.26	counts(inten<0.27	counts(Norminten<0.27	counts(inten<0.28	counts(Norminten<0.28	counts(inten<0.29000000000000004	counts(Norminten<0.29000000000000004	diff	max	med	std	mean	min	eigenLocal	minProp	counts(inten<0.01Normalized	MicrocoloniesPlatonicNormalized	MicrocoloniesAggregatesNormalized	MicrocoloniesLargeNormalized	counts(Norminten<0.01Normalized	counts(inten<0.02Normalized	counts(Norminten<0.02Normalized	counts(inten<0.03Normalized	counts(Norminten<0.03Normalized	counts(inten<0.04Normalized	counts(Norminten<0.04Normalized	counts(inten<0.05Normalized	counts(Norminten<0.05Normalized	counts(inten<0.060000000000000005Normalized	counts(Norminten<0.060000000000000005Normalized	counts(inten<0.06999999999999999Normalized	counts(Norminten<0.06999999999999999Normalized	counts(inten<0.08Normalized	counts(Norminten<0.08Normalized	counts(inten<0.09Normalized	counts(Norminten<0.09Normalized	counts(inten<0.09999999999999999Normalized	counts(Norminten<0.09999999999999999Normalized	counts(inten<0.11Normalized	counts(Norminten<0.11Normalized	counts(inten<0.12Normalized	counts(Norminten<0.12Normalized	counts(inten<0.13Normalized	counts(Norminten<0.13Normalized	counts(inten<0.14Normalized	counts(Norminten<0.14Normalized	counts(inten<0.15000000000000002Normalized	counts(Norminten<0.15000000000000002Normalized	counts(inten<0.16Normalized	counts(Norminten<0.16Normalized	counts(inten<0.17Normalized	counts(Norminten<0.17Normalized	counts(inten<0.18000000000000002Normalized	counts(Norminten<0.18000000000000002Normalized	counts(inten<0.19Normalized	counts(Norminten<0.19Normalized	counts(inten<0.2Normalized	counts(Norminten<0.2Normalized	counts(inten<0.21000000000000002Normalized	counts(Norminten<0.21000000000000002Normalized	counts(inten<0.22Normalized	counts(Norminten<0.22Normalized	counts(inten<0.23Normalized	counts(Norminten<0.23Normalized	counts(inten<0.24000000000000002Normalized	counts(Norminten<0.24000000000000002Normalized	counts(inten<0.25Normalized	counts(Norminten<0.25Normalized	counts(inten<0.26Normalized	counts(Norminten<0.26Normalized	counts(inten<0.27Normalized	counts(Norminten<0.27Normalized	counts(inten<0.28Normalized	counts(Norminten<0.28Normalized	counts(inten<0.29000000000000004Normalized	counts(Norminten<0.29000000000000004Normalized	diffNormalized	maxNormalized	medNormalized	stdNormalized	meanNormalized	minNormalized	eigenLocalNormalized	minPropNormalized	BioVolume	SubstratumCoverage	Homogenity	ThicknessThreshold=0.01	RoughnessThreshold=0.01	ThicknessThreshold=0.02	RoughnessThreshold=0.02	ThicknessThreshold=0.03	RoughnessThreshold=0.03	ThicknessThreshold=0.04	RoughnessThreshold=0.04	ThicknessThreshold=0.05	RoughnessThreshold=0.05	ThicknessThreshold=0.060000000000000005	RoughnessThreshold=0.060000000000000005	ThicknessThreshold=0.06999999999999999	RoughnessThreshold=0.06999999999999999	ThicknessThreshold=0.08	RoughnessThreshold=0.08	ThicknessThreshold=0.09	RoughnessThreshold=0.09	ThicknessThreshold=0.09999999999999999	RoughnessThreshold=0.09999999999999999	ThicknessThreshold=0.11	RoughnessThreshold=0.11	ThicknessThreshold=0.12	RoughnessThreshold=0.12	ThicknessThreshold=0.13	RoughnessThreshold=0.13	ThicknessThreshold=0.14	RoughnessThreshold=0.14	ThicknessThreshold=0.15000000000000002	RoughnessThreshold=0.15000000000000002	ThicknessThreshold=0.16	RoughnessThreshold=0.16	ThicknessThreshold=0.17	RoughnessThreshold=0.17	ThicknessThreshold=0.18000000000000002	RoughnessThreshold=0.18000000000000002	ThicknessThreshold=0.19	RoughnessThreshold=0.19	ThicknessThreshold=0.2	RoughnessThreshold=0.2	ThicknessThreshold=0.21000000000000002	RoughnessThreshold=0.21000000000000002	ThicknessThreshold=0.22	RoughnessThreshold=0.22	ThicknessThreshold=0.23	RoughnessThreshold=0.23	ThicknessThreshold=0.24000000000000002	RoughnessThreshold=0.24000000000000002	ThicknessThreshold=0.25	RoughnessThreshold=0.25	ThicknessThreshold=0.26	RoughnessThreshold=0.26	ThicknessThreshold=0.27	RoughnessThreshold=0.27	ThicknessThreshold=0.28	RoughnessThreshold=0.28	ThicknessThreshold=0.29000000000000004	RoughnessThreshold=0.29000000000000004
0	1	19	0	0	2206	1	2358	4	2466	118	2598	212	2761	199	2866	215	2884	206	2939	212	3028	169	3083	195	3119	230	3150	243	3176	274	3195	300	3174	391	3082	443	3059	562	3001	673	2914	845	2861	1036	2896	1202	2838	1379	2823	1612	2800	1842	2693	2021	2610	2107	2586	2333	2502	2503	2443	4041	4095	1034.0	552.8436648916256	1092.9004125595093	54	1	0.5417718887329102	4.761904761904762	6.418918918918918			5.473537950028534	0.04748338081671415	6.680265170831208	0.006777937812420571	7.427710843373495	0.09204439972230673	8.026445872466633	0.18233735851653077	8.640545784565312	0.23903042533001814	8.960450211036424	0.3643820757914718	9.038202388040991	0.4749608042054782	9.264279409910477	0.6286324279444906	9.518121522647974	0.6176900584795322	9.607054937521424	0.8368739539075576	9.655449958208216	1.0938317401436248	9.698873083317938	1.249357326478149	9.732777641578819	1.4696417077880284	9.691803676515196	1.65371258475277	9.588254840950972	2.150833379173772	9.319061441702951	2.421558981086695	9.22163270227903	3.0487143322122168	9.04188008436276	3.5966224882428386	8.760748000721543	4.43942418829463	8.57691039362053	5.35289862560711	8.663914318195417	6.042933990246845	8.520475561426684	6.780077683268597	8.474678034282968	7.65904879555281	8.419280151547042	8.515556377421293	8.112423183516086	9.031594941234303	7.877105088428804	9.15808232277133	7.838263821532493	9.807465949218093	7.612267250821468	10.153746298324611	7.433439829605963	4.743625862797577	4.761904761904762	10.375275938189846	4.187576384971746	7.782910924950668	6.691449814126393	4.761904761904762	3.5913074894529773	21.046153846153842	2.8561000000000005	0.07629062966953763	20.997268676757812	-1.9073504518036383e-05	20.332557982064877	-1.716646511965026e-05	17.432510324207808	-1.9092404373306147e-05	14.658362620467532	-1.4395655966855441e-05	12.77154967647612	-1.260357961051061e-05	11.453812345523776	-1.0805978653280352e-05	10.501147606093689	-1.197503205815874e-05	9.782811619369678	-9.13952397297138e-06	9.222229697489725	-9.315342990928926e-06	8.774784151414705	-8.453264016568397e-06	8.41184150091051	-8.645807215790702e-06	8.107005829335305	-7.748840164673924e-06	7.848757757272212	-7.951816535688889e-06	7.628417132564067	-9.34521577519149e-06	7.4389508149360815	-8.426232547165837e-06	7.276996355850967	-6.216570392713185e-06	7.142414705193023	-1.0302096090225758e-05	7.026040203827789	-8.024726858359559e-06	6.9281568782530965	-8.354672559495712e-06	6.845131623722809	-8.725483209988934e-06	6.774015827058065	-9.12399046847129e-06	6.71306257035872	-1.1177573316896978e-05	6.6601562762787	-1.3454717307980161e-05	6.616291127328255	-1.4204822892492574e-05	6.581646213213388	-1.5037028683132213e-05	6.550754436276758	-1.5954275047713253e-05	6.528283334536759	-1.6989574772180422e-05	6.508629598071031	-2.2661810995963933e-05	6.493429127230919	-2.4255772267405336e-05
1	1	18	0	0	2332	1	2485	2	2617	114	2794	285	2941	318	3078	274	3237	262	3362	234	3434	219	3528	175	3642	185	3767	194	3877	230	3958	221	4035	254	4076	303	4121	341	4187	366	4180	428	4204	524	4223	598	4227	734	4228	874	4181	970	4145	1130	4122	1323	4053	1542	4065	1773	4044	4059	4095	1163.0	753.7534956029439	1266.9740591049194	36	1	0.5521936416625977	4.761904761904762	6.081081081081082			5.786169764037417	0.04748338081671415	7.04005892685138	0.0033889689062102856	7.882530120481928	0.08892425057917769	8.631982204646564	0.2451233357415626	9.203855542342117	0.3819682173615365	9.62326090354854	0.46437529659006166	10.144473346077909	0.6040763626302683	10.597654772412055	0.6938678685802396	10.794329362210418	0.8004385964912282	10.9937365616528	0.7510407278657568	11.274494628981827	0.8798211822894374	11.59862060471704	0.9974293059125963	11.880975729345428	1.2336408496030895	12.006309531031972	1.2182349374345405	12.189227562456576	1.3972165685681281	12.324625060474117	1.6562807477861592	12.423127939225854	1.8498426820006508	12.615245555890327	1.9559640872167592	12.566893151343875	2.2486077545444996	12.603051833198428	2.707450656195102	12.63387781966134	3.006384797144437	12.69064489011649	3.6088303259747283	12.692503977665034	4.152610823395259	12.571789397720782	4.484304932735426	12.486444149897578	5.049827948339813	12.44039355344963	5.750423784065719	12.284796314258003	6.482259963006558	12.367652427893391	7.19240598758671	12.304883614787768	4.764755599380194	4.761904761904762	11.669676901464982	5.709390445661603	9.022547830450057	4.4609665427509295	4.761904761904762	3.660391397510944	21.046153846153842	2.8561000000000005	0.07629062966953763	20.997268676757812	-1.9073504518036383e-05	20.332557982064877	-1.716646511965026e-05	17.432510324207808	-1.9092404373306147e-05	14.658362620467532	-1.4395655966855441e-05	12.77154967647612	-1.260357961051061e-05	11.453812345523776	-1.0805978653280352e-05	10.501147606093689	-1.197503205815874e-05	9.782811619369678	-9.13952397297138e-06	9.222229697489725	-9.315342990928926e-06	8.774784151414705	-8.453264016568397e-06	8.41184150091051	-8.645807215790702e-06	8.107005829335305	-7.748840164673924e-06	7.848757757272212	-7.951816535688889e-06	7.628417132564067	-9.34521577519149e-06	7.4389508149360815	-8.426232547165837e-06	7.276996355850967	-6.216570392713185e-06	7.142414705193023	-1.0302096090225758e-05	7.026040203827789	-8.024726858359559e-06	6.9281568782530965	-8.354672559495712e-06	6.845131623722809	-8.725483209988934e-06	6.774015827058065	-9.12399046847129e-06	6.71306257035872	-1.1177573316896978e-05	6.6601562762787	-1.3454717307980161e-05	6.616291127328255	-1.4204822892492574e-05	6.581646213213388	-1.5037028683132213e-05	6.550754436276758	-1.5954275047713253e-05	6.528283334536759	-1.6989574772180422e-05	6.508629598071031	-2.2661810995963933e-05	6.493429127230919	-2.4255772267405336e-05
2	1	17	0	0	2610	1	2733	9	2843	92	2942	308	3052	480	3186	454	3290	331	3394	283	3476	251	3581	222	3708	233	3797	258	3867	282	3966	313	4066	335	4121	380	4221	418	4275	467	4353	524	4403	590	4435	671	4530	785	4591	911	4621	1034	4657	1140	4659	1267	4708	1429	4725	1594	4735	4037	4095	1205.0	974.1279329806304	1409.9637422561646	58	1	0.5736160278320312	4.761904761904762	5.743243243243244			6.475944718755428	0.04748338081671415	7.742648308686044	0.015250360077946284	8.563253012048193	0.07176343029196795	9.089223924864063	0.2649052189768466	9.551229892971145	0.5765557997909985	9.96091918086603	0.7694393600433869	10.310570685386567	0.7631651756893848	10.69852477619468	0.8391649863598625	10.92635086285481	0.9173976608187134	11.158891901156087	0.9527488090639887	11.47881001764542	1.1080991106672373	11.690990824558163	1.326478149100257	11.850330963471439	1.5125509547307445	12.030576958078019	1.7253734634253899	12.28287466392774	1.8427856317729248	12.46069182389937	2.077183776101454	12.724587001085252	2.267549094065314	12.880385658330823	2.495724668661821	13.087006193253561	2.752968372386256	13.199628263932608	3.0484654335021184	13.268114641297194	3.373384947966417	13.600336255554222	3.859580117016569	13.782234096844887	4.3284078490996345	13.89481913582103	4.780176598400444	14.02879865043981	5.094516691245475	14.061085290034406	5.507019602729605	14.27012609117362	6.007230536404911	14.375684556407448	6.466269116871526	14.407424311577666	4.7389303657792174	4.761904761904762	12.091109773228977	7.378641354044787	10.040825392032058	7.187112763320942	4.761904761904762	3.8023965061041083	21.046153846153842	2.8561000000000005	0.07629062966953763	20.997268676757812	-1.9073504518036383e-05	20.332557982064877	-1.716646511965026e-05	17.432510324207808	-1.9092404373306147e-05	14.658362620467532	-1.4395655966855441e-05	12.77154967647612	-1.260357961051061e-05	11.453812345523776	-1.0805978653280352e-05	10.501147606093689	-1.197503205815874e-05	9.782811619369678	-9.13952397297138e-06	9.222229697489725	-9.315342990928926e-06	8.774784151414705	-8.453264016568397e-06	8.41184150091051	-8.645807215790702e-06	8.107005829335305	-7.748840164673924e-06	7.848757757272212	-7.951816535688889e-06	7.628417132564067	-9.34521577519149e-06	7.4389508149360815	-8.426232547165837e-06	7.276996355850967	-6.216570392713185e-06	7.142414705193023	-1.0302096090225758e-05	7.026040203827789	-8.024726858359559e-06	6.9281568782530965	-8.354672559495712e-06	6.845131623722809	-8.725483209988934e-06	6.774015827058065	-9.12399046847129e-06	6.71306257035872	-1.1177573316896978e-05	6.6601562762787	-1.3454717307980161e-05	6.616291127328255	-1.4204822892492574e-05	6.581646213213388	-1.5037028683132213e-05	6.550754436276758	-1.5954275047713253e-05	6.528283334536759	-1.6989574772180422e-05	6.508629598071031	-2.2661810995963933e-05	6.493429127230919	-2.4255772267405336e-05
3	1	21	0	0	2835	1	2918	12	3011	152	3094	437	3171	594	3251	511	3327	437	3367	375	3435	336	3495	329	3521	312	3579	325	3650	362	3688	425	3764	452	3803	513	3831	597	3873	690	3913	772	3951	891	3981	1043	3976	1154	3986	1326	4023	1494	4076	1689	4063	1850	4080	1999	4090	2159	4120	4036	4095	1106.0	1040.0473415564093	1382.8435316085815	59	1	0.5944967269897461	4.761904761904762	7.094594594594595			7.034215815199861	0.04748338081671415	8.266757323361098	0.020333813437261712	9.069277108433734	0.11856566743890357	9.558823529411764	0.375855781470396	9.9236402328347	0.7134878022413607	10.16413944036267	0.8660429801369398	10.426525431696385	1.0075624827077376	10.613415710503089	1.1119677381093585	10.797472731273379	1.2280701754385965	10.890903991773394	1.411956568387623	10.89991641643191	1.4838065344556999	11.019767227046	1.6709511568123392	11.185339544005885	1.941643424157906	11.18728386822787	2.3427594950664243	11.370570643144125	2.4863853897354087	11.49915336236091	2.804198097736963	11.548896659833595	3.2385808831507	11.669177463091293	3.687473279179136	11.764175335217365	4.055899968477462	11.844590340857991	4.603699493644724	11.909890504397774	5.243577497360615	11.937072174852888	5.6738286051428295	11.966017231545136	6.300185299567635	12.096701446312053	6.906754195367759	12.278587781660441	7.547928676766323	12.262328725780165	8.041030990568087	12.366634335596508	8.403396670590213	12.443714250943167	8.75826538477141	12.53613266392819	4.737756491524628	4.761904761904762	11.09773228978527	7.877955312390224	9.84769326278186	7.311028500619579	4.761904761904762	3.9408108698421365	21.046153846153842	2.8561000000000005	0.07629062966953763	20.997268676757812	-1.9073504518036383e-05	20.332557982064877	-1.716646511965026e-05	17.432510324207808	-1.9092404373306147e-05	14.658362620467532	-1.4395655966855441e-05	12.77154967647612	-1.260357961051061e-05	11.453812345523776	-1.0805978653280352e-05	10.501147606093689	-1.197503205815874e-05	9.782811619369678	-9.13952397297138e-06	9.222229697489725	-9.315342990928926e-06	8.774784151414705	-8.453264016568397e-06	8.41184150091051	-8.645807215790702e-06	8.107005829335305	-7.748840164673924e-06	7.848757757272212	-7.951816535688889e-06	7.628417132564067	-9.34521577519149e-06	7.4389508149360815	-8.426232547165837e-06	7.276996355850967	-6.216570392713185e-06	7.142414705193023	-1.0302096090225758e-05	7.026040203827789	-8.024726858359559e-06	6.9281568782530965	-8.354672559495712e-06	6.845131623722809	-8.725483209988934e-06	6.774015827058065	-9.12399046847129e-06	6.71306257035872	-1.1177573316896978e-05	6.6601562762787	-1.3454717307980161e-05	6.616291127328255	-1.4204822892492574e-05	6.581646213213388	-1.5037028683132213e-05	6.550754436276758	-1.5954275047713253e-05	6.528283334536759	-1.6989574772180422e-05	6.508629598071031	-2.2661810995963933e-05	6.493429127230919	-2.4255772267405336e-05
4	1	25	0	0	2518	1	2596	4	2660	171	2737	519	2784	590	2858	630	2890	548	2938	507	2973	478	3013	473	3033	476	3095	563	3094	651	3152	740	3194	878	3213	1004	3267	1133	3316	1265	3365	1385	3356	1454	3366	1563	3342	1702	3357	1826	3348	1951	3364	2028	3390	2104	3387	2198	3391	2339	3424	4043	4095	950.0	1013.2439855659029	1269.1572484970093	52	1	0.6151065826416016	4.761904761904762	8.445945945945946			6.247673870431482	0.04748338081671415	7.354524335656411	0.006777937812420571	8.012048192771084	0.13338637586876653	8.455882352941178	0.4463824956135824	8.71252425361457	0.7086831705764357	8.935438486790682	1.0677242220866383	9.057005860415558	1.2634879645854469	9.26112722229227	1.5033803819238525	9.345236224185081	1.747076023391813	9.388925243837837	2.029955795888588	9.389220815404142	2.2637561230798497	9.529527680275878	2.8946015424164524	9.48149056141211	3.4917399699635268	9.561366256142692	4.079157709056832	9.648672325771077	4.82974861103471	9.715166908563134	5.488138187383842	9.848667550946582	6.146251491808615	9.990961132871346	6.760367678495083	10.116649630208647	7.2764526636545135	10.06085679167791	7.512658881884882	10.070005385029617	7.857825147051431	10.033625555422121	8.368159693200255	10.077752093902916	8.675820782059201	10.067053552635535	9.019462808007027	10.133751054343897	9.062877061268267	10.231182471177643	9.145042813056897	10.266125121241513	9.239952917437364	10.317025678471461	9.488458886049248	10.41837821390537	4.745973611306757	4.761904761904762	9.53241019466185	7.674930284318612	9.03809505540822	6.443618339529119	4.761904761904762	4.077429861152598	21.046153846153842	2.8561000000000005	0.07629062966953763	20.997268676757812	-1.9073504518036383e-05	20.332557982064877	-1.716646511965026e-05	17.432510324207808	-1.9092404373306147e-05	14.658362620467532	-1.4395655966855441e-05	12.77154967647612	-1.260357961051061e-05	11.453812345523776	-1.0805978653280352e-05	10.501147606093689	-1.197503205815874e-05	9.782811619369678	-9.13952397297138e-06	9.222229697489725	-9.315342990928926e-06	8.774784151414705	-8.453264016568397e-06	8.41184150091051	-8.645807215790702e-06	8.107005829335305	-7.748840164673924e-06	7.848757757272212	-7.951816535688889e-06	7.628417132564067	-9.34521577519149e-06	7.4389508149360815	-8.426232547165837e-06	7.276996355850967	-6.216570392713185e-06	7.142414705193023	-1.0302096090225758e-05	7.026040203827789	-8.024726858359559e-06	6.9281568782530965	-8.354672559495712e-06	6.845131623722809	-8.725483209988934e-06	6.774015827058065	-9.12399046847129e-06	6.71306257035872	-1.1177573316896978e-05	6.6601562762787	-1.3454717307980161e-05	6.616291127328255	-1.4204822892492574e-05	6.581646213213388	-1.5037028683132213e-05	6.550754436276758	-1.5954275047713253e-05	6.528283334536759	-1.6989574772180422e-05	6.508629598071031	-2.2661810995963933e-05	6.493429127230919	-2.4255772267405336e-05
5	1	32	0	0	1987	1	2009	14	2044	285	2082	741	2135	998	2158	1070	2190	1063	2216	1356	2237	1324	2246	1464	2250	1366	2251	1442	2259	1470	2299	1557	2310	1626	2328	1670	2361	1693	2371	1747	2391	1781	2402	1827	2381	1914	2364	1968	2345	1953	2334	1971	2365	1968	2350	2038	2333	2097	2347	2154	2363	4044	4095	663.0	922.3146961152743	1016.2226390838623	51	1	0.6592550277709961	4.761904761904762	10.81081081081081			4.930154082822619	0.04748338081671415	5.691540597200975	0.023722782343472	6.156626506024097	0.22231062644794422	6.4322787938704895	0.6373206729280627	6.68147962696376	1.1987556003987845	6.746912615288417	1.8134363771947666	6.863267416716287	2.4508899750991424	6.985247761946792	4.02087534100344	7.0317165938452835	4.8391812865497075	6.998847028761958	6.282992146259817	6.965297340804259	6.496409378418225	6.930845495412279	7.413881748071979	6.922652610934052	7.884574125724093	6.973851847357884	8.582768314866875	6.978219496722351	8.944386379888883	7.039187227866474	9.12867606865639	7.117448450500421	9.184116306824347	7.143717987345586	9.336254809747755	7.188383139919427	9.35694021225176	7.200887369967324	9.439909062726052	7.123197510919644	9.62244231059273	7.097394019454787	9.675991936673386	7.039716610128786	9.279232194612058	7.0180713834681425	9.111922703527345	7.124352331606218	8.794744603834294	7.092412627512525	8.858173599339333	7.071411251212416	8.815369093660669	7.140683947912864	8.737982231958135	7.190019777879203	4.747147485561347	4.761904761904762	6.652618904274534	6.986176176445537	7.236862745238769	6.319702602230483	4.761904761904762	4.370081888580072	21.046153846153842	2.8561000000000005	0.07629062966953763	20.997268676757812	-1.9073504518036383e-05	20.332557982064877	-1.716646511965026e-05	17.432510324207808	-1.9092404373306147e-05	14.658362620467532	-1.4395655966855441e-05	12.77154967647612	-1.260357961051061e-05	11.453812345523776	-1.0805978653280352e-05	10.501147606093689	-1.197503205815874e-05	9.782811619369678	-9.13952397297138e-06	9.222229697489725	-9.315342990928926e-06	8.774784151414705	-8.453264016568397e-06	8.41184150091051	-8.645807215790702e-06	8.107005829335305	-7.748840164673924e-06	7.848757757272212	-7.951816535688889e-06	7.628417132564067	-9.34521577519149e-06	7.4389508149360815	-8.426232547165837e-06	7.276996355850967	-6.216570392713185e-06	7.142414705193023	-1.0302096090225758e-05	7.026040203827789	-8.024726858359559e-06	6.9281568782530965	-8.354672559495712e-06	6.845131623722809	-8.725483209988934e-06	6.774015827058065	-9.12399046847129e-06	6.71306257035872	-1.1177573316896978e-05	6.6601562762787	-1.3454717307980161e-05	6.616291127328255	-1.4204822892492574e-05	6.581646213213388	-1.5037028683132213e-05	6.550754436276758	-1.5954275047713253e-05	6.528283334536759	-1.6989574772180422e-05	6.508629598071031	-2.2661810995963933e-05	6.493429127230919	-2.4255772267405336e-05
6	1	29	0	0	1934	1	1958	41	1967	346	1936	838	1944	1336	1944	1587	1980	1816	1953	1887	1951	1807	1943	1833	1921	1862	1895	1810	1880	1811	1913	1811	1892	1822	1884	1871	1893	1891	1894	1898	1913	1938	1959	1933	1966	1940	1968	1943	1956	1960	1934	1929	1921	1949	1930	1968	1888	1953	1889	1968	1905	4054	4095	556.0	853.4551072089057	889.9474840164185	41	1	0.6820755004882812	4.761904761904762	9.797297297297296			4.798650224549041	0.04748338081671415	5.547056490452717	0.06947386257731085	5.924698795180723	0.2698929008806621	5.9812160158180925	0.7207486152681736	6.083745383989485	1.6047469760849458	6.077848991714866	2.689648159446817	6.205145883606506	4.187033108918197	6.1562224183583405	5.595421658166291	6.132713041838242	6.60453216374269	6.054657068960145	7.866615166731042	5.946816085193326	8.855281304988823	5.8347188866309505	9.305912596401027	5.76121598430988	9.71358077665737	5.802948492386094	9.982911636624221	5.715494063982116	10.022553495791847	5.696661828737301	10.22739696075216	5.706620040998432	10.258218509276338	5.706538113889726	10.143223599828985	5.7513077986891945	10.181779972680467	5.8728302904937495	9.98759946264338	5.8816490157362535	9.75315469307727	5.908490452744085	9.553075372437188	5.87193419591126	9.31249109136694	5.815317076104279	8.917756922934677	5.786841788167249	8.709835992313536	5.824832498340073	8.553918372669187	5.722599418040737	8.210021859761223	5.747231349640988	7.983448947304369	5.796439981743496	4.7588862281072455	4.761904761904762	5.578968492875778	6.464591492211707	6.33761495227416	5.080545229244114	4.761904761904762	4.521354659070472	21.046153846153842	2.8561000000000005	0.07629062966953763	20.997268676757812	-1.9073504518036383e-05	20.332557982064877	-1.716646511965026e-05	17.432510324207808	-1.9092404373306147e-05	14.658362620467532	-1.4395655966855441e-05	12.77154967647612	-1.260357961051061e-05	11.453812345523776	-1.0805978653280352e-05	10.501147606093689	-1.197503205815874e-05	9.782811619369678	-9.13952397297138e-06	9.222229697489725	-9.315342990928926e-06	8.774784151414705	-8.453264016568397e-06	8.41184150091051	-8.645807215790702e-06	8.107005829335305	-7.748840164673924e-06	7.848757757272212	-7.951816535688889e-06	7.628417132564067	-9.34521577519149e-06	7.4389508149360815	-8.426232547165837e-06	7.276996355850967	-6.216570392713185e-06	7.142414705193023	-1.0302096090225758e-05	7.026040203827789	-8.024726858359559e-06	6.9281568782530965	-8.354672559495712e-06	6.845131623722809	-8.725483209988934e-06	6.774015827058065	-9.12399046847129e-06	6.71306257035872	-1.1177573316896978e-05	6.6601562762787	-1.3454717307980161e-05	6.616291127328255	-1.4204822892492574e-05	6.581646213213388	-1.5037028683132213e-05	6.550754436276758	-1.5954275047713253e-05	6.528283334536759	-1.6989574772180422e-05	6.508629598071031	-2.2661810995963933e-05	6.493429127230919	-2.4255772267405336e-05
7	1	23	0	0	1661	1	1638	42	1606	652	1622	1799	1566	2761	1554	3205	1547	3123	1548	2715	1534	2486	1548	2149	1557	2056	1556	1925	1505	1825	1525	1826	1521	1827	1521	1789	1508	1751	1486	1669	1498	1646	1492	1615	1466	1611	1460	1574	1466	1544	1473	1545	1470	1539	1485	1558	1474	1550	1473	1508	1453	4047	4095	445.0	784.4847382370875	755.0043001174927	48	1	0.7061033248901367	4.761904761904762	7.77027027027027			4.121281294196462	0.04748338081671415	4.640489546149924	0.071168347030416	4.837349397590361	0.5085843103300337	5.011122095897182	1.5472873017511266	4.900794892658196	3.316397006714473	4.858527434735032	5.431835129821707	4.848161960575386	7.200498017153924	4.879586432984491	8.050646423911754	4.8219281425832206	9.08625730994152	4.823782368888473	9.222780138191494	4.819985759836547	9.7779045988491	4.790935402426258	9.897172236503856	4.612037264035303	9.788671958807123	4.625978280652794	10.06559726586186	4.594749720569133	10.050057758952638	4.599056603773585	9.779162566961846	4.546002652839745	9.498752305522403	4.477252184392889	8.919410004275331	4.5036377848596	8.64768309341179	4.472824294750727	8.34452826289139	4.385807455274337	8.099140314715198	4.383331331812177	7.73882688431093	4.400948635585842	7.335962369933958	4.429142736867426	7.14252692894457	4.42824436679118	6.877597533181391	4.481801171002595	6.771852045029774	4.467749757516973	6.51589036488986	4.481562614092734	6.117398888483226	4.421116689487296	4.750669108325116	4.761904761904762	4.465181617499498	5.942167691939362	5.376639214553511	5.947955390334572	4.761904761904762	4.680630744678127	21.046153846153842	2.8561000000000005	0.07629062966953763	20.997268676757812	-1.9073504518036383e-05	20.332557982064877	-1.716646511965026e-05	17.432510324207808	-1.9092404373306147e-05	14.658362620467532	-1.4395655966855441e-05	12.77154967647612	-1.260357961051061e-05	11.453812345523776	-1.0805978653280352e-05	10.501147606093689	-1.197503205815874e-05	9.782811619369678	-9.13952397297138e-06	9.222229697489725	-9.315342990928926e-06	8.774784151414705	-8.453264016568397e-06	8.41184150091051	-8.645807215790702e-06	8.107005829335305	-7.748840164673924e-06	7.848757757272212	-7.951816535688889e-06	7.628417132564067	-9.34521577519149e-06	7.4389508149360815	-8.426232547165837e-06	7.276996355850967	-6.216570392713185e-06	7.142414705193023	-1.0302096090225758e-05	7.026040203827789	-8.024726858359559e-06	6.9281568782530965	-8.354672559495712e-06	6.845131623722809	-8.725483209988934e-06	6.774015827058065	-9.12399046847129e-06	6.71306257035872	-1.1177573316896978e-05	6.6601562762787	-1.3454717307980161e-05	6.616291127328255	-1.4204822892492574e-05	6.581646213213388	-1.5037028683132213e-05	6.550754436276758	-1.5954275047713253e-05	6.528283334536759	-1.6989574772180422e-05	6.508629598071031	-2.2661810995963933e-05	6.493429127230919	-2.4255772267405336e-05
8	1	16	0	0	1552	1	1502	74	1476	1066	1442	2790	1435	4229	1402	4537	1407	4135	1332	3416	1306	2878	1285	2450	1240	2122	1246	1851	1250	1680	1225	1630	1216	1592	1223	1514	1218	1484	1223	1462	1225	1433	1210	1402	1211	1390	1212	1324	1196	1292	1180	1251	1195	1238	1206	1236	1167	1214	1169	1215	1160	4044	4095	374.0	715.5699035794185	653.2931566238403	51	1	0.7220182418823242	4.761904761904762	5.405405405405405			3.8508299630300473	0.04748338081671415	4.255198594821237	0.12539184952978058	4.445783132530121	0.8315197466438896	4.455017301038063	2.3996284446279286	4.490830568942855	5.079696827741944	4.383304674065968	7.689309199376313	4.409414271835532	9.533800608687633	4.198713907451772	10.129284782350847	4.105239996227957	10.519005847953217	4.004237948334424	10.514570190120596	3.838652756709903	10.091786750368573	3.8364431307346516	9.516709511568124	3.83059573424859	9.010941857970392	3.715949766426015	8.98517171049005	3.6733830770625016	8.75735739039551	3.697992259313014	8.275937465835794	3.6717713734474855	8.050341759791689	3.6848448327809584	7.813168020521591	3.682881366123504	7.528632972575392	3.6274245285847053	7.243980572491475	3.62292825943876	6.988085063596601	3.6387654617509306	6.509661241948965	3.590405571733061	6.138642086758208	3.548125206723397	5.783366464795895	3.5998313049765027	5.532466371720964	3.639765799480896	5.3722780023471115	3.537221144519884	5.103413485791155	3.556650845807472	4.928806133625411	3.529590750038034	4.747147485561347	4.761904761904762	3.7527593818984544	5.420164542562116	4.652319998649776	6.319702602230483	4.761904761904762	4.786127839999443	21.046153846153842	2.8561000000000005	0.07629062966953763	20.997268676757812	-1.9073504518036383e-05	20.332557982064877	-1.716646511965026e-05	17.432510324207808	-1.9092404373306147e-05	14.658362620467532	-1.4395655966855441e-05	12.77154967647612	-1.260357961051061e-05	11.453812345523776	-1.0805978653280352e-05	10.501147606093689	-1.197503205815874e-05	9.782811619369678	-9.13952397297138e-06	9.222229697489725	-9.315342990928926e-06	8.774784151414705	-8.453264016568397e-06	8.41184150091051	-8.645807215790702e-06	8.107005829335305	-7.748840164673924e-06	7.848757757272212	-7.951816535688889e-06	7.628417132564067	-9.34521577519149e-06	7.4389508149360815	-8.426232547165837e-06	7.276996355850967	-6.216570392713185e-06	7.142414705193023	-1.0302096090225758e-05	7.026040203827789	-8.024726858359559e-06	6.9281568782530965	-8.354672559495712e-06	6.845131623722809	-8.725483209988934e-06	6.774015827058065	-9.12399046847129e-06	6.71306257035872	-1.1177573316896978e-05	6.6601562762787	-1.3454717307980161e-05	6.616291127328255	-1.4204822892492574e-05	6.581646213213388	-1.5037028683132213e-05	6.550754436276758	-1.5954275047713253e-05	6.528283334536759	-1.6989574772180422e-05	6.508629598071031	-2.2661810995963933e-05	6.493429127230919	-2.4255772267405336e-05
9	1	14	0	0	1487	1	1418	127	1385	1275	1342	3418	1329	5032	1299	5077	1248	4559	1205	3742	1190	2994	1214	2423	1211	2053	1196	1798	1192	1634	1184	1569	1188	1447	1174	1371	1170	1345	1170	1330	1158	1297	1162	1236	1144	1203	1130	1193	1120	1213	1121	1188	1120	1189	1126	1190	1107	1187	1092	1171	1103	4058	4095	345.0	676.9774599233652	605.4394311904907	37	1	0.7304611206054688	4.761904761904762	4.72972972972973			3.6895516462794333	0.04748338081671415	4.017224771941754	0.21519952554435312	4.171686746987952	0.9945475393723819	4.146070192782996	2.939759865139161	4.159103711585404	6.044226634475634	4.061278724402063	8.60450138973629	3.9111222539095554	10.511389836761044	3.798386079939478	11.095955402680584	3.7406091849244016	10.942982456140351	3.782992116169642	10.398695334964165	3.7488778132062035	9.763637228325486	3.6824927643327796	9.244215938303341	3.652856092179456	8.764213688049775	3.5915792028150215	8.648916818256987	3.5887985983143524	7.959733758732604	3.549830672472182	7.494260413250246	3.5270710237549743	7.2963003146359995	3.5251581801747514	7.107738349722103	3.481450303649811	6.814122097299569	3.483526696045808	6.386276738658675	3.4224854903368636	6.047961389573174	3.3925783595532604	5.865578445351296	3.362252709315241	5.76329168052454	3.3707189463872265	5.492117793906893	3.373900469936137	5.313491531483219	3.3983219653528094	5.1723388533924455	3.355358874878758	4.989910879435009	3.322380430814166	4.750314388868606	3.3561539631827166	4.763581725125605	4.761904761904762	3.461770018061409	5.12784174688692	4.311537546566543	4.584882280049566	4.761904761904762	4.842094150215145	21.046153846153842	2.8561000000000005	0.07629062966953763	20.997268676757812	-1.9073504518036383e-05	20.332557982064877	-1.716646511965026e-05	17.432510324207808	-1.9092404373306147e-05	14.658362620467532	-1.4395655966855441e-05	12.77154967647612	-1.260357961051061e-05	11.453812345523776	-1.0805978653280352e-05	10.501147606093689	-1.197503205815874e-05	9.782811619369678	-9.13952397297138e-06	9.222229697489725	-9.315342990928926e-06	8.774784151414705	-8.453264016568397e-06	8.41184150091051	-8.645807215790702e-06	8.107005829335305	-7.748840164673924e-06	7.848757757272212	-7.951816535688889e-06	7.628417132564067	-9.34521577519149e-06	7.4389508149360815	-8.426232547165837e-06	7.276996355850967	-6.216570392713185e-06	7.142414705193023	-1.0302096090225758e-05	7.026040203827789	-8.024726858359559e-06	6.9281568782530965	-8.354672559495712e-06	6.845131623722809	-8.725483209988934e-06	6.774015827058065	-9.12399046847129e-06	6.71306257035872	-1.1177573316896978e-05	6.6601562762787	-1.3454717307980161e-05	6.616291127328255	-1.4204822892492574e-05	6.581646213213388	-1.5037028683132213e-05	6.550754436276758	-1.5954275047713253e-05	6.528283334536759	-1.6989574772180422e-05	6.508629598071031	-2.2661810995963933e-05	6.493429127230919	-2.4255772267405336e-05
10	1	15	0	0	1482	1	1291	296	1228	2435	1182	5305	1178	6095	1194	5645	1146	4630	1118	3484	1108	2628	1076	2078	1064	1843	1046	1594	1034	1471	1033	1275	1013	1235	998	1193	995	1187	980	1203	995	1113	1010	1108	982	1071	972	1052	978	1049	982	1046	971	1028	960	1000	965	991	957	983	955	4052	4095	304.0	628.9251987755201	539.3297414779663	43	1	0.7407760620117188	4.761904761904762	5.0675675675675675			3.677145621914001	0.04748338081671415	3.657431015921582	0.5015673981191223	3.6987951807228914	1.8993907908798042	3.651754819574889	4.562734372312245	3.6865494147837516	7.3210574994294495	3.7329998436767236	9.56714798996678	3.5914632235419477	10.675089919763902	3.524145757155466	10.330921598861345	3.4828529217615443	9.605263157894736	3.352965005764856	8.918072185743101	3.2938117202736588	8.76492129167261	3.2206416651271628	8.195372750642674	3.168668791370434	7.889937781591932	3.1335315173208764	7.028278485199273	3.0601456061384162	6.793553000715111	3.017658442186744	6.521263802339565	2.999517665501025	6.439188456113704	2.9526965953600484	6.429029499786234	2.9914015994227645	5.847430913102868	3.0278502263392992	5.724914746305673	2.9378328247472028	5.384344678497813	2.9182178455626278	5.172329023059148	2.93596709795563	4.984083242267307	2.9527618245782845	4.835652535712635	2.9250512109892757	4.59400277070206	2.8973260095370312	4.346503238144912	2.9249515033947624	4.165966033294098	2.9116465863453818	3.98766784308953	2.9058268674882095	4.756538479598065	4.761904761904762	3.050371262291792	4.763864501951579	3.8407482409758207	5.328376703841388	4.761904761904762	4.910470024076323	21.046153846153842	2.8561000000000005	0.07629062966953763	20.997268676757812	-1.9073504518036383e-05	20.332557982064877	-1.716646511965026e-05	17.432510324207808	-1.9092404373306147e-05	14.658362620467532	-1.4395655966855441e-05	12.77154967647612	-1.260357961051061e-05	11.453812345523776	-1.0805978653280352e-05	10.501147606093689	-1.197503205815874e-05	9.782811619369678	-9.13952397297138e-06	9.222229697489725	-9.315342990928926e-06	8.774784151414705	-8.453264016568397e-06	8.41184150091051	-8.645807215790702e-06	8.107005829335305	-7.748840164673924e-06	7.848757757272212	-7.951816535688889e-06	7.628417132564067	-9.34521577519149e-06	7.4389508149360815	-8.426232547165837e-06	7.276996355850967	-6.216570392713185e-06	7.142414705193023	-1.0302096090225758e-05	7.026040203827789	-8.024726858359559e-06	6.9281568782530965	-8.354672559495712e-06	6.845131623722809	-8.725483209988934e-06	6.774015827058065	-9.12399046847129e-06	6.71306257035872	-1.1177573316896978e-05	6.6601562762787	-1.3454717307980161e-05	6.616291127328255	-1.4204822892492574e-05	6.581646213213388	-1.5037028683132213e-05	6.550754436276758	-1.5954275047713253e-05	6.528283334536759	-1.6989574772180422e-05	6.508629598071031	-2.2661810995963933e-05	6.493429127230919	-2.4255772267405336e-05
11	1	16	0	0	1397	3	1200	575	1151	4472	1064	7732	997	7461	1015	6206	984	4330	927	3013	877	2258	909	1728	881	1480	869	1211	877	1151	885	1035	873	1011	874	1001	862	928	858	899	856	909	846	872	843	870	847	878	838	867	822	868	801	862	805	857	817	849	797	845	786	4058	4095	259.0	563.0623917329534	462.50773334503174	37	1	0.7550210952758789	4.761904761904762	5.405405405405405			3.4662432077016603	0.14245014245014245	3.399626041135475	0.9743285605354571	3.4668674698795177	3.4883267420182684	3.2871972318339098	6.650153094574604	3.120110158352632	8.961839213001333	3.1733625136782866	10.517930987729645	3.0837694694286877	9.983399428202528	2.922077922077922	8.93429011979599	2.7567346682173954	8.252923976608187	2.832569879405441	7.415990730011587	2.7273008698882455	7.038569458315499	2.675657368064536	6.226221079691516	2.687545967148811	6.173567903883287	2.684584116968998	5.705308417397056	2.637223212397668	5.561362011111722	2.642718916303822	5.47173936809883	2.5985771132280235	5.034175979168927	2.5851159987948176	4.804403591278325	2.573507305634057	4.775664600189136	2.536199298498066	4.505528572904826	2.5219888709387903	4.373837413905787	2.5429326287978866	4.316829735975221	2.515685509291225	4.119351926640377	2.4716601016327386	4.012759465581804	2.412941318231112	3.85216963846807	2.429528580913865	3.72495327509019	2.4763579049466538	3.5690263998654785	2.4248509188268224	3.427852825443187	2.391602008215427	4.763581725125605	4.761904761904762	2.5988360425446517	4.264979278271807	3.2936729178233466	4.584882280049566	4.761904761904762	5.0048977633389375	21.046153846153842	2.8561000000000005	0.07629062966953763	20.997268676757812	-1.9073504518036383e-05	20.332557982064877	-1.716646511965026e-05	17.432510324207808	-1.9092404373306147e-05	14.658362620467532	-1.4395655966855441e-05	12.77154967647612	-1.260357961051061e-05	11.453812345523776	-1.0805978653280352e-05	10.501147606093689	-1.197503205815874e-05	9.782811619369678	-9.13952397297138e-06	9.222229697489725	-9.315342990928926e-06	8.774784151414705	-8.453264016568397e-06	8.41184150091051	-8.645807215790702e-06	8.107005829335305	-7.748840164673924e-06	7.848757757272212	-7.951816535688889e-06	7.628417132564067	-9.34521577519149e-06	7.4389508149360815	-8.426232547165837e-06	7.276996355850967	-6.216570392713185e-06	7.142414705193023	-1.0302096090225758e-05	7.026040203827789	-8.024726858359559e-06	6.9281568782530965	-8.354672559495712e-06	6.845131623722809	-8.725483209988934e-06	6.774015827058065	-9.12399046847129e-06	6.71306257035872	-1.1177573316896978e-05	6.6601562762787	-1.3454717307980161e-05	6.616291127328255	-1.4204822892492574e-05	6.581646213213388	-1.5037028683132213e-05	6.550754436276758	-1.5954275047713253e-05	6.528283334536759	-1.6989574772180422e-05	6.508629598071031	-2.2661810995963933e-05	6.493429127230919	-2.4255772267405336e-05
12	1	10	0	0	1499	6	1304	1354	1135	6477	1031	9602	960	8133	913	5483	905	3587	900	2507	854	1784	824	1414	824	1186	781	1088	760	994	764	918	771	909	786	900	767	857	742	832	723	808	697	774	706	762	698	762	712	781	723	773	720	747	713	723	692	687	701	698	675	4065	4095	228.0	505.49910413531865	402.6820459365845	30	1	0.765559196472168	4.761904761904762	3.3783783783783785			3.71932610475647	0.2849002849002849	3.694260298033883	2.2943319495043633	3.4186746987951806	5.0523015000117	3.185244686109738	8.258506209791172	3.0043187081429554	9.769017332708732	2.8544630295450992	9.29259033285879	2.836190416496913	8.270312644102185	2.8369688563863322	7.433874985173763	2.6844371797692768	6.52046783625731	2.567698108503942	6.068409081155315	2.550846670587871	5.6403671470014745	2.4047047231972414	5.593830334190232	2.329002206423143	5.331473932632482	2.3175392828975308	5.060360509343476	2.3290940398151223	5.000275042631608	2.376632801161103	4.919645785503444	2.312191004461594	4.649018118693718	2.2356131364868936	4.4463445917058575	2.1736516144549336	4.24503520016812	2.089516443325239	3.999173297509559	2.1121282833722255	3.83087828666231	2.0955926504143148	3.7464968779192684	2.1374320794932604	3.710742623651827	2.1739784105601827	3.573574961860293	2.1689360163875167	3.338249095052956	2.151868171666566	3.142521841178772	2.097478176527643	2.888010761728603	2.132773518315687	2.831528132732952	2.0538566864445458	4.7717988449077335	4.761904761904762	2.2877784467188444	3.8289596960768195	2.8676341033320636	3.717472118959108	4.761904761904762	5.07475292293269	21.046153846153842	2.8561000000000005	0.07629062966953763	20.997268676757812	-1.9073504518036383e-05	20.332557982064877	-1.716646511965026e-05	17.432510324207808	-1.9092404373306147e-05	14.658362620467532	-1.4395655966855441e-05	12.77154967647612	-1.260357961051061e-05	11.453812345523776	-1.0805978653280352e-05	10.501147606093689	-1.197503205815874e-05	9.782811619369678	-9.13952397297138e-06	9.222229697489725	-9.315342990928926e-06	8.774784151414705	-8.453264016568397e-06	8.41184150091051	-8.645807215790702e-06	8.107005829335305	-7.748840164673924e-06	7.848757757272212	-7.951816535688889e-06	7.628417132564067	-9.34521577519149e-06	7.4389508149360815	-8.426232547165837e-06	7.276996355850967	-6.216570392713185e-06	7.142414705193023	-1.0302096090225758e-05	7.026040203827789	-8.024726858359559e-06	6.9281568782530965	-8.354672559495712e-06	6.845131623722809	-8.725483209988934e-06	6.774015827058065	-9.12399046847129e-06	6.71306257035872	-1.1177573316896978e-05	6.6601562762787	-1.3454717307980161e-05	6.616291127328255	-1.4204822892492574e-05	6.581646213213388	-1.5037028683132213e-05	6.550754436276758	-1.5954275047713253e-05	6.528283334536759	-1.6989574772180422e-05	6.508629598071031	-2.2661810995963933e-05	6.493429127230919	-2.4255772267405336e-05
13	1	8	0	0	1571	27	1263	2189	1088	8943	1014	10868	928	7808	826	4849	792	3006	758	2013	745	1497	718	1166	748	1061	720	964	735	861	744	786	725	772	683	751	665	713	638	753	640	715	631	746	632	751	624	701	601	659	596	641	597	643	591	631	591	632	577	618	580	4062	4095	206.0	468.3214647232348	362.6410427093506	33	1	0.7752904891967773	4.761904761904762	2.7027027027027026			3.8979728556186886	1.282051282051282	3.5781064082950875	3.7092264678471576	3.2771084337349397	6.975873446750755	3.1327236777063767	9.347369869611587	2.904174751204857	9.378641009933576	2.5824605283726747	8.218086909362077	2.4820583534426026	6.9307387254449875	2.389358214600933	5.969042818171035	2.3418099519064532	5.4714912280701755	2.237387429497367	5.004077078236985	2.315574404854038	5.045893375184287	2.2168852761869573	4.956298200514139	2.252390291738171	4.6181077022098265	2.256870715282412	4.332726972052257	2.1901338247288766	4.246658232025964	2.065191098209966	4.105171094347874	2.0047027613650066	3.8678528805468155	1.9222657426935825	4.02415562206071	1.9241176116890146	3.7564358516339187	1.891656923584255	3.854500361682339	1.8907437324238618	3.7755768940726964	1.8734238020895884	3.446580461182949	1.8042088199093391	3.1310875659238846	1.7921039179721563	2.963339651426194	1.7984094469213157	2.873486168834071	1.7836663246212348	2.74264354326944	1.7913433559650824	2.656801748780898	1.7555068759888037	2.5069976877205793	1.764795375019017	4.768277222143964	4.761904761904762	2.0670278948424645	3.54735349393004	2.5824886702423355	4.089219330855019	4.761904761904762	5.139259895647139	21.046153846153842	2.8561000000000005	0.07629062966953763	20.997268676757812	-1.9073504518036383e-05	20.332557982064877	-1.716646511965026e-05	17.432510324207808	-1.9092404373306147e-05	14.658362620467532	-1.4395655966855441e-05	12.77154967647612	-1.260357961051061e-05	11.453812345523776	-1.0805978653280352e-05	10.501147606093689	-1.197503205815874e-05	9.782811619369678	-9.13952397297138e-06	9.222229697489725	-9.315342990928926e-06	8.774784151414705	-8.453264016568397e-06	8.41184150091051	-8.645807215790702e-06	8.107005829335305	-7.748840164673924e-06	7.848757757272212	-7.951816535688889e-06	7.628417132564067	-9.34521577519149e-06	7.4389508149360815	-8.426232547165837e-06	7.276996355850967	-6.216570392713185e-06	7.142414705193023	-1.0302096090225758e-05	7.026040203827789	-8.024726858359559e-06	6.9281568782530965	-8.354672559495712e-06	6.845131623722809	-8.725483209988934e-06	6.774015827058065	-9.12399046847129e-06	6.71306257035872	-1.1177573316896978e-05	6.6601562762787	-1.3454717307980161e-05	6.616291127328255	-1.4204822892492574e-05	6.581646213213388	-1.5037028683132213e-05	6.550754436276758	-1.5954275047713253e-05	6.528283334536759	-1.6989574772180422e-05	6.508629598071031	-2.2661810995963933e-05	6.493429127230919	-2.4255772267405336e-05
14	1	6	0	0	1735	34	1326	3452	1034	11165	894	11064	816	7333	773	4248	737	2542	668	1735	637	1278	624	1018	613	857	623	793	602	767	586	697	590	636	568	624	554	607	521	628	538	602	520	581	528	583	494	560	508	548	501	538	504	535	521	531	547	500	539	510	542	4063	4095	189.0	443.09749531772854	330.5873746871948	32	1	0.7882165908813477	4.761904761904762	2.027027027027027			4.304890454804853	1.6144349477682813	3.7565867754546995	5.849360332118954	3.1144578313253013	8.709116295758937	2.7619871478002964	9.515945918051399	2.553670901921512	8.808090999723733	2.416757855244646	7.199511897498474	2.3096931900090887	5.860924098496726	2.1056613289622996	5.144704068319298	2.002326093106592	4.671052631578947	1.9444704122651213	4.3689112055276595	1.8976565644057828	4.075712179578637	1.9182215653673258	4.077120822622108	1.844814905614121	4.113924050632911	1.7775890311229752	3.842125571908936	1.7823158021931547	3.498542274052478	1.7174649250120948	3.4109544112823875	1.6700832027010732	3.2928284691331235	1.5697499246761073	3.3561351004702864	1.6174613673260778	3.162761374382684	1.558893185838055	3.001963418414798	1.5796086878477833	2.9309738072495097	1.4831271766542573	2.753331038890801	1.5250217645822701	2.603696488810757	1.5064497699732389	2.487171189496556	1.5182552114712617	2.3908477454529202	1.5724029697591595	2.3079932194549486	1.6579776915615907	2.101900117706407	1.6398929049531459	2.068881586953876	1.6491708504488056	4.769451096398554	4.761904761904762	1.8964479229379894	3.356291706799941	2.3542237339613328	3.965303593556382	4.761904761904762	5.224944676926209	21.046153846153842	2.8561000000000005	0.07629062966953763	20.997268676757812	-1.9073504518036383e-05	20.332557982064877	-1.716646511965026e-05	17.432510324207808	-1.9092404373306147e-05	14.658362620467532	-1.4395655966855441e-05	12.77154967647612	-1.260357961051061e-05	11.453812345523776	-1.0805978653280352e-05	10.501147606093689	-1.197503205815874e-05	9.782811619369678	-9.13952397297138e-06	9.222229697489725	-9.315342990928926e-06	8.774784151414705	-8.453264016568397e-06	8.41184150091051	-8.645807215790702e-06	8.107005829335305	-7.748840164673924e-06	7.848757757272212	-7.951816535688889e-06	7.628417132564067	-9.34521577519149e-06	7.4389508149360815	-8.426232547165837e-06	7.276996355850967	-6.216570392713185e-06	7.142414705193023	-1.0302096090225758e-05	7.026040203827789	-8.024726858359559e-06	6.9281568782530965	-8.354672559495712e-06	6.845131623722809	-8.725483209988934e-06	6.774015827058065	-9.12399046847129e-06	6.71306257035872	-1.1177573316896978e-05	6.6601562762787	-1.3454717307980161e-05	6.616291127328255	-1.4204822892492574e-05	6.581646213213388	-1.5037028683132213e-05	6.550754436276758	-1.5954275047713253e-05	6.528283334536759	-1.6989574772180422e-05	6.508629598071031	-2.2661810995963933e-05	6.493429127230919	-2.4255772267405336e-05
15	1	6	0	0	1700	66	1241	4213	978	12954	835	11296	742	6469	725	3689	635	2123	611	1418	593	1111	597	869	593	730	597	730	602	647	587	611	564	588	561	600	548	587	541	584	512	602	537	580	536	564	543	541	515	542	520	508	519	532	517	536	512	543	508	511	516	4067	4095	178.0	425.69193759579287	312.1191177368164	28	1	0.794795036315918	4.761904761904762	2.027027027027027			4.21804828424683	3.133903133903134	3.5157799308742703	7.138863000931966	2.9457831325301207	10.1046030000234	2.5797083539298074	9.715484914163829	2.322088001502159	7.770290560099936	2.266687509770205	6.252118500440648	1.9900341596414806	4.894863045282671	1.9259866347244987	4.204720673704187	1.8640178543362775	4.060672514619883	1.86033467327288	3.729453671516244	1.8357428102653002	3.4717268274123745	1.838167374838352	3.7532133676092547	1.844814905614121	3.470285346492169	1.780622459503731	3.3680612976131417	1.7037730719270159	3.234501347708895	1.696298984034833	3.279763857002296	1.6519956589895093	3.184333297168276	1.6300090388671287	3.1209918768704576	1.5392940893512115	3.162761374382684	1.6098570015289144	2.9967965278495403	1.6035421528151739	2.835453220049269	1.6302389816260359	2.659914450071292	1.5460358440154904	2.575188863020858	1.5635805995730223	2.348481346216079	1.5634413784793348	2.3774411225812218	1.5603307780527553	2.329725735645673	1.5518913676042678	2.2826635278291576	1.5455762443714252	2.0729382175165307	1.5700593336376085	4.774146593416914	4.761904761904762	1.7860726469997992	3.2244513564218127	2.2227050730366167	3.469640644361834	4.761904761904762	5.26855199736763	21.046153846153842	2.8561000000000005	0.07629062966953763	20.997268676757812	-1.9073504518036383e-05	20.332557982064877	-1.716646511965026e-05	17.432510324207808	-1.9092404373306147e-05	14.658362620467532	-1.4395655966855441e-05	12.77154967647612	-1.260357961051061e-05	11.453812345523776	-1.0805978653280352e-05	10.501147606093689	-1.197503205815874e-05	9.782811619369678	-9.13952397297138e-06	9.222229697489725	-9.315342990928926e-06	8.774784151414705	-8.453264016568397e-06	8.41184150091051	-8.645807215790702e-06	8.107005829335305	-7.748840164673924e-06	7.848757757272212	-7.951816535688889e-06	7.628417132564067	-9.34521577519149e-06	7.4389508149360815	-8.426232547165837e-06	7.276996355850967	-6.216570392713185e-06	7.142414705193023	-1.0302096090225758e-05	7.026040203827789	-8.024726858359559e-06	6.9281568782530965	-8.354672559495712e-06	6.845131623722809	-8.725483209988934e-06	6.774015827058065	-9.12399046847129e-06	6.71306257035872	-1.1177573316896978e-05	6.6601562762787	-1.3454717307980161e-05	6.616291127328255	-1.4204822892492574e-05	6.581646213213388	-1.5037028683132213e-05	6.550754436276758	-1.5954275047713253e-05	6.528283334536759	-1.6989574772180422e-05	6.508629598071031	-2.2661810995963933e-05	6.493429127230919	-2.4255772267405336e-05
16	1	6	0	0	1694	110	1254	4786	988	13631	856	11216	770	6445	690	3352	640	1990	584	1319	586	1012	582	881	576	772	553	692	556	631	555	581	532	586	523	578	512	589	513	552	501	550	529	532	515	526	501	504	506	518	500	501	488	526	495	509	489	500	469	505	480	4068	4095	174.0	420.2154505991789	303.5977592468262	27	1	0.7990951538085938	4.761904761904762	2.027027027027027			4.203161055008312	5.223171889838556	3.552609212986572	8.109802592561213	2.9759036144578315	10.632688242497991	2.644587246663371	9.646678363780232	2.4097139638229956	7.741462770110387	2.1572612161950917	5.680970781641922	2.005703719953618	4.588213594023794	1.8408775690329087	3.9111611908433166	1.8420142708955458	3.698830409356725	1.8135925960549686	3.780953607141324	1.7831161192458904	3.6714700147429493	1.7026910524047048	3.557840616966581	1.7038489825937728	3.3844668526067365	1.6835527513195412	3.202690039137864	1.6071050962148443	3.2234996424445788	1.5813981615868409	3.1595058489122114	1.5434703967201253	3.195182814364761	1.5456462789996988	2.949978623343309	1.5062233179003066	2.8895660397183986	1.5858740294390983	2.7487857807171645	1.5407168072757733	2.644412045648786	1.5041431487930828	2.4779979350017207	1.5190177418870643	2.4611583598612627	1.503442884204829	2.3161203827839674	1.4700566333293168	2.3506278768378244	1.4939337236675319	2.2123701482157605	1.4821774975751698	2.101900117706407	1.4269198004137764	2.0485984341406027	1.460520310360566	4.775320467671503	4.761904761904762	1.745936183022276	3.1829690910437316	2.162021617046472	3.3457249070631967	4.761904761904762	5.297056695522221	21.046153846153842	2.8561000000000005	0.07629062966953763	20.997268676757812	-1.9073504518036383e-05	20.332557982064877	-1.716646511965026e-05	17.432510324207808	-1.9092404373306147e-05	14.658362620467532	-1.4395655966855441e-05	12.77154967647612	-1.260357961051061e-05	11.453812345523776	-1.0805978653280352e-05	10.501147606093689	-1.197503205815874e-05	9.782811619369678	-9.13952397297138e-06	9.222229697489725	-9.315342990928926e-06	8.774784151414705	-8.453264016568397e-06	8.41184150091051	-8.645807215790702e-06	8.107005829335305	-7.748840164673924e-06	7.848757757272212	-7.951816535688889e-06	7.628417132564067	-9.34521577519149e-06	7.4389508149360815	-8.426232547165837e-06	7.276996355850967	-6.216570392713185e-06	7.142414705193023	-1.0302096090225758e-05	7.026040203827789	-8.024726858359559e-06	6.9281568782530965	-8.354672559495712e-06	6.845131623722809	-8.725483209988934e-06	6.774015827058065	-9.12399046847129e-06	6.71306257035872	-1.1177573316896978e-05	6.6601562762787	-1.3454717307980161e-05	6.616291127328255	-1.4204822892492574e-05	6.581646213213388	-1.5037028683132213e-05	6.550754436276758	-1.5954275047713253e-05	6.528283334536759	-1.6989574772180422e-05	6.508629598071031	-2.2661810995963933e-05	6.493429127230919	-2.4255772267405336e-05
17	1	4	0	0	1795	188	1253	7428	977	14628	796	10764	658	5352	617	2748	566	1599	524	1146	508	881	496	705	487	644	469	570	457	539	450	507	437	496	440	489	420	466	422	450	427	444	424	439	433	432	423	417	420	413	426	418	424	435	443	420	452	418	448	425	444	4071	4095	160.0	405.6154407791357	278.16388511657715	24	1	0.8126010894775391	4.761904761904762	1.3513513513513513			4.453762747190035	8.92687559354226	3.549776191285625	12.586630517665002	2.9427710843373496	11.410385416422905	2.459218981710331	9.257921354112913	2.059210114539651	6.428597167669634	1.929029232452712	4.657311368720764	1.7737942273339808	3.686710320022134	1.6517463119404867	3.3981734076621994	1.5968314839845348	3.220029239766082	1.5456046866722757	3.0256212179734776	1.507599913320744	3.0627288724021495	1.4440544368495596	2.930591259640103	1.4004658004412847	2.891010512765501	1.3650427713401687	2.7947742682321812	1.3201220433193366	2.72842290555036	1.3304305757135946	2.673007543456871	1.266128059809478	2.5279375067809484	1.2714673094305513	2.4048738777255236	1.2837472190487644	2.332667857518125	1.2710975207602604	2.2682649581481864	1.2953987913600191	2.171836508973908	1.2699651735318842	2.050248291459757	1.2608447659932154	1.962274908538034	1.2809333373425145	1.9324118163746475	1.2772623207615375	1.9439603163963	1.3369952314842761	1.8255313600208631	1.3700290979631424	1.7571884984025559	1.3630278690519655	1.72406798912823	1.3509812870835236	4.778842090435273	4.761904761904762	1.6054585591009431	3.0723796781131276	1.980898456548665	2.973977695167286	4.761904761904762	5.386585091012423	21.046153846153842	2.8561000000000005	0.07629062966953763	20.997268676757812	-1.9073504518036383e-05	20.332557982064877	-1.716646511965026e-05	17.432510324207808	-1.9092404373306147e-05	14.658362620467532	-1.4395655966855441e-05	12.77154967647612	-1.260357961051061e-05	11.453812345523776	-1.0805978653280352e-05	10.501147606093689	-1.197503205815874e-05	9.782811619369678	-9.13952397297138e-06	9.222229697489725	-9.315342990928926e-06	8.774784151414705	-8.453264016568397e-06	8.41184150091051	-8.645807215790702e-06	8.107005829335305	-7.748840164673924e-06	7.848757757272212	-7.951816535688889e-06	7.628417132564067	-9.34521577519149e-06	7.4389508149360815	-8.426232547165837e-06	7.276996355850967	-6.216570392713185e-06	7.142414705193023	-1.0302096090225758e-05	7.026040203827789	-8.024726858359559e-06	6.9281568782530965	-8.354672559495712e-06	6.845131623722809	-8.725483209988934e-06	6.774015827058065	-9.12399046847129e-06	6.71306257035872	-1.1177573316896978e-05	6.6601562762787	-1.3454717307980161e-05	6.616291127328255	-1.4204822892492574e-05	6.581646213213388	-1.5037028683132213e-05	6.550754436276758	-1.5954275047713253e-05	6.528283334536759	-1.6989574772180422e-05	6.508629598071031	-2.2661810995963933e-05	6.493429127230919	-2.4255772267405336e-05
18	1	4	0	0	1931	383	1224	9890	873	15751	739	9701	618	4700	551	2166	495	1243	476	873	473	730	448	616	438	544	421	479	404	488	414	458	432	443	416	433	403	411	385	413	384	424	396	423	400	403	394	388	392	384	394	395	401	401	390	388	378	394	371	396	371	4072	4095	149.0	377.8193619883625	253.1356077194214	23	1	0.8237066268920898	4.761904761904762	1.3513513513513513			4.791206609929781	18.18613485280152	3.4676185619581847	16.758451241209862	2.629518072289157	12.286367288356384	2.283119130004943	8.343654315890872	1.9340301683670278	5.6454422062868606	1.7226825074253556	3.6709375635550128	1.5512864709016265	2.865904270035968	1.500441306266549	2.5886608943185863	1.4868135667808757	2.66812865497076	1.3960300395749587	2.643663362087464	1.3559112156765625	2.5871498549483998	1.2962620851037625	2.462724935732648	1.2380485413091444	2.617464063505685	1.2558393496329552	2.5246678793892285	1.3050176721143099	2.4368777160459874	1.257861635220126	2.366896250136657	1.21488001929338	2.229575783877617	1.1599879481771618	2.2071398033347585	1.1544705670134088	2.227592728801093	1.1871571184459033	2.1855947091040613	1.1966732483695328	2.0260419285103817	1.1828990032424642	1.9076650769457693	1.1767884482603344	1.824488050553523	1.1847129927534052	1.8260829365262816	1.207976864682492	1.792018590517049	1.177038691374419	1.686443256400226	1.1457322987390883	1.6562972927526485	1.128757454058659	1.6064257028112447	1.1288604898828543	4.780015964689863	4.761904761904762	1.4950832831627534	2.8618351597783223	1.802663686620428	2.8500619578686495	4.761904761904762	5.460201682276608	21.046153846153842	2.8561000000000005	0.07629062966953763	20.997268676757812	-1.9073504518036383e-05	20.332557982064877	-1.716646511965026e-05	17.432510324207808	-1.9092404373306147e-05	14.658362620467532	-1.4395655966855441e-05	12.77154967647612	-1.260357961051061e-05	11.453812345523776	-1.0805978653280352e-05	10.501147606093689	-1.197503205815874e-05	9.782811619369678	-9.13952397297138e-06	9.222229697489725	-9.315342990928926e-06	8.774784151414705	-8.453264016568397e-06	8.41184150091051	-8.645807215790702e-06	8.107005829335305	-7.748840164673924e-06	7.848757757272212	-7.951816535688889e-06	7.628417132564067	-9.34521577519149e-06	7.4389508149360815	-8.426232547165837e-06	7.276996355850967	-6.216570392713185e-06	7.142414705193023	-1.0302096090225758e-05	7.026040203827789	-8.024726858359559e-06	6.9281568782530965	-8.354672559495712e-06	6.845131623722809	-8.725483209988934e-06	6.774015827058065	-9.12399046847129e-06	6.71306257035872	-1.1177573316896978e-05	6.6601562762787	-1.3454717307980161e-05	6.616291127328255	-1.4204822892492574e-05	6.581646213213388	-1.5037028683132213e-05	6.550754436276758	-1.5954275047713253e-05	6.528283334536759	-1.6989574772180422e-05	6.508629598071031	-2.2661810995963933e-05	6.493429127230919	-2.4255772267405336e-05
19	1	4	0	0	2131	571	1099	11895	806	16725	655	8974	565	3680	529	1537	489	934	432	722	424	610	442	531	437	500	420	445	407	433	397	437	385	431	369	420	373	412	380	396	371	387	376	363	390	374	381	376	388	371	384	386	375	391	368	383	368	384	364	381	371	4075	4095	140.0	348.27048268611196	232.18574905395508	20	1	0.829716682434082	4.761904761904762	1.3513513513513513			5.287447584547056	27.11301044634378	3.113490849339906	20.155892569685673	2.427710843373494	13.046123604708304	2.023603559070687	7.71837478927994	1.7681667396883018	4.420261131730989	1.65390026574957	2.6049081418208933	1.5324829985270614	2.1534630637277505	1.3617450510654394	2.140908551773218	1.3327884826957535	2.22953216374269	1.377333208687794	2.2788721514098107	1.3528155279695384	2.37789508726875	1.2931830777757252	2.2879177377892033	1.247241971071341	2.322462990774512	1.2042710671601045	2.408907998456535	1.1630365827870586	2.370867484460091	1.1157474600870827	2.295834699901607	1.12444230073556	2.23500054247586	1.1449231696294064	2.1162890123984606	1.1153869280259756	2.033203740674582	1.1271996882213628	1.8755812751885914	1.1667564171602944	1.8802473480468553	1.143869340698931	1.8486651261123948	1.164780402869923	1.7627215280087423	1.1546441350693086	1.7844759835421387	1.1296541752018316	1.7473298476113865	1.1106416369891954	1.6647107402095014	1.1154219204655673	1.6142592903985205	1.107460143604722	1.5455762443714252	1.1288604898828543	4.7835375874536314	4.761904761904762	1.4047762392133254	2.638013857253781	1.6534727063537313	2.478314745972739	4.761904761904762	5.500041249313696	21.046153846153842	2.8561000000000005	0.07629062966953763	20.997268676757812	-1.9073504518036383e-05	20.332557982064877	-1.716646511965026e-05	17.432510324207808	-1.9092404373306147e-05	14.658362620467532	-1.4395655966855441e-05	12.77154967647612	-1.260357961051061e-05	11.453812345523776	-1.0805978653280352e-05	10.501147606093689	-1.197503205815874e-05	9.782811619369678	-9.13952397297138e-06	9.222229697489725	-9.315342990928926e-06	8.774784151414705	-8.453264016568397e-06	8.41184150091051	-8.645807215790702e-06	8.107005829335305	-7.748840164673924e-06	7.848757757272212	-7.951816535688889e-06	7.628417132564067	-9.34521577519149e-06	7.4389508149360815	-8.426232547165837e-06	7.276996355850967	-6.216570392713185e-06	7.142414705193023	-1.0302096090225758e-05	7.026040203827789	-8.024726858359559e-06	6.9281568782530965	-8.354672559495712e-06	6.845131623722809	-8.725483209988934e-06	6.774015827058065	-9.12399046847129e-06	6.71306257035872	-1.1177573316896978e-05	6.6601562762787	-1.3454717307980161e-05	6.616291127328255	-1.4204822892492574e-05	6.581646213213388	-1.5037028683132213e-05	6.550754436276758	-1.5954275047713253e-05	6.528283334536759	-1.6989574772180422e-05	6.508629598071031	-2.2661810995963933e-05	6.493429127230919	-2.4255772267405336e-05
20	1	3	0	0	2246	707	1228	12608	867	16747	713	8399	604	3240	556	1521	520	908	472	767	444	629	439	582	440	515	447	475	448	443	446	444	421	448	429	447	424	462	414	435	405	431	391	428	392	420	384	404	385	404	394	382	390	386	390	388	398	388	394	395	395	4072	4095	138.0	328.659299455766	223.6130828857422	23	1	0.8237686157226562	4.761904761904762	1.0135135135135136			5.572786144951989	33.5707502374169	3.4789506487619692	21.364059984749638	2.61144578313253	13.063284424995514	2.2027928818586258	7.22382770839784	1.8902171872066096	3.8917516485892403	1.7383148350789432	2.577791336180598	1.6296342724623147	2.0935165544590983	1.4878325557937209	2.2743446803463407	1.395655863954987	2.2989766081871346	1.367984793244212	2.497746877816403	1.3621025910906108	2.449231939886812	1.376316275632736	2.442159383033419	1.372885511154695	2.376099549452907	1.3529090578171448	2.4474946254341	1.271788055463251	2.464381979206777	1.2971698113207548	2.4434240734667103	1.2781864222838537	2.5062384723879787	1.2473636637541428	2.324711415134673	1.2176056761469545	2.264369023852054	1.1721677608897683	2.2114291619303503	1.172739783402142	2.111507717057966	1.1528761859012848	1.9863316780569351	1.1557743688271143	1.9195134698531857	1.1847129927534052	1.7659840044380748	1.1748403422099047	1.7249854761585557	1.177038691374419	1.686443256400226	1.20635305528613	1.6310744913401714	1.1987343312644516	1.6023690722485904	1.2018865054008823	4.780015964689863	4.761904761904762	1.3847080072245637	2.4894667489264215	1.5924238711535654	2.8500619578686495	4.761904761904762	5.460612594980101	21.046153846153842	2.8561000000000005	0.07629062966953763	20.997268676757812	-1.9073504518036383e-05	20.332557982064877	-1.716646511965026e-05	17.432510324207808	-1.9092404373306147e-05	14.658362620467532	-1.4395655966855441e-05	12.77154967647612	-1.260357961051061e-05	11.453812345523776	-1.0805978653280352e-05	10.501147606093689	-1.197503205815874e-05	9.782811619369678	-9.13952397297138e-06	9.222229697489725	-9.315342990928926e-06	8.774784151414705	-8.453264016568397e-06	8.41184150091051	-8.645807215790702e-06	8.107005829335305	-7.748840164673924e-06	7.848757757272212	-7.951816535688889e-06	7.628417132564067	-9.34521577519149e-06	7.4389508149360815	-8.426232547165837e-06	7.276996355850967	-6.216570392713185e-06	7.142414705193023	-1.0302096090225758e-05	7.026040203827789	-8.024726858359559e-06	6.9281568782530965	-8.354672559495712e-06	6.845131623722809	-8.725483209988934e-06	6.774015827058065	-9.12399046847129e-06	6.71306257035872	-1.1177573316896978e-05	6.6601562762787	-1.3454717307980161e-05	6.616291127328255	-1.4204822892492574e-05	6.581646213213388	-1.5037028683132213e-05	6.550754436276758	-1.5954275047713253e-05	6.528283334536759	-1.6989574772180422e-05	6.508629598071031	-2.2661810995963933e-05	6.493429127230919	-2.4255772267405336e-05
