	counts(inten<0.01	MicrocoloniesPlatonic	MicrocoloniesAggregates	MicrocoloniesLarge	counts(Norminten<0.01	counts(inten<0.02	counts(Norminten<0.02	counts(inten<0.03	counts(Norminten<0.03	counts(inten<0.04	counts(Norminten<0.04	counts(inten<0.05	counts(Norminten<0.05	counts(inten<0.060000000000000005	counts(Norminten<0.060000000000000005	counts(inten<0.06999999999999999	counts(Norminten<0.06999999999999999	counts(inten<0.08	counts(Norminten<0.08	counts(inten<0.09	counts(Norminten<0.09	counts(inten<0.09999999999999999	counts(Norminten<0.09999999999999999	counts(inten<0.11	counts(Norminten<0.11	counts(inten<0.12	counts(Norminten<0.12	counts(inten<0.13	counts(Norminten<0.13	counts(inten<0.14	counts(Norminten<0.14	counts(inten<0.15000000000000002	counts(Norminten<0.15000000000000002	counts(inten<0.16	counts(Norminten<0.16	counts(inten<0.17	counts(Norminten<0.17	counts(inten<0.18000000000000002	counts(Norminten<0.18000000000000002	counts(inten<0.19	counts(Norminten<0.19	counts(inten<0.2	counts(Norminten<0.2	counts(inten<0.21000000000000002	counts(Norminten<0.21000000000000002	counts(inten<0.22	counts(Norminten<0.22	counts(inten<0.23	counts(Norminten<0.23	counts(inten<0.24000000000000002	counts(Norminten<0.24000000000000002	counts(inten<0.25	counts(Norminten<0.25	counts(inten<0.26	counts(Norminten<0.26	counts(inten<0.27	counts(Norminten<0.27	counts(inten<0.28	counts(Norminten<0.28	counts(inten<0.29000000000000004	counts(Norminten<0.29000000000000004	diff	max	med	std	mean	min	eigenLocal	minProp	counts(inten<0.01Normalized	MicrocoloniesPlatonicNormalized	MicrocoloniesAggregatesNormalized	MicrocoloniesLargeNormalized	counts(Norminten<0.01Normalized	counts(inten<0.02Normalized	counts(Norminten<0.02Normalized	counts(inten<0.03Normalized	counts(Norminten<0.03Normalized	counts(inten<0.04Normalized	counts(Norminten<0.04Normalized	counts(inten<0.05Normalized	counts(Norminten<0.05Normalized	counts(inten<0.060000000000000005Normalized	counts(Norminten<0.060000000000000005Normalized	counts(inten<0.06999999999999999Normalized	counts(Norminten<0.06999999999999999Normalized	counts(inten<0.08Normalized	counts(Norminten<0.08Normalized	counts(inten<0.09Normalized	counts(Norminten<0.09Normalized	counts(inten<0.09999999999999999Normalized	counts(Norminten<0.09999999999999999Normalized	counts(inten<0.11Normalized	counts(Norminten<0.11Normalized	counts(inten<0.12Normalized	counts(Norminten<0.12Normalized	counts(inten<0.13Normalized	counts(Norminten<0.13Normalized	counts(inten<0.14Normalized	counts(Norminten<0.14Normalized	counts(inten<0.15000000000000002Normalized	counts(Norminten<0.15000000000000002Normalized	counts(inten<0.16Normalized	counts(Norminten<0.16Normalized	counts(inten<0.17Normalized	counts(Norminten<0.17Normalized	counts(inten<0.18000000000000002Normalized	counts(Norminten<0.18000000000000002Normalized	counts(inten<0.19Normalized	counts(Norminten<0.19Normalized	counts(inten<0.2Normalized	counts(Norminten<0.2Normalized	counts(inten<0.21000000000000002Normalized	counts(Norminten<0.21000000000000002Normalized	counts(inten<0.22Normalized	counts(Norminten<0.22Normalized	counts(inten<0.23Normalized	counts(Norminten<0.23Normalized	counts(inten<0.24000000000000002Normalized	counts(Norminten<0.24000000000000002Normalized	counts(inten<0.25Normalized	counts(Norminten<0.25Normalized	counts(inten<0.26Normalized	counts(Norminten<0.26Normalized	counts(inten<0.27Normalized	counts(Norminten<0.27Normalized	counts(inten<0.28Normalized	counts(Norminten<0.28Normalized	counts(inten<0.29000000000000004Normalized	counts(Norminten<0.29000000000000004Normalized	diffNormalized	maxNormalized	medNormalized	stdNormalized	meanNormalized	minNormalized	eigenLocalNormalized	minPropNormalized	BioVolume	SubstratumCoverage	Homogenity	ThicknessThreshold=0.01	RoughnessThreshold=0.01	ThicknessThreshold=0.02	RoughnessThreshold=0.02	ThicknessThreshold=0.03	RoughnessThreshold=0.03	ThicknessThreshold=0.04	RoughnessThreshold=0.04	ThicknessThreshold=0.05	RoughnessThreshold=0.05	ThicknessThreshold=0.060000000000000005	RoughnessThreshold=0.060000000000000005	ThicknessThreshold=0.06999999999999999	RoughnessThreshold=0.06999999999999999	ThicknessThreshold=0.08	RoughnessThreshold=0.08	ThicknessThreshold=0.09	RoughnessThreshold=0.09	ThicknessThreshold=0.09999999999999999	RoughnessThreshold=0.09999999999999999	ThicknessThreshold=0.11	RoughnessThreshold=0.11	ThicknessThreshold=0.12	RoughnessThreshold=0.12	ThicknessThreshold=0.13	RoughnessThreshold=0.13	ThicknessThreshold=0.14	RoughnessThreshold=0.14	ThicknessThreshold=0.15000000000000002	RoughnessThreshold=0.15000000000000002	ThicknessThreshold=0.16	RoughnessThreshold=0.16	ThicknessThreshold=0.17	RoughnessThreshold=0.17	ThicknessThreshold=0.18000000000000002	RoughnessThreshold=0.18000000000000002	ThicknessThreshold=0.19	RoughnessThreshold=0.19	ThicknessThreshold=0.2	RoughnessThreshold=0.2	ThicknessThreshold=0.21000000000000002	RoughnessThreshold=0.21000000000000002	ThicknessThreshold=0.22	RoughnessThreshold=0.22	ThicknessThreshold=0.23	RoughnessThreshold=0.23	ThicknessThreshold=0.24000000000000002	RoughnessThreshold=0.24000000000000002	ThicknessThreshold=0.25	RoughnessThreshold=0.25	ThicknessThreshold=0.26	RoughnessThreshold=0.26	ThicknessThreshold=0.27	RoughnessThreshold=0.27	ThicknessThreshold=0.28	RoughnessThreshold=0.28	ThicknessThreshold=0.29000000000000004	RoughnessThreshold=0.29000000000000004
0	1	22	0	0	4126	1	4297	1	4427	3	4551	10	4605	37	4661	71	4713	128	4644	167	4572	236	4491	296	4391	360	4296	448	4184	605	3999	796	3887	1049	3748	1315	3661	1635	3426	1888	3269	2335	3065	2637	2867	2989	2719	3286	2516	3643	2357	3953	2161	4155	2037	4315	1911	4514	1802	4633	1708	2978	3044	733.0	296.3545636609081	764.024242401123	66	1	0.542841911315918	4.761904761904762	5.152224824355972			8.456131002397886	0.02014910336490026	8.950964462775486	0.0017685967953026069	9.254149420962415	0.003707915162901073	9.46508048750052	0.013251351637867063	9.508569068759034	0.061097442163840214	9.55005532106708	0.153822822107156	9.550926113565437	0.3490877355660403	9.290601368383147	0.542507228015463	9.093802211790916	0.8682855040470936	8.910360699972223	1.1619234543670265	8.698839098221008	1.461691501888018	8.494651296146165	1.8569178479648512	8.268121097146471	2.4832738168534254	7.935940941834851	3.172452273723646	7.7323996896695775	4.0346153846153845	7.503803956114359	4.771061606559756	7.388943831109855	5.595674047708683	6.975323723430246	6.045856282823108	6.760277938621888	6.998771093726583	6.434344494594312	7.416261214388166	6.127246692740057	7.933432423824185	5.915113015859204	8.259809466354975	5.583170601810758	8.661024202367933	5.333665225950986	8.942022756577012	5.001504385863402	9.060183166157872	4.829188497190678	9.0987685560054	4.654618082618862	9.267090946417573	4.503423801669416	9.301905354669023	4.376681614349776	3.567364247295727	3.6080457998980644	7.654553049289891	3.187815768011495	6.136524494291459	7.4324324324324325	4.761904761904762	3.9300533073949304	14.972033898305083	3.9884000000000004	0.059093397437846105	20.994728088378906	0.0	20.296117782592773	-8.583077033116372e-06	18.27919745097796	-1.1444288251102943e-05	16.246403991166776	-1.1446951962866089e-05	14.61154358443096	-1.336727347722885e-05	13.346176116194693	-1.627002888408657e-05	12.354686049037834	-1.6342115458007013e-05	11.550700974153242	-1.5485809191602046e-05	10.87880191220393	-1.4655163991285062e-05	10.304595864503574	-1.3851621431228679e-05	9.794155555176047	-1.4064132443944386e-05	9.336154835749229	-1.3315429202375062e-05	8.92313946799582	-1.3621265939500624e-05	8.55800286407291	-1.4007896143302932e-05	8.21617404167524	-1.4458999837614309e-05	7.911795087479288	-1.6176349945289274e-05	7.623004438062287	-1.686562075724228e-05	7.363905807414629	-1.7679758949115127e-05	7.135154198884493	-1.866736358157371e-05	6.918243625261492	-1.4134695164096743e-05	6.735188964092216	-1.5104462462389889e-05	6.547382103187835	-1.9424233349789977e-05	6.375520366183935	-2.2729180071054915e-05	6.210877200959385	-2.462881533503714e-05	6.062602209270833	-2.6876829691867485e-05	5.9246078944447085	-2.9451877897045298e-05	5.790192637498504	-2.2434547208519144e-05	5.672833805247091	-1.6590763921724776e-05	5.555694802801327	-1.842983913822072e-05
1	1	34	0	0	3795	1	4070	1	4180	7	4285	27	4409	68	4500	126	4631	169	4643	191	4696	215	4672	274	4580	327	4514	398	4420	512	4260	697	4065	930	3942	1150	3780	1498	3630	1859	3374	2290	3205	2590	2973	2998	2775	3392	2584	3807	2430	4151	2241	4260	2076	4403	1886	4541	1754	4612	1630	3456	3518	783.0	333.7257811717536	816.3613290786743	62	1	0.5409221649169922	4.761904761904762	7.962529274004685			7.777755005841001	0.02014910336490026	8.478106903303754	0.0017685967953026069	8.737823487603997	0.00865180204676917	8.911858907699347	0.03577864942224107	9.10386124303118	0.11228719100381446	9.220177846986026	0.27298134627467124	9.384752563530984	0.46090490086453756	9.288600808226304	0.6204723386284637	9.340440766966346	0.7910228108903605	9.269473433593905	1.0755642787046125	9.073259637862039	1.3277031142149498	8.925711347952465	1.6496725524330595	8.734487392301004	2.1015474284776094	8.45389057569804	2.777888485911283	8.086494658736001	3.5769230769230766	7.892207896212061	4.172411290907772	7.629119825620117	5.126801054108628	7.390666992426094	5.952990905597541	6.977417486971627	6.86389113688817	6.728246037577412	7.284079084287201	6.353785984484197	7.957320310011679	6.036939543585616	8.526254933011588	5.7340671045624	9.050924825257953	5.498857233373311	9.389915624222409	5.1866595690513115	9.2891408634976	4.921647187122164	9.284328609986504	4.593725643024162	9.322521042907	4.383465786974559	9.25974260646094	4.176809737347853	4.139963344074558	4.169876847582586	8.17669172932331	3.589809093098849	6.556887876148694	6.981981981981981	4.761904761904762	3.9161547753781805	14.972033898305083	3.9884000000000004	0.059093397437846105	20.994728088378906	0.0	20.296117782592773	-8.583077033116372e-06	18.27919745097796	-1.1444288251102943e-05	16.246403991166776	-1.1446951962866089e-05	14.61154358443096	-1.336727347722885e-05	13.346176116194693	-1.627002888408657e-05	12.354686049037834	-1.6342115458007013e-05	11.550700974153242	-1.5485809191602046e-05	10.87880191220393	-1.4655163991285062e-05	10.304595864503574	-1.3851621431228679e-05	9.794155555176047	-1.4064132443944386e-05	9.336154835749229	-1.3315429202375062e-05	8.92313946799582	-1.3621265939500624e-05	8.55800286407291	-1.4007896143302932e-05	8.21617404167524	-1.4458999837614309e-05	7.911795087479288	-1.6176349945289274e-05	7.623004438062287	-1.686562075724228e-05	7.363905807414629	-1.7679758949115127e-05	7.135154198884493	-1.866736358157371e-05	6.918243625261492	-1.4134695164096743e-05	6.735188964092216	-1.5104462462389889e-05	6.547382103187835	-1.9424233349789977e-05	6.375520366183935	-2.2729180071054915e-05	6.210877200959385	-2.462881533503714e-05	6.062602209270833	-2.6876829691867485e-05	5.9246078944447085	-2.9451877897045298e-05	5.790192637498504	-2.2434547208519144e-05	5.672833805247091	-1.6590763921724776e-05	5.555694802801327	-1.842983913822072e-05
2	1	38	0	0	3459	1	3802	1	4161	15	4431	85	4694	161	4917	163	5142	170	5352	234	5466	221	5503	207	5538	269	5537	339	5528	392	5482	519	5418	615	5355	863	5238	1179	5098	1500	4917	1801	4698	2268	4522	2743	4264	3157	4055	3600	3866	4067	3700	4428	3492	4767	3289	5052	3075	5323	2902	4031	4095	887.0	448.27031497011376	938.8522243499756	64	1	0.5458593368530273	4.761904761904762	8.899297423887589			7.08913163773492	0.02014910336490026	7.919843352914219	0.0017685967953026069	8.698106108114887	0.018539575814505365	9.215506842477435	0.11263648892187003	9.692339459013008	0.2658564375237372	10.074580994140064	0.35314253526009054	10.420297491184696	0.4636321487986473	10.706997959428639	0.7601598284767567	10.871986633781527	0.8130978660779985	10.918217531050354	0.8125613346418058	10.971116129799121	1.0922083722441025	10.948529847942579	1.4051231037055458	10.92403762548415	1.6089972499281697	10.878926792482785	2.0684707664102664	10.778014283156617	2.3653846153846154	10.721149995995836	3.1311225600464407	10.571780329787877	4.035045689448646	10.379509732062871	4.803381580632766	10.168334849863513	5.39819560591074	9.862496063818622	6.378490873808252	9.664251672330149	7.2804968680327	9.276219896882546	7.935550360706835	8.99831350967513	8.558794161000428	8.748387680749474	9.199900468251634	8.563427222440808	9.655473179241168	8.278608852326878	10.051872469635628	8.011009353078721	10.371586943132826	7.684810316389264	10.687252795791755	7.4362588084561185	4.828759328693444	4.853793544869439	9.262740183792815	4.821937481712911	7.540715793437991	7.207207207207207	4.761904761904762	3.951898789412315	14.972033898305083	3.9884000000000004	0.059093397437846105	20.994728088378906	0.0	20.296117782592773	-8.583077033116372e-06	18.27919745097796	-1.1444288251102943e-05	16.246403991166776	-1.1446951962866089e-05	14.61154358443096	-1.336727347722885e-05	13.346176116194693	-1.627002888408657e-05	12.354686049037834	-1.6342115458007013e-05	11.550700974153242	-1.5485809191602046e-05	10.87880191220393	-1.4655163991285062e-05	10.304595864503574	-1.3851621431228679e-05	9.794155555176047	-1.4064132443944386e-05	9.336154835749229	-1.3315429202375062e-05	8.92313946799582	-1.3621265939500624e-05	8.55800286407291	-1.4007896143302932e-05	8.21617404167524	-1.4458999837614309e-05	7.911795087479288	-1.6176349945289274e-05	7.623004438062287	-1.686562075724228e-05	7.363905807414629	-1.7679758949115127e-05	7.135154198884493	-1.866736358157371e-05	6.918243625261492	-1.4134695164096743e-05	6.735188964092216	-1.5104462462389889e-05	6.547382103187835	-1.9424233349789977e-05	6.375520366183935	-2.2729180071054915e-05	6.210877200959385	-2.462881533503714e-05	6.062602209270833	-2.6876829691867485e-05	5.9246078944447085	-2.9451877897045298e-05	5.790192637498504	-2.2434547208519144e-05	5.672833805247091	-1.6590763921724776e-05	5.555694802801327	-1.842983913822072e-05
3	1	45	0	0	3617	1	3935	2	4295	31	4531	126	4876	202	5096	224	5309	204	5507	246	5658	232	5708	231	5773	296	5821	322	5887	364	5917	432	5942	580	5861	737	5877	965	5823	1235	5722	1515	5674	1848	5556	2225	5423	2594	5338	3007	5213	3395	5128	3793	4947	4250	4833	4623	4676	4995	4520	4032	4095	932.0	559.9659613620046	1016.7104482650757	63	1	0.5594282150268555	4.761904761904762	10.53864168618267			7.412948578689566	0.02014910336490026	8.196892055159772	0.0035371935906052137	8.978218152932815	0.038315123349977755	9.423484879996673	0.16696703063712498	10.068139582903159	0.33355900857015475	10.441339179609065	0.48530017115497104	10.758724111376809	0.5563585785583768	11.017084783739447	0.799142383783257	11.253878590182193	0.8535688005886681	11.324947422721321	0.9067713444553485	11.436665478030033	1.2018352348857038	11.510094319103079	1.3346597032247367	11.633467710062446	1.4940688749333004	11.742176182254768	1.7217328922721296	11.820406214565637	2.230769230769231	11.734203571714582	2.673971409912198	11.861464871737946	3.3026455388616998	11.855607134131443	3.95478416805431	11.833071387211515	4.540958546893266	11.911409677757952	5.197288860140057	11.874078348400333	5.905616307463638	11.797593926077402	6.5203730236533195	11.845375466003906	7.148970567257858	11.796519653323074	7.679779220485443	11.86844724234499	8.270824247710424	11.728029207463075	8.961707152496626	11.771726422447388	9.490864298911927	11.685909931523966	10.028710823779791	11.582319026265214	4.829957234753651	4.853793544869439	9.73266499582289	6.023421064040055	8.166061000594652	7.094594594594595	4.761904761904762	4.050134414615649	14.972033898305083	3.9884000000000004	0.059093397437846105	20.994728088378906	0.0	20.296117782592773	-8.583077033116372e-06	18.27919745097796	-1.1444288251102943e-05	16.246403991166776	-1.1446951962866089e-05	14.61154358443096	-1.336727347722885e-05	13.346176116194693	-1.627002888408657e-05	12.354686049037834	-1.6342115458007013e-05	11.550700974153242	-1.5485809191602046e-05	10.87880191220393	-1.4655163991285062e-05	10.304595864503574	-1.3851621431228679e-05	9.794155555176047	-1.4064132443944386e-05	9.336154835749229	-1.3315429202375062e-05	8.92313946799582	-1.3621265939500624e-05	8.55800286407291	-1.4007896143302932e-05	8.21617404167524	-1.4458999837614309e-05	7.911795087479288	-1.6176349945289274e-05	7.623004438062287	-1.686562075724228e-05	7.363905807414629	-1.7679758949115127e-05	7.135154198884493	-1.866736358157371e-05	6.918243625261492	-1.4134695164096743e-05	6.735188964092216	-1.5104462462389889e-05	6.547382103187835	-1.9424233349789977e-05	6.375520366183935	-2.2729180071054915e-05	6.210877200959385	-2.462881533503714e-05	6.062602209270833	-2.6876829691867485e-05	5.9246078944447085	-2.9451877897045298e-05	5.790192637498504	-2.2434547208519144e-05	5.672833805247091	-1.6590763921724776e-05	5.555694802801327	-1.842983913822072e-05
4	1	46	0	0	3714	1	3952	10	4128	62	4291	179	4432	264	4522	288	4692	250	4781	268	4808	242	4861	293	4873	352	4933	434	5018	560	5059	770	5063	963	5072	1202	5069	1502	5021	1761	4982	2098	4955	2355	4875	2650	4817	2981	4714	3267	4659	3670	4589	3957	4501	4201	4408	4395	4286	4532	4178	4040	4095	885.0	607.2218614256569	1001.3009080886841	55	1	0.5765275955200195	4.761904761904762	10.772833723653395			7.611747586744	0.02014910336490026	8.232304295296421	0.017685967953026068	8.629123291107488	0.07663024669995551	8.9243375899505	0.23719919431782044	9.151352467478835	0.4359385062501032	9.265254272015735	0.6239573629135343	9.508369472702954	0.6818119835274224	9.564678109870764	0.8706104018451742	9.563211074866736	0.8903605592347313	9.644458553232015	1.1501472031403337	9.653710527358452	1.4292094685127288	9.754216676882923	1.7988891652159495	9.916212157141729	2.298567499897385	10.039491178980374	3.0688294607628235	10.071813642602796	3.703846153846154	10.1545607431729	4.361076844931428	10.230690051869942	5.140490776549505	10.222738007981105	5.639169975662867	10.302754570270494	6.288403321044271	10.40201532486617	6.623168433782379	10.418670257100725	7.033655377428602	10.479256858180868	7.493150340597743	10.460678146635896	7.767105701107889	10.54287072028241	8.301852647770716	10.620964195616452	8.628434365460096	10.670681112349161	8.858383940620783	10.73655494933749	9.022787928556765	10.711251062128255	9.099122613287289	10.705957719410634	4.839540483235305	4.853793544869439	9.241854636591478	6.531741575435499	8.042293958280633	6.193693693693693	4.761904761904762	4.173930082305823	14.972033898305083	3.9884000000000004	0.059093397437846105	20.994728088378906	0.0	20.296117782592773	-8.583077033116372e-06	18.27919745097796	-1.1444288251102943e-05	16.246403991166776	-1.1446951962866089e-05	14.61154358443096	-1.336727347722885e-05	13.346176116194693	-1.627002888408657e-05	12.354686049037834	-1.6342115458007013e-05	11.550700974153242	-1.5485809191602046e-05	10.87880191220393	-1.4655163991285062e-05	10.304595864503574	-1.3851621431228679e-05	9.794155555176047	-1.4064132443944386e-05	9.336154835749229	-1.3315429202375062e-05	8.92313946799582	-1.3621265939500624e-05	8.55800286407291	-1.4007896143302932e-05	8.21617404167524	-1.4458999837614309e-05	7.911795087479288	-1.6176349945289274e-05	7.623004438062287	-1.686562075724228e-05	7.363905807414629	-1.7679758949115127e-05	7.135154198884493	-1.866736358157371e-05	6.918243625261492	-1.4134695164096743e-05	6.735188964092216	-1.5104462462389889e-05	6.547382103187835	-1.9424233349789977e-05	6.375520366183935	-2.2729180071054915e-05	6.210877200959385	-2.462881533503714e-05	6.062602209270833	-2.6876829691867485e-05	5.9246078944447085	-2.9451877897045298e-05	5.790192637498504	-2.2434547208519144e-05	5.672833805247091	-1.6590763921724776e-05	5.555694802801327	-1.842983913822072e-05
5	1	36	0	0	3200	1	3357	8	3464	86	3584	229	3608	338	3645	384	3706	366	3714	404	3771	482	3814	648	3858	825	3858	1021	3868	1222	3885	1454	3927	1716	3952	2026	3921	2285	3960	2547	3944	2674	3910	2906	3892	3068	3826	3198	3804	3374	3758	3510	3708	3604	3654	3635	3624	3702	3545	3719	3489	4048	4095	772.0	600.5054501267545	916.3565368652344	47	1	0.5984277725219727	4.761904761904762	8.430913348946136			6.558317791486484	0.02014910336490026	6.9928758905136865	0.014148774362420855	7.241105397382834	0.10629356800316409	7.453932864689489	0.30345595250715574	7.449927730745405	0.5581333905777837	7.468344056058681	0.8319431505513789	7.510233858874073	0.9981727438841466	7.430080422518305	1.3124126953188449	7.500596706181876	1.7733627667402503	7.567160033332011	2.5436702649656526	7.642933555212171	3.3497096918267086	7.628576513159195	4.231948934759181	7.643664532448027	5.015802651561795	7.709710067273918	5.794906540193695	7.811971592830572	6.6000000000000005	7.912228717866582	7.350700239460125	7.9136981048297566	7.820253944351278	8.062545809919374	8.156141923914435	8.156175035155927	8.014866768575967	8.208250236170883	8.172792980285177	8.317838900643286	8.143114980358849	8.323362412165249	8.03860945630043	8.441327889224215	8.021492083115401	8.503994025932881	7.939919017350193	8.5819427407596	7.8587003924989105	8.662668025888433	7.664895411605937	8.826968043647701	7.600082118661467	8.859399210276402	7.466821932660069	8.940422805893657	4.849123731716959	4.853793544869439	8.061821219715956	6.4594947317270615	7.360033912412592	5.292792792792793	4.761904761904762	4.332482436619104	14.972033898305083	3.9884000000000004	0.059093397437846105	20.994728088378906	0.0	20.296117782592773	-8.583077033116372e-06	18.27919745097796	-1.1444288251102943e-05	16.246403991166776	-1.1446951962866089e-05	14.61154358443096	-1.336727347722885e-05	13.346176116194693	-1.627002888408657e-05	12.354686049037834	-1.6342115458007013e-05	11.550700974153242	-1.5485809191602046e-05	10.87880191220393	-1.4655163991285062e-05	10.304595864503574	-1.3851621431228679e-05	9.794155555176047	-1.4064132443944386e-05	9.336154835749229	-1.3315429202375062e-05	8.92313946799582	-1.3621265939500624e-05	8.55800286407291	-1.4007896143302932e-05	8.21617404167524	-1.4458999837614309e-05	7.911795087479288	-1.6176349945289274e-05	7.623004438062287	-1.686562075724228e-05	7.363905807414629	-1.7679758949115127e-05	7.135154198884493	-1.866736358157371e-05	6.918243625261492	-1.4134695164096743e-05	6.735188964092216	-1.5104462462389889e-05	6.547382103187835	-1.9424233349789977e-05	6.375520366183935	-2.2729180071054915e-05	6.210877200959385	-2.462881533503714e-05	6.062602209270833	-2.6876829691867485e-05	5.9246078944447085	-2.9451877897045298e-05	5.790192637498504	-2.2434547208519144e-05	5.672833805247091	-1.6590763921724776e-05	5.555694802801327	-1.842983913822072e-05
6	1	31	0	0	2639	1	2743	13	2766	150	2810	401	2820	530	2828	700	2847	946	2879	1137	2844	1368	2875	1683	2924	1897	2932	2019	2908	2169	2943	2254	2895	2341	2937	2438	2912	2464	2916	2527	2903	2595	2892	2728	2861	2770	2851	2823	2827	2809	2814	2824	2781	2879	2770	2857	2722	2893	2667	2924	2612	4044	4095	627.0	575.2938560796175	800.6434535980225	51	1	0.623082160949707	4.761904761904762	7.259953161592506			5.40856270366651	0.02014910336490026	5.713869099695872	0.02299175833893389	5.782014298256616	0.18539575814505363	5.844182854290587	0.5313792006784692	5.822837084451786	0.875179576941495	5.794369544728107	1.5165630348592847	5.769464596927816	2.579976545667767	5.759612691553635	3.693597115290907	5.656774604184899	5.033112582781457	5.704138724653784	6.606476938174681	5.792622528626333	7.702302164115474	5.797559962826014	8.368565033573738	5.746581297921113	8.902844477281123	5.84032863011252	8.983300785142083	5.75901649127693	9.003846153846155	5.88011531993273	8.845511936724476	5.877247865662906	8.432869023580547	5.93696555094063	8.092096836172665	6.003391512945653	7.778077511015197	6.071166159336623	7.672188317349608	6.114423713962087	7.35216052659518	6.202275545500033	7.095995777090717	6.273300195277827	6.678236888402835	6.36781245049897	6.388128576922207	6.4364570555697	6.277802006105539	6.566937720774757	6.0243758434547905	6.629968823070928	5.939232190515295	6.665167191482981	5.870660750496918	6.693145419602818	4.844332107476132	4.853793544869439	6.547619047619048	6.188299592879367	6.430644332380872	5.743243243243244	4.761904761904762	4.5109746620026145	14.972033898305083	3.9884000000000004	0.059093397437846105	20.994728088378906	0.0	20.296117782592773	-8.583077033116372e-06	18.27919745097796	-1.1444288251102943e-05	16.246403991166776	-1.1446951962866089e-05	14.61154358443096	-1.336727347722885e-05	13.346176116194693	-1.627002888408657e-05	12.354686049037834	-1.6342115458007013e-05	11.550700974153242	-1.5485809191602046e-05	10.87880191220393	-1.4655163991285062e-05	10.304595864503574	-1.3851621431228679e-05	9.794155555176047	-1.4064132443944386e-05	9.336154835749229	-1.3315429202375062e-05	8.92313946799582	-1.3621265939500624e-05	8.55800286407291	-1.4007896143302932e-05	8.21617404167524	-1.4458999837614309e-05	7.911795087479288	-1.6176349945289274e-05	7.623004438062287	-1.686562075724228e-05	7.363905807414629	-1.7679758949115127e-05	7.135154198884493	-1.866736358157371e-05	6.918243625261492	-1.4134695164096743e-05	6.735188964092216	-1.5104462462389889e-05	6.547382103187835	-1.9424233349789977e-05	6.375520366183935	-2.2729180071054915e-05	6.210877200959385	-2.462881533503714e-05	6.062602209270833	-2.6876829691867485e-05	5.9246078944447085	-2.9451877897045298e-05	5.790192637498504	-2.2434547208519144e-05	5.672833805247091	-1.6590763921724776e-05	5.555694802801327	-1.842983913822072e-05
7	1	26	0	0	2510	1	2558	23	2586	177	2621	473	2618	710	2616	944	2604	1247	2646	1657	2663	1931	2691	2040	2644	2125	2650	2242	2660	2328	2695	2329	2738	2339	2704	2438	2667	2471	2692	2452	2651	2548	2625	2572	2624	2656	2611	2622	2616	2618	2571	2653	2560	2650	2527	2662	2504	2657	2497	2655	2429	4045	4095	581.0	557.5244266806676	757.3587198257446	50	1	0.6297235488891602	4.761904761904762	6.0889929742388755			5.14418051769721	0.02014910336490026	5.328500604091156	0.04067772629195996	5.405744387307162	0.21876699461116328	5.451104363379227	0.626788932471112	5.40574024365063	1.1724103766574745	5.359996721714543	2.0451935784388064	5.277023466947676	3.4008781738347835	5.293482175009003	5.382841178572589	5.296761874453019	7.1044885945548195	5.339073846275942	8.007850834151128	5.237925432861841	8.628040115311219	5.239950171039883	9.292879051645528	5.2565014623349935	9.55547346385913	5.3481772538747	9.282212745605994	5.446696771370029	8.996153846153847	5.413630175382398	8.845511936724476	5.382767876965305	8.456826037852084	5.4809023536118575	7.851927757141028	5.482256596906279	7.6372028894284085	5.510653930933137	7.233456140844279	5.607916052232267	7.04958063488693	5.68016185524398	6.5907548450343105	5.805077223504349	6.224145309305311	5.817926727161639	6.001312009410274	5.9249658620131	5.778456170955081	5.990848960432422	5.613191632928475	6.098986749805144	5.454732087866968	6.240315889438697	5.330576023450519	6.224215246636771	4.845530013536338	4.853793544869439	6.067251461988303	5.997158054423579	6.082988048350273	5.63063063063063	4.761904761904762	4.559056816480829	14.972033898305083	3.9884000000000004	0.059093397437846105	20.994728088378906	0.0	20.296117782592773	-8.583077033116372e-06	18.27919745097796	-1.1444288251102943e-05	16.246403991166776	-1.1446951962866089e-05	14.61154358443096	-1.336727347722885e-05	13.346176116194693	-1.627002888408657e-05	12.354686049037834	-1.6342115458007013e-05	11.550700974153242	-1.5485809191602046e-05	10.87880191220393	-1.4655163991285062e-05	10.304595864503574	-1.3851621431228679e-05	9.794155555176047	-1.4064132443944386e-05	9.336154835749229	-1.3315429202375062e-05	8.92313946799582	-1.3621265939500624e-05	8.55800286407291	-1.4007896143302932e-05	8.21617404167524	-1.4458999837614309e-05	7.911795087479288	-1.6176349945289274e-05	7.623004438062287	-1.686562075724228e-05	7.363905807414629	-1.7679758949115127e-05	7.135154198884493	-1.866736358157371e-05	6.918243625261492	-1.4134695164096743e-05	6.735188964092216	-1.5104462462389889e-05	6.547382103187835	-1.9424233349789977e-05	6.375520366183935	-2.2729180071054915e-05	6.210877200959385	-2.462881533503714e-05	6.062602209270833	-2.6876829691867485e-05	5.9246078944447085	-2.9451877897045298e-05	5.790192637498504	-2.2434547208519144e-05	5.672833805247091	-1.6590763921724776e-05	5.555694802801327	-1.842983913822072e-05
8	1	23	0	0	1961	1	1930	58	1950	390	1945	1253	1965	2134	1985	2531	1954	2598	2032	2616	2065	2410	2076	2307	2116	2213	2124	2171	2135	2019	2110	2036	2136	1959	2138	1960	2133	1942	2161	1949	2180	1962	2181	1982	2168	1963	2157	2020	2147	2063	2153	2093	2157	2113	2110	2121	2087	2112	2079	2136	2080	4049	4095	479.0	541.8140540095625	672.1226301193237	46	1	0.647007942199707	4.761904761904762	5.386416861826698			4.019019121595311	0.02014910336490026	4.020330791984335	0.1025786141275512	4.076257368619089	0.48202897117713944	4.045172829749179	1.6603943602247428	4.057402436506298	3.5238362588550007	4.067122894726059	5.483458630326927	3.959794106918494	7.085390132816974	4.0651382387068375	8.498197056817075	4.107327551913438	8.86681383370125	4.118884171263045	9.055937193326791	4.191925195134514	8.985342482439401	4.1998694955806455	8.998590731990385	4.219034068453087	8.287156754094323	4.187255660733068	8.114463353393647	4.249139628797072	7.534615384615384	4.280451669736526	7.111240113199332	4.305003330171353	6.646360245046032	4.399788256372669	6.241193800435506	4.508230622880304	5.880766118154842	4.578566180329589	5.574148550215147	4.633369665106538	5.210213398449941	4.6924967911762785	5.077545685342986	4.7643351677614065	4.904664542817745	4.872032766852978	4.734544302938449	4.992246626704007	4.6075010902747495	5.002252198857306	4.472419028340081	5.08330085736555	4.335865325395196	5.195681511470985	4.288553817736463	5.329916720051249	4.850321637777165	4.853793544869439	5.0020885547201335	5.828165300933912	5.398384964765832	5.18018018018018	4.761904761904762	4.684191935344002	14.972033898305083	3.9884000000000004	0.059093397437846105	20.994728088378906	0.0	20.296117782592773	-8.583077033116372e-06	18.27919745097796	-1.1444288251102943e-05	16.246403991166776	-1.1446951962866089e-05	14.61154358443096	-1.336727347722885e-05	13.346176116194693	-1.627002888408657e-05	12.354686049037834	-1.6342115458007013e-05	11.550700974153242	-1.5485809191602046e-05	10.87880191220393	-1.4655163991285062e-05	10.304595864503574	-1.3851621431228679e-05	9.794155555176047	-1.4064132443944386e-05	9.336154835749229	-1.3315429202375062e-05	8.92313946799582	-1.3621265939500624e-05	8.55800286407291	-1.4007896143302932e-05	8.21617404167524	-1.4458999837614309e-05	7.911795087479288	-1.6176349945289274e-05	7.623004438062287	-1.686562075724228e-05	7.363905807414629	-1.7679758949115127e-05	7.135154198884493	-1.866736358157371e-05	6.918243625261492	-1.4134695164096743e-05	6.735188964092216	-1.5104462462389889e-05	6.547382103187835	-1.9424233349789977e-05	6.375520366183935	-2.2729180071054915e-05	6.210877200959385	-2.462881533503714e-05	6.062602209270833	-2.6876829691867485e-05	5.9246078944447085	-2.9451877897045298e-05	5.790192637498504	-2.2434547208519144e-05	5.672833805247091	-1.6590763921724776e-05	5.555694802801327	-1.842983913822072e-05
9	1	18	0	0	1588	1	1588	111	1572	1075	1554	2977	1550	4297	1581	4185	1583	3593	1572	2995	1585	2435	1587	2090	1652	1902	1641	1750	1679	1666	1696	1609	1680	1601	1683	1569	1731	1561	1727	1569	1771	1556	1783	1548	1780	1579	1784	1581	1777	1645	1786	1661	1793	1707	1792	1697	1770	1689	1770	1733	1760	4050	4095	381.0	509.2542699803339	581.4731826782227	45	1	0.6684818267822266	4.761904761904762	4.215456674473068			3.254565204025168	0.02014910336490026	3.3079198433529142	0.19631424427858937	3.2860905556252353	1.328669600039551	3.231978703048958	3.9449273825930247	3.2004955606029317	7.095559702108687	3.239355816907757	9.066880429837294	3.2079601183479918	9.799001827256115	3.1448805665586366	9.729396095247376	3.152597660911767	8.95879323031641	3.148684576008889	8.204121687929343	3.2727128650105	7.72260343497503	3.2448144266703576	7.253585343612699	3.317919532052802	6.838238312194722	3.365680379432835	6.412657925152446	3.3420199327617417	6.157692307692308	3.369504284455834	5.6926202742906895	3.4936524915736573	5.342414182552449	3.5161658115481718	5.024337133341873	3.662420382165605	4.663849174234931	3.7430460795633462	4.353573136091346	3.8041503707978026	4.190996921116891	3.881045097569996	3.9740592715481484	3.943280667495118	3.910893443012695	4.041546921318821	3.75732350080304	4.1497905431990185	3.7221979938944614	4.248358265569807	3.5783569500674766	4.311184723304754	3.4674604803941698	4.423451791872845	3.479430602124199	4.509929532351057	4.851519543837372	4.853793544869439	3.978696741854636	5.4779274248936884	4.670302629487978	5.0675675675675675	4.761904761904762	4.83965802844939	14.972033898305083	3.9884000000000004	0.059093397437846105	20.994728088378906	0.0	20.296117782592773	-8.583077033116372e-06	18.27919745097796	-1.1444288251102943e-05	16.246403991166776	-1.1446951962866089e-05	14.61154358443096	-1.336727347722885e-05	13.346176116194693	-1.627002888408657e-05	12.354686049037834	-1.6342115458007013e-05	11.550700974153242	-1.5485809191602046e-05	10.87880191220393	-1.4655163991285062e-05	10.304595864503574	-1.3851621431228679e-05	9.794155555176047	-1.4064132443944386e-05	9.336154835749229	-1.3315429202375062e-05	8.92313946799582	-1.3621265939500624e-05	8.55800286407291	-1.4007896143302932e-05	8.21617404167524	-1.4458999837614309e-05	7.911795087479288	-1.6176349945289274e-05	7.623004438062287	-1.686562075724228e-05	7.363905807414629	-1.7679758949115127e-05	7.135154198884493	-1.866736358157371e-05	6.918243625261492	-1.4134695164096743e-05	6.735188964092216	-1.5104462462389889e-05	6.547382103187835	-1.9424233349789977e-05	6.375520366183935	-2.2729180071054915e-05	6.210877200959385	-2.462881533503714e-05	6.062602209270833	-2.6876829691867485e-05	5.9246078944447085	-2.9451877897045298e-05	5.790192637498504	-2.2434547208519144e-05	5.672833805247091	-1.6590763921724776e-05	5.555694802801327	-1.842983913822072e-05
10	1	17	0	0	1548	1	1520	125	1503	1314	1472	3340	1498	4638	1551	4150	1548	3599	1543	3003	1561	2474	1553	2038	1587	1848	1616	1617	1630	1552	1645	1554	1676	1507	1721	1503	1733	1500	1765	1543	1758	1556	1750	1550	1729	1559	1747	1571	1772	1605	1789	1630	1775	1656	1772	1702	1750	1734	1727	1757	1720	4052	4095	366.0	498.331123394422	564.3943729400635	43	1	0.6704139709472656	4.761904761904762	3.9812646370023423			3.1725862316315863	0.02014910336490026	3.166270882806316	0.22107459941282584	3.1418537564279445	1.6240668413506698	3.0614367122831827	4.425951447047599	3.0931240966343174	7.6586469393484045	3.177887964594517	8.99105227809433	3.1370323835771896	9.815365314860774	3.086864322010163	9.75538446545171	3.1048611663616836	9.102281089036056	3.08122693543907	8.0	3.1439438963508857	7.503349709691827	3.195380934490736	6.702312857498134	3.2210892419571575	6.370315642572753	3.2644718302871545	6.193455820812243	3.3340627424456426	5.796153846153846	3.4455834067430127	5.453160148029896	3.4976890629099646	5.133645915329066	3.593533675380731	4.941078519277571	3.635536438084209	4.663849174234931	3.673769287288758	4.3591979075850045	3.695155051185057	4.137912729589129	3.8005525703221874	3.948922906769223	3.932185336410438	3.815795730112691	4.048335633952615	3.687198859909064	4.108130626981739	3.6109899694723073	4.2009435527844285	3.588900134952767	4.262470771628995	3.559843974543215	4.315989403708702	3.5276166000762945	4.407431133888533	4.853915355957786	4.853793544869439	3.8220551378446115	5.360429727228018	4.533128272346921	4.842342342342342	4.761904761904762	4.853646317503506	14.972033898305083	3.9884000000000004	0.059093397437846105	20.994728088378906	0.0	20.296117782592773	-8.583077033116372e-06	18.27919745097796	-1.1444288251102943e-05	16.246403991166776	-1.1446951962866089e-05	14.61154358443096	-1.336727347722885e-05	13.346176116194693	-1.627002888408657e-05	12.354686049037834	-1.6342115458007013e-05	11.550700974153242	-1.5485809191602046e-05	10.87880191220393	-1.4655163991285062e-05	10.304595864503574	-1.3851621431228679e-05	9.794155555176047	-1.4064132443944386e-05	9.336154835749229	-1.3315429202375062e-05	8.92313946799582	-1.3621265939500624e-05	8.55800286407291	-1.4007896143302932e-05	8.21617404167524	-1.4458999837614309e-05	7.911795087479288	-1.6176349945289274e-05	7.623004438062287	-1.686562075724228e-05	7.363905807414629	-1.7679758949115127e-05	7.135154198884493	-1.866736358157371e-05	6.918243625261492	-1.4134695164096743e-05	6.735188964092216	-1.5104462462389889e-05	6.547382103187835	-1.9424233349789977e-05	6.375520366183935	-2.2729180071054915e-05	6.210877200959385	-2.462881533503714e-05	6.062602209270833	-2.6876829691867485e-05	5.9246078944447085	-2.9451877897045298e-05	5.790192637498504	-2.2434547208519144e-05	5.672833805247091	-1.6590763921724776e-05	5.555694802801327	-1.842983913822072e-05
11	1	15	0	0	1466	1	1390	230	1428	2160	1443	4790	1427	5387	1379	4482	1440	3616	1465	2626	1465	2160	1460	1869	1424	1635	1472	1525	1502	1436	1526	1435	1549	1445	1591	1424	1653	1370	1685	1440	1670	1471	1674	1482	1670	1450	1677	1464	1668	1509	1640	1512	1614	1550	1603	1591	1595	1655	1590	1697	1605	4053	4095	332.0	482.1406184387174	528.4748687744141	42	1	0.6780052185058594	4.761904761904762	3.51288056206089			3.0045293382247453	0.02014910336490026	2.8954713994084074	0.40677726291959954	2.9850746268656714	2.6696989172887724	3.0011230814026035	6.347397434538323	2.946520751600248	8.895457322611007	2.825472277998607	9.710336460341876	2.918169659141572	9.861728529740638	2.9308206297763375	8.53068251957249	2.9139151881613494	7.9470198675496695	2.8967104479980956	7.336604514229637	2.821030944173699	6.638515571074749	2.9106440195361163	6.320981513719638	2.968144810686902	5.894183803308295	3.0283185489472326	5.719182176876171	3.081421949909487	5.557692307692308	3.1853127252342435	5.166533633263189	3.336226209457686	4.688729936000548	3.4306539620490266	4.6112463174074545	3.4535528166101415	4.409075922429038	3.5142227353836466	4.16795567680063	3.5690624265350177	3.8486038857628198	3.648269410664172	3.6799638036347186	3.701402449849103	3.5875612191526796	3.7111629064741694	3.4202728074739293	3.7355058208160714	3.3798517226341036	3.8002892297479907	3.354841430499325	3.8849376461418546	3.397659618148224	3.973609236767132	3.407151605196057	4.112748238308776	4.855113262017992	4.853793544869439	3.4670008354218877	5.1862723046046275	4.244628372863904	4.72972972972973	4.761904761904762	4.908605241921452	14.972033898305083	3.9884000000000004	0.059093397437846105	20.994728088378906	0.0	20.296117782592773	-8.583077033116372e-06	18.27919745097796	-1.1444288251102943e-05	16.246403991166776	-1.1446951962866089e-05	14.61154358443096	-1.336727347722885e-05	13.346176116194693	-1.627002888408657e-05	12.354686049037834	-1.6342115458007013e-05	11.550700974153242	-1.5485809191602046e-05	10.87880191220393	-1.4655163991285062e-05	10.304595864503574	-1.3851621431228679e-05	9.794155555176047	-1.4064132443944386e-05	9.336154835749229	-1.3315429202375062e-05	8.92313946799582	-1.3621265939500624e-05	8.55800286407291	-1.4007896143302932e-05	8.21617404167524	-1.4458999837614309e-05	7.911795087479288	-1.6176349945289274e-05	7.623004438062287	-1.686562075724228e-05	7.363905807414629	-1.7679758949115127e-05	7.135154198884493	-1.866736358157371e-05	6.918243625261492	-1.4134695164096743e-05	6.735188964092216	-1.5104462462389889e-05	6.547382103187835	-1.9424233349789977e-05	6.375520366183935	-2.2729180071054915e-05	6.210877200959385	-2.462881533503714e-05	6.062602209270833	-2.6876829691867485e-05	5.9246078944447085	-2.9451877897045298e-05	5.790192637498504	-2.2434547208519144e-05	5.672833805247091	-1.6590763921724776e-05	5.555694802801327	-1.842983913822072e-05
12	1	14	0	0	1364	1	1322	668	1283	4092	1256	6529	1187	5687	1227	4362	1262	3222	1314	2379	1346	1883	1348	1645	1341	1479	1372	1354	1428	1301	1422	1255	1451	1184	1426	1231	1428	1263	1451	1320	1448	1355	1456	1338	1464	1354	1484	1423	1502	1422	1498	1445	1489	1428	1510	1444	1449	1446	1446	1445	1423	4052	4095	288.0	455.96021256727977	476.197340965271	43	1	0.6911544799804688	4.761904761904762	3.278688524590164			2.7954829586211134	0.02014910336490026	2.753822438861809	1.1814226592621415	2.6819683097119444	5.057596282197063	2.6122041512416287	8.651807484363406	2.4509601486681807	9.390841988804306	2.5140351596115234	9.45035422579457	2.5574514651643496	8.78719284370142	2.6287360460929063	7.728291589513693	2.6772217360171853	6.927888153053716	2.6744970437681044	6.457311089303238	2.6566028765006537	6.005115920256608	2.71291005081763	5.612202603000912	2.821911311358786	5.340064852440176	2.821932487944276	5.001793471762783	2.886470787165052	4.5538461538461545	2.854969167934652	4.4662941731369274	2.882111934123156	4.322529860707074	2.954230800553791	4.226975790956834	2.9944577715278355	4.061385367023349	3.056576047024247	3.7629721292572493	3.1288068218247096	3.593799766429558	3.228402984749929	3.5769047080411234	3.333037457837742	3.380723693595169	3.389830508474576	3.268713099735336	3.446200847084963	3.1138246838203227	3.5798108152959864	3.0448717948717947	3.5293257989088076	2.9685896119893243	3.6137351926825616	2.9011986266990584	3.6463805253042922	4.853915355957786	4.853793544869439	3.007518796992481	4.9046558866931305	3.82474335862193	4.842342342342342	4.761904761904762	5.003802936629322	14.972033898305083	3.9884000000000004	0.059093397437846105	20.994728088378906	0.0	20.296117782592773	-8.583077033116372e-06	18.27919745097796	-1.1444288251102943e-05	16.246403991166776	-1.1446951962866089e-05	14.61154358443096	-1.336727347722885e-05	13.346176116194693	-1.627002888408657e-05	12.354686049037834	-1.6342115458007013e-05	11.550700974153242	-1.5485809191602046e-05	10.87880191220393	-1.4655163991285062e-05	10.304595864503574	-1.3851621431228679e-05	9.794155555176047	-1.4064132443944386e-05	9.336154835749229	-1.3315429202375062e-05	8.92313946799582	-1.3621265939500624e-05	8.55800286407291	-1.4007896143302932e-05	8.21617404167524	-1.4458999837614309e-05	7.911795087479288	-1.6176349945289274e-05	7.623004438062287	-1.686562075724228e-05	7.363905807414629	-1.7679758949115127e-05	7.135154198884493	-1.866736358157371e-05	6.918243625261492	-1.4134695164096743e-05	6.735188964092216	-1.5104462462389889e-05	6.547382103187835	-1.9424233349789977e-05	6.375520366183935	-2.2729180071054915e-05	6.210877200959385	-2.462881533503714e-05	6.062602209270833	-2.6876829691867485e-05	5.9246078944447085	-2.9451877897045298e-05	5.790192637498504	-2.2434547208519144e-05	5.672833805247091	-1.6590763921724776e-05	5.555694802801327	-1.842983913822072e-05
13	1	15	0	0	1373	9	1280	1214	1220	5987	1210	7381	1200	5762	1196	3962	1222	2818	1197	2205	1180	1724	1207	1496	1205	1331	1247	1250	1258	1212	1286	1179	1319	1191	1303	1228	1304	1197	1315	1198	1314	1201	1314	1246	1331	1252	1356	1270	1356	1326	1362	1307	1343	1318	1344	1301	1323	1306	1317	1323	1278	4064	4095	258.0	432.09645327290593	435.0340623855591	31	1	0.7014694213867188	4.761904761904762	3.51288056206089			2.8139282274096695	0.18134193028410237	2.6663333749947924	2.1470765094973645	2.5502738408796355	7.399762693429575	2.5165342539827793	9.780822643909678	2.4778030146603345	9.514688155352632	2.4505183788878417	8.583746777303551	2.4763911968548618	7.685384678321105	2.394670507742168	7.163044537569438	2.3470443153791076	6.34289919058131	2.3947462402285624	5.8724239450441615	2.3871785728436152	5.404198302813756	2.465742589919522	5.181132388294786	2.485969488577978	4.974756803349342	2.5520430235557936	4.698896018492687	2.6238835067337725	4.5807692307692305	2.608713061584047	4.455409621943255	2.6318445112721256	4.0966494404325955	2.6773352878898935	3.836300755732035	2.7173463479195963	3.5997961813985553	2.758475910569959	3.504232640548978	2.8445641255797054	3.323070389637966	2.949942349946701	3.19231832692356	3.0090537901650984	3.1524891826351578	3.0820755357425718	2.9565453434976363	3.1082926377670286	2.873964238988225	3.186268699177355	2.743336707152497	3.22242790335152	2.681174296858961	3.291348028190134	2.6562531371092417	3.2748238308776427	4.868290228680268	4.853793544869439	2.6942355889724308	4.647959086674625	3.494126274436364	3.4909909909909906	4.761904761904762	5.078480791717828	14.972033898305083	3.9884000000000004	0.059093397437846105	20.994728088378906	0.0	20.296117782592773	-8.583077033116372e-06	18.27919745097796	-1.1444288251102943e-05	16.246403991166776	-1.1446951962866089e-05	14.61154358443096	-1.336727347722885e-05	13.346176116194693	-1.627002888408657e-05	12.354686049037834	-1.6342115458007013e-05	11.550700974153242	-1.5485809191602046e-05	10.87880191220393	-1.4655163991285062e-05	10.304595864503574	-1.3851621431228679e-05	9.794155555176047	-1.4064132443944386e-05	9.336154835749229	-1.3315429202375062e-05	8.92313946799582	-1.3621265939500624e-05	8.55800286407291	-1.4007896143302932e-05	8.21617404167524	-1.4458999837614309e-05	7.911795087479288	-1.6176349945289274e-05	7.623004438062287	-1.686562075724228e-05	7.363905807414629	-1.7679758949115127e-05	7.135154198884493	-1.866736358157371e-05	6.918243625261492	-1.4134695164096743e-05	6.735188964092216	-1.5104462462389889e-05	6.547382103187835	-1.9424233349789977e-05	6.375520366183935	-2.2729180071054915e-05	6.210877200959385	-2.462881533503714e-05	6.062602209270833	-2.6876829691867485e-05	5.9246078944447085	-2.9451877897045298e-05	5.790192637498504	-2.2434547208519144e-05	5.672833805247091	-1.6590763921724776e-05	5.555694802801327	-1.842983913822072e-05
14	1	12	0	0	1576	27	1533	2786	1390	7709	1225	7622	1124	5423	1085	3560	1020	2504	1043	1995	1023	1632	1043	1562	1058	1422	1099	1271	1106	1129	1097	1085	1135	1020	1155	1037	1150	1012	1163	1059	1213	1066	1202	1114	1204	1115	1223	1128	1213	1153	1232	1147	1229	1171	1205	1231	1163	1205	1153	1204	1132	4063	4095	230.0	405.031318356685	392.0458984375	32	1	0.7127656936645508	4.761904761904762	2.810304449648712			3.2299715123070936	0.5440257908523071	3.1933508311461063	4.927310671713063	2.9056398678874533	9.528105996934789	2.547730959610665	10.100180218382276	2.3208754903985134	8.954903482554204	2.2230873253288532	7.712806291570076	2.0670368418919467	6.829028827010664	2.086584243588205	6.480849819705682	2.034768080197311	6.004415011037527	2.06936232689179	6.131501472031403	2.095962597567257	5.773681432457671	2.1730963162161627	5.268175412418138	2.1855979764445497	4.634076263185979	2.1769760473100357	4.324259694711251	2.2578527521932004	3.923076923076923	2.3124049010971413	3.7624265292794425	2.321028518376491	3.4634997775420104	2.367863832559655	3.3911873959267327	2.508478782364133	3.195156310883314	2.5233546761834784	3.1329977219675453	2.5731444081126713	2.9594436776727893	2.6606043465964713	2.8353819470628157	2.691727321143263	2.741191574342637	2.7878979882781563	2.5946117130771147	2.8444465017242577	2.5534234627126033	2.8567364453189823	2.5957321187584346	2.83271628994544	2.4738246766577707	2.8814914779827063	2.417330897263437	2.90070467648943	4.867092322620061	4.853793544869439	2.4018379281537174	4.356825848220405	3.1488519933443984	3.6036036036036037	4.761904761904762	5.160263261533227	14.972033898305083	3.9884000000000004	0.059093397437846105	20.994728088378906	0.0	20.296117782592773	-8.583077033116372e-06	18.27919745097796	-1.1444288251102943e-05	16.246403991166776	-1.1446951962866089e-05	14.61154358443096	-1.336727347722885e-05	13.346176116194693	-1.627002888408657e-05	12.354686049037834	-1.6342115458007013e-05	11.550700974153242	-1.5485809191602046e-05	10.87880191220393	-1.4655163991285062e-05	10.304595864503574	-1.3851621431228679e-05	9.794155555176047	-1.4064132443944386e-05	9.336154835749229	-1.3315429202375062e-05	8.92313946799582	-1.3621265939500624e-05	8.55800286407291	-1.4007896143302932e-05	8.21617404167524	-1.4458999837614309e-05	7.911795087479288	-1.6176349945289274e-05	7.623004438062287	-1.686562075724228e-05	7.363905807414629	-1.7679758949115127e-05	7.135154198884493	-1.866736358157371e-05	6.918243625261492	-1.4134695164096743e-05	6.735188964092216	-1.5104462462389889e-05	6.547382103187835	-1.9424233349789977e-05	6.375520366183935	-2.2729180071054915e-05	6.210877200959385	-2.462881533503714e-05	6.062602209270833	-2.6876829691867485e-05	5.9246078944447085	-2.9451877897045298e-05	5.790192637498504	-2.2434547208519144e-05	5.672833805247091	-1.6590763921724776e-05	5.555694802801327	-1.842983913822072e-05
15	1	7	0	0	1622	69	1449	4533	1261	9029	1192	7631	1094	5010	1104	3217	1025	2255	984	1788	991	1554	1007	1294	1022	1213	1029	1088	1062	1099	1076	1027	1075	991	1081	1000	1086	1003	1081	1026	1104	1034	1119	1059	1139	1069	1139	1085	1118	1068	1104	1085	1054	1104	1031	1123	999	1142	978	1132	973	4067	4095	206.0	375.7618978724767	354.0962505340576	28	1	0.7218904495239258	4.761904761904762	1.639344262295082			3.3242473305597113	1.390288132178118	3.0183727034120733	8.017049273106718	2.6359797650403443	11.159588668611262	2.4790982072293164	10.112106434856354	2.258930415032005	8.272923925428096	2.2620169651272386	6.969690404489026	2.077169375430633	6.149944091417351	1.9685511943344134	5.808400740668551	1.9711194207971996	5.717439293598233	1.9979365898178645	5.079489695780177	2.024644399540394	4.925088310528239	2.0346825381132225	4.509657630771781	2.0986483281953996	4.510938718548619	2.1353019388382846	4.0931011119524925	2.1384948974517095	3.8115384615384613	2.164250820853688	3.6281837312241496	2.191858235614669	3.4326979020500357	2.2009121263946576	3.2855130011528115	2.2830672512201176	3.099241674909331	2.349113047129212	2.9783165058919483	2.4342288046846616	2.8373500371589344	2.4778645550068528	2.7272955785134356	2.480916030534351	2.539108934430127	2.49824624923627	2.4543624312891623	2.439419538500706	2.4073266463148713	2.4442284440861997	2.3679993252361675	2.4332618862042086	2.344487784849107	2.4441445494077074	2.2727729034071515	2.493273542600897	4.871883946860887	4.853793544869439	2.1512113617376776	4.041981632604143	2.8440462934920814	3.153153153153153	4.761904761904762	5.226324441034597	14.972033898305083	3.9884000000000004	0.059093397437846105	20.994728088378906	0.0	20.296117782592773	-8.583077033116372e-06	18.27919745097796	-1.1444288251102943e-05	16.246403991166776	-1.1446951962866089e-05	14.61154358443096	-1.336727347722885e-05	13.346176116194693	-1.627002888408657e-05	12.354686049037834	-1.6342115458007013e-05	11.550700974153242	-1.5485809191602046e-05	10.87880191220393	-1.4655163991285062e-05	10.304595864503574	-1.3851621431228679e-05	9.794155555176047	-1.4064132443944386e-05	9.336154835749229	-1.3315429202375062e-05	8.92313946799582	-1.3621265939500624e-05	8.55800286407291	-1.4007896143302932e-05	8.21617404167524	-1.4458999837614309e-05	7.911795087479288	-1.6176349945289274e-05	7.623004438062287	-1.686562075724228e-05	7.363905807414629	-1.7679758949115127e-05	7.135154198884493	-1.866736358157371e-05	6.918243625261492	-1.4134695164096743e-05	6.735188964092216	-1.5104462462389889e-05	6.547382103187835	-1.9424233349789977e-05	6.375520366183935	-2.2729180071054915e-05	6.210877200959385	-2.462881533503714e-05	6.062602209270833	-2.6876829691867485e-05	5.9246078944447085	-2.9451877897045298e-05	5.790192637498504	-2.2434547208519144e-05	5.672833805247091	-1.6590763921724776e-05	5.555694802801327	-1.842983913822072e-05
16	1	6	0	0	1570	112	1377	5377	1284	9637	1204	7303	1189	4716	1130	3061	1049	2158	1037	1608	990	1403	992	1279	1021	1192	1007	1188	992	1129	995	1046	990	1042	1000	976	1012	1034	1017	1018	1013	999	1027	1009	1044	988	1060	1004	1067	1022	1038	1007	995	1015	980	1043	926	1051	903	1064	900	4066	4095	197.0	363.1645497365351	339.05377674102783	29	1	0.7241134643554688	4.761904761904762	1.405152224824356			3.217674666448056	2.2566995768688294	2.8683914510686166	9.509744968342117	2.6840586981061083	11.911059474959213	2.504055571731625	9.677462101134315	2.4550898203592815	7.787446952558661	2.315289103798713	6.631713499577529	2.1258055364163257	5.88540104180871	2.0745808826471412	5.223662411071046	1.9691304001909458	5.161883738042678	1.968175866037062	5.020608439646713	2.022663338484092	4.839822972918105	1.9911810649951556	4.924148221835364	1.9603193423444787	4.634076263185979	1.974558949018674	4.168825475270017	1.969404603234598	4.007692307692308	2.0020821654520704	3.5411073216747697	2.042505096171312	3.5387932509668367	2.0706083557292936	3.259894966056103	2.0948796426503433	2.9943350418127865	2.1559777474546027	2.8376972185504963	2.2311983073668014	2.6223590614714936	2.306002131964235	2.5236910238041377	2.3677436534706198	2.4297465645951215	2.348894571292797	2.277919786459158	2.3028675908996226	2.2132577409507195	2.3233209264834875	2.199308367071525	2.255455962587685	2.1576678300143706	2.2567101514469936	2.1362459092095487	2.3062139654067906	4.87068604080068	4.853793544869439	2.0572263993316624	3.90647494586105	2.7232274715715046	3.2657657657657655	4.761904761904762	5.242418568273069	14.972033898305083	3.9884000000000004	0.059093397437846105	20.994728088378906	0.0	20.296117782592773	-8.583077033116372e-06	18.27919745097796	-1.1444288251102943e-05	16.246403991166776	-1.1446951962866089e-05	14.61154358443096	-1.336727347722885e-05	13.346176116194693	-1.627002888408657e-05	12.354686049037834	-1.6342115458007013e-05	11.550700974153242	-1.5485809191602046e-05	10.87880191220393	-1.4655163991285062e-05	10.304595864503574	-1.3851621431228679e-05	9.794155555176047	-1.4064132443944386e-05	9.336154835749229	-1.3315429202375062e-05	8.92313946799582	-1.3621265939500624e-05	8.55800286407291	-1.4007896143302932e-05	8.21617404167524	-1.4458999837614309e-05	7.911795087479288	-1.6176349945289274e-05	7.623004438062287	-1.686562075724228e-05	7.363905807414629	-1.7679758949115127e-05	7.135154198884493	-1.866736358157371e-05	6.918243625261492	-1.4134695164096743e-05	6.735188964092216	-1.5104462462389889e-05	6.547382103187835	-1.9424233349789977e-05	6.375520366183935	-2.2729180071054915e-05	6.210877200959385	-2.462881533503714e-05	6.062602209270833	-2.6876829691867485e-05	5.9246078944447085	-2.9451877897045298e-05	5.790192637498504	-2.2434547208519144e-05	5.672833805247091	-1.6590763921724776e-05	5.555694802801327	-1.842983913822072e-05
17	1	5	0	0	1648	263	1323	6965	1269	9812	1216	7091	1163	4455	1079	2860	1058	1972	1012	1474	977	1275	963	1244	970	1210	978	1099	984	1050	959	1009	969	980	932	964	917	962	919	984	911	975	916	960	926	955	910	929	905	908	882	912	877	920	846	925	849	910	838	903	822	4071	4095	183.0	345.28052913780635	314.2922582626343	24	1	0.7318458557128906	4.761904761904762	1.1709601873536302			3.3775336626155394	5.299214184968768	2.7559055118110236	12.318276679282656	2.6527028721936534	12.127354526128443	2.5290129362339338	9.396533446411533	2.401404088374974	7.356462292970492	2.210793754866205	6.196243256710791	2.14404409678596	5.378132926064309	2.024566878726043	4.788357210148458	1.9432731323096506	4.690949227373068	1.9106384667275107	4.883218842001963	1.9216292246127025	4.912907548012506	1.9338382140667945	4.555251595788776	1.9445103153900876	4.309814062307598	1.903117620209958	4.021362241441154	1.927629354075076	3.769230769230769	1.8659405782013294	3.4975691169000798	1.8507679576967324	3.292378247031041	1.8710807068979558	3.1510183168950943	1.8839440813963109	2.922399064832299	1.9229558098037158	2.6998903169558734	1.9790130580667222	2.534770145450685	1.979681075554202	2.335168287962195	2.0082549263270013	2.1587180828301076	1.9958815143354982	2.0630216933969736	2.029763695697456	2.006105538595726	2.00564235082146	1.9504892037786774	2.0679072486360095	1.868199548347362	2.094267006547708	1.8129981729475775	2.106342088404869	4.876675571101714	4.853793544869439	1.9110275689223057	3.7141007770417622	2.52434678660662	2.7027027027027026	4.761904761904762	5.29839934203949	14.972033898305083	3.9884000000000004	0.059093397437846105	20.994728088378906	0.0	20.296117782592773	-8.583077033116372e-06	18.27919745097796	-1.1444288251102943e-05	16.246403991166776	-1.1446951962866089e-05	14.61154358443096	-1.336727347722885e-05	13.346176116194693	-1.627002888408657e-05	12.354686049037834	-1.6342115458007013e-05	11.550700974153242	-1.5485809191602046e-05	10.87880191220393	-1.4655163991285062e-05	10.304595864503574	-1.3851621431228679e-05	9.794155555176047	-1.4064132443944386e-05	9.336154835749229	-1.3315429202375062e-05	8.92313946799582	-1.3621265939500624e-05	8.55800286407291	-1.4007896143302932e-05	8.21617404167524	-1.4458999837614309e-05	7.911795087479288	-1.6176349945289274e-05	7.623004438062287	-1.686562075724228e-05	7.363905807414629	-1.7679758949115127e-05	7.135154198884493	-1.866736358157371e-05	6.918243625261492	-1.4134695164096743e-05	6.735188964092216	-1.5104462462389889e-05	6.547382103187835	-1.9424233349789977e-05	6.375520366183935	-2.2729180071054915e-05	6.210877200959385	-2.462881533503714e-05	6.062602209270833	-2.6876829691867485e-05	5.9246078944447085	-2.9451877897045298e-05	5.790192637498504	-2.2434547208519144e-05	5.672833805247091	-1.6590763921724776e-05	5.555694802801327	-1.842983913822072e-05
18	1	6	0	0	1944	1053	1542	10043	1208	9773	1079	6511	1035	3855	955	2516	934	1761	954	1357	923	1117	865	1044	818	999	819	951	832	942	818	914	818	867	806	818	835	832	841	841	833	815	798	824	775	826	764	842	743	829	712	805	710	772	701	779	692	739	676	715	650	4071	4095	161.0	315.29055855339016	275.3188705444336	24	1	0.7452058792114258	4.761904761904762	1.405152224824356			3.984178058328039	21.217005843239974	3.212098487689039	17.76201761522408	2.5251891801496718	12.07915162901073	2.244083024832578	8.627955051415244	2.1371051001445385	6.3656929605838934	1.956726631971479	5.450960851008515	1.8927572650265474	4.802683611967164	1.9085343896290963	4.40827729591008	1.8358660195719627	4.109639440765268	1.7162017380262689	4.098135426889106	1.620507944054836	4.05619391773925	1.6194412038044015	3.9418055210146727	1.6441388032566597	3.8665189016131016	1.6233057490424876	3.6427404248535336	1.6272454196423245	3.3346153846153843	1.6136782253543684	2.967854292141354	1.6852685329081476	2.847462267702522	1.712272986399544	2.693095939541437	1.7226404169079328	2.4428258849623834	1.6752387950036738	2.3174058553871246	1.6563014254878075	2.192377110096613	1.6620619139817696	2.1164819143855413	1.6487661991833837	1.9709000998525985	1.611187798420493	1.8209785780532495	1.6432522507926954	1.683384212821631	1.6618856831274744	1.6426282051282053	1.6855027279812937	1.5171422705809896	1.6894087069525665	1.4355411889894996	1.6655989750160152	4.876675571101714	4.853793544869439	1.6812865497076022	3.3915057748585253	2.211318566969718	2.7027027027027026	4.761904761904762	5.395122906382581	14.972033898305083	3.9884000000000004	0.059093397437846105	20.994728088378906	0.0	20.296117782592773	-8.583077033116372e-06	18.27919745097796	-1.1444288251102943e-05	16.246403991166776	-1.1446951962866089e-05	14.61154358443096	-1.336727347722885e-05	13.346176116194693	-1.627002888408657e-05	12.354686049037834	-1.6342115458007013e-05	11.550700974153242	-1.5485809191602046e-05	10.87880191220393	-1.4655163991285062e-05	10.304595864503574	-1.3851621431228679e-05	9.794155555176047	-1.4064132443944386e-05	9.336154835749229	-1.3315429202375062e-05	8.92313946799582	-1.3621265939500624e-05	8.55800286407291	-1.4007896143302932e-05	8.21617404167524	-1.4458999837614309e-05	7.911795087479288	-1.6176349945289274e-05	7.623004438062287	-1.686562075724228e-05	7.363905807414629	-1.7679758949115127e-05	7.135154198884493	-1.866736358157371e-05	6.918243625261492	-1.4134695164096743e-05	6.735188964092216	-1.5104462462389889e-05	6.547382103187835	-1.9424233349789977e-05	6.375520366183935	-2.2729180071054915e-05	6.210877200959385	-2.462881533503714e-05	6.062602209270833	-2.6876829691867485e-05	5.9246078944447085	-2.9451877897045298e-05	5.790192637498504	-2.2434547208519144e-05	5.672833805247091	-1.6590763921724776e-05	5.555694802801327	-1.842983913822072e-05
19	1	5	0	0	2042	1442	1449	11840	1225	9882	1079	6097	959	3601	875	2358	803	1552	855	1229	866	1101	864	959	851	878	818	816	776	847	768	876	789	861	783	855	729	794	729	768	705	772	697	795	705	748	713	716	701	716	695	693	678	705	660	712	659	704	642	681	618	4073	4095	151.0	301.2638754128286	258.96611976623535	22	1	0.7509422302246094	4.761904761904762	1.1709601873536302			4.185026540692313	29.055007052186177	3.0183727034120733	20.940186056382863	2.5607257828504535	12.213872546596134	2.244083024832578	8.079349093607547	1.9801775758827171	5.946267276540233	1.7928123591361718	5.108650908854562	1.6272848863129736	4.232688793738239	1.7104789341015485	3.9924633726407435	1.7224918450155144	4.050772626931567	1.7142176897742154	3.7644749754661437	1.6858829589127937	3.5649031629379997	1.6174638641172165	3.382243223078836	1.533475614575923	3.4765833435947955	1.5240816812526046	3.491291698218485	1.5695557898506036	3.3115384615384618	1.567630335548971	3.1020970901966476	1.47133025208388	2.7174099045141857	1.4842413877351575	2.459331369283976	1.4579369674911076	2.3139405928723438	1.4632098247087226	2.2358466687290828	1.5067000064114895	1.9853487631383375	1.5511127548023582	1.7997637181710782	1.5555654180720753	1.702249060910085	1.5727184268289922	1.5676250367588844	1.5691901775175316	1.5372873964238987	1.564685521917451	1.501349527665317	1.6051247077162898	1.4452884417983987	1.6044384465437096	1.3672776918906981	1.5836002562459963	4.8790713832221275	4.853793544869439	1.576858813700919	3.2406240704028253	2.07997580304892	2.4774774774774775	4.761904761904762	5.436652797133077	14.972033898305083	3.9884000000000004	0.059093397437846105	20.994728088378906	0.0	20.296117782592773	-8.583077033116372e-06	18.27919745097796	-1.1444288251102943e-05	16.246403991166776	-1.1446951962866089e-05	14.61154358443096	-1.336727347722885e-05	13.346176116194693	-1.627002888408657e-05	12.354686049037834	-1.6342115458007013e-05	11.550700974153242	-1.5485809191602046e-05	10.87880191220393	-1.4655163991285062e-05	10.304595864503574	-1.3851621431228679e-05	9.794155555176047	-1.4064132443944386e-05	9.336154835749229	-1.3315429202375062e-05	8.92313946799582	-1.3621265939500624e-05	8.55800286407291	-1.4007896143302932e-05	8.21617404167524	-1.4458999837614309e-05	7.911795087479288	-1.6176349945289274e-05	7.623004438062287	-1.686562075724228e-05	7.363905807414629	-1.7679758949115127e-05	7.135154198884493	-1.866736358157371e-05	6.918243625261492	-1.4134695164096743e-05	6.735188964092216	-1.5104462462389889e-05	6.547382103187835	-1.9424233349789977e-05	6.375520366183935	-2.2729180071054915e-05	6.210877200959385	-2.462881533503714e-05	6.062602209270833	-2.6876829691867485e-05	5.9246078944447085	-2.9451877897045298e-05	5.790192637498504	-2.2434547208519144e-05	5.672833805247091	-1.6590763921724776e-05	5.555694802801327	-1.842983913822072e-05
20	1	6	0	0	2031	1975	1589	12533	1238	9517	1103	5409	977	3284	874	2013	804	1539	812	1204	826	1085	822	976	832	856	810	823	747	829	753	815	747	819	758	828	711	750	696	744	674	745	694	746	686	719	667	697	641	671	632	687	625	675	623	665	617	640	593	624	596	4074	4095	144.0	292.2254488076636	247.36156272888184	21	1	0.7524747848510742	4.761904761904762	1.405152224824356			4.1624823232840775	39.79447914567802	3.3100029163021287	22.165823635527573	2.5879008319745807	11.76274286844317	2.293997753837195	7.1676561009222945	2.0173446211026222	5.422810812595981	1.7907634307257305	4.361201984531057	1.629311393020711	4.197234570594813	1.62445484735726	3.9112497157522013	1.6429310207653751	3.991905813097866	1.6308876631879687	3.8312070657507356	1.6482427988430601	3.4755775711559544	1.6016451466197377	3.411257564453287	1.4761678918662555	3.40270081681238	1.4943144609156398	3.2481766370411704	1.4860052915315602	3.15	1.5175782814126693	3.0041361294535953	1.4350011100571176	2.566822957664533	1.4170535059858296	2.382477263993852	1.3938291008354702	2.2330126187692954	1.4569119345019417	2.0980397671344604	1.4660939069479173	1.908376685423081	1.451040964169948	1.7520046250911192	1.4224214450559205	1.59526413389758	1.430155461519314	1.5540525256181148	1.4465248686555419	1.4718709114696904	1.476968303264503	1.4022435897435899	1.502825409197194	1.3138985834530896	1.48198130654271	1.2528359467544723	1.527226137091608	4.880269289282334	4.853793544869439	1.5037593984962405	3.1433998586544707	1.9867697965466617	2.364864864864865	4.761904761904762	5.447748147829012	14.972033898305083	3.9884000000000004	0.059093397437846105	20.994728088378906	0.0	20.296117782592773	-8.583077033116372e-06	18.27919745097796	-1.1444288251102943e-05	16.246403991166776	-1.1446951962866089e-05	14.61154358443096	-1.336727347722885e-05	13.346176116194693	-1.627002888408657e-05	12.354686049037834	-1.6342115458007013e-05	11.550700974153242	-1.5485809191602046e-05	10.87880191220393	-1.4655163991285062e-05	10.304595864503574	-1.3851621431228679e-05	9.794155555176047	-1.4064132443944386e-05	9.336154835749229	-1.3315429202375062e-05	8.92313946799582	-1.3621265939500624e-05	8.55800286407291	-1.4007896143302932e-05	8.21617404167524	-1.4458999837614309e-05	7.911795087479288	-1.6176349945289274e-05	7.623004438062287	-1.686562075724228e-05	7.363905807414629	-1.7679758949115127e-05	7.135154198884493	-1.866736358157371e-05	6.918243625261492	-1.4134695164096743e-05	6.735188964092216	-1.5104462462389889e-05	6.547382103187835	-1.9424233349789977e-05	6.375520366183935	-2.2729180071054915e-05	6.210877200959385	-2.462881533503714e-05	6.062602209270833	-2.6876829691867485e-05	5.9246078944447085	-2.9451877897045298e-05	5.790192637498504	-2.2434547208519144e-05	5.672833805247091	-1.6590763921724776e-05	5.555694802801327	-1.842983913822072e-05
