	counts(inten<0.01	MicrocoloniesPlatonic	MicrocoloniesAggregates	MicrocoloniesLarge	counts(Norminten<0.01	counts(inten<0.02	counts(Norminten<0.02	counts(inten<0.03	counts(Norminten<0.03	counts(inten<0.04	counts(Norminten<0.04	counts(inten<0.05	counts(Norminten<0.05	counts(inten<0.060000000000000005	counts(Norminten<0.060000000000000005	counts(inten<0.06999999999999999	counts(Norminten<0.06999999999999999	counts(inten<0.08	counts(Norminten<0.08	counts(inten<0.09	counts(Norminten<0.09	counts(inten<0.09999999999999999	counts(Norminten<0.09999999999999999	counts(inten<0.11	counts(Norminten<0.11	counts(inten<0.12	counts(Norminten<0.12	counts(inten<0.13	counts(Norminten<0.13	counts(inten<0.14	counts(Norminten<0.14	counts(inten<0.15000000000000002	counts(Norminten<0.15000000000000002	counts(inten<0.16	counts(Norminten<0.16	counts(inten<0.17	counts(Norminten<0.17	counts(inten<0.18000000000000002	counts(Norminten<0.18000000000000002	counts(inten<0.19	counts(Norminten<0.19	counts(inten<0.2	counts(Norminten<0.2	counts(inten<0.21000000000000002	counts(Norminten<0.21000000000000002	counts(inten<0.22	counts(Norminten<0.22	counts(inten<0.23	counts(Norminten<0.23	counts(inten<0.24000000000000002	counts(Norminten<0.24000000000000002	counts(inten<0.25	counts(Norminten<0.25	counts(inten<0.26	counts(Norminten<0.26	counts(inten<0.27	counts(Norminten<0.27	counts(inten<0.28	counts(Norminten<0.28	counts(inten<0.29000000000000004	counts(Norminten<0.29000000000000004	diff	max	med	std	mean	min	eigenLocal	minProp	counts(inten<0.01Normalized	MicrocoloniesPlatonicNormalized	MicrocoloniesAggregatesNormalized	MicrocoloniesLargeNormalized	counts(Norminten<0.01Normalized	counts(inten<0.02Normalized	counts(Norminten<0.02Normalized	counts(inten<0.03Normalized	counts(Norminten<0.03Normalized	counts(inten<0.04Normalized	counts(Norminten<0.04Normalized	counts(inten<0.05Normalized	counts(Norminten<0.05Normalized	counts(inten<0.060000000000000005Normalized	counts(Norminten<0.060000000000000005Normalized	counts(inten<0.06999999999999999Normalized	counts(Norminten<0.06999999999999999Normalized	counts(inten<0.08Normalized	counts(Norminten<0.08Normalized	counts(inten<0.09Normalized	counts(Norminten<0.09Normalized	counts(inten<0.09999999999999999Normalized	counts(Norminten<0.09999999999999999Normalized	counts(inten<0.11Normalized	counts(Norminten<0.11Normalized	counts(inten<0.12Normalized	counts(Norminten<0.12Normalized	counts(inten<0.13Normalized	counts(Norminten<0.13Normalized	counts(inten<0.14Normalized	counts(Norminten<0.14Normalized	counts(inten<0.15000000000000002Normalized	counts(Norminten<0.15000000000000002Normalized	counts(inten<0.16Normalized	counts(Norminten<0.16Normalized	counts(inten<0.17Normalized	counts(Norminten<0.17Normalized	counts(inten<0.18000000000000002Normalized	counts(Norminten<0.18000000000000002Normalized	counts(inten<0.19Normalized	counts(Norminten<0.19Normalized	counts(inten<0.2Normalized	counts(Norminten<0.2Normalized	counts(inten<0.21000000000000002Normalized	counts(Norminten<0.21000000000000002Normalized	counts(inten<0.22Normalized	counts(Norminten<0.22Normalized	counts(inten<0.23Normalized	counts(Norminten<0.23Normalized	counts(inten<0.24000000000000002Normalized	counts(Norminten<0.24000000000000002Normalized	counts(inten<0.25Normalized	counts(Norminten<0.25Normalized	counts(inten<0.26Normalized	counts(Norminten<0.26Normalized	counts(inten<0.27Normalized	counts(Norminten<0.27Normalized	counts(inten<0.28Normalized	counts(Norminten<0.28Normalized	counts(inten<0.29000000000000004Normalized	counts(Norminten<0.29000000000000004Normalized	diffNormalized	maxNormalized	medNormalized	stdNormalized	meanNormalized	minNormalized	eigenLocalNormalized	minPropNormalized	BioVolume	SubstratumCoverage	Homogenity	ThicknessThreshold=0.01	RoughnessThreshold=0.01	ThicknessThreshold=0.02	RoughnessThreshold=0.02	ThicknessThreshold=0.03	RoughnessThreshold=0.03	ThicknessThreshold=0.04	RoughnessThreshold=0.04	ThicknessThreshold=0.05	RoughnessThreshold=0.05	ThicknessThreshold=0.060000000000000005	RoughnessThreshold=0.060000000000000005	ThicknessThreshold=0.06999999999999999	RoughnessThreshold=0.06999999999999999	ThicknessThreshold=0.08	RoughnessThreshold=0.08	ThicknessThreshold=0.09	RoughnessThreshold=0.09	ThicknessThreshold=0.09999999999999999	RoughnessThreshold=0.09999999999999999	ThicknessThreshold=0.11	RoughnessThreshold=0.11	ThicknessThreshold=0.12	RoughnessThreshold=0.12	ThicknessThreshold=0.13	RoughnessThreshold=0.13	ThicknessThreshold=0.14	RoughnessThreshold=0.14	ThicknessThreshold=0.15000000000000002	RoughnessThreshold=0.15000000000000002	ThicknessThreshold=0.16	RoughnessThreshold=0.16	ThicknessThreshold=0.17	RoughnessThreshold=0.17	ThicknessThreshold=0.18000000000000002	RoughnessThreshold=0.18000000000000002	ThicknessThreshold=0.19	RoughnessThreshold=0.19	ThicknessThreshold=0.2	RoughnessThreshold=0.2	ThicknessThreshold=0.21000000000000002	RoughnessThreshold=0.21000000000000002	ThicknessThreshold=0.22	RoughnessThreshold=0.22	ThicknessThreshold=0.23	RoughnessThreshold=0.23	ThicknessThreshold=0.24000000000000002	RoughnessThreshold=0.24000000000000002	ThicknessThreshold=0.25	RoughnessThreshold=0.25	ThicknessThreshold=0.26	RoughnessThreshold=0.26	ThicknessThreshold=0.27	RoughnessThreshold=0.27	ThicknessThreshold=0.28	RoughnessThreshold=0.28	ThicknessThreshold=0.29000000000000004	RoughnessThreshold=0.29000000000000004
0	1	16	0	0	2765	1	2906	1	3013	3	3126	12	3232	30	3292	54	3319	78	3417	113	3470	131	3448	157	3497	182	3403	209	3398	219	3356	278	3298	294	3264	338	3246	400	3210	540	3146	605	3075	788	3040	930	2983	1225	2944	1409	2900	1590	2825	1819	2798	2028	2663	2252	2592	2482	2503	3994	4095	1142.0	534.5826207533553	1206.4852685928345	101	1	0.5497035980224609	4.761904761904762	4.86322188449848			6.019113133204171	4.761904761904762	6.492258886083868	0.10298661174047373	6.838402178847026	0.012779552715654952	7.110039576036027	0.017306277852290917	7.353309216663254	0.03476366501732389	7.494081223820798	0.06601466992665037	7.534277671842368	0.11315171033162155	7.688326883268832	0.20247267514782297	7.75991233758973	0.2908396607610675	7.688876995807689	0.41828741940640485	7.7518176981734355	0.5699968681490761	7.558359060924416	0.7464285714285714	7.545242589097369	0.8623744831659775	7.4144444689923334	1.1596379260000833	7.305025804593883	1.2632121680845578	7.238534551583429	1.5022222222222221	7.176335337813937	1.7732854546260586	7.093452367798821	2.3772837332159367	6.959407145227297	2.6448087431693987	6.7820908689898545	3.4016835743578673	6.7262589609699965	3.928194297782471	6.621531631520533	5.032247463336483	6.558399607921762	5.660453157641009	6.485954553587405	6.220170565683436	6.35760099021042	6.913721018624097	6.318451776076599	7.4578016401279745	6.0421109951445295	8.018515221648567	5.916997671551842	8.527451384594242	5.74583352463156	4.7271307003112755	4.761904761904762	8.398911524601015	3.754446757717062	6.706308694391786	6.715425531914894	4.761904761904762	3.8718355177562183	44.6981679389313	2.2139	0.052837632598804384	21.0	0.0	20.99015522003174	-2.8610256777054574e-06	20.61365764803494	-5.7220840974699805e-06	19.215620275741692	-9.537943848216977e-06	17.426852362689495	-9.545072308695274e-06	15.763906626831632	-5.739924041671849e-06	14.379766525749423	-6.7256021575731725e-06	13.254247421942345	-1.934935847201986e-06	12.34145455220316	-1.953548523214994e-06	11.589320035117414	-1.977333822393899e-06	10.972082262313963	-3.009893520000241e-06	10.460255281285937	-4.0815660152487305e-06	10.02650966020296	-6.2397758672508486e-06	9.653628976578682	-3.1865772867144156e-06	9.330268854213223	-3.2624014754754407e-06	9.053742789451423	-1.1159692974526884e-06	8.814393408819011	-1.1481306710479332e-06	8.60966432167474	0.0	8.430169303630597	0.0	8.274840064928865	-1.273116614935695e-06	8.148728918009844	6.626439759698788e-06	8.033219786258359	6.920798383301498e-06	7.9336064551133445	5.802879098464704e-06	7.848040262315084	6.100360073753353e-06	7.777583159222105	-1.1258942817437851e-05	7.720390583254202	-1.1912196898404276e-05	7.672869809825245	1.6249652437989522e-05	7.63074032520825	1.7290169386026085e-05	7.5997153334372465	1.8458244374850025e-05
1	1	11	0	0	2930	1	3100	1	3237	1	3389	9	3534	37	3673	83	3788	127	3922	141	4054	150	4184	148	4248	157	4297	147	4374	172	4399	179	4478	171	4520	185	4589	220	4597	262	4636	282	4655	337	4610	391	4602	474	4563	600	4536	735	4469	872	4421	1022	4406	1230	4367	1482	4328	3994	4095	1284.0	719.4223836524851	1384.872953414917	101	1	0.5557861328125	4.761904761904762	3.343465045592705			6.3783007161982725	4.761904761904762	6.925671901878867	0.10298661174047373	7.346799818429414	0.004259850905218317	7.708229086111995	0.01297970838921819	8.040406798170775	0.04287518685469947	8.3614095793116	0.10146699266503668	8.598928538999365	0.1842341950271274	8.82458824588246	0.25264289553843394	9.065903347720107	0.33302251232183294	9.33012220140933	0.39430915969520963	9.416563220429154	0.4917005950516755	9.54401083890456	0.525	9.712445875430221	0.6772986808426856	9.718754832865697	0.7466733408417804	9.91870999180455	0.7347254447022429	10.023951033442739	0.8222222222222223	10.145472232048107	0.9753070000443321	10.158442534196627	1.1534228483381026	10.255502709877225	1.2327868852459016	10.266872518747244	1.454780919490611	10.200017700681476	1.6515311510031678	10.215316315205328	1.9471716715277494	10.165073848827106	2.4104129840912742	10.144927536231885	2.8753618652687583	10.057387194778892	3.314329152413531	9.983515118668564	3.75832015592248	9.996823524073148	4.37956204379562	9.968954024562846	5.091733663162234	9.935264680225885	4.7271307003112755	4.761904761904762	9.44325954254615	5.052601657582413	7.69788556054786	6.715425531914894	4.761904761904762	3.9146778319102156	44.6981679389313	2.2139	0.052837632598804384	21.0	0.0	20.99015522003174	-2.8610256777054574e-06	20.61365764803494	-5.7220840974699805e-06	19.215620275741692	-9.537943848216977e-06	17.426852362689495	-9.545072308695274e-06	15.763906626831632	-5.739924041671849e-06	14.379766525749423	-6.7256021575731725e-06	13.254247421942345	-1.934935847201986e-06	12.34145455220316	-1.953548523214994e-06	11.589320035117414	-1.977333822393899e-06	10.972082262313963	-3.009893520000241e-06	10.460255281285937	-4.0815660152487305e-06	10.02650966020296	-6.2397758672508486e-06	9.653628976578682	-3.1865772867144156e-06	9.330268854213223	-3.2624014754754407e-06	9.053742789451423	-1.1159692974526884e-06	8.814393408819011	-1.1481306710479332e-06	8.60966432167474	0.0	8.430169303630597	0.0	8.274840064928865	-1.273116614935695e-06	8.148728918009844	6.626439759698788e-06	8.033219786258359	6.920798383301498e-06	7.9336064551133445	5.802879098464704e-06	7.848040262315084	6.100360073753353e-06	7.777583159222105	-1.1258942817437851e-05	7.720390583254202	-1.1912196898404276e-05	7.672869809825245	1.6249652437989522e-05	7.63074032520825	1.7290169386026085e-05	7.5997153334372465	1.8458244374850025e-05
2	1	10	0	0	3161	1	3306	1	3456	1	3620	9	3753	37	3885	115	4034	178	4187	224	4324	185	4410	196	4546	196	4667	172	4745	189	4859	201	4944	220	5007	235	5080	251	5140	263	5182	307	5252	354	5323	413	5387	482	5422	551	5442	658	5453	781	5493	907	5509	1043	5502	1210	5467	4004	4095	1362.0	929.364046550543	1538.46071434021	91	1	0.5704021453857422	4.761904761904762	3.0395136778115504			6.881163332390012	4.761904761904762	7.38589397019727	0.10298661174047373	7.843849296413981	0.004259850905218317	8.233635081654006	0.01297970838921819	8.538666302641458	0.04287518685469947	8.844017483154252	0.14058679706601468	9.157359484245891	0.2582180056285722	9.420844208442086	0.401361763124888	9.66970056130778	0.41072776519692733	9.834091517259834	0.5221932114882507	10.07714133711651	0.6138427810836203	10.365813028896342	0.6142857142857142	10.536249583657154	0.7442409923213231	10.73503744780505	0.8384432486547365	10.95089374709283	0.9452608060496692	11.103965226647743	1.0444444444444443	11.230986911920764	1.1127366227778517	11.358362981459793	1.1578252256218358	11.463333702024112	1.3420765027322403	11.583590648434054	1.528167494064321	11.777590937251084	1.744456177402323	11.957824639289678	1.9800353284311714	12.078682973556996	2.213562590390487	12.171229200214707	2.57413347938346	12.271857769776078	2.968453059673128	12.404308651175395	3.3354172029566436	12.499432772155918	3.7137261883567736	12.559923298178333	4.157218442932729	12.549928837059824	4.738966280432235	4.761904761904762	10.016915496065309	6.527050629504766	8.551610809631747	6.050531914893617	4.761904761904762	4.017625669276815	44.6981679389313	2.2139	0.052837632598804384	21.0	0.0	20.99015522003174	-2.8610256777054574e-06	20.61365764803494	-5.7220840974699805e-06	19.215620275741692	-9.537943848216977e-06	17.426852362689495	-9.545072308695274e-06	15.763906626831632	-5.739924041671849e-06	14.379766525749423	-6.7256021575731725e-06	13.254247421942345	-1.934935847201986e-06	12.34145455220316	-1.953548523214994e-06	11.589320035117414	-1.977333822393899e-06	10.972082262313963	-3.009893520000241e-06	10.460255281285937	-4.0815660152487305e-06	10.02650966020296	-6.2397758672508486e-06	9.653628976578682	-3.1865772867144156e-06	9.330268854213223	-3.2624014754754407e-06	9.053742789451423	-1.1159692974526884e-06	8.814393408819011	-1.1481306710479332e-06	8.60966432167474	0.0	8.430169303630597	0.0	8.274840064928865	-1.273116614935695e-06	8.148728918009844	6.626439759698788e-06	8.033219786258359	6.920798383301498e-06	7.9336064551133445	5.802879098464704e-06	7.848040262315084	6.100360073753353e-06	7.777583159222105	-1.1258942817437851e-05	7.720390583254202	-1.1912196898404276e-05	7.672869809825245	1.6249652437989522e-05	7.63074032520825	1.7290169386026085e-05	7.5997153334372465	1.8458244374850025e-05
3	1	12	0	0	3226	1	3357	1	3470	1	3639	15	3804	50	3944	153	4067	197	4180	219	4280	219	4396	215	4483	225	4594	234	4685	239	4784	271	4869	250	4943	286	5032	297	5111	329	5180	376	5265	421	5321	511	5366	593	5423	686	5435	839	5457	954	5469	1117	5499	1268	5494	1425	5527	3999	4095	1332.0	960.7866055491713	1530.7547101974487	96	1	0.5751562118530273	4.761904761904762	3.64741641337386			7.022661471145264	4.761904761904762	7.499832443421729	0.10298661174047373	7.87562414888788	0.004259850905218317	8.276850293408543	0.02163284731536365	8.654699337929152	0.05793944169553983	8.978328173374612	0.18704156479217604	9.23227095251067	0.28578060173499287	9.40509405094051	0.39240279519799315	9.571303978352752	0.48621286798987606	9.802872179109803	0.5728139819896627	9.937488916474551	0.7046664578766051	10.203673677897964	0.8357142857142856	10.403019873431775	0.9411301437290804	10.569339195369286	1.130438409877779	10.784769752143	1.074160006874624	10.962033176616695	1.271111111111111	11.124867350548284	1.3166644500598483	11.294278832342606	1.448382126348228	11.458909412675588	1.6437158469945354	11.612262902514336	1.817396935031297	11.773165766882025	2.158394931362196	11.911209766925639	2.4360185679661503	12.080910690815122	2.7559055118110236	12.15557344784398	3.282215789061889	12.28085968268257	3.6259977194982898	12.350111781044646	4.1076747692420845	12.476743658392703	4.51486558661207	12.541660959685888	4.89589775304061	12.687663559983472	4.733048490371756	4.761904761904762	9.796278590865633	6.747735552978932	8.50877660027427	6.382978723404255	4.761904761904762	4.051110921088931	44.6981679389313	2.2139	0.052837632598804384	21.0	0.0	20.99015522003174	-2.8610256777054574e-06	20.61365764803494	-5.7220840974699805e-06	19.215620275741692	-9.537943848216977e-06	17.426852362689495	-9.545072308695274e-06	15.763906626831632	-5.739924041671849e-06	14.379766525749423	-6.7256021575731725e-06	13.254247421942345	-1.934935847201986e-06	12.34145455220316	-1.953548523214994e-06	11.589320035117414	-1.977333822393899e-06	10.972082262313963	-3.009893520000241e-06	10.460255281285937	-4.0815660152487305e-06	10.02650966020296	-6.2397758672508486e-06	9.653628976578682	-3.1865772867144156e-06	9.330268854213223	-3.2624014754754407e-06	9.053742789451423	-1.1159692974526884e-06	8.814393408819011	-1.1481306710479332e-06	8.60966432167474	0.0	8.430169303630597	0.0	8.274840064928865	-1.273116614935695e-06	8.148728918009844	6.626439759698788e-06	8.033219786258359	6.920798383301498e-06	7.9336064551133445	5.802879098464704e-06	7.848040262315084	6.100360073753353e-06	7.777583159222105	-1.1258942817437851e-05	7.720390583254202	-1.1912196898404276e-05	7.672869809825245	1.6249652437989522e-05	7.63074032520825	1.7290169386026085e-05	7.5997153334372465	1.8458244374850025e-05
4	1	15	0	0	3336	1	3438	1	3527	1	3604	15	3687	94	3813	199	3899	291	4004	338	4092	307	4169	341	4215	326	4278	294	4332	299	4427	307	4484	355	4554	401	4611	458	4658	555	4712	641	4763	763	4796	889	4829	1014	4851	1148	4886	1315	4878	1458	4891	1642	4899	1792	4901	1928	4930	3990	4095	1224.0	985.3176120741335	1470.256004333496	105	1	0.5909748077392578	4.761904761904762	4.5592705167173255			7.2621198598079975	4.761904761904762	7.680793547954693	0.10298661174047373	8.004993191103042	0.004259850905218317	8.197243324387028	0.02163284731536365	8.388505904033854	0.10892615038761487	8.68011291203788	0.24327628361858192	8.850903477708163	0.42214291931412656	9.009090090900909	0.60562623185809	9.150882214817631	0.6815860752186848	9.296672910534296	0.9085096179463953	9.343411952473843	1.0209834011901033	9.501810185904983	1.05	9.619185078272455	1.1773971254183895	9.780615513775048	1.280607349935344	9.931999911400537	1.5253072097619662	10.099352435021732	1.7822222222222222	10.194110364343828	2.030411845546837	10.29324022716726	2.4433193924719347	10.423625705121115	2.802185792349727	10.505072783414205	3.293762141161235	10.611558545003982	3.7550158394931366	10.71920088790233	4.165468512508729	10.806656419167279	4.611923509561304	10.927715154768295	5.14435490180737	10.977832789467762	5.541619156214367	11.044870492062417	6.038318684955687	11.11539683259972	6.380630229659961	11.18796511893348	6.6240637669209095	11.317203066893164	4.722396468262892	4.761904761904762	9.001985732146798	6.920020162196846	8.172491518560768	6.981382978723404	4.761904761904762	4.162529150137591	44.6981679389313	2.2139	0.052837632598804384	21.0	0.0	20.99015522003174	-2.8610256777054574e-06	20.61365764803494	-5.7220840974699805e-06	19.215620275741692	-9.537943848216977e-06	17.426852362689495	-9.545072308695274e-06	15.763906626831632	-5.739924041671849e-06	14.379766525749423	-6.7256021575731725e-06	13.254247421942345	-1.934935847201986e-06	12.34145455220316	-1.953548523214994e-06	11.589320035117414	-1.977333822393899e-06	10.972082262313963	-3.009893520000241e-06	10.460255281285937	-4.0815660152487305e-06	10.02650966020296	-6.2397758672508486e-06	9.653628976578682	-3.1865772867144156e-06	9.330268854213223	-3.2624014754754407e-06	9.053742789451423	-1.1159692974526884e-06	8.814393408819011	-1.1481306710479332e-06	8.60966432167474	0.0	8.430169303630597	0.0	8.274840064928865	-1.273116614935695e-06	8.148728918009844	6.626439759698788e-06	8.033219786258359	6.920798383301498e-06	7.9336064551133445	5.802879098464704e-06	7.848040262315084	6.100360073753353e-06	7.777583159222105	-1.1258942817437851e-05	7.720390583254202	-1.1912196898404276e-05	7.672869809825245	1.6249652437989522e-05	7.63074032520825	1.7290169386026085e-05	7.5997153334372465	1.8458244374850025e-05
5	1	28	0	0	3365	1	3452	1	3544	1	3620	19	3683	102	3749	242	3811	355	3889	366	3959	378	4039	384	4122	381	4132	348	4170	390	4179	415	4196	479	4237	584	4265	700	4271	815	4312	986	4332	1140	4314	1307	4318	1444	4307	1613	4293	1744	4287	1927	4282	2122	4280	2330	4260	2555	4271	4017	4095	1102.0	951.5393447719648	1365.6138019561768	78	1	0.6065263748168945	4.761904761904762	8.51063829787234			7.325249798637263	4.761904761904762	7.712070775898662	0.10298661174047373	8.043576940535633	0.004259850905218317	8.233635081654006	0.02740160659946062	8.379405273815212	0.11819646105890122	8.534419959934437	0.29584352078239606	8.651139562335421	0.514985348304175	8.750337503375034	0.655796452248701	8.853456179976295	0.8392167310510191	9.006779056284007	1.0230724143443277	9.137258379145239	1.1932352020043846	9.177531483908224	1.2428571428571429	9.259464860663929	1.5357353809805079	9.232706625720787	1.7311141701080384	9.294083770793186	2.05809057317178	9.3963452497117	2.5955555555555554	9.42916519278387	3.1032495455956024	9.438048306189645	3.5879374862425713	9.538767835416436	4.310382513661202	9.554477282752536	4.921217353766457	9.545092486060714	5.520591341077086	9.584905660377359	5.931890071067658	9.594778230746954	6.4799935722320425	9.601449275362318	6.822627337454033	9.647800157533476	7.324211326491828	9.669624912494637	7.803478836465266	9.710940690656624	8.296243546377069	9.724695247226407	8.778258778258778	9.804416693448418	4.754352534589483	4.761904761904762	8.10472898433478	6.682790777569247	7.59083260413257	5.1861702127659575	4.761904761904762	4.27206656263512	44.6981679389313	2.2139	0.052837632598804384	21.0	0.0	20.99015522003174	-2.8610256777054574e-06	20.61365764803494	-5.7220840974699805e-06	19.215620275741692	-9.537943848216977e-06	17.426852362689495	-9.545072308695274e-06	15.763906626831632	-5.739924041671849e-06	14.379766525749423	-6.7256021575731725e-06	13.254247421942345	-1.934935847201986e-06	12.34145455220316	-1.953548523214994e-06	11.589320035117414	-1.977333822393899e-06	10.972082262313963	-3.009893520000241e-06	10.460255281285937	-4.0815660152487305e-06	10.02650966020296	-6.2397758672508486e-06	9.653628976578682	-3.1865772867144156e-06	9.330268854213223	-3.2624014754754407e-06	9.053742789451423	-1.1159692974526884e-06	8.814393408819011	-1.1481306710479332e-06	8.60966432167474	0.0	8.430169303630597	0.0	8.274840064928865	-1.273116614935695e-06	8.148728918009844	6.626439759698788e-06	8.033219786258359	6.920798383301498e-06	7.9336064551133445	5.802879098464704e-06	7.848040262315084	6.100360073753353e-06	7.777583159222105	-1.1258942817437851e-05	7.720390583254202	-1.1912196898404276e-05	7.672869809825245	1.6249652437989522e-05	7.63074032520825	1.7290169386026085e-05	7.5997153334372465	1.8458244374850025e-05
6	1	34	0	0	2975	1	2975	1	3038	3	3087	38	3143	176	3182	326	3212	510	3261	609	3256	636	3281	624	3297	763	3318	837	3322	994	3371	1041	3373	1226	3374	1395	3372	1524	3370	1603	3355	1717	3373	1878	3379	2019	3370	2132	3361	2297	3375	2465	3376	2569	3367	2719	3379	2814	3339	2870	3319	4015	4095	893.0	895.6546179060039	1188.4509000778198	80	1	0.6363792419433594	4.761904761904762	10.33434650455927			6.476260966105754	4.761904761904762	6.646410938093429	0.10298661174047373	6.895142986836132	0.012779552715654952	7.021334667697767	0.05480321319892124	7.150820194298454	0.20394683476830017	7.243671462393007	0.39853300733496333	7.291382911105057	0.7398381060144485	7.337323373233732	1.0912022934957892	7.281347138672094	1.4120154522445718	7.316474890732316	1.6624926733095327	7.308476680262458	2.389602254932665	7.369566665926304	2.9892857142857143	7.3764849561452195	3.914156329986218	7.447584119479486	4.342385183331247	7.471149799543713	5.267680673713157	7.482480262574293	6.2	7.454899186416696	6.7562175821252834	7.447020087066051	7.057010785824345	7.421745382147993	7.506010928961748	7.439347154830172	8.10705806173106	7.476325338525533	8.527983104540656	7.480577136514984	8.758164564761945	7.487357704560137	9.227864374096095	7.548309178743962	9.643220405289101	7.59761449307978	9.764348156594451	7.603369238759796	9.998896774905306	7.666651540590824	10.019583407512906	7.622243528283796	9.86050986050986	7.619025756393187	4.751985418565291	4.761904761904762	6.5676252114437	6.290304708171537	6.606063755213067	5.319148936170213	4.761904761904762	4.4823351358497	44.6981679389313	2.2139	0.052837632598804384	21.0	0.0	20.99015522003174	-2.8610256777054574e-06	20.61365764803494	-5.7220840974699805e-06	19.215620275741692	-9.537943848216977e-06	17.426852362689495	-9.545072308695274e-06	15.763906626831632	-5.739924041671849e-06	14.379766525749423	-6.7256021575731725e-06	13.254247421942345	-1.934935847201986e-06	12.34145455220316	-1.953548523214994e-06	11.589320035117414	-1.977333822393899e-06	10.972082262313963	-3.009893520000241e-06	10.460255281285937	-4.0815660152487305e-06	10.02650966020296	-6.2397758672508486e-06	9.653628976578682	-3.1865772867144156e-06	9.330268854213223	-3.2624014754754407e-06	9.053742789451423	-1.1159692974526884e-06	8.814393408819011	-1.1481306710479332e-06	8.60966432167474	0.0	8.430169303630597	0.0	8.274840064928865	-1.273116614935695e-06	8.148728918009844	6.626439759698788e-06	8.033219786258359	6.920798383301498e-06	7.9336064551133445	5.802879098464704e-06	7.848040262315084	6.100360073753353e-06	7.777583159222105	-1.1258942817437851e-05	7.720390583254202	-1.1912196898404276e-05	7.672869809825245	1.6249652437989522e-05	7.63074032520825	1.7290169386026085e-05	7.5997153334372465	1.8458244374850025e-05
7	1	34	0	0	2695	1	2704	1	2701	6	2689	48	2677	244	2692	593	2721	924	2739	1142	2714	1299	2695	1432	2695	1587	2692	1612	2647	1750	2676	1822	2657	1995	2623	2064	2654	2247	2636	2376	2593	2432	2566	2499	2520	2564	2522	2628	2503	2656	2474	2666	2459	2694	2444	2689	2438	2680	2431	2693	2397	4011	4095	718.0	811.8217282134863	1005.9505634307861	84	1	0.6673212051391602	4.761904761904762	10.33434650455927			5.866730522236977	4.761904761904762	6.0409731686066	0.10298661174047373	6.130276895142987	0.025559105431309903	6.116089705681663	0.06922511140916367	6.090596773826587	0.2827444754742343	6.128209797851029	0.7249388753056234	6.176791065104876	1.3404125685438246	6.162811628116281	2.0462282745027776	6.069280139544245	2.8839749567070734	6.009722593881009	3.8152075451590557	5.974020216350417	4.970247416222988	5.979166203940208	5.757142857142857	5.8776507161096925	6.89112029927151	5.912113646908071	7.600216910691195	5.885219394422664	8.5717968548595	5.816996362991218	9.173333333333334	5.867527414220021	9.961431041361884	5.8250281749276285	10.460048426150122	5.736091140360579	10.631693989071039	5.659461843846493	10.78782646233542	5.575714665014603	10.82998944033791	5.598224195338513	10.795711292774103	5.575976297088374	10.670094809577375	5.533190195025943	10.429543854158517	5.533925959266344	10.23945267958951	5.5190479416480365	9.888574265435958	5.531605935472161	9.54246038810753	5.549468109391407	9.252387823816395	5.502502180799779	4.747251186516907	4.761904761904762	5.280576597778921	5.70153487414182	5.591626508239541	5.585106382978723	4.761904761904762	4.70027475371211	44.6981679389313	2.2139	0.052837632598804384	21.0	0.0	20.99015522003174	-2.8610256777054574e-06	20.61365764803494	-5.7220840974699805e-06	19.215620275741692	-9.537943848216977e-06	17.426852362689495	-9.545072308695274e-06	15.763906626831632	-5.739924041671849e-06	14.379766525749423	-6.7256021575731725e-06	13.254247421942345	-1.934935847201986e-06	12.34145455220316	-1.953548523214994e-06	11.589320035117414	-1.977333822393899e-06	10.972082262313963	-3.009893520000241e-06	10.460255281285937	-4.0815660152487305e-06	10.02650966020296	-6.2397758672508486e-06	9.653628976578682	-3.1865772867144156e-06	9.330268854213223	-3.2624014754754407e-06	9.053742789451423	-1.1159692974526884e-06	8.814393408819011	-1.1481306710479332e-06	8.60966432167474	0.0	8.430169303630597	0.0	8.274840064928865	-1.273116614935695e-06	8.148728918009844	6.626439759698788e-06	8.033219786258359	6.920798383301498e-06	7.9336064551133445	5.802879098464704e-06	7.848040262315084	6.100360073753353e-06	7.777583159222105	-1.1258942817437851e-05	7.720390583254202	-1.1912196898404276e-05	7.672869809825245	1.6249652437989522e-05	7.63074032520825	1.7290169386026085e-05	7.5997153334372465	1.8458244374850025e-05
8	1	27	0	0	2441	1	2465	1	2399	2	2353	82	2344	381	2316	987	2262	1737	2214	2172	2190	2322	2150	2386	2128	2468	2097	2400	2127	2432	2099	2490	2103	2514	2081	2410	2077	2414	2062	2427	2031	2427	2019	2363	1987	2442	1937	2485	1931	2401	1938	2349	1943	2314	1922	2265	1924	2211	1896	2170	1888	4010	4095	608.0	751.8599091140552	882.3900327682495	85	1	0.6861171722412109	4.761904761904762	8.206686930091186			5.313799333870301	4.761904761904762	5.507026205848842	0.10298661174047373	5.4448479346345895	0.008519701810436634	5.351862803075103	0.11825956532398793	5.3329693081245875	0.4414985457200134	5.272263704243308	1.206601466992665	5.1348406428766005	2.519801549308034	4.981549815498155	3.8917756674431105	4.897466287988908	5.155188490741974	4.794398358754794	6.3569030745457455	4.717148430572796	7.729408080175383	4.657619438953424	8.571428571428571	4.72299322748973	9.576688324473322	4.637341758168924	10.386685020648228	4.658116818393249	10.80175302913122	4.615009314290783	10.711111111111112	4.591881853555005	10.701777718668263	4.556603982056438	10.684569667620515	4.492865833425506	10.60983606557377	4.45302161446846	10.200733865745736	4.396406761660324	10.31467793030623	4.299667036625971	10.208273425625435	4.301722025440531	9.645669291338582	4.334406870638754	9.189421797981378	4.372679194328795	8.795134929684531	4.340266016304225	8.329349464935829	4.365385488042837	7.8725298201887135	4.328174222709218	7.455507455507456	4.334052614664157	4.746067628504811	4.761904761904762	4.4715746120467745	5.280414829147796	4.904809120048554	5.651595744680852	4.761904761904762	4.832664087305892	44.6981679389313	2.2139	0.052837632598804384	21.0	0.0	20.99015522003174	-2.8610256777054574e-06	20.61365764803494	-5.7220840974699805e-06	19.215620275741692	-9.537943848216977e-06	17.426852362689495	-9.545072308695274e-06	15.763906626831632	-5.739924041671849e-06	14.379766525749423	-6.7256021575731725e-06	13.254247421942345	-1.934935847201986e-06	12.34145455220316	-1.953548523214994e-06	11.589320035117414	-1.977333822393899e-06	10.972082262313963	-3.009893520000241e-06	10.460255281285937	-4.0815660152487305e-06	10.02650966020296	-6.2397758672508486e-06	9.653628976578682	-3.1865772867144156e-06	9.330268854213223	-3.2624014754754407e-06	9.053742789451423	-1.1159692974526884e-06	8.814393408819011	-1.1481306710479332e-06	8.60966432167474	0.0	8.430169303630597	0.0	8.274840064928865	-1.273116614935695e-06	8.148728918009844	6.626439759698788e-06	8.033219786258359	6.920798383301498e-06	7.9336064551133445	5.802879098464704e-06	7.848040262315084	6.100360073753353e-06	7.777583159222105	-1.1258942817437851e-05	7.720390583254202	-1.1912196898404276e-05	7.672869809825245	1.6249652437989522e-05	7.63074032520825	1.7290169386026085e-05	7.5997153334372465	1.8458244374850025e-05
9	1	27	0	0	2159	1	2096	1	2060	6	1999	125	1960	859	1873	2223	1847	3056	1831	3481	1824	3373	1815	3396	1762	3296	1741	3004	1691	2865	1679	2676	1647	2562	1626	2462	1627	2304	1615	2224	1588	2137	1611	2078	1597	2029	1575	1960	1576	1866	1564	1846	1539	1827	1513	1819	1507	1765	1509	1735	1492	4016	4095	527.0	696.8007172932174	780.1351890563965	79	1	0.7005109786987305	4.761904761904762	8.206686930091186			4.699915101116747	4.761904761904762	4.682647840754228	0.10298661174047373	4.675442578302315	0.025559105431309903	4.546695173543192	0.1802737276280304	4.459308807134894	0.9953996083293741	4.263795301402295	2.71760391198044	4.192772178334695	4.433225984274813	4.119791197911979	6.237233470704175	4.0789856206811725	7.488566227076951	4.047364195879047	9.04779666435765	3.905834367795708	10.32258064516129	3.866912466961331	10.72857142857143	3.7548573331853006	11.2817483756645	3.7094315445286434	11.162557877612315	3.6480829290982792	11.007991750451147	3.6059611461013037	10.942222222222222	3.5970109656880087	10.214124218646097	3.5688241663536115	9.790887079022673	3.5128857427275744	9.34207650273224	3.553153947948831	8.970429527304123	3.533498539693778	8.570221752903908	3.4961154273029966	8.051595941338373	3.510882398805944	7.496384380523863	3.4979423868312756	7.221657147328065	3.4634859907730395	6.94412770809578	3.416661021159361	6.689221490824844	3.419249444116713	6.284493501869324	3.444733598137242	5.960970246684533	3.4250034433680727	4.753168976577387	4.761904761904762	3.8758549680076486	4.893726605121821	4.336420458139495	5.252659574468085	4.761904761904762	4.93404681661387	44.6981679389313	2.2139	0.052837632598804384	21.0	0.0	20.99015522003174	-2.8610256777054574e-06	20.61365764803494	-5.7220840974699805e-06	19.215620275741692	-9.537943848216977e-06	17.426852362689495	-9.545072308695274e-06	15.763906626831632	-5.739924041671849e-06	14.379766525749423	-6.7256021575731725e-06	13.254247421942345	-1.934935847201986e-06	12.34145455220316	-1.953548523214994e-06	11.589320035117414	-1.977333822393899e-06	10.972082262313963	-3.009893520000241e-06	10.460255281285937	-4.0815660152487305e-06	10.02650966020296	-6.2397758672508486e-06	9.653628976578682	-3.1865772867144156e-06	9.330268854213223	-3.2624014754754407e-06	9.053742789451423	-1.1159692974526884e-06	8.814393408819011	-1.1481306710479332e-06	8.60966432167474	0.0	8.430169303630597	0.0	8.274840064928865	-1.273116614935695e-06	8.148728918009844	6.626439759698788e-06	8.033219786258359	6.920798383301498e-06	7.9336064551133445	5.802879098464704e-06	7.848040262315084	6.100360073753353e-06	7.777583159222105	-1.1258942817437851e-05	7.720390583254202	-1.1912196898404276e-05	7.672869809825245	1.6249652437989522e-05	7.63074032520825	1.7290169386026085e-05	7.5997153334372465	1.8458244374850025e-05
10	1	18	0	0	1986	1	1858	1	1798	15	1748	375	1653	2055	1586	4061	1501	5009	1487	5122	1445	4921	1426	4332	1396	3748	1353	3318	1322	2681	1323	2482	1292	2210	1273	2014	1257	1849	1245	1804	1236	1712	1223	1636	1215	1535	1214	1479	1162	1443	1175	1426	1147	1366	1127	1344	1112	1323	1114	1278	1125	4011	4095	446.0	618.6343485645535	666.6272382736206	84	1	0.7118253707885742	4.761904761904762	5.47112462006079			4.323312362583538	4.761904761904762	4.150934965706753	0.10298661174047373	4.080798910576487	0.06389776357827476	3.9757994814174586	0.5408211828840912	3.760835437854072	2.3813110536866864	3.6104534693134216	4.9645476772616135	3.4073367838009627	7.266370731424261	3.3457834578345786	9.177566744311056	3.2314332356821787	10.925358554238267	3.17991258585318	11.541535674321949	3.0945203050186203	11.738177262762292	3.005130710969949	11.85	2.935494615299212	10.557196298483953	2.9229171729668826	10.353314145079882	2.8617626863357475	9.495574460771676	2.8231171826488066	8.95111111111111	2.779006013441811	8.197012014008955	2.75119881554814	7.941888619854722	2.7342108173874573	7.4841530054644805	2.6973974415527127	7.062378588387654	2.6882909992034696	6.483632523759239	2.6947835738068813	6.075668570020129	2.5886074539419455	5.797043226739515	2.6279298622293794	5.578593224317347	2.5812985259367616	5.191942227290004	2.544994693223133	4.942448424226823	2.5230294504696644	4.710699661741144	2.543030635072821	4.390847247990106	2.5825260548184197	4.747251186516907	4.761904761904762	3.2801353239685223	4.344753521742724	3.7054808378779382	5.585106382978723	4.761904761904762	5.013739700766117	44.6981679389313	2.2139	0.052837632598804384	21.0	0.0	20.99015522003174	-2.8610256777054574e-06	20.61365764803494	-5.7220840974699805e-06	19.215620275741692	-9.537943848216977e-06	17.426852362689495	-9.545072308695274e-06	15.763906626831632	-5.739924041671849e-06	14.379766525749423	-6.7256021575731725e-06	13.254247421942345	-1.934935847201986e-06	12.34145455220316	-1.953548523214994e-06	11.589320035117414	-1.977333822393899e-06	10.972082262313963	-3.009893520000241e-06	10.460255281285937	-4.0815660152487305e-06	10.02650966020296	-6.2397758672508486e-06	9.653628976578682	-3.1865772867144156e-06	9.330268854213223	-3.2624014754754407e-06	9.053742789451423	-1.1159692974526884e-06	8.814393408819011	-1.1481306710479332e-06	8.60966432167474	0.0	8.430169303630597	0.0	8.274840064928865	-1.273116614935695e-06	8.148728918009844	6.626439759698788e-06	8.033219786258359	6.920798383301498e-06	7.9336064551133445	5.802879098464704e-06	7.848040262315084	6.100360073753353e-06	7.777583159222105	-1.1258942817437851e-05	7.720390583254202	-1.1912196898404276e-05	7.672869809825245	1.6249652437989522e-05	7.63074032520825	1.7290169386026085e-05	7.5997153334372465	1.8458244374850025e-05
11	1	13	0	0	2018	1	1894	1	1720	78	1626	1537	1573	4763	1506	6685	1423	6440	1313	5688	1258	4784	1210	4098	1204	3322	1209	2769	1132	2322	1099	1988	1053	1825	1031	1633	994	1584	1008	1530	965	1435	959	1314	954	1251	948	1204	955	1203	929	1151	894	1117	862	1059	863	1022	841	1014	832	4015	4095	384.0	548.4404745195528	575.1085910797119	80	1	0.7149381637573242	4.761904761904762	3.951367781155015			4.39297298473997	4.761904761904762	4.23136212327696	0.10298661174047373	3.9037675896504767	0.33226837060702874	3.698312332256744	2.2166457549142615	3.5788228334812184	5.519311215917123	3.42833727918412	8.17237163814181	3.230273313356942	9.342269417123626	2.954279542795428	10.191721913635549	2.813247758123309	10.621197992984326	2.698242797252698	10.918100921830872	2.668912927824082	10.404008769182587	2.6852941829731467	9.889285714285714	2.513600532918841	9.143532191376256	2.4280317256920663	8.29266257873441	2.332380889095621	7.841368050184755	2.286436618468908	7.257777777777778	2.197559250088433	7.022210400319191	2.2274766313835546	6.735637244111821	2.1347196106625375	6.273224043715847	2.1151301279223644	5.672350528815023	2.1108062660412426	5.2840549102428715	2.104328523862375	4.945980363965	2.1274699815099467	4.832878033103006	2.0777419932009304	4.50277756044128	2.011927534601103	4.2455340174838465	1.9465709188627691	3.8943845842680105	1.9580705177655762	3.6389531778529465	1.919828334018171	3.483817769532055	1.9099214912079336	4.751985418565291	4.761904761904762	2.824152386555858	3.8517723573934917	3.1967698611651234	5.319148936170213	4.761904761904762	5.035664647990741	44.6981679389313	2.2139	0.052837632598804384	21.0	0.0	20.99015522003174	-2.8610256777054574e-06	20.61365764803494	-5.7220840974699805e-06	19.215620275741692	-9.537943848216977e-06	17.426852362689495	-9.545072308695274e-06	15.763906626831632	-5.739924041671849e-06	14.379766525749423	-6.7256021575731725e-06	13.254247421942345	-1.934935847201986e-06	12.34145455220316	-1.953548523214994e-06	11.589320035117414	-1.977333822393899e-06	10.972082262313963	-3.009893520000241e-06	10.460255281285937	-4.0815660152487305e-06	10.02650966020296	-6.2397758672508486e-06	9.653628976578682	-3.1865772867144156e-06	9.330268854213223	-3.2624014754754407e-06	9.053742789451423	-1.1159692974526884e-06	8.814393408819011	-1.1481306710479332e-06	8.60966432167474	0.0	8.430169303630597	0.0	8.274840064928865	-1.273116614935695e-06	8.148728918009844	6.626439759698788e-06	8.033219786258359	6.920798383301498e-06	7.9336064551133445	5.802879098464704e-06	7.848040262315084	6.100360073753353e-06	7.777583159222105	-1.1258942817437851e-05	7.720390583254202	-1.1912196898404276e-05	7.672869809825245	1.6249652437989522e-05	7.63074032520825	1.7290169386026085e-05	7.5997153334372465	1.8458244374850025e-05
12	1	12	0	0	1949	1	1713	2	1600	211	1559	2747	1437	6440	1380	7760	1294	7001	1252	5666	1198	4720	1147	3543	1148	2669	1127	2183	1075	1882	1033	1721	990	1574	967	1443	900	1383	842	1284	820	1241	821	1176	803	1154	778	1140	757	1077	736	1025	726	993	721	942	711	869	695	810	688	4028	4095	348.0	505.3255208771244	525.1247510910034	67	1	0.7170400619506836	4.761904761904762	3.64741641337386			4.2427672682151645	4.761904761904762	3.826992247715645	0.20597322348094746	3.631411711302769	0.8988285410010649	3.5459218487012696	3.9616954383535963	3.269401406047369	7.462600090385529	3.141504279730468	9.486552567237164	2.937437573776446	10.156091333739518	2.817028170281703	10.152302454757212	2.67907059954827	10.47910838772701	2.557755775577558	9.439441572973838	2.544777442809009	8.358910115878485	2.5031650489749686	7.796428571428571	2.3870323082047293	7.410907658987989	2.2822172635485938	7.178909606640804	2.192836733337763	6.762911403282633	2.1445045684378607	6.413333333333333	1.9897417757339937	6.131134459369597	1.8606501226438026	5.65265243231345	1.8139586328945911	5.425136612021858	1.8107631230701366	5.076624217569609	1.776705903177272	4.874340021119324	1.7269700332963374	4.683071108737625	1.686381964401078	4.326691306443838	1.646090534979424	4.009858383538064	1.6338471925284124	3.774230330672748	1.628164306844613	3.46412679733755	1.6131959885646867	3.094178387039345	1.586540656531069	2.782931354359926	1.5793581561911758	4.767371672722538	4.761904761904762	2.559388100316246	3.5489701494133308	2.9189321872030307	4.454787234042553	4.761904761904762	5.050469361128936	44.6981679389313	2.2139	0.052837632598804384	21.0	0.0	20.99015522003174	-2.8610256777054574e-06	20.61365764803494	-5.7220840974699805e-06	19.215620275741692	-9.537943848216977e-06	17.426852362689495	-9.545072308695274e-06	15.763906626831632	-5.739924041671849e-06	14.379766525749423	-6.7256021575731725e-06	13.254247421942345	-1.934935847201986e-06	12.34145455220316	-1.953548523214994e-06	11.589320035117414	-1.977333822393899e-06	10.972082262313963	-3.009893520000241e-06	10.460255281285937	-4.0815660152487305e-06	10.02650966020296	-6.2397758672508486e-06	9.653628976578682	-3.1865772867144156e-06	9.330268854213223	-3.2624014754754407e-06	9.053742789451423	-1.1159692974526884e-06	8.814393408819011	-1.1481306710479332e-06	8.60966432167474	0.0	8.430169303630597	0.0	8.274840064928865	-1.273116614935695e-06	8.148728918009844	6.626439759698788e-06	8.033219786258359	6.920798383301498e-06	7.9336064551133445	5.802879098464704e-06	7.848040262315084	6.100360073753353e-06	7.777583159222105	-1.1258942817437851e-05	7.720390583254202	-1.1912196898404276e-05	7.672869809825245	1.6249652437989522e-05	7.63074032520825	1.7290169386026085e-05	7.5997153334372465	1.8458244374850025e-05
13	1	12	0	0	1879	1	1580	9	1393	617	1320	4407	1213	8012	1113	8227	1090	6959	1021	5269	1019	3948	1003	3060	1028	2354	941	1902	941	1566	945	1339	926	1266	901	1127	854	1102	825	1022	811	1031	745	1007	750	1028	723	950	705	942	675	920	687	914	688	852	668	825	643	811	632	4049	4095	320.0	497.23630570786366	498.7753839492798	46	1	0.7246551513671875	4.761904761904762	3.64741641337386			4.09038465724797	4.761904761904762	3.529858582247939	0.9268795056642637	3.1615978211529736	2.628328008519702	3.00231997452577	6.35573054125384	2.759766113803381	9.284216137293301	2.533691495173921	10.057457212713937	2.4743484972305456	10.0951634897148	2.297272972729727	9.440960401361762	2.278775409799405	8.765152524310643	2.2366425831772365	8.152608301806362	2.2787728320624225	7.372377074851237	2.0900428669790996	6.792857142857144	2.089485955368047	6.166568222090963	2.08779798069063	5.5854502982522005	2.0510775909805745	5.439546274813096	1.9981371418433425	5.008888888888889	1.888043862752034	4.8854014274947914	1.8230835524716593	4.499229583975347	1.7940493308262362	4.507103825136612	1.6431407146007941	4.347075329160371	1.6594388883972033	4.342133051742344	1.60488346281909	3.9025592572813537	1.570540666978547	3.784348385023301	1.5096618357487923	3.5990924027853843	1.546078541690109	3.4739642721398707	1.553643610414832	3.1331592689295036	1.5156327993828562	2.9375111269360867	1.4678354563301832	2.786367072081358	1.4508057481291032	4.792226390976554	4.761904761904762	2.3534603221298815	3.492158486471675	2.7724679123757365	3.0585106382978724	4.761904761904762	5.104106218846037	44.6981679389313	2.2139	0.052837632598804384	21.0	0.0	20.99015522003174	-2.8610256777054574e-06	20.61365764803494	-5.7220840974699805e-06	19.215620275741692	-9.537943848216977e-06	17.426852362689495	-9.545072308695274e-06	15.763906626831632	-5.739924041671849e-06	14.379766525749423	-6.7256021575731725e-06	13.254247421942345	-1.934935847201986e-06	12.34145455220316	-1.953548523214994e-06	11.589320035117414	-1.977333822393899e-06	10.972082262313963	-3.009893520000241e-06	10.460255281285937	-4.0815660152487305e-06	10.02650966020296	-6.2397758672508486e-06	9.653628976578682	-3.1865772867144156e-06	9.330268854213223	-3.2624014754754407e-06	9.053742789451423	-1.1159692974526884e-06	8.814393408819011	-1.1481306710479332e-06	8.60966432167474	0.0	8.430169303630597	0.0	8.274840064928865	-1.273116614935695e-06	8.148728918009844	6.626439759698788e-06	8.033219786258359	6.920798383301498e-06	7.9336064551133445	5.802879098464704e-06	7.848040262315084	6.100360073753353e-06	7.777583159222105	-1.1258942817437851e-05	7.720390583254202	-1.1912196898404276e-05	7.672869809825245	1.6249652437989522e-05	7.63074032520825	1.7290169386026085e-05	7.5997153334372465	1.8458244374850025e-05
14	1	10	0	0	1705	1	1488	17	1297	919	1155	5426	1063	8488	1026	8364	995	6832	990	5008	994	3467	1013	2751	932	2085	908	1676	899	1419	904	1220	894	1117	873	1022	849	1014	866	977	825	992	788	975	760	907	717	900	669	897	660	900	651	878	658	853	648	870	636	807	604	4050	4095	306.0	499.1249265891581	488.2987756729126	45	1	0.729008674621582	4.761904761904762	3.0395136778115504			3.7116050242723726	4.761904761904762	3.324322512901857	1.7507723995880538	2.943713118474807	3.9148029818956336	2.6270299777100483	7.825321968877544	2.418492480604282	9.835799622234841	2.3356401384083045	10.224938875305623	2.2586942704077	9.910929294687671	2.227522275222752	8.973302275577852	2.222868260393139	7.697260334798632	2.2589421104272587	7.329354718388662	2.0659691434651535	6.529909176323207	2.0167469959798323	5.985714285714286	1.9962251582102808	5.5877141169521565	1.9972162693590791	5.089058524173027	1.9801980198019802	4.79934691071582	1.936041869954759	4.542222222222223	1.876989741775734	4.495278627477059	1.913685280533887	4.301122606207352	1.8250193562658996	4.336612021857923	1.7379797088663433	4.208935894668682	1.6815647402424991	3.8310454065469908	1.5915649278579358	3.697161401634967	1.4903428456860257	3.603567411216455	1.4761137949543746	3.5208512635943983	1.4650613255316756	3.337134169517294	1.4858975227513944	3.1368366859118155	1.4702545718564233	3.097739006587146	1.4518559101492947	2.77262420119563	1.3865295440980672	4.793409948988649	4.761904761904762	2.2504964330366994	3.5054225288648606	2.7142331614007134	2.992021276595745	4.761904761904762	5.134770245831455	44.6981679389313	2.2139	0.052837632598804384	21.0	0.0	20.99015522003174	-2.8610256777054574e-06	20.61365764803494	-5.7220840974699805e-06	19.215620275741692	-9.537943848216977e-06	17.426852362689495	-9.545072308695274e-06	15.763906626831632	-5.739924041671849e-06	14.379766525749423	-6.7256021575731725e-06	13.254247421942345	-1.934935847201986e-06	12.34145455220316	-1.953548523214994e-06	11.589320035117414	-1.977333822393899e-06	10.972082262313963	-3.009893520000241e-06	10.460255281285937	-4.0815660152487305e-06	10.02650966020296	-6.2397758672508486e-06	9.653628976578682	-3.1865772867144156e-06	9.330268854213223	-3.2624014754754407e-06	9.053742789451423	-1.1159692974526884e-06	8.814393408819011	-1.1481306710479332e-06	8.60966432167474	0.0	8.430169303630597	0.0	8.274840064928865	-1.273116614935695e-06	8.148728918009844	6.626439759698788e-06	8.033219786258359	6.920798383301498e-06	7.9336064551133445	5.802879098464704e-06	7.848040262315084	6.100360073753353e-06	7.777583159222105	-1.1258942817437851e-05	7.720390583254202	-1.1912196898404276e-05	7.672869809825245	1.6249652437989522e-05	7.63074032520825	1.7290169386026085e-05	7.5997153334372465	1.8458244374850025e-05
15	1	10	0	0	1647	1	1404	25	1213	1111	1110	6459	1074	8957	991	8050	967	6332	947	4875	919	3423	886	2460	889	1902	889	1526	819	1243	840	1154	813	1092	763	996	763	973	801	943	788	896	779	879	766	884	749	845	719	826	675	813	641	758	632	771	614	790	611	775	583	4042	4095	298.0	504.5310061393891	482.42808055877686	53	1	0.73321533203125	4.761904761904762	3.0395136778115504			3.585345146613841	4.761904761904762	3.136659145238042	2.5746652935118437	2.753064003631412	4.73269435569755	2.5246781603966704	9.315104053995586	2.443519213705549	10.379271585339003	2.2559643052267346	9.841075794621027	2.195133024607282	9.185597818202918	2.1307713077130774	8.73499372872245	2.055146812174341	7.599573731184228	1.9757381143519757	6.5540576543933495	1.9706508246142933	5.956780457250234	1.9745463429802546	5.45	1.8185855445764405	4.89466430399685	1.8558204272805603	4.813748800734159	1.8007841052561633	4.691930910028358	1.692096158963896	4.426666666666667	1.6868588609833746	4.313516868377887	1.7700483945815748	4.1514417785604225	1.743170003318217	3.9169398907103825	1.718129686810763	3.794517591193611	1.694840251349677	3.73389651531151	1.662597114317425	3.471223760423941	1.6017287085923055	3.318335208098987	1.5096618357487923	3.180502308113606	1.442556543265444	2.8810338274420375	1.4271842467764153	2.8352884933622624	1.3931115850614875	2.8128894427630406	1.3947861023604073	2.6626812341098054	1.3383223910747901	4.783941484891882	4.761904761904762	2.191659924983452	3.5433901638970697	2.6816006090513826	3.5239361702127656	4.761904761904762	5.164399823713752	44.6981679389313	2.2139	0.052837632598804384	21.0	0.0	20.99015522003174	-2.8610256777054574e-06	20.61365764803494	-5.7220840974699805e-06	19.215620275741692	-9.537943848216977e-06	17.426852362689495	-9.545072308695274e-06	15.763906626831632	-5.739924041671849e-06	14.379766525749423	-6.7256021575731725e-06	13.254247421942345	-1.934935847201986e-06	12.34145455220316	-1.953548523214994e-06	11.589320035117414	-1.977333822393899e-06	10.972082262313963	-3.009893520000241e-06	10.460255281285937	-4.0815660152487305e-06	10.02650966020296	-6.2397758672508486e-06	9.653628976578682	-3.1865772867144156e-06	9.330268854213223	-3.2624014754754407e-06	9.053742789451423	-1.1159692974526884e-06	8.814393408819011	-1.1481306710479332e-06	8.60966432167474	0.0	8.430169303630597	0.0	8.274840064928865	-1.273116614935695e-06	8.148728918009844	6.626439759698788e-06	8.033219786258359	6.920798383301498e-06	7.9336064551133445	5.802879098464704e-06	7.848040262315084	6.100360073753353e-06	7.777583159222105	-1.1258942817437851e-05	7.720390583254202	-1.1912196898404276e-05	7.672869809825245	1.6249652437989522e-05	7.63074032520825	1.7290169386026085e-05	7.5997153334372465	1.8458244374850025e-05
16	1	9	0	0	1478	1	1192	38	1039	2478	1005	8141	951	9303	911	7462	852	5444	818	3958	819	2750	756	2022	769	1576	703	1344	722	1102	727	1029	708	949	697	911	669	855	632	829	614	784	670	766	640	717	662	720	647	731	631	705	622	712	609	665	607	643	604	648	572	4045	4095	279.0	532.4733574670678	479.4853467941284	50	1	0.7392454147338867	4.761904761904762	2.735562310030395			3.217449985850186	4.761904761904762	2.663032550657939	3.913491246138002	2.3581479800272356	10.55591054313099	2.28585725333212	11.740867332958365	2.163674834482288	10.780212521872139	2.0738481150974324	9.122249388753056	1.9340779079269954	7.8974091159659965	1.840518405184052	7.091919010929941	1.8315182145492765	6.105412725900271	1.6858442601016859	5.387115681781851	1.7046462138677072	4.935797056060132	1.5614241609843857	4.8	1.6031975130454093	4.339436897026974	1.6061683936106754	4.292328869978726	1.5682105123264005	4.077511386096073	1.5457287323693782	4.0488888888888885	1.4790413866289354	3.7903976592631996	1.396592491105562	3.649570768214836	1.358256829996682	3.427322404371585	1.4777238641376267	3.3067127131448304	1.4160545180989468	3.0285110876451955	1.4694783573806882	2.9577291213079735	1.4413330660072623	2.9366864856178694	1.4112542494185005	2.7580001564822783	1.399797456959604	2.7061953629798556	1.37524557956778	2.44548229323723	1.377229205427236	2.2894783692362473	1.3788065561795186	2.2263450834879404	1.3130710252054543	4.7874921589281705	4.761904761904762	2.05192321835699	3.7396331135787366	2.665243276272542	3.324468085106383	4.761904761904762	5.206872691759491	44.6981679389313	2.2139	0.052837632598804384	21.0	0.0	20.99015522003174	-2.8610256777054574e-06	20.61365764803494	-5.7220840974699805e-06	19.215620275741692	-9.537943848216977e-06	17.426852362689495	-9.545072308695274e-06	15.763906626831632	-5.739924041671849e-06	14.379766525749423	-6.7256021575731725e-06	13.254247421942345	-1.934935847201986e-06	12.34145455220316	-1.953548523214994e-06	11.589320035117414	-1.977333822393899e-06	10.972082262313963	-3.009893520000241e-06	10.460255281285937	-4.0815660152487305e-06	10.02650966020296	-6.2397758672508486e-06	9.653628976578682	-3.1865772867144156e-06	9.330268854213223	-3.2624014754754407e-06	9.053742789451423	-1.1159692974526884e-06	8.814393408819011	-1.1481306710479332e-06	8.60966432167474	0.0	8.430169303630597	0.0	8.274840064928865	-1.273116614935695e-06	8.148728918009844	6.626439759698788e-06	8.033219786258359	6.920798383301498e-06	7.9336064551133445	5.802879098464704e-06	7.848040262315084	6.100360073753353e-06	7.777583159222105	-1.1258942817437851e-05	7.720390583254202	-1.1912196898404276e-05	7.672869809825245	1.6249652437989522e-05	7.63074032520825	1.7290169386026085e-05	7.5997153334372465	1.8458244374850025e-05
17	1	7	0	0	1181	1	1063	122	958	3357	884	9228	825	9578	776	7411	765	5030	775	3216	773	2305	747	1656	707	1277	667	1109	658	971	636	901	644	830	635	776	637	772	629	765	653	771	665	736	633	682	597	658	609	633	581	638	581	625	598	621	578	639	582	660	580	4048	4095	265.0	554.371583370716	479.5814390182495	47	1	0.7433128356933594	4.761904761904762	2.127659574468085			2.570912336460805	4.761904761904762	2.3748352360313665	12.564366632337794	2.174307762142533	14.300319488817891	2.0106445890005915	13.308527668411715	1.8770049825950448	11.09887945119761	1.7665270442542342	9.059902200488997	1.7365840370471262	7.296834653436621	1.7437674376743768	5.762408170578749	1.728649059641747	5.117445939345499	1.6657746855766657	4.411999786859914	1.5672104983153041	3.9993736298152207	1.4814650289851854	3.9607142857142854	1.461085822138337	3.8235873203386492	1.4051211806552812	3.7583948608851627	1.4264513699692116	3.5662112228237515	1.4082320589018007	3.448888888888889	1.4082950123806155	3.4224409274282928	1.3899630963693015	3.3678186220559105	1.444530472292888	3.3704918032786884	1.466696074106749	3.177206993308871	1.4005664218072396	2.880675818373812	1.3251942286348501	2.7030357803064535	1.3566798101984896	2.5429856982162944	1.2994274467704419	2.495892340192473	1.3075278496680545	2.375522614975295	1.3504053474245195	2.2836759460155185	1.3114307755139083	2.2752358910450416	1.3285851253252978	2.2675736961451247	1.3314356549286075	4.791042832964458	4.761904761904762	1.9489593292638083	3.893427344913542	2.6657774097053006	3.125	4.761904761904762	5.235521558154411	44.6981679389313	2.2139	0.052837632598804384	21.0	0.0	20.99015522003174	-2.8610256777054574e-06	20.61365764803494	-5.7220840974699805e-06	19.215620275741692	-9.537943848216977e-06	17.426852362689495	-9.545072308695274e-06	15.763906626831632	-5.739924041671849e-06	14.379766525749423	-6.7256021575731725e-06	13.254247421942345	-1.934935847201986e-06	12.34145455220316	-1.953548523214994e-06	11.589320035117414	-1.977333822393899e-06	10.972082262313963	-3.009893520000241e-06	10.460255281285937	-4.0815660152487305e-06	10.02650966020296	-6.2397758672508486e-06	9.653628976578682	-3.1865772867144156e-06	9.330268854213223	-3.2624014754754407e-06	9.053742789451423	-1.1159692974526884e-06	8.814393408819011	-1.1481306710479332e-06	8.60966432167474	0.0	8.430169303630597	0.0	8.274840064928865	-1.273116614935695e-06	8.148728918009844	6.626439759698788e-06	8.033219786258359	6.920798383301498e-06	7.9336064551133445	5.802879098464704e-06	7.848040262315084	6.100360073753353e-06	7.777583159222105	-1.1258942817437851e-05	7.720390583254202	-1.1912196898404276e-05	7.672869809825245	1.6249652437989522e-05	7.63074032520825	1.7290169386026085e-05	7.5997153334372465	1.8458244374850025e-05
18	1	7	0	0	1108	1	1005	143	919	3892	861	9955	850	9158	782	6760	767	4595	752	3035	710	2140	691	1662	696	1254	680	1060	665	934	630	878	587	835	581	780	588	763	576	741	581	703	584	689	575	670	576	678	594	616	594	584	599	587	602	582	611	574	624	584	622	4051	4095	261.0	567.0629278988491	480.5541753768921	44	1	0.7462520599365234	4.761904761904762	2.127659574468085			2.4119990421664452	4.761904761904762	2.2452581488349233	14.727085478887744	2.085792101679528	16.57933972310969	1.958331437929309	14.356999668296341	1.9338839214615613	10.612188140955075	1.780185758513932	8.2640586797066	1.7411241260328705	6.665796268894884	1.6920169201692017	5.438093531625157	1.5877630431379564	4.751121175791483	1.540897332976541	4.427985293334044	1.5428267423302005	3.927341058565612	1.5103391599848965	3.785714285714286	1.476629288331298	3.677889348296909	1.3918653204604203	3.662453593626163	1.3001971338073406	3.587694422961244	1.2884768916881042	3.4666666666666663	1.299964626812876	3.3825420046992063	1.2728437893620312	3.2621615672463133	1.285256055746046	3.073224043715847	1.2880458756065285	2.9743146988992013	1.2722364811045226	2.829989440337909	1.2785793562708103	2.785194922565008	1.3232640513266056	2.4746906636670416	1.328502415458937	2.2846412643768095	1.3480364577472714	2.231090839984797	1.359438159112978	2.140256683705365	1.3863048509325226	2.0437956204379564	1.4244624024106287	2.006459149316292	1.4278499609751618	4.794593507000745	4.761904761904762	1.9195410752371849	3.982560390891674	2.6711844133953866	2.925531914893617	4.761904761904762	5.256223974620799	44.6981679389313	2.2139	0.052837632598804384	21.0	0.0	20.99015522003174	-2.8610256777054574e-06	20.61365764803494	-5.7220840974699805e-06	19.215620275741692	-9.537943848216977e-06	17.426852362689495	-9.545072308695274e-06	15.763906626831632	-5.739924041671849e-06	14.379766525749423	-6.7256021575731725e-06	13.254247421942345	-1.934935847201986e-06	12.34145455220316	-1.953548523214994e-06	11.589320035117414	-1.977333822393899e-06	10.972082262313963	-3.009893520000241e-06	10.460255281285937	-4.0815660152487305e-06	10.02650966020296	-6.2397758672508486e-06	9.653628976578682	-3.1865772867144156e-06	9.330268854213223	-3.2624014754754407e-06	9.053742789451423	-1.1159692974526884e-06	8.814393408819011	-1.1481306710479332e-06	8.60966432167474	0.0	8.430169303630597	0.0	8.274840064928865	-1.273116614935695e-06	8.148728918009844	6.626439759698788e-06	8.033219786258359	6.920798383301498e-06	7.9336064551133445	5.802879098464704e-06	7.848040262315084	6.100360073753353e-06	7.777583159222105	-1.1258942817437851e-05	7.720390583254202	-1.1912196898404276e-05	7.672869809825245	1.6249652437989522e-05	7.63074032520825	1.7290169386026085e-05	7.5997153334372465	1.8458244374850025e-05
19	1	7	0	0	1020	1	920	262	903	4856	837	10159	777	8849	756	6307	753	4236	724	2768	717	1985	696	1394	671	1170	666	964	657	914	628	848	570	799	566	756	565	766	570	712	581	708	577	680	583	658	572	664	577	632	590	570	585	563	568	573	558	561	558	573	570	4048	4095	254.0	581.4980049520827	481.07562255859375	47	1	0.7489690780639648	4.761904761904762	2.127659574468085			2.2204323312362586	4.761904761904762	2.0553606934608255	26.982492276004123	2.0494779845665	20.68583599574015	1.9037438020288404	14.651206391785287	1.767797419971333	10.254122391276638	1.7209979967219087	7.710268948655257	1.7093435031326616	6.145008268778832	1.6290162901629015	4.9596846443289735	1.6034170449717111	4.406997913058923	1.552047096601552	3.7139660041562315	1.4874091150913282	3.6642655809583466	1.4792439419852077	3.4428571428571426	1.458865326967914	3.599133687733806	1.3874467003954665	3.5373128102448588	1.2625423616187121	3.4330153819712987	1.2552115674620774	3.36	1.249115670321896	3.395841645608902	1.2595849998895101	3.1344926260180497	1.285256055746046	3.0950819672131145	1.2726069695632996	2.9354629829484136	1.2899371625807592	2.7793030623020063	1.269700332963374	2.7276835229840204	1.2853928579384704	2.538968343242809	1.3195562712470925	2.2298724669431187	1.3165297625745471	2.139870771569745	1.2826592597610822	2.1071599308645608	1.2660525479874756	1.997507566316539	1.273798109847966	1.96866625438054	1.308479867774666	4.791042832964458	4.761904761904762	1.8680591306905934	4.0839399085488965	2.6740829036292464	3.125	4.761904761904762	5.275361283028566	44.6981679389313	2.2139	0.052837632598804384	21.0	0.0	20.99015522003174	-2.8610256777054574e-06	20.61365764803494	-5.7220840974699805e-06	19.215620275741692	-9.537943848216977e-06	17.426852362689495	-9.545072308695274e-06	15.763906626831632	-5.739924041671849e-06	14.379766525749423	-6.7256021575731725e-06	13.254247421942345	-1.934935847201986e-06	12.34145455220316	-1.953548523214994e-06	11.589320035117414	-1.977333822393899e-06	10.972082262313963	-3.009893520000241e-06	10.460255281285937	-4.0815660152487305e-06	10.02650966020296	-6.2397758672508486e-06	9.653628976578682	-3.1865772867144156e-06	9.330268854213223	-3.2624014754754407e-06	9.053742789451423	-1.1159692974526884e-06	8.814393408819011	-1.1481306710479332e-06	8.60966432167474	0.0	8.430169303630597	0.0	8.274840064928865	-1.273116614935695e-06	8.148728918009844	6.626439759698788e-06	8.033219786258359	6.920798383301498e-06	7.9336064551133445	5.802879098464704e-06	7.848040262315084	6.100360073753353e-06	7.777583159222105	-1.1258942817437851e-05	7.720390583254202	-1.1912196898404276e-05	7.672869809825245	1.6249652437989522e-05	7.63074032520825	1.7290169386026085e-05	7.5997153334372465	1.8458244374850025e-05
20	1	10	0	0	913	1	845	341	775	5916	735	10533	720	8684	682	5738	685	3603	721	2400	702	1599	682	1277	679	992	661	892	654	812	669	733	621	711	576	682	603	681	589	714	596	692	618	686	630	694	625	668	614	665	623	623	616	582	618	601	600	584	607	596	632	4054	4095	244.0	592.8042882234117	479.87367153167725	41	1	0.7501535415649414	4.761904761904762	3.0395136778115504			1.9875046259006899	4.761904761904762	1.8878041151895624	35.11843460350155	1.758965047662279	25.201277955271568	1.671746349451849	15.190585384848355	1.6381134393556755	10.062922233681357	1.5525405208523038	7.014669926650368	1.5549804776173615	5.226738619549134	1.6222662226622264	4.300304604909514	1.5698727553279515	3.5500199813507396	1.5208277584515209	3.4022486279106943	1.5051427558077672	3.1067961165048543	1.4681385069853186	3.1857142857142855	1.4522038414566447	3.1974798188619804	1.4780284117270177	3.05760647394986	1.375506678184597	3.054911059551431	1.2773884502794288	3.031111111111111	1.3331269897417757	3.0190184865008645	1.3015711665524938	3.1432973805855164	1.3184382258599712	3.025136612021858	1.3630348478164975	2.9613641269156057	1.3939286662536507	2.9313621964097147	1.3873473917869035	2.744115351435731	1.3678183964891175	2.671541057367829	1.3933619609948111	2.4372114857992333	1.3862945875998651	2.2120866590649944	1.395569405866811	2.2101276063692863	1.3613468257929846	2.0794018159159693	1.3856549331141852	2.047687761973476	1.4508057481291032	4.798144181037033	4.761904761904762	1.794513495624035	4.163345480151751	2.667401798743942	2.7260638297872344	4.761904761904762	5.28370404787323	44.6981679389313	2.2139	0.052837632598804384	21.0	0.0	20.99015522003174	-2.8610256777054574e-06	20.61365764803494	-5.7220840974699805e-06	19.215620275741692	-9.537943848216977e-06	17.426852362689495	-9.545072308695274e-06	15.763906626831632	-5.739924041671849e-06	14.379766525749423	-6.7256021575731725e-06	13.254247421942345	-1.934935847201986e-06	12.34145455220316	-1.953548523214994e-06	11.589320035117414	-1.977333822393899e-06	10.972082262313963	-3.009893520000241e-06	10.460255281285937	-4.0815660152487305e-06	10.02650966020296	-6.2397758672508486e-06	9.653628976578682	-3.1865772867144156e-06	9.330268854213223	-3.2624014754754407e-06	9.053742789451423	-1.1159692974526884e-06	8.814393408819011	-1.1481306710479332e-06	8.60966432167474	0.0	8.430169303630597	0.0	8.274840064928865	-1.273116614935695e-06	8.148728918009844	6.626439759698788e-06	8.033219786258359	6.920798383301498e-06	7.9336064551133445	5.802879098464704e-06	7.848040262315084	6.100360073753353e-06	7.777583159222105	-1.1258942817437851e-05	7.720390583254202	-1.1912196898404276e-05	7.672869809825245	1.6249652437989522e-05	7.63074032520825	1.7290169386026085e-05	7.5997153334372465	1.8458244374850025e-05
