	counts(inten<0.01	MicrocoloniesPlatonic	MicrocoloniesAggregates	MicrocoloniesLarge	counts(Norminten<0.01	counts(inten<0.02	counts(Norminten<0.02	counts(inten<0.03	counts(Norminten<0.03	counts(inten<0.04	counts(Norminten<0.04	counts(inten<0.05	counts(Norminten<0.05	counts(inten<0.060000000000000005	counts(Norminten<0.060000000000000005	counts(inten<0.06999999999999999	counts(Norminten<0.06999999999999999	counts(inten<0.08	counts(Norminten<0.08	counts(inten<0.09	counts(Norminten<0.09	counts(inten<0.09999999999999999	counts(Norminten<0.09999999999999999	counts(inten<0.11	counts(Norminten<0.11	counts(inten<0.12	counts(Norminten<0.12	counts(inten<0.13	counts(Norminten<0.13	counts(inten<0.14	counts(Norminten<0.14	counts(inten<0.15000000000000002	counts(Norminten<0.15000000000000002	counts(inten<0.16	counts(Norminten<0.16	counts(inten<0.17	counts(Norminten<0.17	counts(inten<0.18000000000000002	counts(Norminten<0.18000000000000002	counts(inten<0.19	counts(Norminten<0.19	counts(inten<0.2	counts(Norminten<0.2	counts(inten<0.21000000000000002	counts(Norminten<0.21000000000000002	counts(inten<0.22	counts(Norminten<0.22	counts(inten<0.23	counts(Norminten<0.23	counts(inten<0.24000000000000002	counts(Norminten<0.24000000000000002	counts(inten<0.25	counts(Norminten<0.25	counts(inten<0.26	counts(Norminten<0.26	counts(inten<0.27	counts(Norminten<0.27	counts(inten<0.28	counts(Norminten<0.28	counts(inten<0.29000000000000004	counts(Norminten<0.29000000000000004	diff	max	med	std	mean	min	eigenLocal	minProp	counts(inten<0.01Normalized	MicrocoloniesPlatonicNormalized	MicrocoloniesAggregatesNormalized	MicrocoloniesLargeNormalized	counts(Norminten<0.01Normalized	counts(inten<0.02Normalized	counts(Norminten<0.02Normalized	counts(inten<0.03Normalized	counts(Norminten<0.03Normalized	counts(inten<0.04Normalized	counts(Norminten<0.04Normalized	counts(inten<0.05Normalized	counts(Norminten<0.05Normalized	counts(inten<0.060000000000000005Normalized	counts(Norminten<0.060000000000000005Normalized	counts(inten<0.06999999999999999Normalized	counts(Norminten<0.06999999999999999Normalized	counts(inten<0.08Normalized	counts(Norminten<0.08Normalized	counts(inten<0.09Normalized	counts(Norminten<0.09Normalized	counts(inten<0.09999999999999999Normalized	counts(Norminten<0.09999999999999999Normalized	counts(inten<0.11Normalized	counts(Norminten<0.11Normalized	counts(inten<0.12Normalized	counts(Norminten<0.12Normalized	counts(inten<0.13Normalized	counts(Norminten<0.13Normalized	counts(inten<0.14Normalized	counts(Norminten<0.14Normalized	counts(inten<0.15000000000000002Normalized	counts(Norminten<0.15000000000000002Normalized	counts(inten<0.16Normalized	counts(Norminten<0.16Normalized	counts(inten<0.17Normalized	counts(Norminten<0.17Normalized	counts(inten<0.18000000000000002Normalized	counts(Norminten<0.18000000000000002Normalized	counts(inten<0.19Normalized	counts(Norminten<0.19Normalized	counts(inten<0.2Normalized	counts(Norminten<0.2Normalized	counts(inten<0.21000000000000002Normalized	counts(Norminten<0.21000000000000002Normalized	counts(inten<0.22Normalized	counts(Norminten<0.22Normalized	counts(inten<0.23Normalized	counts(Norminten<0.23Normalized	counts(inten<0.24000000000000002Normalized	counts(Norminten<0.24000000000000002Normalized	counts(inten<0.25Normalized	counts(Norminten<0.25Normalized	counts(inten<0.26Normalized	counts(Norminten<0.26Normalized	counts(inten<0.27Normalized	counts(Norminten<0.27Normalized	counts(inten<0.28Normalized	counts(Norminten<0.28Normalized	counts(inten<0.29000000000000004Normalized	counts(Norminten<0.29000000000000004Normalized	diffNormalized	maxNormalized	medNormalized	stdNormalized	meanNormalized	minNormalized	eigenLocalNormalized	minPropNormalized	BioVolume	SubstratumCoverage	Homogenity	ThicknessThreshold=0.01	RoughnessThreshold=0.01	ThicknessThreshold=0.02	RoughnessThreshold=0.02	ThicknessThreshold=0.03	RoughnessThreshold=0.03	ThicknessThreshold=0.04	RoughnessThreshold=0.04	ThicknessThreshold=0.05	RoughnessThreshold=0.05	ThicknessThreshold=0.060000000000000005	RoughnessThreshold=0.060000000000000005	ThicknessThreshold=0.06999999999999999	RoughnessThreshold=0.06999999999999999	ThicknessThreshold=0.08	RoughnessThreshold=0.08	ThicknessThreshold=0.09	RoughnessThreshold=0.09	ThicknessThreshold=0.09999999999999999	RoughnessThreshold=0.09999999999999999	ThicknessThreshold=0.11	RoughnessThreshold=0.11	ThicknessThreshold=0.12	RoughnessThreshold=0.12	ThicknessThreshold=0.13	RoughnessThreshold=0.13	ThicknessThreshold=0.14	RoughnessThreshold=0.14	ThicknessThreshold=0.15000000000000002	RoughnessThreshold=0.15000000000000002	ThicknessThreshold=0.16	RoughnessThreshold=0.16	ThicknessThreshold=0.17	RoughnessThreshold=0.17	ThicknessThreshold=0.18000000000000002	RoughnessThreshold=0.18000000000000002	ThicknessThreshold=0.19	RoughnessThreshold=0.19	ThicknessThreshold=0.2	RoughnessThreshold=0.2	ThicknessThreshold=0.21000000000000002	RoughnessThreshold=0.21000000000000002	ThicknessThreshold=0.22	RoughnessThreshold=0.22	ThicknessThreshold=0.23	RoughnessThreshold=0.23	ThicknessThreshold=0.24000000000000002	RoughnessThreshold=0.24000000000000002	ThicknessThreshold=0.25	RoughnessThreshold=0.25	ThicknessThreshold=0.26	RoughnessThreshold=0.26	ThicknessThreshold=0.27	RoughnessThreshold=0.27	ThicknessThreshold=0.28	RoughnessThreshold=0.28	ThicknessThreshold=0.29000000000000004	RoughnessThreshold=0.29000000000000004
0	1	28	0	0	2855	1	2850	32	2863	233	2889	499	2898	1125	2986	1631	3006	2074	3094	2483	3146	2767	3208	2879	3201	3099	3190	3228	3264	3203	3219	3014	3222	2916	3240	2862	3164	2841	3098	2878	3067	2937	2980	2971	2913	3008	2786	3094	2693	3160	2565	3189	2418	3211	2286	3278	2150	3219	2010	3224	1882	1630	1652	232.0	149.58361161595195	268.3780879974365	22	1	0.600560188293457	0.0034835922803595066	21.875			6.800533562002762	0.0016844658558771014	6.50031931393121	0.07648731983650836	6.259291648447748	0.6161250231377422	6.014740173217855	1.3287532619694307	5.798203317260559	2.8765021733571974	5.829184968277208	4.064291054074259	5.76701711303814	4.936919781004523	5.889294959646718	5.527727687615486	6.033986727530784	5.840509962850389	6.267583619881213	5.860679097793339	6.433265671161846	6.101594802126402	6.686509600067074	6.256662725563546	7.215970640903765	6.177911507155807	7.571267287609371	5.879598923178963	8.097511937672783	5.823032529903948	8.748717394826375	5.918358906489102	9.26935020800375	6.158414983091997	9.844921825346384	6.573027292451752	10.659298648038092	7.184618019031777	11.364069709796745	7.785027382543301	12.22870576382184	8.52511053168575	12.905915597350257	9.501873349302867	13.862864202615052	10.593362386858866	14.720229555236731	11.733755243211421	15.41305456399796	13.036946812829884	16.32274187790075	14.651588968846378	17.212392922904492	15.929334916864606	18.00752553305859	17.728897442947485	18.906972071529033	2.313336455627936	2.336138018807891	6.8476977567886665	3.8165949398397245	5.761404978099573	8.661417322834646	4.761904761904762	4.454473696179787	2.226443801951572	46.7623	0.10913738642792853	19.270071983337402	-9.536752259018191e-06	15.501898010998927	-4.768876405030211e-06	12.468253558606609	0.0	9.85879691679314	0.0	7.733540881565866	0.0	6.166799369939099	0.0	5.0128957708893935	0.0	4.169079434315127	0.0	3.5480267346024177	0.0	3.1011001031019556	0.0	2.752041556962926	0.0	2.4899592925256946	0.0	2.2729558386565136	0.0	2.1023206690834355	0.0	1.9535036980447795	0.0	1.8308201775937514	0.0	1.7205033045769935	0.0	1.630336583327131	0.0	1.5520207588776518	0.0	1.4854619454906792	0.0	1.4265758905675594	0.0	1.3760982952357614	0.0	1.331794182399127	0.0	1.2928373587111508	0.0	1.2584848707943754	0.0	1.225502546968286	0.0	1.2018922089146808	0.0	1.177704395156747	0.0	1.159037114880327	0.0
1	1	0	0	0	2663	289	2720	1441	2857	2041	3028	2425	3178	2705	3283	2780	3352	2535	3345	2582	3354	2713	3364	2851	3273	3023	3128	3176	2937	3295	2701	3333	2469	3330	2277	3351	2083	3305	1893	3223	1641	2984	1459	2751	1263	2495	1106	2280	955	2066	805	1853	722	1599	610	1395	509	1192	441	1030	371	3519	3539	241.0	195.41844339894467	295.9321336746216	20	1	0.6254405975341797	0.0034835922803595066	0.0			6.343194702491544	0.48681063234848226	6.203813520664173	3.4443196213877667	6.246174027109751	5.397043657614301	6.304130579613592	6.45736805666507	6.358416198155299	6.9163896701610845	6.408979990239142	6.927485671567406	6.430818816667945	6.03427755296358	6.3670625856555505	5.7481244017008395	6.432927998772488	5.7265281999324555	6.572366364488904	5.803680482045436	6.577968928994915	5.951959047056507	6.556552360191163	6.155873858856822	6.493047111622046	6.3553601049261275	6.352902436729702	6.5018922398657875	6.205076652425232	6.649759370569323	6.14840416914187	6.9295669796104065	6.102419874611824	7.16422439954912	6.015634930723275	7.360968368162613	5.703263476175581	7.299591477286627	5.563818022346795	7.2085527867306025	5.302044414592166	7.071193742206098	5.1234539306063835	7.002026902524415	4.916091835684135	6.925913509889373	4.619799139167862	6.81801457060858	4.602243753187149	6.492082825822168	4.355587290253481	6.235194207303446	4.074933952445761	5.898653998416468	3.950904855760616	5.664008798460269	3.727144866385373	4.994252139481415	5.004595913172595	7.113341204250295	4.9860612012942624	6.352921286736637	7.874015748031496	4.761904761904762	4.639016612399256	2.226443801951572	46.7623	0.10913738642792853	19.270071983337402	-9.536752259018191e-06	15.501898010998927	-4.768876405030211e-06	12.468253558606609	0.0	9.85879691679314	0.0	7.733540881565866	0.0	6.166799369939099	0.0	5.0128957708893935	0.0	4.169079434315127	0.0	3.5480267346024177	0.0	3.1011001031019556	0.0	2.752041556962926	0.0	2.4899592925256946	0.0	2.2729558386565136	0.0	2.1023206690834355	0.0	1.9535036980447795	0.0	1.8308201775937514	0.0	1.7205033045769935	0.0	1.630336583327131	0.0	1.5520207588776518	0.0	1.4854619454906792	0.0	1.4265758905675594	0.0	1.3760982952357614	0.0	1.331794182399127	0.0	1.2928373587111508	0.0	1.2584848707943754	0.0	1.225502546968286	0.0	1.2018922089146808	0.0	1.177704395156747	0.0	1.159037114880327	0.0
2	38	2	0	0	2570	686	2796	1659	2913	2013	3052	2336	3220	2370	3377	2457	3442	2546	3473	2692	3482	2885	3433	3030	3358	3200	3173	3376	2988	3442	2730	3467	2505	3490	2269	3409	2007	3291	1787	3105	1587	2853	1359	2585	1184	2367	1056	2101	931	1834	795	1612	706	1367	625	1175	521	1042	448	911	385	4077	4095	243.0	221.97550122658924	308.391152381897	18	1	0.6341753005981445	0.13237650665366127	1.5625			6.121671192415797	1.1555435771316915	6.377155369035672	3.96538948777398	6.368605159597726	5.32300288230161	6.354097268487675	6.22037599190499	6.4424481302895105	6.05983124520583	6.592484138604197	6.122601544978819	6.60348399969304	6.0604617948107595	6.610705040353282	5.9930096395734545	6.678430319536615	6.0895812225599455	6.707174116911535	6.168064489862389	6.748799163936732	6.3004528450482375	6.650876163326905	6.543523346190375	6.605796652886167	6.6388921035374	6.421112051933389	6.763294448129218	6.295551646142247	6.969267328314396	6.126802397796619	7.049505769469374	5.879767973281772	7.133876701638776	5.6787847972543535	7.091469681397738	5.515587529976019	6.979133540448641	5.182473401212676	6.773576500799204	4.970404265144201	6.708423081283302	4.8918330476675775	6.45230636938763	4.792546072274272	6.148172980221254	4.562410329985653	5.93126793730223	4.500254971953085	5.5501421031262685	4.462691895751517	5.2518660885889235	4.171003122248019	5.156373713380839	4.01361763124888	5.009623315919714	3.8677918424753868	5.786179588708648	5.790850597468713	7.172373081463991	5.6636590439125385	6.620385195351329	7.086614173228346	4.761904761904762	4.703803632586082	2.226443801951572	46.7623	0.10913738642792853	19.270071983337402	-9.536752259018191e-06	15.501898010998927	-4.768876405030211e-06	12.468253558606609	0.0	9.85879691679314	0.0	7.733540881565866	0.0	6.166799369939099	0.0	5.0128957708893935	0.0	4.169079434315127	0.0	3.5480267346024177	0.0	3.1011001031019556	0.0	2.752041556962926	0.0	2.4899592925256946	0.0	2.2729558386565136	0.0	2.1023206690834355	0.0	1.9535036980447795	0.0	1.8308201775937514	0.0	1.7205033045769935	0.0	1.630336583327131	0.0	1.5520207588776518	0.0	1.4854619454906792	0.0	1.4265758905675594	0.0	1.3760982952357614	0.0	1.331794182399127	0.0	1.2928373587111508	0.0	1.2584848707943754	0.0	1.225502546968286	0.0	1.2018922089146808	0.0	1.177704395156747	0.0	1.159037114880327	0.0
3	112	8	0	0	2580	974	2737	1618	2986	1822	3080	2149	3209	2269	3260	2308	3368	2440	3392	2723	3345	2912	3262	3056	3148	3185	3005	3243	2778	3362	2620	3410	2430	3357	2213	3204	2001	3110	1816	2917	1617	2723	1454	2553	1300	2295	1185	2052	1035	1848	939	1636	834	1454	718	1292	608	1161	525	1005	471	4080	4095	239.0	230.1690908491465	306.9793405532837	15	1	0.6333150863647461	0.39016233540026474	6.25			6.145490924682006	1.6406697436242967	6.242587355168324	3.8673901092334537	6.528202885876694	4.8179390221329035	6.412391738840773	5.722426372689993	6.420439767111502	5.8015852723088726	6.364080039043436	5.7513082481933715	6.461514849205741	5.80814091882885	6.456525049489874	6.062022752064828	6.415666116843761	6.1465721040189125	6.373085339168489	6.220991775914014	6.326747995256948	6.2709194723370745	6.298733964953467	6.285736437113562	6.141533835916256	6.484588975041469	6.162385925298711	6.652100971479849	6.107062075898467	6.703676338438805	5.975589998379867	6.625584184623019	5.86219019159782	6.741524321512182	5.7709419092411345	6.662098892314719	5.619851944531332	6.661121847403312	5.544750791290089	6.689725650499175	5.457369547877923	6.504364584514227	5.4894149256496965	6.301824212271974	5.327911047050344	6.195105598390882	5.388809182209469	6.019574655971742	5.3161652218255995	5.903369874137232	5.126740449839343	5.774817860814375	4.867504603314386	5.7452494061757715	4.703458161619781	5.526532856750069	4.7317661241711875	5.790437263166858	5.790850597468713	7.0543093270365995	5.87271678997675	6.590077133474124	5.905511811023622	4.761904761904762	4.697423253482629	2.226443801951572	46.7623	0.10913738642792853	19.270071983337402	-9.536752259018191e-06	15.501898010998927	-4.768876405030211e-06	12.468253558606609	0.0	9.85879691679314	0.0	7.733540881565866	0.0	6.166799369939099	0.0	5.0128957708893935	0.0	4.169079434315127	0.0	3.5480267346024177	0.0	3.1011001031019556	0.0	2.752041556962926	0.0	2.4899592925256946	0.0	2.2729558386565136	0.0	2.1023206690834355	0.0	1.9535036980447795	0.0	1.8308201775937514	0.0	1.7205033045769935	0.0	1.630336583327131	0.0	1.5520207588776518	0.0	1.4854619454906792	0.0	1.4265758905675594	0.0	1.3760982952357614	0.0	1.331794182399127	0.0	1.2928373587111508	0.0	1.2584848707943754	0.0	1.225502546968286	0.0	1.2018922089146808	0.0	1.177704395156747	0.0	1.159037114880327	0.0
4	182	8	0	0	2571	1126	2701	1555	2794	1930	2922	2102	3018	2260	3063	2260	3100	2533	3052	2679	2976	2794	2879	2932	2791	3012	2614	3105	2456	3073	2325	3030	2166	2920	1997	2829	1799	2682	1636	2502	1480	2360	1324	2208	1175	2017	1052	1799	961	1636	865	1450	756	1284	662	1136	581	1007	514	909	467	4084	4095	231.0	227.11109236840187	295.9712495803833	11	1	0.630885124206543	0.6340137950254302	6.25			6.124053165642418	1.8967085537176163	6.160478058571298	3.7168056983053277	6.108439003060778	5.103524869767565	6.08344437041972	5.597273259839165	6.0382945519297335	5.778573254922015	5.979502196193264	5.631696984799402	5.947356304197682	6.029516781718638	5.809349779199025	5.9640686569157815	5.707928957765929	5.897500844309355	5.624804626445765	5.9685693347447275	5.609261008501316	5.930301240401654	5.4791649199295716	6.01825829085341	5.429664183229058	5.927168923349921	5.468529494778436	5.910811127150716	5.4435787886403615	5.831020228847575	5.392342172058108	5.850117870879689	5.270404874904787	5.813751842538801	5.1989322486335325	5.714285714285714	5.143711118062072	5.7731353506690475	5.049002783815734	5.785708670701989	4.932622475966584	5.716472055322526	4.873303377032473	5.5248449112462374	4.9469782765366	5.484411666107945	4.96413199426112	5.335197586283023	4.818969913309536	5.213154689403167	4.726883255980007	5.077548831180441	4.651348971259306	4.983174980205859	4.604909514423938	4.998625240582898	4.691581273859755	5.796114162444472	5.790850597468713	6.8181818181818175	5.7946925906572915	6.353761007206591	4.330708661417323	4.761904761904762	4.679399743554031	2.226443801951572	46.7623	0.10913738642792853	19.270071983337402	-9.536752259018191e-06	15.501898010998927	-4.768876405030211e-06	12.468253558606609	0.0	9.85879691679314	0.0	7.733540881565866	0.0	6.166799369939099	0.0	5.0128957708893935	0.0	4.169079434315127	0.0	3.5480267346024177	0.0	3.1011001031019556	0.0	2.752041556962926	0.0	2.4899592925256946	0.0	2.2729558386565136	0.0	2.1023206690834355	0.0	1.9535036980447795	0.0	1.8308201775937514	0.0	1.7205033045769935	0.0	1.630336583327131	0.0	1.5520207588776518	0.0	1.4854619454906792	0.0	1.4265758905675594	0.0	1.3760982952357614	0.0	1.331794182399127	0.0	1.2928373587111508	0.0	1.2584848707943754	0.0	1.225502546968286	0.0	1.2018922089146808	0.0	1.177704395156747	0.0	1.159037114880327	0.0
5	284	7	0	0	2374	1292	2569	1656	2667	1961	2763	2193	2855	2214	2822	2381	2813	2449	2777	2611	2729	2697	2629	2772	2538	2883	2395	2811	2233	2804	2055	2730	1930	2640	1775	2568	1623	2418	1490	2233	1362	2056	1236	1917	1091	1752	973	1591	860	1462	760	1305	674	1161	595	1021	509	899	439	785	390	4083	4095	221.0	221.07932372990848	283.3632392883301	12	1	0.6310367584228516	0.9893402076221	5.46875			5.654804439998094	2.1763298857932147	5.859410637715537	3.9582188015393074	5.830782684739834	5.185498585292328	5.752415056628914	5.839590988975875	5.712170624837438	5.660956277166965	5.509028794533919	5.933217044605034	5.396746220550994	5.829564389431088	5.285899192934369	5.8126850553218015	5.234186198166404	5.692755825734549	5.136370740856518	5.642862959042423	5.100789838615672	5.676314235085647	5.020122411335625	5.4484135444730875	4.936661287113391	5.408324653782355	4.833474456675134	5.325582302680347	4.8504649409399345	5.271881302793697	4.792893017227413	5.310393316514331	4.754789945508877	5.241480967658025	4.734968857251811	5.099920063948841	4.733604420811178	5.029477237701509	4.71341951721771	5.023190000786102	4.579992443642165	4.9654234213807955	4.50734238198916	4.886063509612431	4.42705652218676	4.901106268856855	4.3615494978479195	4.8016778276547205	4.296277409484957	4.713763702801462	4.248482684755444	4.563536405488758	4.074933952445761	4.448733174980206	3.9329869199068264	4.316744569700302	3.918022905364678	5.79469493762507	5.790850597468713	6.523022432113342	5.640793260274345	6.083098622648356	4.724409448818897	4.761904761904762	4.680524444526812	2.226443801951572	46.7623	0.10913738642792853	19.270071983337402	-9.536752259018191e-06	15.501898010998927	-4.768876405030211e-06	12.468253558606609	0.0	9.85879691679314	0.0	7.733540881565866	0.0	6.166799369939099	0.0	5.0128957708893935	0.0	4.169079434315127	0.0	3.5480267346024177	0.0	3.1011001031019556	0.0	2.752041556962926	0.0	2.4899592925256946	0.0	2.2729558386565136	0.0	2.1023206690834355	0.0	1.9535036980447795	0.0	1.8308201775937514	0.0	1.7205033045769935	0.0	1.630336583327131	0.0	1.5520207588776518	0.0	1.4854619454906792	0.0	1.4265758905675594	0.0	1.3760982952357614	0.0	1.331794182399127	0.0	1.2928373587111508	0.0	1.2584848707943754	0.0	1.225502546968286	0.0	1.2018922089146808	0.0	1.177704395156747	0.0	1.159037114880327	0.0
6	332	9	0	0	2179	1429	2296	1954	2463	2004	2561	2118	2622	2085	2645	2049	2731	2160	2712	2309	2687	2467	2651	2564	2486	2631	2381	2692	2259	2694	2107	2722	1960	2678	1864	2556	1698	2397	1591	2292	1466	2151	1352	1983	1202	1866	1085	1697	983	1578	879	1430	785	1306	719	1159	644	1043	564	927	501	3730	3742	207.0	214.82916656078615	268.9840021133423	12	1	0.6289911270141602	1.1565526370793562	7.03125			5.190319660807012	2.407101708048378	5.2367484718547574	4.670506967516792	5.384783559247923	5.299204061665389	5.331862091938707	5.6398785748522124	5.245993477521458	5.331117361288673	5.1634943875061	5.105905806130077	5.2394290537947965	5.141632944537014	5.162174508908177	5.140363765889712	5.153630749165676	5.207277946639649	5.179352922788372	5.219444670629428	4.996281930180678	5.180153573538098	4.990777228137838	5.217762099509623	4.994141445404904	5.196157852100451	4.955781352902436	5.3099762006944715	4.925860769037447	5.3477644427581525	5.033212723443322	5.285578394474544	4.974512216558271	5.195959420792509	5.055929833481632	5.234669407331278	5.095054391269594	5.261870398003865	5.155779277733288	5.196132379529912	5.045967843499433	5.288516041265163	5.026173159772085	5.211596339291198	5.060228559662308	5.289976533690916	5.044476327116213	5.2616086540584295	5.003824579296277	5.302476654486399	5.1338807568725455	5.180351316318777	5.155712112721159	5.16132224861441	5.0528579107686795	5.0976079186142425	5.033152501506931	5.293708576375584	5.291663720568479	6.109799291617474	5.481321791661058	5.774412435711811	4.724409448818897	4.761904761904762	4.665351591780798	2.226443801951572	46.7623	0.10913738642792853	19.270071983337402	-9.536752259018191e-06	15.501898010998927	-4.768876405030211e-06	12.468253558606609	0.0	9.85879691679314	0.0	7.733540881565866	0.0	6.166799369939099	0.0	5.0128957708893935	0.0	4.169079434315127	0.0	3.5480267346024177	0.0	3.1011001031019556	0.0	2.752041556962926	0.0	2.4899592925256946	0.0	2.2729558386565136	0.0	2.1023206690834355	0.0	1.9535036980447795	0.0	1.8308201775937514	0.0	1.7205033045769935	0.0	1.630336583327131	0.0	1.5520207588776518	0.0	1.4854619454906792	0.0	1.4265758905675594	0.0	1.3760982952357614	0.0	1.331794182399127	0.0	1.2928373587111508	0.0	1.2584848707943754	0.0	1.225502546968286	0.0	1.2018922089146808	0.0	1.177704395156747	0.0	1.159037114880327	0.0
7	152	11	0	0	2032	1636	2175	2083	2256	2141	2369	1951	2415	1961	2506	2013	2539	2015	2649	2027	2648	2192	2632	2249	2507	2381	2542	2469	2442	2549	2344	2625	2209	2671	2110	2627	1998	2545	1863	2522	1742	2442	1632	2339	1522	2192	1408	2090	1294	1952	1191	1796	1120	1680	1021	1563	939	1456	847	1324	783	3188	3199	196.0	210.51782069998396	257.5187883377075	11	1	0.6298818588256836	0.5295060266146451	8.59375			4.840169596493736	2.755786140214938	4.960770002736976	4.978846475607716	4.932225623087014	5.6614749980167645	4.932128580946036	5.195185599403525	4.831836097717133	5.01406289951419	4.8921425085407515	5.0161973585846	4.871076663341263	4.796477029278743	5.042256738236637	4.512567065161735	5.078829260807856	4.626815265113137	5.142231947483589	4.578210243465516	5.0384870470486565	4.6879306950187045	5.328246834912384	4.785532921132711	5.398713328764398	4.916483431701578	5.513218553015335	5.120752214115719	5.5516461422467955	5.333785969606805	5.6974671923097695	5.432400016543281	5.853401300755844	5.516777941559005	5.920299987288674	5.759963457805185	6.054287005178466	5.973727341666871	6.22354421690882	6.128973089117732	6.38932034759246	6.212447568302913	6.522444063556771	6.41852466064738	6.6611757438484505	6.543747904793832	6.835007173601147	6.608286113768489	7.139214686384497	6.82095006090134	7.290253480899679	6.98609931613999	7.517412537026659	7.205067300079176	7.588245834079914	7.28072587297223	7.866184448462929	4.52448872425881	4.523792688962738	5.785123966942149	5.3713186929360255	5.528283028446085	4.330708661417323	4.761904761904762	4.671958325797012	2.226443801951572	46.7623	0.10913738642792853	19.270071983337402	-9.536752259018191e-06	15.501898010998927	-4.768876405030211e-06	12.468253558606609	0.0	9.85879691679314	0.0	7.733540881565866	0.0	6.166799369939099	0.0	5.0128957708893935	0.0	4.169079434315127	0.0	3.5480267346024177	0.0	3.1011001031019556	0.0	2.752041556962926	0.0	2.4899592925256946	0.0	2.2729558386565136	0.0	2.1023206690834355	0.0	1.9535036980447795	0.0	1.8308201775937514	0.0	1.7205033045769935	0.0	1.630336583327131	0.0	1.5520207588776518	0.0	1.4854619454906792	0.0	1.4265758905675594	0.0	1.3760982952357614	0.0	1.331794182399127	0.0	1.2928373587111508	0.0	1.2584848707943754	0.0	1.225502546968286	0.0	1.2018922089146808	0.0	1.177704395156747	0.0	1.159037114880327	0.0
8	238	8	0	0	1958	2087	2054	2199	2105	1988	2287	1975	2367	1968	2458	1849	2534	1893	2572	2000	2572	2099	2560	2220	2526	2350	2503	2417	2382	2509	2298	2566	2165	2570	2034	2553	1898	2535	1776	2477	1653	2337	1518	2230	1410	2091	1303	1961	1191	1802	1076	1678	948	1543	879	1415	810	1298	744	1177	665	3223	3234	186.0	206.59334493150985	247.30574703216553	11	1	0.6308565139770508	0.8290949627255626	6.25			4.6639035777237865	3.515480241215511	4.684791533619196	5.256113010015059	4.6020988194140795	5.256895047200994	4.761409060626249	5.259093571923097	4.735799603849463	5.031961135259524	4.798438262567106	4.6075255419885375	4.861484153173203	4.506069983337301	4.8956905740825345	4.452458870411185	4.933062257854156	4.430513340087808	5.001562988433886	4.519175962869474	5.076672628976827	4.6268950580823	5.246499538861407	4.6847440544259875	5.266066809630137	4.8393318674536125	5.405023990968106	5.00565721196988	5.441065594370445	5.132096571280228	5.492250364529892	5.279374663964597	5.560438272689987	5.495101014480188	5.643828651328334	5.657188534886377	5.7449692419977065	5.7168717434379515	5.7888113488159245	5.843356130283259	5.919146971159901	5.9261988436685185	6.036040209385278	6.022357349057184	6.130958509214455	6.040898424404961	6.175035868005739	6.174111413643388	6.042835288118307	6.2647178237921235	6.276329882184934	6.32458767264113	6.48466896165239	6.42319873317498	6.665472137609747	6.472367335716251	6.680731364275667	4.574161592937937	4.573287138513752	5.489964580873672	5.271186504672397	5.309034626095711	4.330708661417323	4.761904761904762	4.679187535823318	2.226443801951572	46.7623	0.10913738642792853	19.270071983337402	-9.536752259018191e-06	15.501898010998927	-4.768876405030211e-06	12.468253558606609	0.0	9.85879691679314	0.0	7.733540881565866	0.0	6.166799369939099	0.0	5.0128957708893935	0.0	4.169079434315127	0.0	3.5480267346024177	0.0	3.1011001031019556	0.0	2.752041556962926	0.0	2.4899592925256946	0.0	2.2729558386565136	0.0	2.1023206690834355	0.0	1.9535036980447795	0.0	1.8308201775937514	0.0	1.7205033045769935	0.0	1.630336583327131	0.0	1.5520207588776518	0.0	1.4854619454906792	0.0	1.4265758905675594	0.0	1.3760982952357614	0.0	1.331794182399127	0.0	1.2928373587111508	0.0	1.2584848707943754	0.0	1.225502546968286	0.0	1.2018922089146808	0.0	1.177704395156747	0.0	1.159037114880327	0.0
9	635	6	0	0	2056	2703	2101	2192	2239	2002	2294	1820	2429	1814	2444	1941	2516	2083	2517	2154	2516	2273	2456	2366	2377	2439	2226	2524	2121	2523	1983	2509	1844	2456	1704	2362	1583	2202	1468	2062	1306	1927	1170	1787	1055	1632	967	1518	842	1349	760	1208	696	1077	607	972	526	853	464	760	417	3593	3603	175.0	202.23598928656952	236.14431381225586	10	1	0.6318941116333008	2.212081098028287	4.6875			4.897336953932638	4.553111208435805	4.791989781954201	5.239381408800822	4.8950590292960205	5.29391543485734	4.775982678214524	4.846354582734196	4.85984674176187	4.638199948862184	4.771107857491459	4.836780463493646	4.826951116568184	4.9583432516067605	4.791000456829603	4.7952982034328455	4.825654992519851	4.7977879094900375	4.798374492028759	4.816383030697826	4.7772172759611715	4.802126402835204	4.665884128448059	4.892136530149439	4.689054451396105	4.8663349149404	4.664126446514254	4.89446373532051	4.634330233727067	4.904447151386864	4.601177296538316	4.884403821497994	4.637604734282533	4.773259342755571	4.665056565399771	4.709375356857371	4.538977513641261	4.713911788448836	4.461732067269191	4.682545921442235	4.428865286931699	4.625325926765673	4.479547876036503	4.661875806154414	4.334397199629363	4.522292993630573	4.3615494978479195	4.444771506365443	4.436511983681795	4.372716199756395	4.334166369153873	4.344522415411434	4.211031942998959	4.221100554235946	4.156961118079197	4.179268627990101	4.1892706449668475	5.0992747761172845	5.09510004949445	5.1652892561983474	5.160009475812721	5.069426626069539	3.937007874015748	4.761904761904762	4.686883602857193	2.226443801951572	46.7623	0.10913738642792853	19.270071983337402	-9.536752259018191e-06	15.501898010998927	-4.768876405030211e-06	12.468253558606609	0.0	9.85879691679314	0.0	7.733540881565866	0.0	6.166799369939099	0.0	5.0128957708893935	0.0	4.169079434315127	0.0	3.5480267346024177	0.0	3.1011001031019556	0.0	2.752041556962926	0.0	2.4899592925256946	0.0	2.2729558386565136	0.0	2.1023206690834355	0.0	1.9535036980447795	0.0	1.8308201775937514	0.0	1.7205033045769935	0.0	1.630336583327131	0.0	1.5520207588776518	0.0	1.4854619454906792	0.0	1.4265758905675594	0.0	1.3760982952357614	0.0	1.331794182399127	0.0	1.2928373587111508	0.0	1.2584848707943754	0.0	1.225502546968286	0.0	1.2018922089146808	0.0	1.177704395156747	0.0	1.159037114880327	0.0
10	426	8	0	0	1936	3057	2039	2372	2184	2012	2272	1754	2266	1898	2311	1821	2398	1935	2454	2049	2421	2158	2381	2285	2351	2307	2297	2367	2222	2407	2103	2439	2016	2388	1921	2368	1815	2286	1686	2235	1562	2106	1451	2018	1343	1901	1233	1800	1101	1660	1006	1521	923	1404	849	1304	790	1180	722	1046	651	3131	3141	162.0	196.66838091691122	223.1056251525879	10	1	0.6343593597412109	1.48401031143315	6.25			4.611500166738126	5.149412121416299	4.650579326703768	5.669622582881182	4.774814167031045	5.320358568897586	4.730179880079946	4.670607658305373	4.5337228146695745	4.852978777806188	4.511469009272815	4.537752305008722	4.600567876601949	4.606046179481076	4.671082686158063	4.561544112736258	4.6434462388277264	4.555048969942587	4.651844326351985	4.651494177998535	4.724963321743674	4.542232722976964	4.814706128951119	4.5878316825926	4.912342758605443	4.6425953786213014	4.946373130115721	4.757910342944091	5.066599648152803	4.768656269345208	5.187125344278231	4.896811282517887	5.317278959395325	4.955345530217636	5.357823821024533	5.104487838300788	5.428700517846592	5.151789427334328	5.533310452656065	5.287844247045568	5.637882540615424	5.387711143861241	5.71177097327095	5.527915975677169	5.667661896427469	5.564867582970164	5.773314203730273	5.59643829568033	5.883477817440082	5.7003654080389765	6.062120671188861	5.828453940016985	6.324553678648627	5.839271575613618	6.468374843218061	5.751993401154798	6.5400843881856545	4.443592909552803	4.441773315421056	4.781582054309327	5.017953098773212	4.789518656263827	3.937007874015748	4.761904761904762	4.705168835653672	2.226443801951572	46.7623	0.10913738642792853	19.270071983337402	-9.536752259018191e-06	15.501898010998927	-4.768876405030211e-06	12.468253558606609	0.0	9.85879691679314	0.0	7.733540881565866	0.0	6.166799369939099	0.0	5.0128957708893935	0.0	4.169079434315127	0.0	3.5480267346024177	0.0	3.1011001031019556	0.0	2.752041556962926	0.0	2.4899592925256946	0.0	2.2729558386565136	0.0	2.1023206690834355	0.0	1.9535036980447795	0.0	1.8308201775937514	0.0	1.7205033045769935	0.0	1.630336583327131	0.0	1.5520207588776518	0.0	1.4854619454906792	0.0	1.4265758905675594	0.0	1.3760982952357614	0.0	1.331794182399127	0.0	1.2928373587111508	0.0	1.2584848707943754	0.0	1.225502546968286	0.0	1.2018922089146808	0.0	1.177704395156747	0.0	1.159037114880327	0.0
11	553	5	0	0	1841	3437	1938	2480	2053	1891	2146	1763	2259	1855	2276	1852	2324	1842	2320	2007	2320	2096	2268	2183	2259	2263	2176	2284	2087	2307	2031	2323	1930	2270	1838	2263	1714	2179	1604	2095	1505	2021	1420	1917	1312	1806	1208	1700	1101	1564	973	1458	908	1362	825	1254	763	1132	688	996	600	3097	3107	152.0	191.79066080317145	213.26706886291504	10	1	0.6360006332397461	1.9264265310388071	3.90625			4.385212710209138	5.789509146649598	4.420217133473224	5.927767287329398	4.488412767818102	5.000396647010604	4.467854763491006	4.694573148000213	4.519717492647206	4.743032472513423	4.4431429965837	4.61500124595066	4.45859872611465	4.384670316591287	4.4160194913963755	4.468042476457624	4.449729563849783	4.424181019925701	4.431072210065645	4.443856363488315	4.540064714512531	4.455601496357551	4.561079902741678	4.426957145349175	4.613888090553357	4.449716468001388	4.777025119954841	4.531621864148882	4.8504649409399345	4.533019150508218	4.963006966571259	4.679680714669755	5.021386301048807	4.723402410474291	5.097241642303292	4.784743633664497	5.230598130191499	4.9438587049585365	5.415093620104488	5.023190000786102	5.507745266781412	5.118467293957601	5.595960531801547	5.220809532583994	5.667661896427469	5.243043915521287	5.583931133428981	5.36463315917286	5.787863335033147	5.529841656516443	5.890753302392003	5.604970276672775	6.108398046593547	5.601741884402217	6.163769933703637	5.4770415177343965	6.027727546714889	4.395339265693078	4.393692993000071	4.4864226682408495	4.893499078022263	4.578309508722782	3.937007874015748	4.761904761904762	4.717342485805602	2.226443801951572	46.7623	0.10913738642792853	19.270071983337402	-9.536752259018191e-06	15.501898010998927	-4.768876405030211e-06	12.468253558606609	0.0	9.85879691679314	0.0	7.733540881565866	0.0	6.166799369939099	0.0	5.0128957708893935	0.0	4.169079434315127	0.0	3.5480267346024177	0.0	3.1011001031019556	0.0	2.752041556962926	0.0	2.4899592925256946	0.0	2.2729558386565136	0.0	2.1023206690834355	0.0	1.9535036980447795	0.0	1.8308201775937514	0.0	1.7205033045769935	0.0	1.630336583327131	0.0	1.5520207588776518	0.0	1.4854619454906792	0.0	1.4265758905675594	0.0	1.3760982952357614	0.0	1.331794182399127	0.0	1.2928373587111508	0.0	1.2584848707943754	0.0	1.225502546968286	0.0	1.2018922089146808	0.0	1.177704395156747	0.0	1.159037114880327	0.0
12	1298	4	0	0	1848	3382	1877	2245	2000	1864	2111	1781	2251	1809	2293	1865	2265	1916	2268	2092	2246	2220	2157	2317	2055	2266	1952	2274	1849	2235	1712	2158	1596	2060	1456	1956	1337	1841	1223	1694	1081	1550	985	1417	887	1281	779	1181	691	1044	598	928	521	827	461	719	405	625	355	533	301	3580	3591	141.0	185.6795772366048	202.68309020996094	11	1	0.6381235122680664	4.52170277990664	3.125			4.401886522795484	5.696863524576356	4.281087492017152	5.366063532280039	4.3725404459991255	4.929000185101938	4.394986675549633	4.742504127389892	4.503711410335928	4.625415494758374	4.4763299170326984	4.647395963119861	4.345407106131533	4.56081885265413	4.317039744175422	4.657271978450099	4.307798534658023	4.685916919959473	4.21420756486402	4.716635453138995	4.13007215065217	4.4615081708997835	4.091556971577094	4.4075746709824974	4.087723564654124	4.310843652355052	4.026719352714273	4.209746010690179	4.011058054787635	4.113664955967809	3.9315223848355565	4.044832292485214	3.9169156852405225	3.9907222752102665	3.8864878606838698	3.8689048760991205	3.7569944044764187	3.7916778786173833	3.756244518171071	3.7130204648481513	3.7236052222828593	3.6305407550164377	3.608653356186594	3.62692709293041	3.557088438175641	3.499832383506537	3.431850789096126	3.414526455221135	3.321009688934217	3.3576938692651237	3.291681542306319	3.2136950788897334	3.242334480826195	3.0928345209817896	3.180433614047662	2.9309870772614794	3.0239099859353025	5.080824853465037	5.078130523934102	4.1617473435655254	4.737576043639473	4.3510980111141855	4.330708661417323	4.761904761904762	4.733088299424542	2.226443801951572	46.7623	0.10913738642792853	19.270071983337402	-9.536752259018191e-06	15.501898010998927	-4.768876405030211e-06	12.468253558606609	0.0	9.85879691679314	0.0	7.733540881565866	0.0	6.166799369939099	0.0	5.0128957708893935	0.0	4.169079434315127	0.0	3.5480267346024177	0.0	3.1011001031019556	0.0	2.752041556962926	0.0	2.4899592925256946	0.0	2.2729558386565136	0.0	2.1023206690834355	0.0	1.9535036980447795	0.0	1.8308201775937514	0.0	1.7205033045769935	0.0	1.630336583327131	0.0	1.5520207588776518	0.0	1.4854619454906792	0.0	1.4265758905675594	0.0	1.3760982952357614	0.0	1.331794182399127	0.0	1.2928373587111508	0.0	1.2584848707943754	0.0	1.225502546968286	0.0	1.2018922089146808	0.0	1.177704395156747	0.0	1.159037114880327	0.0
13	2036	4	0	0	1750	3621	1811	2116	1904	1825	2111	1703	2153	1766	2165	1833	2200	1860	2226	2122	2155	2153	2089	2169	2019	2184	1867	2198	1729	2157	1590	2062	1483	1964	1329	1824	1185	1673	1079	1535	965	1406	861	1262	779	1123	705	1003	601	877	528	796	457	713	393	606	330	528	294	456	250	3612	3623	130.0	180.03210574227984	191.29514694213867	11	1	0.6425104141235352	7.092593882811955	3.125			4.168453146586632	6.099450864130985	4.1305537815892714	5.057724024189115	4.1626585045911675	4.825871962344977	4.394986675549633	4.534803216701284	4.307636902022768	4.51546918946561	4.226451927769643	4.567655120857214	4.220704473946743	4.427517257795762	4.237094563727729	4.724058861506267	4.133261728489777	4.544495103005741	4.0813535479837455	4.415357055614363	4.057720521735635	4.300059066745423	3.9133897878762474	4.260267865795748	3.8224305263856033	4.160398102071519	3.7397685577194464	4.022472786859662	3.7270671022870063	3.921960181320766	3.588594264729708	3.7718681500475615	3.4716118825804188	3.6265499002861357	3.428880132197788	3.505766815119333	3.353838668195878	3.439418772474865	3.2833771879647635	3.3068679087073867	3.2702237521514634	3.182745720439859	3.2658544494371613	3.080277624224556	3.0937918253886547	2.9399932953402614	3.0301291248206597	2.928839502538818	2.91305456399796	2.8948436865611042	2.806140664048554	2.7086219997318195	2.641902169562085	2.6128266033254155	2.6339365705070774	2.507561176794061	2.511553144464537	5.126240047685954	5.123382592095029	3.837072018890201	4.593481975477322	4.1066274080067755	4.330708661417323	4.761904761904762	4.765626818133943	2.226443801951572	46.7623	0.10913738642792853	19.270071983337402	-9.536752259018191e-06	15.501898010998927	-4.768876405030211e-06	12.468253558606609	0.0	9.85879691679314	0.0	7.733540881565866	0.0	6.166799369939099	0.0	5.0128957708893935	0.0	4.169079434315127	0.0	3.5480267346024177	0.0	3.1011001031019556	0.0	2.752041556962926	0.0	2.4899592925256946	0.0	2.2729558386565136	0.0	2.1023206690834355	0.0	1.9535036980447795	0.0	1.8308201775937514	0.0	1.7205033045769935	0.0	1.630336583327131	0.0	1.5520207588776518	0.0	1.4854619454906792	0.0	1.4265758905675594	0.0	1.3760982952357614	0.0	1.331794182399127	0.0	1.2928373587111508	0.0	1.2584848707943754	0.0	1.225502546968286	0.0	1.2018922089146808	0.0	1.177704395156747	0.0	1.159037114880327	0.0
14	1189	2	0	0	1673	4288	1800	2516	1872	1847	1951	1731	2090	1699	2188	1751	2176	1827	2148	1899	2158	2001	2137	2132	2096	2191	2010	2160	1861	2152	1752	2145	1635	2100	1530	2011	1426	1861	1332	1751	1217	1615	1105	1513	1010	1393	899	1303	816	1166	731	1063	645	940	559	856	489	761	435	679	387	3150	3160	120.0	174.18176899496302	181.42187309265137	10	1	0.6457195281982422	4.141991221347453	1.5625			3.9850412081368205	7.222989590001011	4.105464829851291	6.013815522145469	4.092697857455181	4.884046857233519	4.061875416389074	4.609362517974117	4.181589003821452	4.344157504474559	4.271351878965349	4.363319212559183	4.1746604251400505	4.348964532254225	4.0886249428963	4.22760969745542	4.139015689132687	4.223657548125633	4.17513285401688	4.340037456233206	4.212472616918222	4.313841307343965	4.213129873396496	4.186614463202373	4.1142528684809765	4.150754156540524	4.120801580581428	4.184386094963131	4.1090726313144	4.193541945404078	4.131338769779122	4.158567351834237	4.1776527802191366	4.034076129367901	4.23287148849625	3.9990864451296106	4.229659750460501	3.9506837251400473	4.2138580635320135	3.964573015748238	4.239956341043618	3.9479650833238864	4.164543475239728	4.001596953504085	4.200555955935345	3.908816627556152	4.195121951219512	3.9112517477371407	4.111422743498215	3.8164839626471783	3.991431631560157	3.8260403164528674	3.914818669441998	3.7658353127474267	3.8971510481992473	3.7338465768490514	3.887884267631103	4.470558181121471	4.4686417308916075	3.541912632821724	4.4442118423059505	3.8946729614607523	3.937007874015748	4.761904761904762	4.789429451928972	2.226443801951572	46.7623	0.10913738642792853	19.270071983337402	-9.536752259018191e-06	15.501898010998927	-4.768876405030211e-06	12.468253558606609	0.0	9.85879691679314	0.0	7.733540881565866	0.0	6.166799369939099	0.0	5.0128957708893935	0.0	4.169079434315127	0.0	3.5480267346024177	0.0	3.1011001031019556	0.0	2.752041556962926	0.0	2.4899592925256946	0.0	2.2729558386565136	0.0	2.1023206690834355	0.0	1.9535036980447795	0.0	1.8308201775937514	0.0	1.7205033045769935	0.0	1.630336583327131	0.0	1.5520207588776518	0.0	1.4854619454906792	0.0	1.4265758905675594	0.0	1.3760982952357614	0.0	1.331794182399127	0.0	1.2928373587111508	0.0	1.2584848707943754	0.0	1.225502546968286	0.0	1.2018922089146808	0.0	1.177704395156747	0.0	1.159037114880327	0.0
15	712	4	0	0	1652	4903	1699	2836	1807	2017	1853	1782	1944	1649	2021	1642	2083	1726	2159	1803	2161	1850	2085	1964	2087	2047	2037	2092	1936	2179	1842	2124	1721	2098	1634	2061	1537	1969	1423	1856	1339	1736	1230	1642	1133	1537	1030	1409	948	1337	874	1216	797	1102	733	1007	667	923	608	847	522	2864	2874	112.0	169.80510344112588	173.83815383911133	10	1	0.6486129760742188	2.480317703615969	3.125			3.935019770377781	8.258936091365428	3.875102636620746	6.778688720510553	3.95059029296021	5.3335801359177095	3.8578447701532315	4.745166959578207	3.8894780016406236	4.216312963436461	3.9453391898487067	4.0917019686020435	3.99623973601412	4.10854558438467	4.109562966346886	4.013891671675683	4.144769649775595	3.9049307666328943	4.073538605814317	3.998045761745786	4.194384709689089	4.030320929316795	4.269724155277941	4.054813637508965	4.280061017398801	4.2028314624079	4.332486593282528	4.143420077250204	4.325207338527268	4.189548095932264	4.412161797267376	4.261962860333347	4.502841741372239	4.268186941819128	4.522054150247871	4.238894598606828	4.653668369652104	4.246679224051468	4.690538839949662	4.302596756020229	4.756307459804375	4.356082076862034	4.7713901885393994	4.327129783182851	4.880057654689591	4.482065035199464	5.0157819225251075	4.47420707925528	5.080316165221825	4.474218432805522	5.23384505533738	4.500960979752381	5.339844688175487	4.567498020585906	5.4470524995520515	4.6576849051416	5.244122965641953	4.06465988277203	4.064201371703316	3.3057851239669422	4.332542125111047	3.731869514331818	3.937007874015748	4.761904761904762	4.810890727095129	2.226443801951572	46.7623	0.10913738642792853	19.270071983337402	-9.536752259018191e-06	15.501898010998927	-4.768876405030211e-06	12.468253558606609	0.0	9.85879691679314	0.0	7.733540881565866	0.0	6.166799369939099	0.0	5.0128957708893935	0.0	4.169079434315127	0.0	3.5480267346024177	0.0	3.1011001031019556	0.0	2.752041556962926	0.0	2.4899592925256946	0.0	2.2729558386565136	0.0	2.1023206690834355	0.0	1.9535036980447795	0.0	1.8308201775937514	0.0	1.7205033045769935	0.0	1.630336583327131	0.0	1.5520207588776518	0.0	1.4854619454906792	0.0	1.4265758905675594	0.0	1.3760982952357614	0.0	1.331794182399127	0.0	1.2928373587111508	0.0	1.2584848707943754	0.0	1.225502546968286	0.0	1.2018922089146808	0.0	1.177704395156747	0.0	1.159037114880327	0.0
16	2582	2	0	0	1567	4681	1627	2221	1652	1749	1812	1648	1909	1570	1961	1585	2031	1718	2064	1810	2023	1946	1984	1987	1886	2053	1805	2044	1739	2018	1611	1926	1486	1840	1344	1749	1228	1648	1107	1530	993	1375	898	1249	787	1110	696	989	622	898	526	780	451	683	378	598	327	504	278	432	248	3235	3245	99.0	162.57207511773515	161.31454753875732	10	1	0.6577739715576172	8.994635267888246	1.5625			3.7325520461150017	7.884984671360712	3.7108840434266948	5.308698042402658	3.611718408395278	4.624904143639104	3.772485009993338	4.388347446343931	3.819451391528781	4.014318588596267	3.828208882381649	3.949663593321705	3.896477630266288	4.089502499404904	3.9287345820009136	4.029475277722122	3.880087460201772	4.107565011820331	3.8762113160362612	4.044866053252993	3.7904214482384386	4.04213427840126	3.7834325480003352	3.9617777605489115	3.844538279574647	3.892296416309841	3.789161727349703	3.7571690530997617	3.734606685096758	3.6743415140683346	3.6290975860020525	3.616774887298896	3.5975859846487372	3.572357582589092	3.5178594127367484	3.494347379239465	3.4511521217808365	3.3635852149025176	3.4244746977843876	3.272803500773	3.3038075647537886	3.1459018251898874	3.224162690508176	3.0372827221915117	3.2018943683722845	3.0103922225947035	3.018651362984218	2.8699683567591436	2.874808771035186	2.773041006902152	2.6990360585505178	2.672864613596746	2.6178848771115204	2.494061757719715	2.4905930836767602	2.3755842727522682	2.4914607193088205	4.591192290770781	4.588842536944071	2.922077922077922	4.147992902100934	3.463019071954019	3.937007874015748	4.761904761904762	4.878839642469586	2.226443801951572	46.7623	0.10913738642792853	19.270071983337402	-9.536752259018191e-06	15.501898010998927	-4.768876405030211e-06	12.468253558606609	0.0	9.85879691679314	0.0	7.733540881565866	0.0	6.166799369939099	0.0	5.0128957708893935	0.0	4.169079434315127	0.0	3.5480267346024177	0.0	3.1011001031019556	0.0	2.752041556962926	0.0	2.4899592925256946	0.0	2.2729558386565136	0.0	2.1023206690834355	0.0	1.9535036980447795	0.0	1.8308201775937514	0.0	1.7205033045769935	0.0	1.630336583327131	0.0	1.5520207588776518	0.0	1.4854619454906792	0.0	1.4265758905675594	0.0	1.3760982952357614	0.0	1.331794182399127	0.0	1.2928373587111508	0.0	1.2584848707943754	0.0	1.225502546968286	0.0	1.2018922089146808	0.0	1.177704395156747	0.0	1.159037114880327	0.0
17	2766	3	0	0	1626	4985	1607	2280	1588	1773	1684	1591	1777	1614	1861	1590	1914	1593	1971	1725	1943	1856	1929	1885	1888	1950	1805	1983	1707	1907	1579	1894	1464	1847	1325	1715	1208	1601	1116	1490	996	1334	864	1211	778	1114	676	986	568	855	500	764	442	660	371	549	310	481	263	414	217	3096	3106	89.0	154.85298787408854	150.74292182922363	10	1	0.6630773544311523	9.635616247474395	2.34375			3.8730884664856364	8.39706229154735	3.6652677675394583	5.44972153835122	3.4717971141233055	4.688367665335695	3.5059960026648898	4.236566011609948	3.555351033392689	4.126821784709793	3.6329917032698873	3.9621230999252433	3.672012892333666	3.7919542965960487	3.7517131110095936	3.840245775729647	3.726648509724193	3.9175954069571093	3.768755861206627	3.8372282387427736	3.794440983178246	3.83933845245127	3.7834325480003352	3.8435446669121776	3.773793469369708	3.678200825521737	3.713895945055979	3.694744645156256	3.6793164111585828	3.688319987219682	3.577793379057083	3.5464659415195006	3.538993379035565	3.470476025318651	3.546459895767128	3.4029918922005256	3.461578563236367	3.2632892194036054	3.2948175265987873	3.173230616041716	3.266025775576172	3.157238408343725	3.131514337332654	3.0280695288987163	2.9239164007000924	2.8662420382165608	2.8694404591104736	2.8110972109794687	2.817440081591025	2.679658952496955	2.6490539093181007	2.4538506235194206	2.481786886558322	2.380245447347585	2.356208564773338	2.276601594720924	2.180028129395218	4.393920040873675	4.392278865870042	2.626918536009445	3.951041986181604	3.2360727610834585	3.937007874015748	4.761904761904762	4.918175882152842	2.226443801951572	46.7623	0.10913738642792853	19.270071983337402	-9.536752259018191e-06	15.501898010998927	-4.768876405030211e-06	12.468253558606609	0.0	9.85879691679314	0.0	7.733540881565866	0.0	6.166799369939099	0.0	5.0128957708893935	0.0	4.169079434315127	0.0	3.5480267346024177	0.0	3.1011001031019556	0.0	2.752041556962926	0.0	2.4899592925256946	0.0	2.2729558386565136	0.0	2.1023206690834355	0.0	1.9535036980447795	0.0	1.8308201775937514	0.0	1.7205033045769935	0.0	1.630336583327131	0.0	1.5520207588776518	0.0	1.4854619454906792	0.0	1.4265758905675594	0.0	1.3760982952357614	0.0	1.331794182399127	0.0	1.2928373587111508	0.0	1.2584848707943754	0.0	1.225502546968286	0.0	1.2018922089146808	0.0	1.177704395156747	0.0	1.159037114880327	0.0
18	4955	3	0	0	1506	4336	1577	2001	1572	1720	1711	1524	1787	1597	1852	1575	1857	1703	1888	1789	1849	1852	1773	1861	1745	1886	1625	1834	1500	1777	1390	1725	1248	1619	1105	1467	944	1343	854	1199	758	1036	653	910	556	807	478	702	415	592	339	508	275	429	218	357	184	282	153	229	134	3292	3302	80.0	148.2889018829765	141.27097702026367	10	1	0.6696624755859375	17.261199749181355	2.34375			3.587251679291125	7.3038439510831115	3.596843353708603	4.782847718526663	3.436816790555312	4.54821905492239	3.562208527648234	4.05815625499281	3.575358636281787	4.0833546407568395	3.6154221571498293	3.9247445801146275	3.562658276417773	4.053796715067841	3.593726206791534	3.9827244595828044	3.5463577429130386	3.909152313407632	3.4639731165989374	3.7883722823874275	3.5070442349820126	3.713329395550305	3.406137335457365	3.554745798848681	3.31616297835651	3.4274582417158506	3.269357418383667	3.3650657407046154	3.136466448856497	3.2330211474329533	2.983744667062699	3.0336242193639107	2.7655709849417	2.9112113066851646	2.7138680564382867	2.738380723992235	2.634414207764223	2.5343085691920058	2.4901803760057963	2.38450855540707	2.334074975861635	2.287155651286702	2.214295640894983	2.155887230514096	2.1363121589622156	1.9845792826014081	1.945480631276901	1.8691588785046727	1.7529321774604794	1.7417783191230207	1.5565869332381292	1.5956733562776562	1.473060603634617	1.3954869358669832	1.3707220928149078	1.2592796260654384	1.3461924854329919	4.672088105476789	4.669447783355723	2.3612750885478158	3.7835606885467277	3.0327338432834794	3.937007874015748	4.761904761904762	4.967019028172062	2.226443801951572	46.7623	0.10913738642792853	19.270071983337402	-9.536752259018191e-06	15.501898010998927	-4.768876405030211e-06	12.468253558606609	0.0	9.85879691679314	0.0	7.733540881565866	0.0	6.166799369939099	0.0	5.0128957708893935	0.0	4.169079434315127	0.0	3.5480267346024177	0.0	3.1011001031019556	0.0	2.752041556962926	0.0	2.4899592925256946	0.0	2.2729558386565136	0.0	2.1023206690834355	0.0	1.9535036980447795	0.0	1.8308201775937514	0.0	1.7205033045769935	0.0	1.630336583327131	0.0	1.5520207588776518	0.0	1.4854619454906792	0.0	1.4265758905675594	0.0	1.3760982952357614	0.0	1.331794182399127	0.0	1.2928373587111508	0.0	1.2584848707943754	0.0	1.225502546968286	0.0	1.2018922089146808	0.0	1.177704395156747	0.0	1.159037114880327	0.0
19	6516	2	0	0	1436	4179	1534	1980	1544	1451	1585	1395	1731	1544	1809	1528	1801	1607	1742	1758	1756	1810	1679	1758	1586	1727	1459	1689	1342	1635	1239	1513	1136	1396	1003	1272	893	1162	744	1054	642	917	543	783	471	661	387	560	320	485	274	390	235	320	184	272	158	232	130	182	105	3344	3354	71.0	142.6813570165216	131.59780597686768	10	1	0.6773481369018555	22.699087298822544	1.5625			3.4205135534276594	7.039382811710407	3.4987683605510447	4.732652914883954	3.3756012243113247	3.83689874923976	3.2998834110592936	3.714650902700112	3.463316060102839	3.947839427256456	3.531478770131771	3.8076252180413652	3.455222162535492	3.8252796953106403	3.3158215319019337	3.9137113470914318	3.3679849629828533	3.8204998311381293	3.2803219756173805	3.578698803029069	3.1874912072673194	3.400275644811971	3.0581873061121825	3.273699920531855	2.966860477969624	3.1535701886355745	2.914197008185154	2.951504038078889	2.8549886906257855	2.7877069313257583	2.7083220824107577	2.630381736217379	2.6161598406281126	2.518858926558571	2.3643065971780857	2.4072170834760764	2.2312584714836827	2.243205557865897	2.0707012927582658	2.0517254932788305	1.9772469669619244	1.8733703661716359	1.7927456339463566	1.7197960813217863	1.6472768454648408	1.6258799865906806	1.5724533715925395	1.4349841783795718	1.4979602243753187	1.2992285830288266	1.3138164941092467	1.2157511285924998	1.2649107357297253	1.1480601741884402	1.1646658304963269	1.0008248556502612	1.0548523206751055	4.7458877960857775	4.742982394117231	2.0956316410861864	3.640485340044087	2.8250751025148864	3.937007874015748	4.761904761904762	5.024025098232727	2.226443801951572	46.7623	0.10913738642792853	19.270071983337402	-9.536752259018191e-06	15.501898010998927	-4.768876405030211e-06	12.468253558606609	0.0	9.85879691679314	0.0	7.733540881565866	0.0	6.166799369939099	0.0	5.0128957708893935	0.0	4.169079434315127	0.0	3.5480267346024177	0.0	3.1011001031019556	0.0	2.752041556962926	0.0	2.4899592925256946	0.0	2.2729558386565136	0.0	2.1023206690834355	0.0	1.9535036980447795	0.0	1.8308201775937514	0.0	1.7205033045769935	0.0	1.630336583327131	0.0	1.5520207588776518	0.0	1.4854619454906792	0.0	1.4265758905675594	0.0	1.3760982952357614	0.0	1.331794182399127	0.0	1.2928373587111508	0.0	1.2584848707943754	0.0	1.225502546968286	0.0	1.2018922089146808	0.0	1.177704395156747	0.0	1.159037114880327	0.0
20	3698	4	0	0	1309	6274	1336	2401	1421	1533	1551	1314	1603	1338	1644	1419	1674	1555	1713	1605	1651	1635	1628	1664	1580	1713	1518	1627	1401	1618	1285	1547	1175	1467	1066	1351	993	1243	882	1135	794	1013	729	917	650	836	575	746	498	665	441	597	375	508	312	445	271	390	240	319	207	2853	2863	61.0	133.22861687797783	118.7003116607666	10	1	0.69195556640625	12.882324252769456	3.125			3.1180029536468012	10.568338779772935	3.0471672292674024	5.7389392164830175	3.1066899868823787	4.053732448369781	3.2290972684876746	3.498961495446557	3.2072187431223864	3.421119918179494	3.2093704245973647	3.5360079740842263	3.2115724042667484	3.701499642942157	3.260621288259479	3.5730982435049756	3.1665963404810307	3.4511144883485305	3.180681462957174	3.387346307303966	3.1754326024478967	3.3727111636148845	3.181856292445712	3.1535285794584533	3.09729622178498	3.120780773830189	3.0223915702323834	3.017829971518864	2.953003267152551	2.9294885875751344	2.878436031754604	2.7937466396459736	2.9091228686939705	2.694442035896991	2.802847336977247	2.59221194472993	2.759531505230598	2.478044961960909	2.7800022880677266	2.402850928910201	2.7286847739389617	2.3693458791520237	2.663640153796266	2.2910140654750935	2.563574590754659	2.229299363057325	2.5308464849354375	2.1966296269041137	2.390362060173381	2.062525375558262	2.2277757943591574	1.989004603763465	2.1695620847009844	1.9299287410926365	2.150152302454757	1.7541930162221613	2.0795660036166366	4.04904840975859	4.048645973272997	1.8004722550177095	3.3993006287602565	2.5481982214242604	3.937007874015748	4.761904761904762	5.132371291944008	2.226443801951572	46.7623	0.10913738642792853	19.270071983337402	-9.536752259018191e-06	15.501898010998927	-4.768876405030211e-06	12.468253558606609	0.0	9.85879691679314	0.0	7.733540881565866	0.0	6.166799369939099	0.0	5.0128957708893935	0.0	4.169079434315127	0.0	3.5480267346024177	0.0	3.1011001031019556	0.0	2.752041556962926	0.0	2.4899592925256946	0.0	2.2729558386565136	0.0	2.1023206690834355	0.0	1.9535036980447795	0.0	1.8308201775937514	0.0	1.7205033045769935	0.0	1.630336583327131	0.0	1.5520207588776518	0.0	1.4854619454906792	0.0	1.4265758905675594	0.0	1.3760982952357614	0.0	1.331794182399127	0.0	1.2928373587111508	0.0	1.2584848707943754	0.0	1.225502546968286	0.0	1.2018922089146808	0.0	1.177704395156747	0.0	1.159037114880327	0.0
