	counts(inten<0.01	MicrocoloniesPlatonic	MicrocoloniesAggregates	MicrocoloniesLarge	counts(Norminten<0.01	counts(inten<0.02	counts(Norminten<0.02	counts(inten<0.03	counts(Norminten<0.03	counts(inten<0.04	counts(Norminten<0.04	counts(inten<0.05	counts(Norminten<0.05	counts(inten<0.060000000000000005	counts(Norminten<0.060000000000000005	counts(inten<0.06999999999999999	counts(Norminten<0.06999999999999999	counts(inten<0.08	counts(Norminten<0.08	counts(inten<0.09	counts(Norminten<0.09	counts(inten<0.09999999999999999	counts(Norminten<0.09999999999999999	counts(inten<0.11	counts(Norminten<0.11	counts(inten<0.12	counts(Norminten<0.12	counts(inten<0.13	counts(Norminten<0.13	counts(inten<0.14	counts(Norminten<0.14	counts(inten<0.15000000000000002	counts(Norminten<0.15000000000000002	counts(inten<0.16	counts(Norminten<0.16	counts(inten<0.17	counts(Norminten<0.17	counts(inten<0.18000000000000002	counts(Norminten<0.18000000000000002	counts(inten<0.19	counts(Norminten<0.19	counts(inten<0.2	counts(Norminten<0.2	counts(inten<0.21000000000000002	counts(Norminten<0.21000000000000002	counts(inten<0.22	counts(Norminten<0.22	counts(inten<0.23	counts(Norminten<0.23	counts(inten<0.24000000000000002	counts(Norminten<0.24000000000000002	counts(inten<0.25	counts(Norminten<0.25	counts(inten<0.26	counts(Norminten<0.26	counts(inten<0.27	counts(Norminten<0.27	counts(inten<0.28	counts(Norminten<0.28	counts(inten<0.29000000000000004	counts(Norminten<0.29000000000000004	diff	max	med	std	mean	min	eigenLocal	minProp	counts(inten<0.01Normalized	MicrocoloniesPlatonicNormalized	MicrocoloniesAggregatesNormalized	MicrocoloniesLargeNormalized	counts(Norminten<0.01Normalized	counts(inten<0.02Normalized	counts(Norminten<0.02Normalized	counts(inten<0.03Normalized	counts(Norminten<0.03Normalized	counts(inten<0.04Normalized	counts(Norminten<0.04Normalized	counts(inten<0.05Normalized	counts(Norminten<0.05Normalized	counts(inten<0.060000000000000005Normalized	counts(Norminten<0.060000000000000005Normalized	counts(inten<0.06999999999999999Normalized	counts(Norminten<0.06999999999999999Normalized	counts(inten<0.08Normalized	counts(Norminten<0.08Normalized	counts(inten<0.09Normalized	counts(Norminten<0.09Normalized	counts(inten<0.09999999999999999Normalized	counts(Norminten<0.09999999999999999Normalized	counts(inten<0.11Normalized	counts(Norminten<0.11Normalized	counts(inten<0.12Normalized	counts(Norminten<0.12Normalized	counts(inten<0.13Normalized	counts(Norminten<0.13Normalized	counts(inten<0.14Normalized	counts(Norminten<0.14Normalized	counts(inten<0.15000000000000002Normalized	counts(Norminten<0.15000000000000002Normalized	counts(inten<0.16Normalized	counts(Norminten<0.16Normalized	counts(inten<0.17Normalized	counts(Norminten<0.17Normalized	counts(inten<0.18000000000000002Normalized	counts(Norminten<0.18000000000000002Normalized	counts(inten<0.19Normalized	counts(Norminten<0.19Normalized	counts(inten<0.2Normalized	counts(Norminten<0.2Normalized	counts(inten<0.21000000000000002Normalized	counts(Norminten<0.21000000000000002Normalized	counts(inten<0.22Normalized	counts(Norminten<0.22Normalized	counts(inten<0.23Normalized	counts(Norminten<0.23Normalized	counts(inten<0.24000000000000002Normalized	counts(Norminten<0.24000000000000002Normalized	counts(inten<0.25Normalized	counts(Norminten<0.25Normalized	counts(inten<0.26Normalized	counts(Norminten<0.26Normalized	counts(inten<0.27Normalized	counts(Norminten<0.27Normalized	counts(inten<0.28Normalized	counts(Norminten<0.28Normalized	counts(inten<0.29000000000000004Normalized	counts(Norminten<0.29000000000000004Normalized	diffNormalized	maxNormalized	medNormalized	stdNormalized	meanNormalized	minNormalized	eigenLocalNormalized	minPropNormalized	BioVolume	SubstratumCoverage	Homogenity	ThicknessThreshold=0.01	RoughnessThreshold=0.01	ThicknessThreshold=0.02	RoughnessThreshold=0.02	ThicknessThreshold=0.03	RoughnessThreshold=0.03	ThicknessThreshold=0.04	RoughnessThreshold=0.04	ThicknessThreshold=0.05	RoughnessThreshold=0.05	ThicknessThreshold=0.060000000000000005	RoughnessThreshold=0.060000000000000005	ThicknessThreshold=0.06999999999999999	RoughnessThreshold=0.06999999999999999	ThicknessThreshold=0.08	RoughnessThreshold=0.08	ThicknessThreshold=0.09	RoughnessThreshold=0.09	ThicknessThreshold=0.09999999999999999	RoughnessThreshold=0.09999999999999999	ThicknessThreshold=0.11	RoughnessThreshold=0.11	ThicknessThreshold=0.12	RoughnessThreshold=0.12	ThicknessThreshold=0.13	RoughnessThreshold=0.13	ThicknessThreshold=0.14	RoughnessThreshold=0.14	ThicknessThreshold=0.15000000000000002	RoughnessThreshold=0.15000000000000002	ThicknessThreshold=0.16	RoughnessThreshold=0.16	ThicknessThreshold=0.17	RoughnessThreshold=0.17	ThicknessThreshold=0.18000000000000002	RoughnessThreshold=0.18000000000000002	ThicknessThreshold=0.19	RoughnessThreshold=0.19	ThicknessThreshold=0.2	RoughnessThreshold=0.2	ThicknessThreshold=0.21000000000000002	RoughnessThreshold=0.21000000000000002	ThicknessThreshold=0.22	RoughnessThreshold=0.22	ThicknessThreshold=0.23	RoughnessThreshold=0.23	ThicknessThreshold=0.24000000000000002	RoughnessThreshold=0.24000000000000002	ThicknessThreshold=0.25	RoughnessThreshold=0.25	ThicknessThreshold=0.26	RoughnessThreshold=0.26	ThicknessThreshold=0.27	RoughnessThreshold=0.27	ThicknessThreshold=0.28	RoughnessThreshold=0.28	ThicknessThreshold=0.29000000000000004	RoughnessThreshold=0.29000000000000004
0	1	41	0	0	3221	48	3363	205	3467	230	3577	247	3677	252	3770	311	3830	419	3902	590	3979	775	4020	927	4085	1171	4143	1377	4188	1588	4242	1810	4265	2014	4234	2229	4274	2386	4338	2564	4341	2739	4353	2912	4376	3083	4390	3269	4373	3411	4343	3563	4322	3681	4304	3756	4279	3870	4241	3981	4192	4065	4095	685.0	732.3640676966307	899.1624765396118	30	1	0.6099977493286133	0.01921598770176787	16.872427983539097			7.3756039476998465	0.01860501172503343	12.700630688470108	0.23880805656838647	15.145690446026821	0.5643479327689854	16.678323308621252	0.9791873141724479	17.770152716025517	1.3006451612903225	18.618203368067558	1.885076979027761	19.22015356049581	2.7959428800213533	19.66436526734869	4.06448057316065	20.095959595959595	5.401073245522336	20.430981906891645	6.443316883297421	20.851411362360267	8.005742804402818	21.120513866231647	9.323583180987203	21.361897475133894	10.486693521759229	21.65943323972428	11.67741935483871	21.777982026143793	12.670651148159799	21.709480592729324	13.691646191646193	22.06277100970473	14.432615533510768	22.344699701246522	15.293766776021473	22.448029785913747	16.100399717846226	22.507755946225437	16.810021358887028	22.617324788091793	17.61110476408089	22.722567287784678	18.346615781793695	22.700373754152825	18.898553936506175	22.704935173567545	19.54256252742431	22.83027837937774	20.094988535866364	22.982858973674375	20.42303300527432	22.990543735224588	20.94722598105548	23.0727381535281	21.535215839013308	23.032967032967033	4.806100733033814	4.819461444308446	20.111567821491487	10.902109605607846	16.376461714262582	7.731958762886598	4.761904761904762	3.7545709065175363	2.4069290322580645	13.097500000000002	0.2151480529000731	17.902206878135313	-1.4305619533465136e-05	9.901081615230003	-9.6032697212747e-07	7.391773333967786	0.0	6.2353335995974914	-2.0747878010776447e-06	5.587981761825125	1.089497894000571e-06	5.175099802055916	1.1448485250916451e-06	4.889057778173278	0.0	4.675506025860458	0.0	4.506008378486125	0.0	4.368906648000156	0.0	4.251351532318871	0.0	4.149409448818898	0.0	4.056773712752296	0.0	3.975090345895715	0.0	3.9012406433277853	0.0	3.8324275529190692	0.0	3.7659691619317357	0.0	3.703517211346627	0.0	3.64469523370619	0.0	3.5905100418242313	0.0	3.5389209816895986	0.0	3.4871160206927114	0.0	3.439442561708491	0.0	3.3932032945553563	0.0	3.3488946481426405	-5.664855801095583e-06	3.30644897181459	-5.9544721062754184e-06	3.2657760002002902	0.0	3.227232930457909	0.0	3.1897848140284766	0.0
1	1	36	0	0	3223	53	3298	217	3400	248	3466	277	3518	328	3571	464	3612	583	3634	776	3636	995	3690	1224	3701	1452	3717	1660	3730	1919	3742	2167	3791	2422	3791	2658	3793	2812	3790	2936	3791	3052	3812	3208	3779	3321	3784	3409	3771	3504	3757	3580	3744	3617	3723	3664	3718	3671	3693	3710	3673	4064	4095	612.0	702.4120206122719	830.1493701934814	31	1	0.6229267120361328	0.01921598770176787	14.814814814814813			7.380183645897735	0.020543033779724412	12.45515314022433	0.2527870647577554	14.852998995238304	0.608514292724819	16.160768405837647	1.0981169474727452	17.001739802822346	1.6929032258064518	17.635438787100597	2.8124621166201966	18.12616048577307	3.890297611103697	18.313763039862923	5.345825296224856	18.363636363636363	6.934281134573837	18.753811750355766	8.5076805449364	18.89132765045174	9.926847610583168	18.948817292006524	11.239758954566998	19.025758735016577	12.672521957340024	19.10645902476385	13.980645161290322	19.35763888888889	15.237496067945894	19.438035174075782	16.326781326781326	19.57980590543052	17.009436244858456	19.521994437004224	17.512675216224277	19.603888716516703	17.94027745121091	19.710444674250258	18.518732321191482	19.531734546206327	18.970638638181196	19.58592132505176	19.132338085082502	19.575373754152825	19.41381794005208	19.641363446256797	19.63580517770952	19.777085204162486	19.745605415438366	19.880386607571953	19.922788320374096	19.976359338061467	19.870094722598104	20.091398726946302	20.06924158822893	20.18131868131868	4.804918420430361	4.819461444308446	17.968291250733998	10.456237784980416	15.119524816484969	7.989690721649484	4.761904761904762	3.8341494087112427	2.4069290322580645	13.097500000000002	0.2151480529000731	17.902206878135313	-1.4305619533465136e-05	9.901081615230003	-9.6032697212747e-07	7.391773333967786	0.0	6.2353335995974914	-2.0747878010776447e-06	5.587981761825125	1.089497894000571e-06	5.175099802055916	1.1448485250916451e-06	4.889057778173278	0.0	4.675506025860458	0.0	4.506008378486125	0.0	4.368906648000156	0.0	4.251351532318871	0.0	4.149409448818898	0.0	4.056773712752296	0.0	3.975090345895715	0.0	3.9012406433277853	0.0	3.8324275529190692	0.0	3.7659691619317357	0.0	3.703517211346627	0.0	3.64469523370619	0.0	3.5905100418242313	0.0	3.5389209816895986	0.0	3.4871160206927114	0.0	3.439442561708491	0.0	3.3932032945553563	0.0	3.3488946481426405	-5.664855801095583e-06	3.30644897181459	-5.9544721062754184e-06	3.2657760002002902	0.0	3.227232930457909	0.0	3.1897848140284766	0.0
2	1	37	0	0	2234	176	2273	879	2325	1187	2309	1345	2347	1359	2360	1496	2381	1581	2368	1695	2418	1846	2399	1931	2446	1990	2431	2031	2451	2108	2434	2190	2470	2227	2474	2273	2480	2337	2484	2322	2473	2351	2498	2378	2524	2357	2509	2425	2509	2422	2512	2438	2473	2423	2455	2438	2427	2476	2409	2463	2391	4067	4095	378.0	635.5307875122676	625.3395462036133	28	1	0.6704463958740234	0.01921598770176787	15.22633744855967			5.1155228870417435	0.06821837632512258	8.584161033271648	1.0239623498712767	10.156830195273251	2.9125260704208076	10.766074509255374	5.3320118929633304	11.342547844577615	7.014193548387097	11.654896538100648	9.067765789792702	11.94861243538917	10.549846523421861	11.933679383157788	11.676770460181867	12.212121212121211	12.865008014495782	12.192518804635089	13.421839160353096	12.485324894084018	13.604977097149106	12.39294453507341	13.75177737152143	12.501912777352716	13.920623390345375	12.427878478427367	14.129032258064516	12.61233660130719	14.010695187165775	12.685227913654309	13.961916461916463	12.801982242411727	14.136220662956688	12.79489028536108	13.85028332836266	12.788292481125247	13.819656712908534	12.916235780765254	13.727414420135082	13.045275997519123	13.463955215354737	12.986542443064183	13.609832753395443	13.024294019933555	13.419025984819102	13.132580510246758	13.372093023255813	13.063229623369077	13.227426574953597	13.109414214770117	13.256484149855908	13.039974210186974	13.401894451962109	13.10592459605027	13.32359623498864	13.137362637362637	4.808465358240719	4.819461444308446	11.098062243100411	9.460631137991706	11.389319954975523	7.216494845360824	4.761904761904762	4.126635770539671	2.4069290322580645	13.097500000000002	0.2151480529000731	17.902206878135313	-1.4305619533465136e-05	9.901081615230003	-9.6032697212747e-07	7.391773333967786	0.0	6.2353335995974914	-2.0747878010776447e-06	5.587981761825125	1.089497894000571e-06	5.175099802055916	1.1448485250916451e-06	4.889057778173278	0.0	4.675506025860458	0.0	4.506008378486125	0.0	4.368906648000156	0.0	4.251351532318871	0.0	4.149409448818898	0.0	4.056773712752296	0.0	3.975090345895715	0.0	3.9012406433277853	0.0	3.8324275529190692	0.0	3.7659691619317357	0.0	3.703517211346627	0.0	3.64469523370619	0.0	3.5905100418242313	0.0	3.5389209816895986	0.0	3.4871160206927114	0.0	3.439442561708491	0.0	3.3932032945553563	0.0	3.3488946481426405	-5.664855801095583e-06	3.30644897181459	-5.9544721062754184e-06	3.2657760002002902	0.0	3.227232930457909	0.0	3.1897848140284766	0.0
3	1	19	0	0	1790	330	1821	2071	1794	2787	1746	2612	1723	2398	1709	2227	1703	2056	1725	1975	1694	1851	1704	1806	1714	1799	1715	1819	1725	1803	1716	1757	1698	1723	1705	1711	1685	1716	1679	1714	1677	1699	1658	1686	1661	1727	1665	1731	1670	1716	1673	1699	1678	1698	1638	1685	1655	1671	1646	1673	1649	4069	4095	254.0	547.3626636887698	476.1114206314087	26	1	0.7127876281738281	0.01921598770176787	7.818930041152264			4.09882988711044	0.12790945560960482	6.87714792854715	2.4125438300152604	7.837141234546328	6.838424733161576	8.140998741082669	10.354806739345888	8.326889619176493	12.376774193548387	8.439922959158478	13.498605891623228	8.546193606664325	13.719471506739625	8.69324194930202	13.605676494902177	8.555555555555555	12.899853648337864	8.660296808294369	12.552999235420867	8.748915318258383	12.299172762699119	8.742862969004895	12.316338276118897	8.798775822494262	11.906491448193885	8.761807505744192	11.33548387096774	8.670343137254902	10.839886756841773	8.74224478285392	10.50982800982801	8.69812099938055	10.37986934430196	8.648398063253323	10.223680286310767	8.672044678870618	9.987067952033858	8.572905894519131	9.732725278531431	8.584866652884019	9.86518907803039	8.618012422360248	9.714895049949488	8.669019933554816	9.507451936395368	8.746340443329151	9.3187801667398	8.863768422164704	9.269570913855224	8.746729321300796	9.162090152792127	8.892112615516872	9.044654939106902	8.95489908057233	9.050091961484366	9.06043956043956	4.810829983447624	4.819461444308446	7.457428068115091	8.148143821857095	8.67142552667448	6.701030927835052	4.761904761904762	4.387248468068341	2.4069290322580645	13.097500000000002	0.2151480529000731	17.902206878135313	-1.4305619533465136e-05	9.901081615230003	-9.6032697212747e-07	7.391773333967786	0.0	6.2353335995974914	-2.0747878010776447e-06	5.587981761825125	1.089497894000571e-06	5.175099802055916	1.1448485250916451e-06	4.889057778173278	0.0	4.675506025860458	0.0	4.506008378486125	0.0	4.368906648000156	0.0	4.251351532318871	0.0	4.149409448818898	0.0	4.056773712752296	0.0	3.975090345895715	0.0	3.9012406433277853	0.0	3.8324275529190692	0.0	3.7659691619317357	0.0	3.703517211346627	0.0	3.64469523370619	0.0	3.5905100418242313	0.0	3.5389209816895986	0.0	3.4871160206927114	0.0	3.439442561708491	0.0	3.3932032945553563	0.0	3.3488946481426405	-5.664855801095583e-06	3.30644897181459	-5.9544721062754184e-06	3.2657760002002902	0.0	3.227232930457909	0.0	3.1897848140284766	0.0
4	1	22	0	0	1484	904	1418	4644	1393	4529	1350	3284	1333	2457	1309	2013	1287	1735	1311	1618	1307	1528	1291	1441	1286	1405	1290	1346	1300	1334	1322	1320	1302	1284	1299	1294	1261	1310	1287	1298	1282	1287	1297	1300	1311	1315	1296	1307	1302	1297	1293	1267	1282	1283	1280	1293	1254	1310	1219	1305	1215	4067	4095	192.0	491.7539185255324	388.8165063858032	28	1	0.7396907806396484	0.01921598770176787	9.053497942386832			3.3981360628334594	0.3503943874881296	5.355187129423316	5.4098761692857895	6.085361058931458	11.112746902220588	6.294586655476291	13.018830525272548	6.442103228300793	12.681290322580645	6.464516766260061	12.201478967147533	6.458573794349374	11.577472307486989	6.606863881469535	11.146321300633783	6.6010101010101	10.648825702139522	6.561292945720674	10.015986654618752	6.564238681027003	9.605524030901758	6.576264274061991	9.113684067980229	6.630961489415965	8.809350855180611	6.750063824355373	8.516129032258064	6.64828431372549	8.078011953444479	6.660513767112752	7.948402948402948	6.5093950030972545	7.924026131139608	6.629236633357372	7.742320310169997	6.629434274485469	7.565248060192806	6.70630816959669	7.504473820931709	6.775894149266073	7.511710270764309	6.70807453416149	7.335278931417667	6.758720930232558	7.185993683860602	6.759723964868256	6.949319877139096	6.771961333262902	7.004039742329948	6.835050995888289	7.030612799739003	6.73758865248227	7.090663058186738	6.631848104020456	7.0593962999026285	6.675824175824176	4.808465358240719	4.819461444308446	5.637110980622431	7.320341555824762	7.081521745886521	7.216494845360824	4.761904761904762	4.552838904513311	2.4069290322580645	13.097500000000002	0.2151480529000731	17.902206878135313	-1.4305619533465136e-05	9.901081615230003	-9.6032697212747e-07	7.391773333967786	0.0	6.2353335995974914	-2.0747878010776447e-06	5.587981761825125	1.089497894000571e-06	5.175099802055916	1.1448485250916451e-06	4.889057778173278	0.0	4.675506025860458	0.0	4.506008378486125	0.0	4.368906648000156	0.0	4.251351532318871	0.0	4.149409448818898	0.0	4.056773712752296	0.0	3.975090345895715	0.0	3.9012406433277853	0.0	3.8324275529190692	0.0	3.7659691619317357	0.0	3.703517211346627	0.0	3.64469523370619	0.0	3.5905100418242313	0.0	3.5389209816895986	0.0	3.4871160206927114	0.0	3.439442561708491	0.0	3.3932032945553563	0.0	3.3488946481426405	-5.664855801095583e-06	3.30644897181459	-5.9544721062754184e-06	3.2657760002002902	0.0	3.227232930457909	0.0	3.1897848140284766	0.0
5	1	21	0	0	1413	2191	1306	6095	1259	4602	1216	3048	1202	2321	1173	1783	1138	1539	1158	1450	1169	1322	1159	1264	1147	1236	1153	1207	1158	1177	1158	1123	1139	1157	1150	1168	1152	1159	1162	1154	1127	1162	1127	1165	1134	1140	1128	1149	1108	1151	1100	1159	1093	1124	1086	1129	1089	1138	1086	1109	1079	4071	4095	167.0	462.3864354645216	346.77852153778076	24	1	0.7532854080200195	0.01921598770176787	8.641975308641975			3.2355567768084086	0.8492412643655886	4.932210430907512	7.10017124285032	5.499978157354419	11.291866028708133	5.669790646710496	12.08325074331021	5.809008312391263	11.979354838709677	5.792878660674601	10.80737059037459	5.710844582726953	10.269584945949553	5.835811117270574	9.988977679801598	5.904040404040404	9.213185587845842	5.890424883106323	8.785709320914714	5.854729212393446	8.4501264784303	5.877854812398042	8.172523529013475	5.906656465187452	7.772568183319025	5.912688281848354	7.2451612903225815	5.815972222222222	7.279018559295376	5.896528739168333	7.174447174447174	5.946727235184803	7.010646019840309	5.985371381477284	6.883388010736653	5.827903609473576	6.830472607571127	5.827300930713547	6.7251630779888005	5.861070911722142	6.5120530103964365	5.838509316770186	6.448535189134582	5.751661129568107	6.377084603025099	5.75073191133417	6.356954804738921	5.7735988590143155	6.13604105251665	5.799113579323971	6.138872274482083	5.851063829787234	6.159675236806495	5.9082748490288886	5.999134480147139	5.928571428571429	4.813194608654528	4.819461444308446	4.903112155020552	6.883171665473729	6.315883201829616	6.185567010309279	4.761904761904762	4.636514610699877	2.4069290322580645	13.097500000000002	0.2151480529000731	17.902206878135313	-1.4305619533465136e-05	9.901081615230003	-9.6032697212747e-07	7.391773333967786	0.0	6.2353335995974914	-2.0747878010776447e-06	5.587981761825125	1.089497894000571e-06	5.175099802055916	1.1448485250916451e-06	4.889057778173278	0.0	4.675506025860458	0.0	4.506008378486125	0.0	4.368906648000156	0.0	4.251351532318871	0.0	4.149409448818898	0.0	4.056773712752296	0.0	3.975090345895715	0.0	3.9012406433277853	0.0	3.8324275529190692	0.0	3.7659691619317357	0.0	3.703517211346627	0.0	3.64469523370619	0.0	3.5905100418242313	0.0	3.5389209816895986	0.0	3.4871160206927114	0.0	3.439442561708491	0.0	3.3932032945553563	0.0	3.3488946481426405	-5.664855801095583e-06	3.30644897181459	-5.9544721062754184e-06	3.2657760002002902	0.0	3.227232930457909	0.0	3.1897848140284766	0.0
6	1	13	0	0	1193	4186	1083	8572	1031	5310	1017	2678	1001	1839	945	1352	952	1172	943	1071	949	1040	936	1021	931	989	919	951	923	954	921	938	926	947	921	920	905	915	907	925	891	921	882	927	892	915	897	905	889	911	889	893	865	886	861	889	856	889	848	877	856	4072	4095	137.0	407.7492073073259	285.9416694641113	23	1	0.7743959426879883	0.01921598770176787	5.349794238683128			2.7317899750406447	1.6225120641872905	4.090033611541221	9.985671516605898	4.503953518850203	13.029076186970922	4.741921947125472	10.616451932606541	4.837618403247632	9.491612903225805	4.6668971307225044	8.19493271911747	4.777437647413057	7.8206325904177225	4.7523055989517715	7.37806558280518	4.792929292929293	7.247891839152554	4.7570644439926815	7.096684506846458	4.752182124444898	6.761468517125863	4.68495106035889	6.439163111923624	4.707982657485335	6.299940566598429	4.70257850395711	6.051612903225807	4.728349673202614	5.957848379993709	4.7223504076295955	5.651105651105651	4.6716911005575055	5.534720541979192	4.671886267641908	5.51744706233224	4.607508532423208	5.41382553491653	4.560496380558428	5.351267101541303	4.61029563779202	5.226779389923455	4.642857142857143	5.079133460545516	4.6148255813953485	5.047371045487284	4.647636971978251	4.897981570864414	4.569225080555702	4.836772573425047	4.597639771452982	4.833886139959763	4.599183322587578	4.81190798376184	4.613459550622926	4.744130693497782	4.7032967032967035	4.81437692125798	4.819461444308446	4.0223135642982975	6.069831584781659	5.207860564324887	5.927835051546391	4.761904761904762	4.766451154519298	2.4069290322580645	13.097500000000002	0.2151480529000731	17.902206878135313	-1.4305619533465136e-05	9.901081615230003	-9.6032697212747e-07	7.391773333967786	0.0	6.2353335995974914	-2.0747878010776447e-06	5.587981761825125	1.089497894000571e-06	5.175099802055916	1.1448485250916451e-06	4.889057778173278	0.0	4.675506025860458	0.0	4.506008378486125	0.0	4.368906648000156	0.0	4.251351532318871	0.0	4.149409448818898	0.0	4.056773712752296	0.0	3.975090345895715	0.0	3.9012406433277853	0.0	3.8324275529190692	0.0	3.7659691619317357	0.0	3.703517211346627	0.0	3.64469523370619	0.0	3.5905100418242313	0.0	3.5389209816895986	0.0	3.4871160206927114	0.0	3.439442561708491	0.0	3.3932032945553563	0.0	3.3488946481426405	-5.664855801095583e-06	3.30644897181459	-5.9544721062754184e-06	3.2657760002002902	0.0	3.227232930457909	0.0	3.1897848140284766	0.0
7	1	11	0	0	1167	7820	984	9274	925	4442	857	2309	826	1520	801	1155	776	951	760	903	753	837	775	806	760	791	762	758	740	750	741	762	735	764	725	766	711	738	712	746	738	735	730	724	734	715	733	713	733	730	695	729	690	738	667	729	673	720	652	682	645	4075	4095	117.0	372.94130256906095	242.31474018096924	20	1	0.7934026718139648	0.01921598770176787	4.526748971193416			2.672253898468091	3.0310664935366964	3.716152422674572	10.80344349568398	4.0408894325280675	10.899276162434058	3.9958968620319855	9.153617443012884	3.9918809201623815	7.84516129032258	3.955750901279075	7.0008485877076	3.894213880664425	6.3459228613372485	3.830066018243209	6.220721961972996	3.803030303030303	5.833159105164123	3.938808700955479	5.602279835963022	3.879332346485631	5.407807479319068	3.884584013050571	5.1323718599769785	3.7745473093598574	4.952783464306941	3.783507786571356	4.916129032258064	3.753063725490196	4.806542938030827	3.717376813823514	4.705159705159705	3.6702457154656205	4.464069683038955	3.667456474708973	4.449746495675515	3.8163201985727584	4.3204796614154715	3.7745604963805586	4.179414651041967	3.7936737647302046	4.084313949503027	3.7939958592132506	4.0015714446065775	3.8050249169435215	4.044545404177517	3.633416980342953	3.998464238701185	3.644815382177381	4.02882410743531	3.5617023548886637	3.9638953836115496	3.615946701053084	3.8971583220568338	3.547141069582721	3.689278372822677	3.543956043956044	4.817923859068338	4.819461444308446	3.435114503816794	5.551674551502258	4.413282547829174	5.154639175257731	4.761904761904762	4.883438655346957	2.4069290322580645	13.097500000000002	0.2151480529000731	17.902206878135313	-1.4305619533465136e-05	9.901081615230003	-9.6032697212747e-07	7.391773333967786	0.0	6.2353335995974914	-2.0747878010776447e-06	5.587981761825125	1.089497894000571e-06	5.175099802055916	1.1448485250916451e-06	4.889057778173278	0.0	4.675506025860458	0.0	4.506008378486125	0.0	4.368906648000156	0.0	4.251351532318871	0.0	4.149409448818898	0.0	4.056773712752296	0.0	3.975090345895715	0.0	3.9012406433277853	0.0	3.8324275529190692	0.0	3.7659691619317357	0.0	3.703517211346627	0.0	3.64469523370619	0.0	3.5905100418242313	0.0	3.5389209816895986	0.0	3.4871160206927114	0.0	3.439442561708491	0.0	3.3932032945553563	0.0	3.3488946481426405	-5.664855801095583e-06	3.30644897181459	-5.9544721062754184e-06	3.2657760002002902	0.0	3.227232930457909	0.0	3.1897848140284766	0.0
8	1	11	0	0	1168	11850	960	9453	786	3300	735	1561	705	1107	684	921	636	794	647	738	618	697	591	651	579	658	576	630	556	601	548	586	554	587	554	554	547	543	553	554	546	561	574	551	564	553	561	543	567	569	567	569	559	576	551	575	535	556	523	565	519	4079	4095	99.0	328.7218901051947	199.51169204711914	16	1	0.8109531402587891	0.01921598770176787	4.526748971193416			2.6745437475670353	4.593112269617628	3.6255145587069	11.011963701175402	3.4336638853697963	8.097165991902834	3.4270527346482025	6.1883052527254705	3.4071138604291513	5.7135483870967745	3.377944589856289	5.582494847860347	3.1916495207507403	5.298278393166956	3.260595676057048	5.084045191512813	3.121212121212121	4.857481357585894	3.003659280341533	4.524918329047056	2.9554387218620795	4.498530115539755	2.936378466557912	4.2656916514320535	2.836011221627136	3.9688304827312946	2.79805973959663	3.7806451612903227	2.8288398692810457	3.692985215476565	2.840588627390658	3.4029484029484034	2.8236630187900063	3.284539075731914	2.848459874317503	3.3045034297643903	2.8234564070741546	3.2976722313660947	2.96794208893485	3.180742365641055	2.9150299772586314	3.158916942762482	2.9037267080745344	3.0474800763273096	2.943313953488372	3.1525292259959	2.964240903387704	3.1208863536638876	2.952828693677038	3.1444480838519486	2.9422758583862874	3.126529280626393	2.8744895766172363	3.009472259810555	2.8453294162450358	3.0563669804176135	2.8516483516483517	4.822653109482148	4.819461444308446	2.906635349383441	4.893416039594562	3.6337098929344123	4.123711340206185	4.761904761904762	4.991462788700264	2.4069290322580645	13.097500000000002	0.2151480529000731	17.902206878135313	-1.4305619533465136e-05	9.901081615230003	-9.6032697212747e-07	7.391773333967786	0.0	6.2353335995974914	-2.0747878010776447e-06	5.587981761825125	1.089497894000571e-06	5.175099802055916	1.1448485250916451e-06	4.889057778173278	0.0	4.675506025860458	0.0	4.506008378486125	0.0	4.368906648000156	0.0	4.251351532318871	0.0	4.149409448818898	0.0	4.056773712752296	0.0	3.975090345895715	0.0	3.9012406433277853	0.0	3.8324275529190692	0.0	3.7659691619317357	0.0	3.703517211346627	0.0	3.64469523370619	0.0	3.5905100418242313	0.0	3.5389209816895986	0.0	3.4871160206927114	0.0	3.439442561708491	0.0	3.3932032945553563	0.0	3.3488946481426405	-5.664855801095583e-06	3.30644897181459	-5.9544721062754184e-06	3.2657760002002902	0.0	3.227232930457909	0.0	3.1897848140284766	0.0
9	2	5	0	0	1247	16509	920	7928	758	2439	689	1247	595	909	535	756	513	669	499	589	460	531	471	518	443	483	433	453	432	454	429	435	424	435	421	429	425	418	429	413	427	421	427	426	420	427	428	427	432	418	429	424	421	429	404	429	397	421	415	405	387	4078	4095	86.0	286.76651513675466	165.1490716934204	17	1	0.8267364501953125	0.03843197540353574	2.05761316872428			2.8554418263836414	6.398961220178685	3.474451452094112	9.23546474377643	3.3113450701148928	5.984541774015458	3.2125705226838255	4.943508424182359	2.8755074424898512	4.691612903225806	2.6421057830016297	4.582373621044975	2.5743965473980026	4.4641665554517544	2.514740714609686	4.057591623036649	2.323232323232323	3.7006063140288523	2.393779223419394	3.600472648919163	2.2612424072278086	3.3021125316196076	2.2073817292006526	3.067235425553524	2.2035195103289977	2.9980849237271343	2.190451876436048	2.806451612903226	2.165032679738562	2.736709657124882	2.1586422601651027	2.635135135135135	2.193888085897171	2.5284297120735544	2.2097455444524567	2.4634655532359084	2.2080877029682493	2.4747237244298144	2.2078593588417785	2.459158344397622	2.170767004341534	2.439163715297612	2.215320910973085	2.3964530250308678	2.2425249169435215	2.315917779378359	2.2427854454203264	2.3255813953488373	2.2238656172415614	2.3419587291188995	2.1573129705772414	2.3326627154586483	2.1330324521813884	2.2787550744248986	2.2577661715902293	2.190847127555988	2.1263736263736264	4.821470796878695	4.819461444308446	2.524955960070464	4.268860416748548	3.0078628949705277	4.381443298969072	4.761904761904762	5.088609960737281	2.4069290322580645	13.097500000000002	0.2151480529000731	17.902206878135313	-1.4305619533465136e-05	9.901081615230003	-9.6032697212747e-07	7.391773333967786	0.0	6.2353335995974914	-2.0747878010776447e-06	5.587981761825125	1.089497894000571e-06	5.175099802055916	1.1448485250916451e-06	4.889057778173278	0.0	4.675506025860458	0.0	4.506008378486125	0.0	4.368906648000156	0.0	4.251351532318871	0.0	4.149409448818898	0.0	4.056773712752296	0.0	3.975090345895715	0.0	3.9012406433277853	0.0	3.8324275529190692	0.0	3.7659691619317357	0.0	3.703517211346627	0.0	3.64469523370619	0.0	3.5905100418242313	0.0	3.5389209816895986	0.0	3.4871160206927114	0.0	3.439442561708491	0.0	3.3932032945553563	0.0	3.3488946481426405	-5.664855801095583e-06	3.30644897181459	-5.9544721062754184e-06	3.2657760002002902	0.0	3.227232930457909	0.0	3.1897848140284766	0.0
10	19	6	0	0	1480	18662	991	6346	693	2085	574	1163	475	783	435	599	409	497	388	452	399	409	371	387	357	390	349	380	343	359	349	349	329	345	349	351	336	327	343	348	354	333	353	343	355	351	366	350	369	363	361	366	359	364	353	358	354	358	353	356	344	4080	4095	79.0	259.95724740839785	144.13683032989502	15	1	0.8347177505493164	0.36510376633358954	2.4691358024691357			3.388976666437682	7.233473516928622	3.74258846633181	7.392565497477954	3.027390677558866	5.115936694884064	2.676364992772882	4.610505450941526	2.295573168374251	4.041290322580645	2.148254234777026	3.6307431203782277	2.052491594319265	3.3164286667556384	1.9553494935241647	3.1138054560484982	2.015151515151515	2.85037284828211	1.8855458426509455	2.6899284075901857	1.822265325914961	2.6663020441649006	1.7791598694942905	2.5729568691177467	1.7495536852843663	2.370732351581589	1.7819760020423796	2.2516129032258063	1.6799428104575163	2.170493865995596	1.789468286930216	2.156019656019656	1.7344621102622342	1.9779820953302687	1.7667662511589572	2.075753056963913	1.8305926155755505	1.9574418057841523	1.8252326783867634	1.9800265542919817	1.8348149679553443	2.0050268479378497	1.8944099378881987	1.9643057582220225	1.9154900332225913	2.0111917557759433	1.8872856545378502	2.007459412022817	1.8963604669589562	1.9871164974342177	1.8849789074598173	1.9466043173291283	1.9019987105093488	1.9377537212449256	1.9204613459550621	1.9257816726171155	1.8901098901098903	4.8238354220856	4.819461444308446	2.319436288901938	3.8697726022140664	2.625166580123298	3.865979381443299	4.761904761904762	5.13773531921328	2.4069290322580645	13.097500000000002	0.2151480529000731	17.902206878135313	-1.4305619533465136e-05	9.901081615230003	-9.6032697212747e-07	7.391773333967786	0.0	6.2353335995974914	-2.0747878010776447e-06	5.587981761825125	1.089497894000571e-06	5.175099802055916	1.1448485250916451e-06	4.889057778173278	0.0	4.675506025860458	0.0	4.506008378486125	0.0	4.368906648000156	0.0	4.251351532318871	0.0	4.149409448818898	0.0	4.056773712752296	0.0	3.975090345895715	0.0	3.9012406433277853	0.0	3.8324275529190692	0.0	3.7659691619317357	0.0	3.703517211346627	0.0	3.64469523370619	0.0	3.5905100418242313	0.0	3.5389209816895986	0.0	3.4871160206927114	0.0	3.439442561708491	0.0	3.3932032945553563	0.0	3.3488946481426405	-5.664855801095583e-06	3.30644897181459	-5.9544721062754184e-06	3.2657760002002902	0.0	3.227232930457909	0.0	3.1897848140284766	0.0
11	29	3	0	0	1669	21009	807	5217	589	1724	521	811	422	589	372	515	372	421	343	362	332	362	318	338	326	333	339	319	340	331	318	338	330	340	335	315	345	328	335	331	313	352	319	330	319	309	315	320	303	315	295	317	277	298	266	287	254	260	245	254	241	4082	4095	73.0	228.68840837887754	125.99516773223877	13	1	0.8387937545776367	0.5572636433512683	1.2345679012345678			3.8217581461381696	8.143181069400569	3.0476981759129878	6.077373810328157	2.5730636494692236	4.230155809103177	2.4292441833356646	3.2150644202180376	2.0394355306398606	3.04	1.8371277593955258	3.121590495817675	1.8668138706277915	2.8092886694247965	1.728569268759764	2.493799944888399	1.676767676767677	2.522823890166562	1.6161821508436676	2.3493431570167513	1.6640294012556784	2.276611745402338	1.7281810766721042	2.159929582233056	1.7342514664626372	2.1858284355807966	1.6236916007148328	2.1806451612903226	1.6850490196078431	2.13903743315508	1.7176844588012101	1.934889434889435	1.7809209167871154	1.9840309702395353	1.7255588750386317	1.9743513271696989	1.618574826765953	2.0691276745826475	1.6494312306101342	1.9049818160826646	1.6487492247260698	1.7651091054495602	1.6304347826086956	1.7959366932315635	1.5728820598006645	1.7452490442683803	1.5422417398578	1.7387011847301448	1.463208494004543	1.6268151544928486	1.4204090350830352	1.5605459191996085	1.3647109391790244	1.4073071718538566	1.3328981013002557	1.3740127664178297	1.3241758241758241	4.826200047292504	4.819461444308446	2.143276570757487	3.40429876839792	2.294752165915368	3.350515463917526	4.761904761904762	5.16282335626985	2.4069290322580645	13.097500000000002	0.2151480529000731	17.902206878135313	-1.4305619533465136e-05	9.901081615230003	-9.6032697212747e-07	7.391773333967786	0.0	6.2353335995974914	-2.0747878010776447e-06	5.587981761825125	1.089497894000571e-06	5.175099802055916	1.1448485250916451e-06	4.889057778173278	0.0	4.675506025860458	0.0	4.506008378486125	0.0	4.368906648000156	0.0	4.251351532318871	0.0	4.149409448818898	0.0	4.056773712752296	0.0	3.975090345895715	0.0	3.9012406433277853	0.0	3.8324275529190692	0.0	3.7659691619317357	0.0	3.703517211346627	0.0	3.64469523370619	0.0	3.5905100418242313	0.0	3.5389209816895986	0.0	3.4871160206927114	0.0	3.439442561708491	0.0	3.3932032945553563	0.0	3.3488946481426405	-5.664855801095583e-06	3.30644897181459	-5.9544721062754184e-06	3.2657760002002902	0.0	3.227232930457909	0.0	3.1897848140284766	0.0
12	73	3	0	0	1813	21343	820	4657	585	1408	440	738	391	520	373	403	347	395	344	360	351	352	341	345	336	352	330	340	325	332	323	335	312	322	288	317	275	305	258	282	250	268	235	257	234	237	229	237	231	228	239	235	233	235	230	235	232	231	211	234	202	4081	4095	69.0	204.29967062142453	114.08890628814697	14	1	0.8397188186645508	1.4027671022290547	1.2345679012345678			4.15149641638616	8.272640942653927	3.096793685562144	5.425020094824272	2.5555895330042375	3.4547908232118756	2.051568984007087	2.9256689791873143	1.8896191764933308	2.6838709677419357	1.8420662748777719	2.4427203297369378	1.7413559492146333	2.6357934071800346	1.7336088293100842	2.4800220446403967	1.7727272727272727	2.453132622482403	1.7330758284204106	2.397998192812956	1.7150732479199633	2.4065085116565257	1.682300163132137	2.3021193039474577	1.6577403723539912	2.192432146866539	1.6492213428644371	2.1612903225806455	1.5931372549019607	2.025794274929223	1.4766958929395477	1.9471744471744472	1.4195746438158166	1.8449068473263972	1.3289378798804987	1.6820757530569639	1.2927913951804737	1.5753585704208792	1.2150982419855223	1.4835767476764996	1.2094273309902832	1.3538215468982062	1.1853002070393375	1.3301156134246268	1.1991279069767442	1.263227879660923	1.2494772061898787	1.2889425186485302	1.2307854841265649	1.2828911453215417	1.228173225823677	1.277798923386439	1.246507629486353	1.2503382949932342	1.1479244872422611	1.2658227848101267	1.10989010989011	4.825017734689052	4.819461444308446	2.0258367586611863	3.041243419423154	2.077903220606227	3.608247422680412	4.761904761904762	5.168517178437577	2.4069290322580645	13.097500000000002	0.2151480529000731	17.902206878135313	-1.4305619533465136e-05	9.901081615230003	-9.6032697212747e-07	7.391773333967786	0.0	6.2353335995974914	-2.0747878010776447e-06	5.587981761825125	1.089497894000571e-06	5.175099802055916	1.1448485250916451e-06	4.889057778173278	0.0	4.675506025860458	0.0	4.506008378486125	0.0	4.368906648000156	0.0	4.251351532318871	0.0	4.149409448818898	0.0	4.056773712752296	0.0	3.975090345895715	0.0	3.9012406433277853	0.0	3.8324275529190692	0.0	3.7659691619317357	0.0	3.703517211346627	0.0	3.64469523370619	0.0	3.5905100418242313	0.0	3.5389209816895986	0.0	3.4871160206927114	0.0	3.439442561708491	0.0	3.3932032945553563	0.0	3.3488946481426405	-5.664855801095583e-06	3.30644897181459	-5.9544721062754184e-06	3.2657760002002902	0.0	3.227232930457909	0.0	3.1897848140284766	0.0
13	143	4	0	0	1965	21275	768	3867	510	1084	429	619	369	484	362	396	356	374	322	358	320	339	302	330	269	309	255	277	254	260	252	257	246	254	239	248	225	239	220	227	231	219	226	232	231	226	223	231	220	223	212	222	208	213	198	207	191	201	179	188	167	4080	4095	66.0	186.91767666006547	104.042799949646	15	1	0.8381719589233398	2.7478862413528056	1.646090534979424			4.499553479425706	8.24628384271013	2.90041164696552	4.504735389024149	2.2279498492857455	2.65979634400687	2.00027975940691	2.4539147670961348	1.7832978929054708	2.4980645161290322	1.7877426045730653	2.400290944356892	1.7865208009233704	2.4956626184438813	1.622738497203044	2.4662441443923946	1.6161616161616161	2.362533974492996	1.5348648099207156	2.2937374018210885	1.3730794752692561	2.112531619607575	1.2999592169657423	1.8755501388042521	1.2955878602397348	1.7169649342930728	1.2866990043400561	1.6580645161290324	1.2561274509803921	1.597986788298207	1.2254524944880274	1.5233415233415233	1.1614701631220317	1.4456811033147836	1.1332028433089523	1.3540113331345063	1.1945392491467577	1.2873265929931812	1.1685625646328852	1.3392599434278127	1.1939218523878437	1.290985947675083	1.1542443064182195	1.296441800426535	1.1420265780730898	1.2355255138788852	1.1083228774571308	1.2176393154892498	1.0987269557868047	1.1627906976744187	1.0572969509264698	1.1255505410255016	1.0262196432409199	1.087956698240866	0.9738316740112073	1.0169858271124095	0.9175824175824175	4.8238354220856	4.819461444308446	1.937756899588961	2.7824917797820246	1.8949333123611471	3.865979381443299	4.761904761904762	5.158996168585974	2.4069290322580645	13.097500000000002	0.2151480529000731	17.902206878135313	-1.4305619533465136e-05	9.901081615230003	-9.6032697212747e-07	7.391773333967786	0.0	6.2353335995974914	-2.0747878010776447e-06	5.587981761825125	1.089497894000571e-06	5.175099802055916	1.1448485250916451e-06	4.889057778173278	0.0	4.675506025860458	0.0	4.506008378486125	0.0	4.368906648000156	0.0	4.251351532318871	0.0	4.149409448818898	0.0	4.056773712752296	0.0	3.975090345895715	0.0	3.9012406433277853	0.0	3.8324275529190692	0.0	3.7659691619317357	0.0	3.703517211346627	0.0	3.64469523370619	0.0	3.5905100418242313	0.0	3.5389209816895986	0.0	3.4871160206927114	0.0	3.439442561708491	0.0	3.3932032945553563	0.0	3.3488946481426405	-5.664855801095583e-06	3.30644897181459	-5.9544721062754184e-06	3.2657760002002902	0.0	3.227232930457909	0.0	3.1897848140284766	0.0
14	165	3	0	0	1891	21356	753	3184	506	989	393	540	343	451	323	364	313	318	307	311	299	296	275	301	261	274	257	259	249	256	249	251	227	249	218	227	210	219	204	211	201	204	183	201	187	184	185	184	190	184	192	196	185	191	184	186	186	183	172	187	157	4081	4095	63.0	171.6890523963141	97.28130722045898	14	1	0.8371286392211914	3.1706379707916987	1.2345679012345678			4.3301046461038215	8.277679799996124	2.8437629819857246	3.7090968395792316	2.2104757328207594	2.426696110906637	1.8324241152608758	2.140733399405352	1.6576454668470908	2.3277419354838713	1.5951405007654698	2.2063280397623957	1.5707331760927385	2.121980515147471	1.5471450889482437	2.142463488564343	1.5101010101010102	2.0628615234511116	1.3976417971132344	2.092166539236811	1.3322443979378287	1.8732481028235455	1.3101549755301793	1.753673234477622	1.2700841622035195	1.6905500891501022	1.2713811590502937	1.6193548387096772	1.159109477124183	1.566530355457691	1.1177767522945188	1.3943488943488944	1.0840388189138963	1.3247036051294458	1.0507880910683012	1.258574410975246	1.0394042817251008	1.1991535386785799	0.9462254395036195	1.1603071061594412	0.9665081662187306	1.051068205186793	0.9575569358178054	1.0326635986081492	0.9862956810631229	1.0194470607789905	1.0037641154328731	1.075032909170689	0.9772331097142253	1.0426902500272954	0.9825385806589416	1.0113642542547985	0.9993552546744037	0.9905277401894452	0.9357488711169142	1.0115763280320242	0.8626373626373627	4.825017734689052	4.819461444308446	1.849677040516735	2.5557956074968367	1.7717861285096443	3.608247422680412	4.761904761904762	5.1525744763679375	2.4069290322580645	13.097500000000002	0.2151480529000731	17.902206878135313	-1.4305619533465136e-05	9.901081615230003	-9.6032697212747e-07	7.391773333967786	0.0	6.2353335995974914	-2.0747878010776447e-06	5.587981761825125	1.089497894000571e-06	5.175099802055916	1.1448485250916451e-06	4.889057778173278	0.0	4.675506025860458	0.0	4.506008378486125	0.0	4.368906648000156	0.0	4.251351532318871	0.0	4.149409448818898	0.0	4.056773712752296	0.0	3.975090345895715	0.0	3.9012406433277853	0.0	3.8324275529190692	0.0	3.7659691619317357	0.0	3.703517211346627	0.0	3.64469523370619	0.0	3.5905100418242313	0.0	3.5389209816895986	0.0	3.4871160206927114	0.0	3.439442561708491	0.0	3.3932032945553563	0.0	3.3488946481426405	-5.664855801095583e-06	3.30644897181459	-5.9544721062754184e-06	3.2657760002002902	0.0	3.227232930457909	0.0	3.1897848140284766	0.0
15	304	2	0	0	2217	19883	836	2885	535	916	455	562	370	474	323	384	287	325	277	291	238	275	219	238	203	215	214	206	204	215	190	204	205	189	204	203	180	203	174	183	164	174	162	167	153	157	151	152	151	152	144	147	134	142	130	129	140	136	126	131	120	4013	4026	60.0	148.72358376813668	88.09641170501709	13	1	0.8249750137329102	5.841660261337433	0.823045267489712			5.0765954523596895	7.70673850268416	3.157218928207259	3.360786552194122	2.3371630771919096	2.24757698441909	2.121508835734602	2.2279484638255695	1.7881306785231008	2.446451612903226	1.5951405007654698	2.3275548551339558	1.440256937823054	2.1686907780595224	1.3959582724386432	2.0046844860843205	1.202020202020202	1.9165098613143774	1.113031103882903	1.654271217070967	1.0361900872849776	1.469884460244753	1.09094616639478	1.3948134606269889	1.0405508798775822	1.4197979264346563	0.970130201684963	1.3161290322580645	1.0467728758169934	1.1890531613715005	1.045992924165513	1.246928746928747	0.9291761304976255	1.227921606581176	0.8962604306170805	1.0915597971965405	0.8480711552383908	1.0228074300493768	0.8376421923474663	0.9640362523812273	0.7907794087244159	0.8968353707300354	0.7815734989648033	0.8530699292849928	0.7838455149501661	0.8421519197739487	0.7528230865746549	0.8062746818780167	0.7078337119011147	0.7751937984496124	0.6941848667699044	0.7014300473057473	0.7522028798624544	0.7361299052774019	0.6854904520972743	0.7086443795304554	0.6593406593406593	4.7446204776542915	4.738254401657095	1.7615971814445095	2.213927311150748	1.6045014678585392	3.350515463917526	4.761904761904762	5.077768218939554	2.4069290322580645	13.097500000000002	0.2151480529000731	17.902206878135313	-1.4305619533465136e-05	9.901081615230003	-9.6032697212747e-07	7.391773333967786	0.0	6.2353335995974914	-2.0747878010776447e-06	5.587981761825125	1.089497894000571e-06	5.175099802055916	1.1448485250916451e-06	4.889057778173278	0.0	4.675506025860458	0.0	4.506008378486125	0.0	4.368906648000156	0.0	4.251351532318871	0.0	4.149409448818898	0.0	4.056773712752296	0.0	3.975090345895715	0.0	3.9012406433277853	0.0	3.8324275529190692	0.0	3.7659691619317357	0.0	3.703517211346627	0.0	3.64469523370619	0.0	3.5905100418242313	0.0	3.5389209816895986	0.0	3.4871160206927114	0.0	3.439442561708491	0.0	3.3932032945553563	0.0	3.3488946481426405	-5.664855801095583e-06	3.30644897181459	-5.9544721062754184e-06	3.2657760002002902	0.0	3.227232930457909	0.0	3.1897848140284766	0.0
16	759	2	0	0	2328	18627	796	2426	536	796	385	536	332	377	285	336	231	281	217	232	205	218	187	198	191	188	175	192	166	172	160	169	146	158	139	148	132	137	128	133	125	128	124	125	114	117	115	113	109	114	109	110	105	105	103	102	99	100	96	97	98	4082	4095	59.0	143.8625043719521	83.67733669281006	13	1	0.8149003982543945	14.584934665641814	0.823045267489712			5.330768702342516	7.2199073625457855	3.0061558215944713	2.826089488950759	2.341531606308156	1.9531345847135322	1.7951228610062016	2.124876114965312	1.6044848250531607	1.9458064516129032	1.4074769124401205	2.036610498242211	1.1592311938575801	1.8750834111837713	1.0935846394194426	1.5982364287682558	1.0353535353535355	1.51926963551467	0.9503964220369994	1.376242441092653	0.9749374712878363	1.2852943187256443	0.8921288743882545	1.3000203128173877	0.8467227748023464	1.1358383411477249	0.8169517487873373	1.0903225806451613	0.7455065359477124	0.9940232777603021	0.712710864995129	0.9090909090909091	0.681395829031592	0.8286958625695621	0.6593180179252086	0.7933194154488519	0.6463956975902369	0.7524100634845992	0.6411582213029989	0.7215840212434336	0.5892081868927022	0.66834228264595	0.5952380952380952	0.6341901447973959	0.5658222591362126	0.6316139398304615	0.5698452530322041	0.6033347959631418	0.5546458190269928	0.5732066819521782	0.5500080098253858	0.5546191071719864	0.5319148936170213	0.5412719891745602	0.5222784396931615	0.5247214107973601	0.5384615384615384	4.826200047292504	4.819461444308446	1.7322372284204346	2.1415643666586117	1.5240167783412775	3.350515463917526	4.761904761904762	5.015758386589159	2.4069290322580645	13.097500000000002	0.2151480529000731	17.902206878135313	-1.4305619533465136e-05	9.901081615230003	-9.6032697212747e-07	7.391773333967786	0.0	6.2353335995974914	-2.0747878010776447e-06	5.587981761825125	1.089497894000571e-06	5.175099802055916	1.1448485250916451e-06	4.889057778173278	0.0	4.675506025860458	0.0	4.506008378486125	0.0	4.368906648000156	0.0	4.251351532318871	0.0	4.149409448818898	0.0	4.056773712752296	0.0	3.975090345895715	0.0	3.9012406433277853	0.0	3.8324275529190692	0.0	3.7659691619317357	0.0	3.703517211346627	0.0	3.64469523370619	0.0	3.5905100418242313	0.0	3.5389209816895986	0.0	3.4871160206927114	0.0	3.439442561708491	0.0	3.3932032945553563	0.0	3.3488946481426405	-5.664855801095583e-06	3.30644897181459	-5.9544721062754184e-06	3.2657760002002902	0.0	3.227232930457909	0.0	3.1897848140284766	0.0
17	1573	0	0	0	2663	16010	844	1953	465	759	333	439	287	324	242	277	208	227	183	202	175	180	164	173	143	153	146	139	143	142	134	144	132	133	135	131	125	126	119	123	117	118	108	108	99	104	91	94	93	93	87	86	82	89	79	82	75	76	71	67	70	4083	4095	55.0	119.5047952601649	74.59792613983154	12	1	0.7944011688232422	30.226748654880858	0.0			6.097868150488883	6.2055466191205255	3.1874315495298164	2.275083582819799	2.0313660390546504	1.862348178137652	1.5526647083508183	1.740336967294351	1.3870094722598105	1.672258064516129	1.195120746703541	1.6789913928961084	1.0438099061574748	1.5147470972908048	0.9222395807085622	1.3915679250482227	0.8838383838383838	1.2544428183148653	0.8335027444602562	1.202474456106207	0.7299270072992701	1.0460108019416148	0.7442903752039152	0.9411605389667547	0.7294057638357562	0.9377270025754473	0.684197089609395	0.9290322580645161	0.6740196078431373	0.8367411135577225	0.6922011998154131	0.8046683046683047	0.6452612017344621	0.7621582385676264	0.6129597197898424	0.733671339099314	0.6050263729444617	0.6936280272748648	0.5584281282316442	0.6234485943543265	0.5116807938805045	0.5940820290186222	0.4710144927536232	0.5275564036367718	0.48276578073089704	0.5152640035459028	0.4548306148055207	0.4716981132075472	0.43315197295441343	0.48586090184517966	0.4218508036524804	0.4458702626284595	0.40296582849774343	0.4113667117726658	0.38626842935640066	0.36243643838580547	0.38461538461538464	4.827382359895957	4.819461444308446	1.6147974163241339	1.7789709159539595	1.3586533171333028	3.0927835051546393	4.761904761904762	4.889584461336248	2.4069290322580645	13.097500000000002	0.2151480529000731	17.902206878135313	-1.4305619533465136e-05	9.901081615230003	-9.6032697212747e-07	7.391773333967786	0.0	6.2353335995974914	-2.0747878010776447e-06	5.587981761825125	1.089497894000571e-06	5.175099802055916	1.1448485250916451e-06	4.889057778173278	0.0	4.675506025860458	0.0	4.506008378486125	0.0	4.368906648000156	0.0	4.251351532318871	0.0	4.149409448818898	0.0	4.056773712752296	0.0	3.975090345895715	0.0	3.9012406433277853	0.0	3.8324275529190692	0.0	3.7659691619317357	0.0	3.703517211346627	0.0	3.64469523370619	0.0	3.5905100418242313	0.0	3.5389209816895986	0.0	3.4871160206927114	0.0	3.439442561708491	0.0	3.3932032945553563	0.0	3.3488946481426405	-5.664855801095583e-06	3.30644897181459	-5.9544721062754184e-06	3.2657760002002902	0.0	3.227232930457909	0.0	3.1897848140284766	0.0
18	1196	1	0	0	2712	15913	753	1760	445	628	329	395	286	326	232	260	176	222	170	177	161	160	156	156	138	150	146	153	137	142	138	138	131	130	117	128	115	117	110	112	110	108	101	112	96	102	95	100	92	96	91	88	86	88	85	86	82	84	80	82	80	3956	3968	53.0	106.5254451432053	70.27942085266113	12	1	0.7880401611328125	22.982321291314374	0.411522633744856			6.210070756337157	6.167948991259521	2.8437629819857246	2.0502545344407817	1.943995456729719	1.5409152251257514	1.534014081223481	1.5659068384539148	1.3821766866421805	1.6825806451612901	1.1457355918810805	1.5759485998302827	0.8832237667486325	1.4813826237821968	0.856725293554402	1.219344171948195	0.8131313131313131	1.1150602829465468	0.7928440739987802	1.0843122263154237	0.7044050839671278	1.0255007862172694	0.7442903752039152	1.035953686776356	0.6988013261922978	0.9377270025754473	0.7046208833290784	0.8903225806451612	0.6689133986928104	0.817867253853413	0.5999077065066913	0.7862407862407862	0.5936403055957051	0.7077183643842245	0.5666014216544761	0.6680584551148225	0.5688282138794084	0.6348459910651305	0.5222337125129266	0.6465392830341166	0.49617531527806497	0.5826573746144179	0.4917184265010352	0.5612302166348636	0.4775747508305648	0.5318854230151255	0.4757423672103723	0.4826678367705134	0.45428133748877497	0.48040179058849214	0.4538901051957068	0.4676200315371649	0.4405759724908661	0.4546684709066306	0.43523203307763453	0.4435789245915828	0.43956043956043955	4.677228659257508	4.669993409283495	1.5560775102759836	1.585757862738919	1.2800003057550293	3.0927835051546393	4.761904761904762	4.850432096533414	2.4069290322580645	13.097500000000002	0.2151480529000731	17.902206878135313	-1.4305619533465136e-05	9.901081615230003	-9.6032697212747e-07	7.391773333967786	0.0	6.2353335995974914	-2.0747878010776447e-06	5.587981761825125	1.089497894000571e-06	5.175099802055916	1.1448485250916451e-06	4.889057778173278	0.0	4.675506025860458	0.0	4.506008378486125	0.0	4.368906648000156	0.0	4.251351532318871	0.0	4.149409448818898	0.0	4.056773712752296	0.0	3.975090345895715	0.0	3.9012406433277853	0.0	3.8324275529190692	0.0	3.7659691619317357	0.0	3.703517211346627	0.0	3.64469523370619	0.0	3.5905100418242313	0.0	3.5389209816895986	0.0	3.4871160206927114	0.0	3.439442561708491	0.0	3.3932032945553563	0.0	3.3488946481426405	-5.664855801095583e-06	3.30644897181459	-5.9544721062754184e-06	3.2657760002002902	0.0	3.227232930457909	0.0	3.1897848140284766	0.0
19	595	2	0	0	3145	18279	757	2007	455	599	320	419	255	280	237	248	213	215	189	188	187	183	166	181	151	152	144	153	142	139	129	134	127	124	115	120	108	110	97	104	91	95	85	89	83	82	79	81	75	75	68	70	67	67	66	67	61	65	62	64	61	3766	3778	52.0	93.80530386800874	66.20521068572998	12	1	0.7735567092895508	11.433512682551882	0.823045267489712			7.2015754161800745	7.085021027539293	2.858869292647003	2.3379891196719593	1.9876807478921847	1.469758311863575	1.4920501701869724	1.6610505450941524	1.2323603324956505	1.4451612903225806	1.1704281692923106	1.5032125106073462	1.0689014904401064	1.4346723608701455	0.9524769440104823	1.295122623312207	0.9444444444444444	1.275350198620113	0.8436674120756252	1.2580802113018696	0.7707620846306977	1.0391741300334998	0.734094616639478	1.035953686776356	0.7243050242285132	0.9179158687182196	0.6586673474597906	0.864516129032258	0.6484885620915033	0.780119534444794	0.5896528739168333	0.7371007371007371	0.5575056782985752	0.6653762400193564	0.4996394354589472	0.6203399940351924	0.4705760678456924	0.5584293439924759	0.43950361944157185	0.5137678231253248	0.4289849080008269	0.4684108305723752	0.4089026915113872	0.4545964754742396	0.38932724252491696	0.41553548673056684	0.35549979088247596	0.38394032470381745	0.35391685595055733	0.36576045419805653	0.35243231697548993	0.36430862922081453	0.32774554051149796	0.35182679296346414	0.3373048256351667	0.34620794114465	0.33516483516483514	4.452589264601561	4.446379813576876	1.5267175572519083	1.396403441218537	1.2057966456207887	3.0927835051546393	4.761904761904762	4.761285625130018	2.4069290322580645	13.097500000000002	0.2151480529000731	17.902206878135313	-1.4305619533465136e-05	9.901081615230003	-9.6032697212747e-07	7.391773333967786	0.0	6.2353335995974914	-2.0747878010776447e-06	5.587981761825125	1.089497894000571e-06	5.175099802055916	1.1448485250916451e-06	4.889057778173278	0.0	4.675506025860458	0.0	4.506008378486125	0.0	4.368906648000156	0.0	4.251351532318871	0.0	4.149409448818898	0.0	4.056773712752296	0.0	3.975090345895715	0.0	3.9012406433277853	0.0	3.8324275529190692	0.0	3.7659691619317357	0.0	3.703517211346627	0.0	3.64469523370619	0.0	3.5905100418242313	0.0	3.5389209816895986	0.0	3.4871160206927114	0.0	3.439442561708491	0.0	3.3932032945553563	0.0	3.3488946481426405	-5.664855801095583e-06	3.30644897181459	-5.9544721062754184e-06	3.2657760002002902	0.0	3.227232930457909	0.0	3.1897848140284766	0.0
20	337	1	0	0	3648	21571	928	2203	434	693	306	395	235	277	208	238	187	212	156	178	150	153	141	151	124	137	122	119	99	107	90	93	95	91	90	90	88	87	85	85	89	85	86	82	82	84	80	78	77	77	72	74	68	71	64	65	55	59	54	56	54	3569	3581	50.0	85.67376098611369	62.90211009979248	12	1	0.7477760314941406	6.475787855495772	0.411522633744856			8.353369512949097	8.361014748347836	3.5046640734166696	2.5663129200983192	1.8959416364510067	1.7004048582995952	1.4267729752412925	1.5659068384539148	1.1357046201430505	1.4296774193548387	1.0272112203071757	1.4425991029215661	0.938425252170422	1.4146536767649807	0.7861714458499218	1.226233122072196	0.7575757575757576	1.0662763955676355	0.7166090668835129	1.0495586293181345	0.6329436986371293	0.9366240514117727	0.6219412724306688	0.80574175638161	0.504973221117062	0.7065971075744568	0.4595353586928772	0.6	0.48508986928104575	0.5725070776973891	0.46146746654360865	0.5528255528255528	0.4542638860210614	0.5262521171062182	0.43782837127845886	0.5070086489710707	0.46023373668424866	0.4996473077827416	0.4446742502585315	0.4733591179356924	0.4238164151333471	0.47983548497657946	0.4140786749482402	0.4377595689751936	0.39970930232558144	0.4266164330433819	0.37641154328732745	0.4058797718297499	0.35919919708414766	0.3875968992248062	0.3417525497944145	0.3534337447664619	0.29550827423167847	0.3193504736129905	0.2937816223274033	0.3029319485015688	0.2967032967032967	4.219673681721447	4.214527822238961	1.4679976512037582	1.275355760602614	1.145637217602686	3.0927835051546393	4.761904761904762	4.60260408424321	2.4069290322580645	13.097500000000002	0.2151480529000731	17.902206878135313	-1.4305619533465136e-05	9.901081615230003	-9.6032697212747e-07	7.391773333967786	0.0	6.2353335995974914	-2.0747878010776447e-06	5.587981761825125	1.089497894000571e-06	5.175099802055916	1.1448485250916451e-06	4.889057778173278	0.0	4.675506025860458	0.0	4.506008378486125	0.0	4.368906648000156	0.0	4.251351532318871	0.0	4.149409448818898	0.0	4.056773712752296	0.0	3.975090345895715	0.0	3.9012406433277853	0.0	3.8324275529190692	0.0	3.7659691619317357	0.0	3.703517211346627	0.0	3.64469523370619	0.0	3.5905100418242313	0.0	3.5389209816895986	0.0	3.4871160206927114	0.0	3.439442561708491	0.0	3.3932032945553563	0.0	3.3488946481426405	-5.664855801095583e-06	3.30644897181459	-5.9544721062754184e-06	3.2657760002002902	0.0	3.227232930457909	0.0	3.1897848140284766	0.0
