	counts(inten<0.01	MicrocoloniesPlatonic	MicrocoloniesAggregates	MicrocoloniesLarge	counts(Norminten<0.01	counts(inten<0.02	counts(Norminten<0.02	counts(inten<0.03	counts(Norminten<0.03	counts(inten<0.04	counts(Norminten<0.04	counts(inten<0.05	counts(Norminten<0.05	counts(inten<0.060000000000000005	counts(Norminten<0.060000000000000005	counts(inten<0.06999999999999999	counts(Norminten<0.06999999999999999	counts(inten<0.08	counts(Norminten<0.08	counts(inten<0.09	counts(Norminten<0.09	counts(inten<0.09999999999999999	counts(Norminten<0.09999999999999999	counts(inten<0.11	counts(Norminten<0.11	counts(inten<0.12	counts(Norminten<0.12	counts(inten<0.13	counts(Norminten<0.13	counts(inten<0.14	counts(Norminten<0.14	counts(inten<0.15000000000000002	counts(Norminten<0.15000000000000002	counts(inten<0.16	counts(Norminten<0.16	counts(inten<0.17	counts(Norminten<0.17	counts(inten<0.18000000000000002	counts(Norminten<0.18000000000000002	counts(inten<0.19	counts(Norminten<0.19	counts(inten<0.2	counts(Norminten<0.2	counts(inten<0.21000000000000002	counts(Norminten<0.21000000000000002	counts(inten<0.22	counts(Norminten<0.22	counts(inten<0.23	counts(Norminten<0.23	counts(inten<0.24000000000000002	counts(Norminten<0.24000000000000002	counts(inten<0.25	counts(Norminten<0.25	counts(inten<0.26	counts(Norminten<0.26	counts(inten<0.27	counts(Norminten<0.27	counts(inten<0.28	counts(Norminten<0.28	counts(inten<0.29000000000000004	counts(Norminten<0.29000000000000004	diff	max	med	std	mean	min	eigenLocal	minProp	counts(inten<0.01Normalized	MicrocoloniesPlatonicNormalized	MicrocoloniesAggregatesNormalized	MicrocoloniesLargeNormalized	counts(Norminten<0.01Normalized	counts(inten<0.02Normalized	counts(Norminten<0.02Normalized	counts(inten<0.03Normalized	counts(Norminten<0.03Normalized	counts(inten<0.04Normalized	counts(Norminten<0.04Normalized	counts(inten<0.05Normalized	counts(Norminten<0.05Normalized	counts(inten<0.060000000000000005Normalized	counts(Norminten<0.060000000000000005Normalized	counts(inten<0.06999999999999999Normalized	counts(Norminten<0.06999999999999999Normalized	counts(inten<0.08Normalized	counts(Norminten<0.08Normalized	counts(inten<0.09Normalized	counts(Norminten<0.09Normalized	counts(inten<0.09999999999999999Normalized	counts(Norminten<0.09999999999999999Normalized	counts(inten<0.11Normalized	counts(Norminten<0.11Normalized	counts(inten<0.12Normalized	counts(Norminten<0.12Normalized	counts(inten<0.13Normalized	counts(Norminten<0.13Normalized	counts(inten<0.14Normalized	counts(Norminten<0.14Normalized	counts(inten<0.15000000000000002Normalized	counts(Norminten<0.15000000000000002Normalized	counts(inten<0.16Normalized	counts(Norminten<0.16Normalized	counts(inten<0.17Normalized	counts(Norminten<0.17Normalized	counts(inten<0.18000000000000002Normalized	counts(Norminten<0.18000000000000002Normalized	counts(inten<0.19Normalized	counts(Norminten<0.19Normalized	counts(inten<0.2Normalized	counts(Norminten<0.2Normalized	counts(inten<0.21000000000000002Normalized	counts(Norminten<0.21000000000000002Normalized	counts(inten<0.22Normalized	counts(Norminten<0.22Normalized	counts(inten<0.23Normalized	counts(Norminten<0.23Normalized	counts(inten<0.24000000000000002Normalized	counts(Norminten<0.24000000000000002Normalized	counts(inten<0.25Normalized	counts(Norminten<0.25Normalized	counts(inten<0.26Normalized	counts(Norminten<0.26Normalized	counts(inten<0.27Normalized	counts(Norminten<0.27Normalized	counts(inten<0.28Normalized	counts(Norminten<0.28Normalized	counts(inten<0.29000000000000004Normalized	counts(Norminten<0.29000000000000004Normalized	diffNormalized	maxNormalized	medNormalized	stdNormalized	meanNormalized	minNormalized	eigenLocalNormalized	minPropNormalized	BioVolume	SubstratumCoverage	Homogenity	ThicknessThreshold=0.01	RoughnessThreshold=0.01	ThicknessThreshold=0.02	RoughnessThreshold=0.02	ThicknessThreshold=0.03	RoughnessThreshold=0.03	ThicknessThreshold=0.04	RoughnessThreshold=0.04	ThicknessThreshold=0.05	RoughnessThreshold=0.05	ThicknessThreshold=0.060000000000000005	RoughnessThreshold=0.060000000000000005	ThicknessThreshold=0.06999999999999999	RoughnessThreshold=0.06999999999999999	ThicknessThreshold=0.08	RoughnessThreshold=0.08	ThicknessThreshold=0.09	RoughnessThreshold=0.09	ThicknessThreshold=0.09999999999999999	RoughnessThreshold=0.09999999999999999	ThicknessThreshold=0.11	RoughnessThreshold=0.11	ThicknessThreshold=0.12	RoughnessThreshold=0.12	ThicknessThreshold=0.13	RoughnessThreshold=0.13	ThicknessThreshold=0.14	RoughnessThreshold=0.14	ThicknessThreshold=0.15000000000000002	RoughnessThreshold=0.15000000000000002	ThicknessThreshold=0.16	RoughnessThreshold=0.16	ThicknessThreshold=0.17	RoughnessThreshold=0.17	ThicknessThreshold=0.18000000000000002	RoughnessThreshold=0.18000000000000002	ThicknessThreshold=0.19	RoughnessThreshold=0.19	ThicknessThreshold=0.2	RoughnessThreshold=0.2	ThicknessThreshold=0.21000000000000002	RoughnessThreshold=0.21000000000000002	ThicknessThreshold=0.22	RoughnessThreshold=0.22	ThicknessThreshold=0.23	RoughnessThreshold=0.23	ThicknessThreshold=0.24000000000000002	RoughnessThreshold=0.24000000000000002	ThicknessThreshold=0.25	RoughnessThreshold=0.25	ThicknessThreshold=0.26	RoughnessThreshold=0.26	ThicknessThreshold=0.27	RoughnessThreshold=0.27	ThicknessThreshold=0.28	RoughnessThreshold=0.28	ThicknessThreshold=0.29000000000000004	RoughnessThreshold=0.29000000000000004
0	1	40	0	0	3219	56	3370	251	3498	358	3635	346	3762	295	3911	278	4042	258	4160	279	4304	352	4419	468	4568	642	4663	791	4751	966	4871	1172	4968	1361	5031	1569	5085	1771	5174	2000	5223	2234	5292	2428	5306	2637	5332	2832	5372	3035	5358	3257	5351	3439	5344	3608	5347	3767	5331	3959	5314	4077	4095	805.0	758.0209480340504	987.8627815246582	18	1	0.5874605178833008	0.025290844714213456	13.029315960912053			8.762760310330748	0.027412817450216363	12.566655479733004	0.2791928989343952	14.474283113336368	0.762610770279482	15.622313907512464	1.150227718493401	16.435842544453667	1.2918765053645718	17.270920733053654	1.4268117429685896	17.78110153088158	1.4558997799221263	18.30744179905822	1.6327247191011238	18.783276599458844	2.0763286733911404	19.102580728828947	2.759433962264151	19.566521031440075	3.774028569748986	19.84508660680087	4.616551885140656	20.034578729864215	5.558432591058174	20.35350158783219	6.563987678521423	20.67932067932068	7.46366876885111	20.81161578555473	8.423708794158703	20.853838582677163	9.31516936671576	21.169346589746738	10.219724067450178	21.250712018878673	11.137700668062617	21.529698942229455	11.872860635696822	21.53846153846154	12.62689140011492	21.57568890867155	13.27956485041733	21.71382376717866	14.06329641814559	21.681774036905146	14.894590021493576	21.661336679755493	15.528062491533841	21.690072246123872	16.027719781440187	21.796021522908855	16.6379576873813	21.8277852843631	17.351858345021036	21.89173601384197	4.774731516507197	4.774897680763983	20.044820717131472	9.030179847305485	14.19796825636556	4.81283422459893	4.761904761904762	3.7083076730436626	6.261051136363636	5.9488	0.14981997010514123	19.291575190788006	-1.33518351620579e-05	12.355283978307959	-1.6322815359193154e-05	9.514822798095576	-1.6816564909962134e-05	8.125114592710664	-1.342078177086183e-05	7.302832967836651	-1.402300635997273e-05	6.745198024201396	-1.5748810964772158e-05	6.333462490708278	-1.6388568271263582e-05	6.0071598087311715	-1.7029807027958077e-05	5.738615073854311	-1.8937026811042558e-05	5.5084552228056625	-1.9642017680434847e-05	5.305111808072991	-2.036579686611118e-05	5.130237019966248	-1.9721170817738348e-05	4.97371522487403	-5.848868170898079e-06	4.8308046661581985	-6.077318686995298e-06	4.6950330195085135	-3.1582554428584737e-06	4.572243555301421	-3.286230693394676e-06	4.454772412873263	-3.419925856007442e-06	4.343818235572796	-1.781029541937012e-06	4.239173210075922	-1.8562897594062844e-06	4.138437065176793	-1.9352391568550042e-06	4.047382914552589	-2.017414320413812e-06	3.9553626704064486	-2.105737502974354e-06	3.866786114714094	-2.1984351538574844e-06	3.785941720788551	0.0	3.7064692892778277	0.0	3.6291636347155674	2.51788960564813e-06	3.5540751277593383	2.634220099626204e-06	3.483562835794097	0.0	3.4177174095781377	0.0
1	1	49	0	0	2430	122	2518	459	2636	472	2740	622	2788	721	2845	811	2935	955	2971	1054	3028	1201	3071	1367	3099	1465	3144	1605	3157	1703	3207	1841	3213	1964	3237	2094	3257	2185	3277	2275	3303	2390	3293	2476	3310	2637	3346	2746	3347	2816	3369	2899	3355	2960	3363	3033	3348	3080	3355	3113	3341	4067	4095	561.0	726.6632049721292	807.5983247756958	28	1	0.6278982162475586	0.025290844714213456	15.960912052117262			6.61494487545937	0.05972078087368565	9.389566319871722	0.5105559386887945	10.907435759506766	1.0054533060668032	11.775829465360152	2.067750407233802	12.180523395517499	3.157433763958835	12.563479796864648	4.162389653048655	12.911314446595107	5.389086394672987	13.074858073317783	6.168071161048689	13.214628611329319	7.084291865746476	13.275407426619982	8.060141509433963	13.274222564893343	8.612074540003526	13.380431544452485	9.367339792225984	13.312810997722865	9.799182921917257	13.40046799264583	10.310837300476058	13.374125874125875	10.770496298327393	13.390419458922809	11.242349404058842	13.357119422572177	11.492741426467495	13.407798371588726	11.62493612672458	13.438847750020344	11.915445208894207	13.39707078925956	12.10757946210269	13.436168053582302	12.62689140011492	13.539432687249626	12.876301228547312	13.528698464025869	13.048514897363422	13.633052767886047	13.257419856404628	13.581346395174677	13.365241341942474	13.649646886922639	13.473412998089824	13.647480841350074	13.603639415220176	13.73705114031855	13.643934081346423	13.763697783636813	4.763020131870191	4.774897680763983	13.969123505976095	8.656620171693428	11.60713369660756	7.4866310160427805	4.761904761904762	3.963568107676294	6.261051136363636	5.9488	0.14981997010514123	19.291575190788006	-1.33518351620579e-05	12.355283978307959	-1.6322815359193154e-05	9.514822798095576	-1.6816564909962134e-05	8.125114592710664	-1.342078177086183e-05	7.302832967836651	-1.402300635997273e-05	6.745198024201396	-1.5748810964772158e-05	6.333462490708278	-1.6388568271263582e-05	6.0071598087311715	-1.7029807027958077e-05	5.738615073854311	-1.8937026811042558e-05	5.5084552228056625	-1.9642017680434847e-05	5.305111808072991	-2.036579686611118e-05	5.130237019966248	-1.9721170817738348e-05	4.97371522487403	-5.848868170898079e-06	4.8308046661581985	-6.077318686995298e-06	4.6950330195085135	-3.1582554428584737e-06	4.572243555301421	-3.286230693394676e-06	4.454772412873263	-3.419925856007442e-06	4.343818235572796	-1.781029541937012e-06	4.239173210075922	-1.8562897594062844e-06	4.138437065176793	-1.9352391568550042e-06	4.047382914552589	-2.017414320413812e-06	3.9553626704064486	-2.105737502974354e-06	3.866786114714094	-2.1984351538574844e-06	3.785941720788551	0.0	3.7064692892778277	0.0	3.6291636347155674	2.51788960564813e-06	3.5540751277593383	2.634220099626204e-06	3.483562835794097	0.0	3.4177174095781377	0.0
2	1	31	0	0	2180	229	2216	598	2268	886	2319	1121	2327	1129	2364	1316	2385	1395	2399	1565	2427	1702	2422	1832	2404	1894	2392	1926	2421	2004	2417	2072	2434	2122	2423	2187	2422	2203	2444	2265	2482	2319	2474	2352	2504	2374	2482	2402	2471	2437	2490	2424	2472	2416	2457	2418	2436	2413	2413	2447	2404	4068	4095	425.0	667.9650141301425	679.4149694442749	27	1	0.6581850051879883	0.025290844714213456	10.097719869706841			5.9343949911528515	0.11209884278749191	8.263414997949061	0.6651687392938979	9.38469814209459	1.8873551465576006	9.966477565755543	3.7266048336159034	10.166455502643192	4.944164659513904	10.4393905939501	6.754259905563539	10.491817701918	7.872016251904521	10.557584825947277	9.158473782771535	10.591777952343545	10.03952102872648	10.469891496995634	10.80188679245283	10.297267197806905	11.133972135676915	10.180022981657233	11.24080775067118	10.209159146495741	11.531158294493354	10.099448437238843	11.604592551106133	10.13153513153513	11.636961886482041	10.02316538429718	11.74165145495544	9.93274278215223	11.587418472543657	9.999590851438157	11.573837506387328	10.098462039222069	11.561471731977266	10.065093572009765	11.50122249388753	10.164400243555917	11.367554108408351	10.043297050135557	11.263246741067242	9.987873888439774	11.292340484685603	10.076076400129491	11.085196871998901	10.0068817552524	10.908926716936831	9.972400357171848	10.741415308071609	9.929887493885538	10.657656463937105	9.880031118208246	10.72492987377279	9.903600560270249	4.764191270333892	4.774897680763983	10.582669322709163	7.95735820355216	9.764830044696454	7.219251336898395	4.761904761904762	4.154751563245917	6.261051136363636	5.9488	0.14981997010514123	19.291575190788006	-1.33518351620579e-05	12.355283978307959	-1.6322815359193154e-05	9.514822798095576	-1.6816564909962134e-05	8.125114592710664	-1.342078177086183e-05	7.302832967836651	-1.402300635997273e-05	6.745198024201396	-1.5748810964772158e-05	6.333462490708278	-1.6388568271263582e-05	6.0071598087311715	-1.7029807027958077e-05	5.738615073854311	-1.8937026811042558e-05	5.5084552228056625	-1.9642017680434847e-05	5.305111808072991	-2.036579686611118e-05	5.130237019966248	-1.9721170817738348e-05	4.97371522487403	-5.848868170898079e-06	4.8308046661581985	-6.077318686995298e-06	4.6950330195085135	-3.1582554428584737e-06	4.572243555301421	-3.286230693394676e-06	4.454772412873263	-3.419925856007442e-06	4.343818235572796	-1.781029541937012e-06	4.239173210075922	-1.8562897594062844e-06	4.138437065176793	-1.9352391568550042e-06	4.047382914552589	-2.017414320413812e-06	3.9553626704064486	-2.105737502974354e-06	3.866786114714094	-2.1984351538574844e-06	3.785941720788551	0.0	3.7064692892778277	0.0	3.6291636347155674	2.51788960564813e-06	3.5540751277593383	2.634220099626204e-06	3.483562835794097	0.0	3.4177174095781377	0.0
3	1	28	0	0	1913	366	1933	1056	1942	1494	1958	1569	2009	1569	2006	1659	2027	1721	1975	1758	2002	1786	2017	1811	2015	1841	2029	1838	2050	1882	2072	1903	2066	1934	2089	1941	2049	1954	2039	2008	2030	2012	2040	2000	2073	1995	2066	2019	2076	2004	2051	2029	2070	2047	2073	2063	2102	2072	2081	2062	2102	4074	4095	347.0	633.1663667363881	604.6135597229004	21	1	0.675562858581543	0.025290844714213456	9.120521172638437			5.2075677147134884	0.17916234262105696	7.208114255882463	1.1746123556761807	8.035751231017503	3.1825153374233124	8.414990544954444	5.215917024035105	8.777141858534668	6.8710313115830965	8.85846765290351	8.514678710737016	8.916945275382721	9.711641555216973	8.691634027197113	10.287921348314606	8.73701667103081	10.535008553058455	8.719145809017421	10.67806603773585	8.631028870041977	10.822409029451531	8.635144912116441	10.727209058013306	8.644682466053807	10.829161631854536	8.657863947852249	10.658078969476337	8.5997335997336	10.605977515766384	8.641515678001157	10.420916997745087	8.403051181102363	10.277719335156743	8.342539175974796	10.260602963719979	8.259418992595004	10.030910359956128	8.299430431244915	9.7799511002445	8.414856910899127	9.552767669028922	8.359972484117671	9.467316890181001	8.391269199676637	9.285945970993003	8.299611524765297	9.278821969177299	8.379549042626401	9.242786833431165	8.413832291582109	9.16440851139443	8.568400456546552	9.151539242966301	8.52065675797404	9.037517531556801	8.65947103897174	4.771218101116094	4.774897680763983	8.640438247011954	7.54280759617969	8.689753565839395	5.614973262032086	4.761904761904762	4.264448172836875	6.261051136363636	5.9488	0.14981997010514123	19.291575190788006	-1.33518351620579e-05	12.355283978307959	-1.6322815359193154e-05	9.514822798095576	-1.6816564909962134e-05	8.125114592710664	-1.342078177086183e-05	7.302832967836651	-1.402300635997273e-05	6.745198024201396	-1.5748810964772158e-05	6.333462490708278	-1.6388568271263582e-05	6.0071598087311715	-1.7029807027958077e-05	5.738615073854311	-1.8937026811042558e-05	5.5084552228056625	-1.9642017680434847e-05	5.305111808072991	-2.036579686611118e-05	5.130237019966248	-1.9721170817738348e-05	4.97371522487403	-5.848868170898079e-06	4.8308046661581985	-6.077318686995298e-06	4.6950330195085135	-3.1582554428584737e-06	4.572243555301421	-3.286230693394676e-06	4.454772412873263	-3.419925856007442e-06	4.343818235572796	-1.781029541937012e-06	4.239173210075922	-1.8562897594062844e-06	4.138437065176793	-1.9352391568550042e-06	4.047382914552589	-2.017414320413812e-06	3.9553626704064486	-2.105737502974354e-06	3.866786114714094	-2.1984351538574844e-06	3.785941720788551	0.0	3.7064692892778277	0.0	3.6291636347155674	2.51788960564813e-06	3.5540751277593383	2.634220099626204e-06	3.483562835794097	0.0	3.4177174095781377	0.0
4	1	22	0	0	1454	709	1423	2794	1393	3367	1400	2869	1377	2195	1362	1843	1368	1674	1378	1588	1404	1579	1414	1495	1470	1458	1482	1414	1481	1407	1503	1398	1494	1369	1505	1360	1572	1375	1561	1381	1548	1410	1544	1421	1512	1478	1526	1492	1553	1503	1542	1476	1560	1505	1560	1568	1545	1572	1550	1532	1531	4074	4095	239.0	577.4788716239239	486.9497404098511	21	1	0.7104320526123047	0.025290844714213456	7.166123778501629			3.9580781271267185	0.3470658495036322	5.306335533430287	3.107828524393228	5.764058426780321	7.172375596455351	6.016847172081829	9.53758186230511	6.015990213639739	9.612437048390628	6.014572753367189	9.459043317593924	6.017948266760514	9.446419502285424	6.064340095938037	9.29307116104869	6.12725844461901	9.31398572524037	6.112480006916527	8.814858490566039	6.296581855564122	8.57092469578508	6.307188151678937	8.25259717520719	6.245255966939361	8.09597790436734	6.28029416680595	7.829739568748249	6.218781218781219	7.507540444200712	6.225697029866799	7.301621389455599	6.446850393700787	7.232274353040186	6.386809050366188	7.056719468574349	6.298315566767028	7.029614119054742	6.28152969894223	6.9486552567237165	6.137609092754212	7.077188278107642	6.174887710921378	6.996154928256589	6.2772837510105095	6.964459478244753	6.239883457429589	6.749897105227054	6.315022466906853	6.795502776899806	6.331682766458316	6.96548354137977	6.297896624816566	6.9431562210149735	6.346476681816321	6.714586255259467	6.307159924198731	4.771218101116094	4.774897680763983	5.951195219123506	6.879411554928192	6.9986409915291885	5.614973262032086	4.761904761904762	4.484557773126317	6.261051136363636	5.9488	0.14981997010514123	19.291575190788006	-1.33518351620579e-05	12.355283978307959	-1.6322815359193154e-05	9.514822798095576	-1.6816564909962134e-05	8.125114592710664	-1.342078177086183e-05	7.302832967836651	-1.402300635997273e-05	6.745198024201396	-1.5748810964772158e-05	6.333462490708278	-1.6388568271263582e-05	6.0071598087311715	-1.7029807027958077e-05	5.738615073854311	-1.8937026811042558e-05	5.5084552228056625	-1.9642017680434847e-05	5.305111808072991	-2.036579686611118e-05	5.130237019966248	-1.9721170817738348e-05	4.97371522487403	-5.848868170898079e-06	4.8308046661581985	-6.077318686995298e-06	4.6950330195085135	-3.1582554428584737e-06	4.572243555301421	-3.286230693394676e-06	4.454772412873263	-3.419925856007442e-06	4.343818235572796	-1.781029541937012e-06	4.239173210075922	-1.8562897594062844e-06	4.138437065176793	-1.9352391568550042e-06	4.047382914552589	-2.017414320413812e-06	3.9553626704064486	-2.105737502974354e-06	3.866786114714094	-2.1984351538574844e-06	3.785941720788551	0.0	3.7064692892778277	0.0	3.6291636347155674	2.51788960564813e-06	3.5540751277593383	2.634220099626204e-06	3.483562835794097	0.0	3.4177174095781377	0.0
5	1	20	0	0	1315	962	1267	3805	1252	3929	1235	2922	1237	2276	1235	1832	1240	1560	1252	1510	1271	1409	1285	1353	1310	1300	1302	1256	1340	1234	1356	1240	1318	1244	1377	1239	1362	1262	1387	1273	1390	1293	1391	1303	1381	1313	1419	1342	1398	1333	1402	1368	1412	1357	1415	1384	1408	1390	1396	1392	1382	4070	4095	213.0	552.0758719074705	449.9220790863037	25	1	0.7204141616821289	0.025290844714213456	6.514657980456026			3.579692391452294	0.4709130426269311	4.724614983033151	4.23238637627639	5.180618198369678	8.369546693933197	5.307718755372185	9.713772813403809	5.404342697365546	9.967155682067002	5.453742548023846	9.402586737836174	5.4548653879992965	8.803114948366344	5.509835849139638	8.836610486891386	5.546827267172907	8.311213354568512	5.554835084079021	7.977594339622642	5.611239612781633	7.642113926282994	5.54113291058433	7.330454067935099	5.650670490005904	7.100523620461477	5.66605381915427	6.944833380005601	5.486180486180486	6.822045516863175	5.69620253164557	6.65199183936433	5.585629921259843	6.63791289711761	5.674890552759707	6.5048543689320395	5.6554642363088945	6.44630571343105	5.65907241659886	6.371638141809291	5.605845341993099	6.287109749090212	5.741917209565815	6.292788145925162	5.650767987065481	6.176729530605626	5.6733570734865655	6.256002195088489	5.71590495081569	6.127240709802682	5.743160970858025	6.148105370707654	5.73944236099788	6.13930480102469	5.715923514719731	6.100981767180926	5.693334431902447	4.766533547261292	4.774897680763983	5.303784860557769	6.576789764995389	6.466464286513747	6.684491978609626	4.761904761904762	4.547569210542	6.261051136363636	5.9488	0.14981997010514123	19.291575190788006	-1.33518351620579e-05	12.355283978307959	-1.6322815359193154e-05	9.514822798095576	-1.6816564909962134e-05	8.125114592710664	-1.342078177086183e-05	7.302832967836651	-1.402300635997273e-05	6.745198024201396	-1.5748810964772158e-05	6.333462490708278	-1.6388568271263582e-05	6.0071598087311715	-1.7029807027958077e-05	5.738615073854311	-1.8937026811042558e-05	5.5084552228056625	-1.9642017680434847e-05	5.305111808072991	-2.036579686611118e-05	5.130237019966248	-1.9721170817738348e-05	4.97371522487403	-5.848868170898079e-06	4.8308046661581985	-6.077318686995298e-06	4.6950330195085135	-3.1582554428584737e-06	4.572243555301421	-3.286230693394676e-06	4.454772412873263	-3.419925856007442e-06	4.343818235572796	-1.781029541937012e-06	4.239173210075922	-1.8562897594062844e-06	4.138437065176793	-1.9352391568550042e-06	4.047382914552589	-2.017414320413812e-06	3.9553626704064486	-2.105737502974354e-06	3.866786114714094	-2.1984351538574844e-06	3.785941720788551	0.0	3.7064692892778277	0.0	3.6291636347155674	2.51788960564813e-06	3.5540751277593383	2.634220099626204e-06	3.483562835794097	0.0	3.4177174095781377	0.0
6	1	18	0	0	1210	1612	1175	5200	1152	4253	1143	2886	1136	2089	1112	1670	1140	1434	1151	1291	1157	1219	1188	1204	1187	1157	1189	1148	1227	1128	1228	1111	1234	1130	1246	1151	1259	1158	1249	1186	1258	1195	1245	1205	1254	1222	1249	1231	1257	1250	1262	1244	1268	1245	1267	1257	1263	1241	1274	1247	1269	4074	4095	186.0	525.0306901016078	408.7413101196289	21	1	0.7316827774047852	0.025290844714213456	5.863192182410423			3.293861440043555	0.7890975308883712	4.381549017414327	5.784075993859981	4.766830802333761	9.059730743012953	4.912325941206808	9.59409594095941	4.963082703482022	9.148237354937596	4.910576286155885	8.571135290494764	5.014956888967094	8.092094125613679	5.065352286229811	7.55500936329588	5.049314829361962	7.1904677638176135	5.1355206847360915	7.099056603773585	5.084382763642594	6.801481394391865	5.060220453674937	6.700128399673165	5.174158724803914	6.4905920939064385	5.131205081063012	6.222346681601793	5.136530136530137	6.196874143131341	5.15429800612228	6.179533984752497	5.163221784776903	6.090889964233115	5.110265537416636	6.060296371997956	5.118398567824884	5.957722604447103	5.065093572009764	5.89242053789731	5.09031865232393	5.8513694694502965	5.054020151337353	5.772296726999906	5.080840743734842	5.792131967934758	5.106830689543542	5.6889376686331	5.132979800024288	5.621528875242697	5.142462862245313	5.583936742037227	5.148377629218979	5.481206660483194	5.216394382344512	5.465462833099579	5.227815769959627	4.771218101116094	4.774897680763983	4.631474103585657	6.254604927830382	5.874597418466367	5.614973262032086	4.761904761904762	4.618701640512736	6.261051136363636	5.9488	0.14981997010514123	19.291575190788006	-1.33518351620579e-05	12.355283978307959	-1.6322815359193154e-05	9.514822798095576	-1.6816564909962134e-05	8.125114592710664	-1.342078177086183e-05	7.302832967836651	-1.402300635997273e-05	6.745198024201396	-1.5748810964772158e-05	6.333462490708278	-1.6388568271263582e-05	6.0071598087311715	-1.7029807027958077e-05	5.738615073854311	-1.8937026811042558e-05	5.5084552228056625	-1.9642017680434847e-05	5.305111808072991	-2.036579686611118e-05	5.130237019966248	-1.9721170817738348e-05	4.97371522487403	-5.848868170898079e-06	4.8308046661581985	-6.077318686995298e-06	4.6950330195085135	-3.1582554428584737e-06	4.572243555301421	-3.286230693394676e-06	4.454772412873263	-3.419925856007442e-06	4.343818235572796	-1.781029541937012e-06	4.239173210075922	-1.8562897594062844e-06	4.138437065176793	-1.9352391568550042e-06	4.047382914552589	-2.017414320413812e-06	3.9553626704064486	-2.105737502974354e-06	3.866786114714094	-2.1984351538574844e-06	3.785941720788551	0.0	3.7064692892778277	0.0	3.6291636347155674	2.51788960564813e-06	3.5540751277593383	2.634220099626204e-06	3.483562835794097	0.0	3.4177174095781377	0.0
7	1	17	0	0	1105	2892	1082	6068	1014	4386	1023	2678	1016	1956	1002	1544	1038	1306	1041	1161	1048	1110	1048	1084	1067	1014	1087	1019	1108	1014	1101	1027	1114	1037	1106	1052	1125	1050	1113	1072	1128	1089	1137	1105	1134	1105	1149	1118	1153	1118	1173	1120	1184	1110	1170	1135	1148	1129	1139	1145	1146	4077	4095	166.0	500.17070962822896	373.81299018859863	18	1	0.7431373596191406	0.025290844714213456	5.537459283387622			3.0080304886348173	1.415676215464745	4.034754073908342	6.749571755911993	4.195804195804196	9.343047034764826	4.396596183599794	8.90262956683621	4.438813403818428	8.565798116925771	4.42481784058291	7.9244508314514475	4.56625021995425	7.369787258055414	4.581261277120099	6.794241573033707	4.573623112507637	6.547513714386834	4.530324644447326	6.3915094339622645	4.570376081555727	5.960848862500734	4.626122483721326	5.947239407026964	4.672345449945181	5.834627999309512	4.600534848738091	5.75189022682722	4.637029637029637	5.686865917192212	4.57516339869281	5.648018898314184	4.613681102362205	5.522827687776141	4.5538234933104205	5.477772100153295	4.589470257954268	5.429255160035896	4.625711960943857	5.403422982885086	4.603206819565658	5.29113196705612	4.649374822967669	5.242427084310232	4.660468876313662	5.180482832120847	4.746681774036905	5.121873142177711	4.792940128729304	5.011965503228429	4.748762074843738	5.04197947670028	4.679602152290886	4.986528863566097	4.663636735863735	5.018408134642356	4.721100766251957	4.774731516507197	4.774897680763983	4.133466135458167	5.958452037521302	5.372593307264239	4.81283422459893	4.761904761904762	4.691007972298325	6.261051136363636	5.9488	0.14981997010514123	19.291575190788006	-1.33518351620579e-05	12.355283978307959	-1.6322815359193154e-05	9.514822798095576	-1.6816564909962134e-05	8.125114592710664	-1.342078177086183e-05	7.302832967836651	-1.402300635997273e-05	6.745198024201396	-1.5748810964772158e-05	6.333462490708278	-1.6388568271263582e-05	6.0071598087311715	-1.7029807027958077e-05	5.738615073854311	-1.8937026811042558e-05	5.5084552228056625	-1.9642017680434847e-05	5.305111808072991	-2.036579686611118e-05	5.130237019966248	-1.9721170817738348e-05	4.97371522487403	-5.848868170898079e-06	4.8308046661581985	-6.077318686995298e-06	4.6950330195085135	-3.1582554428584737e-06	4.572243555301421	-3.286230693394676e-06	4.454772412873263	-3.419925856007442e-06	4.343818235572796	-1.781029541937012e-06	4.239173210075922	-1.8562897594062844e-06	4.138437065176793	-1.9352391568550042e-06	4.047382914552589	-2.017414320413812e-06	3.9553626704064486	-2.105737502974354e-06	3.866786114714094	-2.1984351538574844e-06	3.785941720788551	0.0	3.7064692892778277	0.0	3.6291636347155674	2.51788960564813e-06	3.5540751277593383	2.634220099626204e-06	3.483562835794097	0.0	3.4177174095781377	0.0
8	1	10	0	0	936	5084	880	8004	838	4224	830	2294	868	1542	840	1198	838	975	843	906	856	874	871	845	883	852	890	830	909	829	906	843	923	852	920	875	932	887	927	894	938	911	955	902	983	913	980	929	990	936	995	933	998	958	982	977	997	979	1004	991	990	4073	4095	136.0	458.39443847564496	320.0603189468384	22	1	0.7638893127441406	0.025290844714213456	3.257328990228013			2.5479787668436096	2.488692212801786	3.2815005407017934	8.903027741318324	3.467538378780982	8.997955010224949	3.567130823448513	7.626076260762607	3.792214600899996	6.752791767024305	3.7094281298299845	6.148634777253131	3.686433221889847	5.501946842728966	3.709897460722616	5.301966292134831	3.7357074277734137	5.155429717454138	3.765183936367959	4.982311320754717	3.7822325023558636	5.008523896302393	3.787717580967783	4.8441694875685775	3.833178712996542	4.770124863340813	3.7857262243021896	4.7213665639876785	3.8419913419913416	4.672333424732657	3.805741705965086	4.697734349833566	3.8221784776902883	4.66547443719756	3.792807168282804	4.56821665815023	3.816421189681829	4.54182869677934	3.8852725793327907	4.410757946210269	3.990257763344834	4.371767860563111	3.9655242180229027	4.356184938572635	4.001616814874697	4.337148417589547	4.026383943023633	4.2667032514748255	4.039995142290411	4.325642299182734	3.9857131260654275	4.340100395362267	4.064079569541823	4.324013956980699	4.1108790893829585	4.343443197755961	4.078437834720277	4.770046962652395	4.774897680763983	3.386454183266932	5.46077813703605	4.6000379136826695	5.88235294117647	4.761904761904762	4.822003374817217	6.261051136363636	5.9488	0.14981997010514123	19.291575190788006	-1.33518351620579e-05	12.355283978307959	-1.6322815359193154e-05	9.514822798095576	-1.6816564909962134e-05	8.125114592710664	-1.342078177086183e-05	7.302832967836651	-1.402300635997273e-05	6.745198024201396	-1.5748810964772158e-05	6.333462490708278	-1.6388568271263582e-05	6.0071598087311715	-1.7029807027958077e-05	5.738615073854311	-1.8937026811042558e-05	5.5084552228056625	-1.9642017680434847e-05	5.305111808072991	-2.036579686611118e-05	5.130237019966248	-1.9721170817738348e-05	4.97371522487403	-5.848868170898079e-06	4.8308046661581985	-6.077318686995298e-06	4.6950330195085135	-3.1582554428584737e-06	4.572243555301421	-3.286230693394676e-06	4.454772412873263	-3.419925856007442e-06	4.343818235572796	-1.781029541937012e-06	4.239173210075922	-1.8562897594062844e-06	4.138437065176793	-1.9352391568550042e-06	4.047382914552589	-2.017414320413812e-06	3.9553626704064486	-2.105737502974354e-06	3.866786114714094	-2.1984351538574844e-06	3.785941720788551	0.0	3.7064692892778277	0.0	3.6291636347155674	2.51788960564813e-06	3.5540751277593383	2.634220099626204e-06	3.483562835794097	0.0	3.4177174095781377	0.0
9	1	12	0	0	936	8417	825	7971	790	3494	749	1838	722	1297	703	1042	723	860	718	818	749	744	758	727	755	709	767	718	793	711	809	743	815	758	812	759	827	766	810	800	810	809	815	819	816	820	833	827	826	806	841	815	849	826	845	836	851	825	848	842	834	4078	4095	117.0	418.8330510271786	275.21637439727783	17	1	0.7815961837768555	0.025290844714213456	3.908794788273615			2.5479787668436096	4.120244365686985	3.0764067569079314	8.866321105203443	3.2689204286837423	7.442910702113156	3.2190132370637787	6.1101692098002065	3.1543536196426234	5.67987738121305	3.1044380657981896	5.347977827961404	3.1805384480028156	4.852999266407087	3.1597940412797607	4.786985018726591	3.2687439993017366	4.388603786940364	3.276704275277742	4.286556603773585	3.233958708129872	4.167891364411264	3.264246499553135	4.190498424185829	3.3440161929661802	4.091144484722942	3.380411164967408	4.161299355922711	3.392440892440893	4.156841239374828	3.3589807230909243	4.074948996027059	3.391568241469816	4.029034294130023	3.3141033509267213	4.087889626980071	3.2956302384246072	4.033303420081763	3.3157038242473553	4.004889975550122	3.3123604627562413	3.9264508714805593	3.370695585319467	3.8778955265872646	3.3387227162489896	3.7347666929243317	3.4032049206863064	3.727077331138245	3.436829534874307	3.7296247798798934	3.429661498498255	3.713739949358091	3.4689385292678945	3.64383198621969	3.472136920116284	3.6903927068723705	3.4357749031885967	4.7759026549708965	4.774897680763983	2.9133466135458166	4.98948978465593	3.9555223867162503	4.545454545454546	4.761904761904762	4.933776887619068	6.261051136363636	5.9488	0.14981997010514123	19.291575190788006	-1.33518351620579e-05	12.355283978307959	-1.6322815359193154e-05	9.514822798095576	-1.6816564909962134e-05	8.125114592710664	-1.342078177086183e-05	7.302832967836651	-1.402300635997273e-05	6.745198024201396	-1.5748810964772158e-05	6.333462490708278	-1.6388568271263582e-05	6.0071598087311715	-1.7029807027958077e-05	5.738615073854311	-1.8937026811042558e-05	5.5084552228056625	-1.9642017680434847e-05	5.305111808072991	-2.036579686611118e-05	5.130237019966248	-1.9721170817738348e-05	4.97371522487403	-5.848868170898079e-06	4.8308046661581985	-6.077318686995298e-06	4.6950330195085135	-3.1582554428584737e-06	4.572243555301421	-3.286230693394676e-06	4.454772412873263	-3.419925856007442e-06	4.343818235572796	-1.781029541937012e-06	4.239173210075922	-1.8562897594062844e-06	4.138437065176793	-1.9352391568550042e-06	4.047382914552589	-2.017414320413812e-06	3.9553626704064486	-2.105737502974354e-06	3.866786114714094	-2.1984351538574844e-06	3.785941720788551	0.0	3.7064692892778277	0.0	3.6291636347155674	2.51788960564813e-06	3.5540751277593383	2.634220099626204e-06	3.483562835794097	0.0	3.4177174095781377	0.0
10	4	13	0	0	889	13449	750	7625	653	2810	691	1505	651	1014	641	789	649	694	666	666	665	649	685	638	687	654	666	668	669	667	680	681	683	686	682	665	687	662	677	673	719	683	718	693	712	682	701	698	694	715	688	721	686	711	681	695	687	691	667	682	680	4077	4095	99.0	366.14151819233297	226.99894905090332	18	1	0.7989845275878906	0.10116337885685382	4.234527687296417			2.420035388593984	6.583481819427855	2.7967334153708467	8.481457587150452	2.7020316961145365	5.98585548738923	2.9697438542203884	5.003158139689505	2.844160950674997	4.440551784541275	2.830646941929786	4.049476493533155	2.8550061587189863	3.9162575475424637	2.930951018791533	3.897471910112359	2.902155887230514	3.8282309915649146	2.961137768555743	3.7617924528301887	2.9426882549473143	3.844571159837752	2.834404392050049	3.898680985175674	2.821118326726828	3.8379653604925483	2.841383921109811	3.8140576869224305	2.8429903429903427	3.761996161228407	2.821212873334988	3.5702781058735105	2.8174212598425195	3.4820113612455295	2.769935763675791	3.4389371486969855	2.925380421515176	3.4051251371024027	2.921074043938161	3.388753056234719	2.89019687436574	3.265657919938709	2.836563751871485	3.2730000937822377	2.8051738075990302	3.313099485658681	2.7840725153771446	3.2972058352769014	2.7769906489090395	3.21036709260848	2.7640230538193036	3.087379503353916	2.8004239360834826	3.051985336336734	2.731032223723539	2.989130434782609	2.801351240009887	4.774731516507197	4.774897680763983	2.4651394422310755	4.361784153086122	3.262521812876519	4.81283422459893	4.761904761904762	5.043539717312403	6.261051136363636	5.9488	0.14981997010514123	19.291575190788006	-1.33518351620579e-05	12.355283978307959	-1.6322815359193154e-05	9.514822798095576	-1.6816564909962134e-05	8.125114592710664	-1.342078177086183e-05	7.302832967836651	-1.402300635997273e-05	6.745198024201396	-1.5748810964772158e-05	6.333462490708278	-1.6388568271263582e-05	6.0071598087311715	-1.7029807027958077e-05	5.738615073854311	-1.8937026811042558e-05	5.5084552228056625	-1.9642017680434847e-05	5.305111808072991	-2.036579686611118e-05	5.130237019966248	-1.9721170817738348e-05	4.97371522487403	-5.848868170898079e-06	4.8308046661581985	-6.077318686995298e-06	4.6950330195085135	-3.1582554428584737e-06	4.572243555301421	-3.286230693394676e-06	4.454772412873263	-3.419925856007442e-06	4.343818235572796	-1.781029541937012e-06	4.239173210075922	-1.8562897594062844e-06	4.138437065176793	-1.9352391568550042e-06	4.047382914552589	-2.017414320413812e-06	3.9553626704064486	-2.105737502974354e-06	3.866786114714094	-2.1984351538574844e-06	3.785941720788551	0.0	3.7064692892778277	0.0	3.6291636347155674	2.51788960564813e-06	3.5540751277593383	2.634220099626204e-06	3.483562835794097	0.0	3.4177174095781377	0.0
11	5	11	0	0	877	14489	756	7311	726	2684	673	1409	640	920	657	785	628	727	612	669	606	637	627	647	623	621	637	624	643	616	640	623	641	632	634	635	666	640	666	647	661	635	661	646	646	658	660	667	658	660	663	646	645	660	649	658	644	665	661	641	654	4078	4095	95.0	345.38932258961404	212.42236614227295	17	1	0.8031005859375	0.12645422357106728	3.5830618892508146			2.3873689941472707	7.092577000646159	2.8191072826938135	8.13218838290583	3.0040964952207556	5.71745057941377	2.8923843905793367	4.684019813171105	2.7961029315391674	4.028902999781038	2.901302715831309	4.028946828166701	2.762625373922224	4.102477286834829	2.693306341592219	3.915028089887641	2.6446713799423933	3.7574470595174896	2.710413694721826	3.814858490566038	2.6685513578343185	3.650579037093645	2.7109843809848067	3.6418816388467374	2.711478451547609	3.544507739225502	2.6742436904562927	3.4892187062447495	2.668165168165168	3.4658623526185908	2.622652436502027	3.409212928164931	2.731299212598425	3.3662949715968864	2.724929421873082	3.3060807358201325	2.6893970217267475	3.165819124538837	2.6891781936533765	3.1589242053789732	2.6222853663486907	3.1507374066270826	2.670659167239914	3.1276376254337426	2.6596604688763135	3.058245679069552	2.682907089673033	2.954223258791787	2.611018904586487	2.9800875965142004	2.6341423816868255	2.9230154146861533	2.6251426707973256	2.9371494191952654	2.7064652172132826	2.8094319775596075	2.694240751421274	4.7759026549708965	4.774897680763983	2.3655378486055776	4.114566633563698	3.053021196704303	4.545454545454546	4.761904761904762	5.069522077481132	6.261051136363636	5.9488	0.14981997010514123	19.291575190788006	-1.33518351620579e-05	12.355283978307959	-1.6322815359193154e-05	9.514822798095576	-1.6816564909962134e-05	8.125114592710664	-1.342078177086183e-05	7.302832967836651	-1.402300635997273e-05	6.745198024201396	-1.5748810964772158e-05	6.333462490708278	-1.6388568271263582e-05	6.0071598087311715	-1.7029807027958077e-05	5.738615073854311	-1.8937026811042558e-05	5.5084552228056625	-1.9642017680434847e-05	5.305111808072991	-2.036579686611118e-05	5.130237019966248	-1.9721170817738348e-05	4.97371522487403	-5.848868170898079e-06	4.8308046661581985	-6.077318686995298e-06	4.6950330195085135	-3.1582554428584737e-06	4.572243555301421	-3.286230693394676e-06	4.454772412873263	-3.419925856007442e-06	4.343818235572796	-1.781029541937012e-06	4.239173210075922	-1.8562897594062844e-06	4.138437065176793	-1.9352391568550042e-06	4.047382914552589	-2.017414320413812e-06	3.9553626704064486	-2.105737502974354e-06	3.866786114714094	-2.1984351538574844e-06	3.785941720788551	0.0	3.7064692892778277	0.0	3.6291636347155674	2.51788960564813e-06	3.5540751277593383	2.634220099626204e-06	3.483562835794097	0.0	3.4177174095781377	0.0
12	5	8	0	0	941	15339	756	6686	695	2429	645	1315	639	938	646	745	637	680	615	645	596	633	609	650	607	625	598	601	602	595	632	611	636	602	651	607	665	630	649	640	645	647	643	659	644	653	646	646	654	647	632	643	633	648	628	653	635	636	631	625	620	4079	4095	92.0	337.3543409000298	205.02678680419922	16	1	0.8064146041870117	0.12645422357106728	2.6058631921824107			2.56158976452974	7.508664408372658	2.8191072826938135	7.436986941336121	2.8758224024496215	5.174250170415815	2.7720474471377	4.371530201788505	2.7917340207086374	4.1077293628202325	2.8527268712740117	3.8236501745021556	2.8022171388351227	3.8372552339032784	2.7065088236588477	3.774578651685393	2.6010299380291526	3.733852415501681	2.6326027752561276	3.8325471698113205	2.6000171335560696	3.6740932337899004	2.5450057454143082	3.5076456169020656	2.538584802226533	3.4236722481155417	2.6408156443255892	3.4220106412769535	2.647352647352647	3.3013435700575813	2.692975924547034	3.258885428970257	2.7271981627296586	3.313696612665685	2.655374166359805	3.2703117015840575	2.6242981528195948	3.2256456276797287	2.6159479251423923	3.222493887530562	2.61416683580272	3.126795633020494	2.6140088212681585	3.029166275907343	2.6434923201293454	2.9980075066030305	2.5574619617999352	2.9405039557323818	2.562441808687204	2.9259041856684878	2.5489081905998865	2.900804051352672	2.5884558943420837	2.809063203922088	2.583630184661999	2.7393057503506313	2.554173189420779	4.777073793434598	4.774897680763983	2.2908366533864544	4.01884720797931	2.94672890323684	4.27807486631016	4.761904761904762	5.0904416098227285	6.261051136363636	5.9488	0.14981997010514123	19.291575190788006	-1.33518351620579e-05	12.355283978307959	-1.6322815359193154e-05	9.514822798095576	-1.6816564909962134e-05	8.125114592710664	-1.342078177086183e-05	7.302832967836651	-1.402300635997273e-05	6.745198024201396	-1.5748810964772158e-05	6.333462490708278	-1.6388568271263582e-05	6.0071598087311715	-1.7029807027958077e-05	5.738615073854311	-1.8937026811042558e-05	5.5084552228056625	-1.9642017680434847e-05	5.305111808072991	-2.036579686611118e-05	5.130237019966248	-1.9721170817738348e-05	4.97371522487403	-5.848868170898079e-06	4.8308046661581985	-6.077318686995298e-06	4.6950330195085135	-3.1582554428584737e-06	4.572243555301421	-3.286230693394676e-06	4.454772412873263	-3.419925856007442e-06	4.343818235572796	-1.781029541937012e-06	4.239173210075922	-1.8562897594062844e-06	4.138437065176793	-1.9352391568550042e-06	4.047382914552589	-2.017414320413812e-06	3.9553626704064486	-2.105737502974354e-06	3.866786114714094	-2.1984351538574844e-06	3.785941720788551	0.0	3.7064692892778277	0.0	3.6291636347155674	2.51788960564813e-06	3.5540751277593383	2.634220099626204e-06	3.483562835794097	0.0	3.4177174095781377	0.0
13	21	6	0	0	952	17023	716	6264	708	2313	651	1181	643	819	603	710	580	673	573	654	554	606	554	574	559	578	563	566	552	555	545	559	551	562	539	548	548	542	565	548	564	542	555	560	570	564	569	570	570	555	564	576	560	578	571	563	551	564	544	562	528	4081	4095	86.0	312.3398772236714	184.4346218109131	14	1	0.8141136169433594	0.5311077389984825	1.9543973941368076			2.5915339594392273	8.33300699026845	2.6699481672073686	6.967586927988253	2.929614763934291	4.927147239263804	2.7978339350180503	3.926066287689904	2.809209664030757	3.5865995182833372	2.662839478913668	3.6440156025456782	2.551469294386768	3.7977540770836855	2.5216740747260484	3.8272471910112364	2.4177358819935413	3.574588568394974	2.394847187999827	3.384433962264151	2.3944144607213227	3.3978014226089	2.396050559645912	3.3033734095949576	2.3277388884203427	3.1935094079060935	2.2772856426541868	3.1307756930831703	2.2935397935397934	3.0819851933095697	2.229668238603458	2.9421239128100503	2.2473753280839897	2.8508310540711133	2.311689374411849	2.800204394481349	2.294735128977134	2.702163725196929	2.25793327908869	2.7383863080684594	2.313781205601786	2.700632062823214	2.3024319184235016	2.6727937728594204	2.3039611964430073	2.5717065937630323	2.282292003884752	2.63410618740568	2.2669311419665625	2.609834289068497	2.3175582433639095	2.5009995113500065	2.246045980759824	2.491056048761097	2.227408590263276	2.4631837307152877	2.1751668451841475	4.779416070361999	4.774897680763983	2.141434262948207	3.7208539844843047	2.650769878995353	3.7433155080213902	4.761904761904762	5.13904114495761	6.261051136363636	5.9488	0.14981997010514123	19.291575190788006	-1.33518351620579e-05	12.355283978307959	-1.6322815359193154e-05	9.514822798095576	-1.6816564909962134e-05	8.125114592710664	-1.342078177086183e-05	7.302832967836651	-1.402300635997273e-05	6.745198024201396	-1.5748810964772158e-05	6.333462490708278	-1.6388568271263582e-05	6.0071598087311715	-1.7029807027958077e-05	5.738615073854311	-1.8937026811042558e-05	5.5084552228056625	-1.9642017680434847e-05	5.305111808072991	-2.036579686611118e-05	5.130237019966248	-1.9721170817738348e-05	4.97371522487403	-5.848868170898079e-06	4.8308046661581985	-6.077318686995298e-06	4.6950330195085135	-3.1582554428584737e-06	4.572243555301421	-3.286230693394676e-06	4.454772412873263	-3.419925856007442e-06	4.343818235572796	-1.781029541937012e-06	4.239173210075922	-1.8562897594062844e-06	4.138437065176793	-1.9352391568550042e-06	4.047382914552589	-2.017414320413812e-06	3.9553626704064486	-2.105737502974354e-06	3.866786114714094	-2.1984351538574844e-06	3.785941720788551	0.0	3.7064692892778277	0.0	3.6291636347155674	2.51788960564813e-06	3.5540751277593383	2.634220099626204e-06	3.483562835794097	0.0	3.4177174095781377	0.0
14	70	6	0	0	1306	19338	859	4883	678	1820	602	1017	560	771	512	625	470	570	430	519	449	493	448	434	446	449	455	455	443	440	424	455	439	447	434	425	446	436	451	435	452	444	434	454	420	447	414	433	418	418	409	415	403	416	406	418	396	406	395	402	393	4080	4095	75.0	257.6974120108841	145.90604877471924	15	1	0.8242025375366211	1.7703591299949417	1.9543973941368076			3.555192595617259	9.466233283076502	3.20319200507141	5.431469822695824	2.8054785451235156	3.8769597818677575	2.5872442839951866	3.380871646554304	2.446590065096771	3.3763958835121524	2.2609847648487524	3.2077602135085197	2.067569945451346	3.2165227695953953	1.8923557628834222	3.0372191011235956	1.9595007419045125	2.9080398749483867	1.9366273289240479	2.5589622641509435	1.9103915017561897	2.6394685791546646	1.9364174149891475	2.6555386949924125	1.8680947963228474	2.53179124230393	1.771686444927294	2.5483057966956038	1.8273393273393272	2.451329860159035	1.7953172830313562	2.2817566842048747	1.8290682414698163	2.2932884494003787	1.845260013911051	2.2227899846704138	1.839043046627065	2.2135806162129823	1.7656631407648493	2.220048899755501	1.7048914146539478	2.1403945604290366	1.6752316594504917	2.0303854449967176	1.6895715440582053	1.936888930077383	1.6550663645192618	1.897836923217634	1.631380803950937	1.8783582426513747	1.647861027680818	1.8568699746790456	1.6142181640306539	1.7932070138244778	1.6173279285919009	1.761921458625526	1.6190162313586554	4.778244931898298	4.774897680763983	1.8675298804780878	3.069907213882079	2.0970214564799656	4.010695187165775	4.761904761904762	5.202726823415669	6.261051136363636	5.9488	0.14981997010514123	19.291575190788006	-1.33518351620579e-05	12.355283978307959	-1.6322815359193154e-05	9.514822798095576	-1.6816564909962134e-05	8.125114592710664	-1.342078177086183e-05	7.302832967836651	-1.402300635997273e-05	6.745198024201396	-1.5748810964772158e-05	6.333462490708278	-1.6388568271263582e-05	6.0071598087311715	-1.7029807027958077e-05	5.738615073854311	-1.8937026811042558e-05	5.5084552228056625	-1.9642017680434847e-05	5.305111808072991	-2.036579686611118e-05	5.130237019966248	-1.9721170817738348e-05	4.97371522487403	-5.848868170898079e-06	4.8308046661581985	-6.077318686995298e-06	4.6950330195085135	-3.1582554428584737e-06	4.572243555301421	-3.286230693394676e-06	4.454772412873263	-3.419925856007442e-06	4.343818235572796	-1.781029541937012e-06	4.239173210075922	-1.8562897594062844e-06	4.138437065176793	-1.9352391568550042e-06	4.047382914552589	-2.017414320413812e-06	3.9553626704064486	-2.105737502974354e-06	3.866786114714094	-2.1984351538574844e-06	3.785941720788551	0.0	3.7064692892778277	0.0	3.6291636347155674	2.51788960564813e-06	3.5540751277593383	2.634220099626204e-06	3.483562835794097	0.0	3.4177174095781377	0.0
15	116	3	0	0	1567	19140	980	4228	712	1579	549	980	499	705	460	538	447	502	435	458	397	439	374	430	388	394	405	387	375	400	363	397	363	368	360	376	367	364	366	364	352	367	351	361	346	348	328	348	324	339	307	326	299	312	308	298	296	304	289	296	282	4083	4095	70.0	220.0472970735489	124.99432277679443	12	1	0.8247880935668945	2.9337379868487607	0.9771986970684038			4.265686674833265	9.369309392806095	3.6543983294179063	4.702898711930769	2.9461662597757274	3.3635821404226314	2.3594636410520886	3.257870416542003	2.180086504434444	3.087365885701774	2.031353499668801	2.761239991788134	1.9663909906739399	2.8327972462050677	1.9143598996611364	2.680243445692884	1.7325652439556603	2.5895121807349732	1.6167379933428434	2.535377358490566	1.6619549387475372	2.3161483745811533	1.7236242924628675	2.258666977938602	1.5813443535464284	2.3016284020944817	1.5167975931806787	2.2234668160179223	1.510989010989011	2.018097066081711	1.4892032762472078	2.0186835606141953	1.5050853018372703	1.914580265095729	1.497483736344667	1.8599897802759324	1.4321751159573604	1.8296938877255957	1.4279902359641985	1.7652811735941318	1.404505784453014	1.6663474430185787	1.3272366770525634	1.6318109350089094	1.3096200485044462	1.5708261897039062	1.2423114276464875	1.490830932455298	1.2103793061571468	1.408768681988531	1.2501014692751036	1.323797254675492	1.2065873145279635	1.342696877346407	1.1833108135773656	1.2973352033660588	1.161736837768806	4.7817583472894	4.774897680763983	1.743027888446215	2.621387539013427	1.796469570674417	3.2085561497326207	4.761904761904762	5.206423109130127	6.261051136363636	5.9488	0.14981997010514123	19.291575190788006	-1.33518351620579e-05	12.355283978307959	-1.6322815359193154e-05	9.514822798095576	-1.6816564909962134e-05	8.125114592710664	-1.342078177086183e-05	7.302832967836651	-1.402300635997273e-05	6.745198024201396	-1.5748810964772158e-05	6.333462490708278	-1.6388568271263582e-05	6.0071598087311715	-1.7029807027958077e-05	5.738615073854311	-1.8937026811042558e-05	5.5084552228056625	-1.9642017680434847e-05	5.305111808072991	-2.036579686611118e-05	5.130237019966248	-1.9721170817738348e-05	4.97371522487403	-5.848868170898079e-06	4.8308046661581985	-6.077318686995298e-06	4.6950330195085135	-3.1582554428584737e-06	4.572243555301421	-3.286230693394676e-06	4.454772412873263	-3.419925856007442e-06	4.343818235572796	-1.781029541937012e-06	4.239173210075922	-1.8562897594062844e-06	4.138437065176793	-1.9352391568550042e-06	4.047382914552589	-2.017414320413812e-06	3.9553626704064486	-2.105737502974354e-06	3.866786114714094	-2.1984351538574844e-06	3.785941720788551	0.0	3.7064692892778277	0.0	3.6291636347155674	2.51788960564813e-06	3.5540751277593383	2.634220099626204e-06	3.483562835794097	0.0	3.4177174095781377	0.0
16	171	4	0	0	1788	18822	1025	4066	720	1716	550	981	468	707	428	543	432	436	400	417	382	419	380	388	373	387	380	378	371	388	378	373	362	373	348	373	348	352	341	347	334	340	316	337	309	322	316	317	306	311	307	305	303	305	294	306	287	299	278	290	270	4082	4095	68.0	211.4296504425995	120.5465202331543	13	1	0.8231801986694336	4.324734446130501	1.3029315960912053			4.867292772560228	9.21364375085665	3.822202334340157	4.5227024982759	2.9792692514586006	3.6554192229038858	2.363761389032147	3.261194774109903	2.044650268688016	3.0961243704839063	1.8900419518657539	2.786902073496202	1.9004047158191095	2.4603577676203376	1.760330942217137	2.440308988764045	1.6671030810857992	2.471538960655931	1.6426749664980762	2.2877358490566038	1.5977041034866788	2.2749985303627063	1.6172277311997278	2.2061398389167737	1.564476680441933	2.2325795500316477	1.5794751796757478	2.08905068608233	1.5068265068265068	2.0455168631752128	1.4395631670389675	2.0025770428433374	1.4271653543307088	1.8514622343782876	1.3951965958839656	1.7731221257026062	1.3589388884368134	1.69508425565859	1.2855980471928397	1.647921760391198	1.2543129693525472	1.5418502202643172	1.2786792376482015	1.4864484666604145	1.236863379143088	1.4410824336221677	1.2423114276464875	1.3947958110394658	1.2265716714569082	1.377161692328532	1.1932786752171443	1.3593354360090621	1.1699005380727214	1.3206130471268938	1.1382713016418948	1.2710378681626928	1.1123012276509847	4.7805872088256995	4.774897680763983	1.693227091633466	2.518726921071634	1.732543931905316	3.4759358288770055	4.761904761904762	5.196273373438635	6.261051136363636	5.9488	0.14981997010514123	19.291575190788006	-1.33518351620579e-05	12.355283978307959	-1.6322815359193154e-05	9.514822798095576	-1.6816564909962134e-05	8.125114592710664	-1.342078177086183e-05	7.302832967836651	-1.402300635997273e-05	6.745198024201396	-1.5748810964772158e-05	6.333462490708278	-1.6388568271263582e-05	6.0071598087311715	-1.7029807027958077e-05	5.738615073854311	-1.8937026811042558e-05	5.5084552228056625	-1.9642017680434847e-05	5.305111808072991	-2.036579686611118e-05	5.130237019966248	-1.9721170817738348e-05	4.97371522487403	-5.848868170898079e-06	4.8308046661581985	-6.077318686995298e-06	4.6950330195085135	-3.1582554428584737e-06	4.572243555301421	-3.286230693394676e-06	4.454772412873263	-3.419925856007442e-06	4.343818235572796	-1.781029541937012e-06	4.239173210075922	-1.8562897594062844e-06	4.138437065176793	-1.9352391568550042e-06	4.047382914552589	-2.017414320413812e-06	3.9553626704064486	-2.105737502974354e-06	3.866786114714094	-2.1984351538574844e-06	3.785941720788551	0.0	3.7064692892778277	0.0	3.6291636347155674	2.51788960564813e-06	3.5540751277593383	2.634220099626204e-06	3.483562835794097	0.0	3.4177174095781377	0.0
17	249	5	0	0	2139	17964	1050	3766	634	1507	546	805	484	603	417	515	391	422	389	383	366	401	333	374	313	348	296	319	290	299	299	288	291	301	295	293	287	294	271	284	275	271	263	274	257	261	255	258	248	256	248	248	253	247	247	254	243	245	233	243	219	4081	4095	65.0	178.86486367523207	106.55606651306152	14	1	0.8178377151489258	6.29742033383915	1.6286644951140066			5.822784810126582	8.793640226351549	3.915426781519186	4.18900580632244	2.623412090867712	3.2102079072937966	2.3465703971119134	2.6761078421595026	2.1145528419764954	2.640683161813006	1.8414661073084564	2.64319441593102	1.720042231215907	2.3813554539811523	1.7119218413061656	2.2413389513108615	1.5972767740246137	2.3653630625847932	1.4395020101154197	2.205188679245283	1.340700762443245	2.0457351125742167	1.2597352853555774	1.8617952608847905	1.2229063000759046	1.720467230565625	1.2493732241350495	1.6129935592271074	1.2112887112887112	1.6506717850287906	1.2203193513692396	1.5730699022871255	1.177001312335958	1.5463917525773196	1.1087926025940018	1.4512008175779254	1.1188868093416877	1.3510818625984644	1.0699755899104963	1.3398533007334963	1.0432311751572965	1.2497605822639342	1.0318455873426942	1.2097908656100533	1.0024252223120453	1.1862286270330382	1.0035610229847847	1.1341290529107788	1.0241671052098935	1.1152752065742537	1.0025164380225668	1.1283372573408557	0.9905429642915375	1.0821076807561503	0.9540187528149694	1.0650420757363255	0.902199884650243	4.779416070361999	4.774897680763983	1.6185258964143425	2.130787930782316	1.5314674043500862	3.7433155080213902	4.761904761904762	5.162549281301189	6.261051136363636	5.9488	0.14981997010514123	19.291575190788006	-1.33518351620579e-05	12.355283978307959	-1.6322815359193154e-05	9.514822798095576	-1.6816564909962134e-05	8.125114592710664	-1.342078177086183e-05	7.302832967836651	-1.402300635997273e-05	6.745198024201396	-1.5748810964772158e-05	6.333462490708278	-1.6388568271263582e-05	6.0071598087311715	-1.7029807027958077e-05	5.738615073854311	-1.8937026811042558e-05	5.5084552228056625	-1.9642017680434847e-05	5.305111808072991	-2.036579686611118e-05	5.130237019966248	-1.9721170817738348e-05	4.97371522487403	-5.848868170898079e-06	4.8308046661581985	-6.077318686995298e-06	4.6950330195085135	-3.1582554428584737e-06	4.572243555301421	-3.286230693394676e-06	4.454772412873263	-3.419925856007442e-06	4.343818235572796	-1.781029541937012e-06	4.239173210075922	-1.8562897594062844e-06	4.138437065176793	-1.9352391568550042e-06	4.047382914552589	-2.017414320413812e-06	3.9553626704064486	-2.105737502974354e-06	3.866786114714094	-2.1984351538574844e-06	3.785941720788551	0.0	3.7064692892778277	0.0	3.6291636347155674	2.51788960564813e-06	3.5540751277593383	2.634220099626204e-06	3.483562835794097	0.0	3.4177174095781377	0.0
18	298	3	0	0	2651	18048	1154	3798	725	1452	541	750	452	559	389	457	310	399	290	321	274	291	260	275	252	261	231	254	234	232	234	234	218	233	229	218	228	229	226	228	220	223	218	222	217	218	214	220	200	216	193	195	186	193	176	183	167	176	159	164	156	3978	3991	61.0	148.79696930553834	92.1153335571289	13	1	0.8080253601074219	7.53667172483561	0.9771986970684038			7.216550973186335	8.834759452526875	4.303240481783943	4.224600120130809	2.9999586212603964	3.0930470347648265	2.325081657211621	2.4932681759250026	1.9747476953995369	2.447996496606087	1.7178185029807904	2.3455142681174297	1.3637163469998241	2.2515659387167766	1.2762399331074241	1.8785112359550562	1.1957755084227983	1.7165103521500618	1.1239355033934206	1.6214622641509433	1.0794140323824208	1.5343013344306626	0.9831042260714135	1.4824325901715887	0.9867588766129711	1.3349444732147995	0.9777703493230822	1.3105572668720247	0.9074259074259075	1.2777625445571703	0.9472987507239183	1.170406958015677	0.9350393700787403	1.2045024195245109	0.9246757497647395	1.1650485436893203	0.8951094474733502	1.1117758500348989	0.886899918633035	1.0855745721271393	0.8808605642378728	1.0438613292472707	0.8659410027111236	1.0316046140860922	0.8084074373484237	1.0008804040591261	0.7809970864357397	0.8917546988612978	0.7529449864388941	0.8714498577685464	0.7143436967286305	0.8129358980054195	0.6807435186694929	0.7773508237268671	0.6510256725218032	0.7187938288920056	0.64266293153168	4.658788808600841	4.653630438077914	1.5189243027888446	1.7725940121415318	1.3239192793052867	3.4759358288770055	4.761904761904762	5.100609405542142	6.261051136363636	5.9488	0.14981997010514123	19.291575190788006	-1.33518351620579e-05	12.355283978307959	-1.6322815359193154e-05	9.514822798095576	-1.6816564909962134e-05	8.125114592710664	-1.342078177086183e-05	7.302832967836651	-1.402300635997273e-05	6.745198024201396	-1.5748810964772158e-05	6.333462490708278	-1.6388568271263582e-05	6.0071598087311715	-1.7029807027958077e-05	5.738615073854311	-1.8937026811042558e-05	5.5084552228056625	-1.9642017680434847e-05	5.305111808072991	-2.036579686611118e-05	5.130237019966248	-1.9721170817738348e-05	4.97371522487403	-5.848868170898079e-06	4.8308046661581985	-6.077318686995298e-06	4.6950330195085135	-3.1582554428584737e-06	4.572243555301421	-3.286230693394676e-06	4.454772412873263	-3.419925856007442e-06	4.343818235572796	-1.781029541937012e-06	4.239173210075922	-1.8562897594062844e-06	4.138437065176793	-1.9352391568550042e-06	4.047382914552589	-2.017414320413812e-06	3.9553626704064486	-2.105737502974354e-06	3.866786114714094	-2.1984351538574844e-06	3.785941720788551	0.0	3.7064692892778277	0.0	3.6291636347155674	2.51788960564813e-06	3.5540751277593383	2.634220099626204e-06	3.483562835794097	0.0	3.4177174095781377	0.0
19	752	1	0	0	3413	16960	1147	3136	599	1065	422	574	339	408	299	339	276	294	249	266	221	242	218	218	207	215	197	206	184	189	168	178	161	161	160	163	155	157	154	155	156	154	156	154	161	158	154	158	151	152	141	147	142	140	138	139	121	126	114	120	104	3953	3965	57.0	113.84477293255988	77.79999732971191	12	1	0.7798709869384766	19.018715225088517	0.32573289902280134			9.290867020552607	8.302167570636957	4.277137636573815	3.488242753220173	2.4785865022551414	2.2686605316973414	1.8136496475846655	1.9081812439746018	1.4810607715496527	1.786730895555069	1.3203797747847208	1.739889139807021	1.2141474573288755	1.659048586422888	1.0958060115301675	1.5566479400749063	0.9644758662826219	1.4274759629564089	0.9423766913067911	1.2853773584905661	0.8866615265998458	1.2638880724237258	0.838404902753543	1.2022878487218396	0.7759129628067808	1.0875194199896427	0.7019889687447769	0.9969196303556426	0.6701631701631702	0.8829174664107486	0.6618681227765367	0.8751207988832814	0.6356627296587927	0.8257942352198612	0.6300887852379199	0.7920286152273889	0.6347139718447392	0.7677734569747732	0.6346623270951993	0.7530562347188264	0.65354170895068	0.7565600459682054	0.6231538056893133	0.7408796773891024	0.6103476151980598	0.7043232473008665	0.570573000971188	0.6722458499108245	0.5748289681415213	0.6321397931999819	0.5601103985713126	0.6174759006707832	0.49323332789825536	0.5565125215317345	0.4667731236948778	0.5259467040673211	0.4284419543544533	4.629510347008327	4.623313627406397	1.4193227091633465	1.356214200838275	1.1181734073711562	3.2085561497326207	4.761904761904762	4.922886690782824	6.261051136363636	5.9488	0.14981997010514123	19.291575190788006	-1.33518351620579e-05	12.355283978307959	-1.6322815359193154e-05	9.514822798095576	-1.6816564909962134e-05	8.125114592710664	-1.342078177086183e-05	7.302832967836651	-1.402300635997273e-05	6.745198024201396	-1.5748810964772158e-05	6.333462490708278	-1.6388568271263582e-05	6.0071598087311715	-1.7029807027958077e-05	5.738615073854311	-1.8937026811042558e-05	5.5084552228056625	-1.9642017680434847e-05	5.305111808072991	-2.036579686611118e-05	5.130237019966248	-1.9721170817738348e-05	4.97371522487403	-5.848868170898079e-06	4.8308046661581985	-6.077318686995298e-06	4.6950330195085135	-3.1582554428584737e-06	4.572243555301421	-3.286230693394676e-06	4.454772412873263	-3.419925856007442e-06	4.343818235572796	-1.781029541937012e-06	4.239173210075922	-1.8562897594062844e-06	4.138437065176793	-1.9352391568550042e-06	4.047382914552589	-2.017414320413812e-06	3.9553626704064486	-2.105737502974354e-06	3.866786114714094	-2.1984351538574844e-06	3.785941720788551	0.0	3.7064692892778277	0.0	3.6291636347155674	2.51788960564813e-06	3.5540751277593383	2.634220099626204e-06	3.483562835794097	0.0	3.4177174095781377	0.0
20	2253	0	0	0	3514	13263	935	1933	534	706	366	419	272	322	213	245	176	186	176	160	158	167	152	146	133	147	124	131	114	120	99	106	100	99	96	96	97	95	94	95	90	90	79	79	80	79	74	73	74	74	77	80	74	74	64	65	60	61	61	61	55	4083	4095	53.0	84.60102275488654	66.78221225738525	12	1	0.7409648895263672	56.980273141122915	0.0			9.565809173812442	6.49243210432535	3.486594324495656	2.1501190184867967	2.2096246948317955	1.5039195637355145	1.5729757607013926	1.3929058209501013	1.1883437459041462	1.4101160499233634	0.9406049900640318	1.2574420036953398	0.7742389582966743	1.0496021669206026	0.7745456145755402	0.9363295880149813	0.6895347822292048	0.9850763876600012	0.6570699865992304	0.8608490566037735	0.5696907393129444	0.8641467285873847	0.5277269438651743	0.7645616902066068	0.4807286834781142	0.6904885206283445	0.41367207086745783	0.5936712405488659	0.4162504162504163	0.5429119824513299	0.3971208736659221	0.5154085686674541	0.39780183727034124	0.49968440984641277	0.3845996481322368	0.48543689320388345	0.3661811376027342	0.44869877355668564	0.3213995117982099	0.3863080684596577	0.3247412218388472	0.3782800229841027	0.2994375429935661	0.3423051674012942	0.2991107518189167	0.3428942125017377	0.311589511168663	0.3658480815841222	0.2995587580455815	0.3341310335485619	0.25976134426495656	0.28874772333525833	0.24457850970161424	0.26942272867806194	0.24976456618761006	0.2673562412342216	0.22657987970668203	4.7817583472894	4.774897680763983	1.3197211155378485	1.0078381774593015	0.9598212904193267	3.2085561497326207	4.761904761904762	4.677294391097129	6.261051136363636	5.9488	0.14981997010514123	19.291575190788006	-1.33518351620579e-05	12.355283978307959	-1.6322815359193154e-05	9.514822798095576	-1.6816564909962134e-05	8.125114592710664	-1.342078177086183e-05	7.302832967836651	-1.402300635997273e-05	6.745198024201396	-1.5748810964772158e-05	6.333462490708278	-1.6388568271263582e-05	6.0071598087311715	-1.7029807027958077e-05	5.738615073854311	-1.8937026811042558e-05	5.5084552228056625	-1.9642017680434847e-05	5.305111808072991	-2.036579686611118e-05	5.130237019966248	-1.9721170817738348e-05	4.97371522487403	-5.848868170898079e-06	4.8308046661581985	-6.077318686995298e-06	4.6950330195085135	-3.1582554428584737e-06	4.572243555301421	-3.286230693394676e-06	4.454772412873263	-3.419925856007442e-06	4.343818235572796	-1.781029541937012e-06	4.239173210075922	-1.8562897594062844e-06	4.138437065176793	-1.9352391568550042e-06	4.047382914552589	-2.017414320413812e-06	3.9553626704064486	-2.105737502974354e-06	3.866786114714094	-2.1984351538574844e-06	3.785941720788551	0.0	3.7064692892778277	0.0	3.6291636347155674	2.51788960564813e-06	3.5540751277593383	2.634220099626204e-06	3.483562835794097	0.0	3.4177174095781377	0.0
