	counts(inten<0.01	MicrocoloniesPlatonic	MicrocoloniesAggregates	MicrocoloniesLarge	counts(Norminten<0.01	counts(inten<0.02	counts(Norminten<0.02	counts(inten<0.03	counts(Norminten<0.03	counts(inten<0.04	counts(Norminten<0.04	counts(inten<0.05	counts(Norminten<0.05	counts(inten<0.060000000000000005	counts(Norminten<0.060000000000000005	counts(inten<0.06999999999999999	counts(Norminten<0.06999999999999999	counts(inten<0.08	counts(Norminten<0.08	counts(inten<0.09	counts(Norminten<0.09	counts(inten<0.09999999999999999	counts(Norminten<0.09999999999999999	counts(inten<0.11	counts(Norminten<0.11	counts(inten<0.12	counts(Norminten<0.12	counts(inten<0.13	counts(Norminten<0.13	counts(inten<0.14	counts(Norminten<0.14	counts(inten<0.15000000000000002	counts(Norminten<0.15000000000000002	counts(inten<0.16	counts(Norminten<0.16	counts(inten<0.17	counts(Norminten<0.17	counts(inten<0.18000000000000002	counts(Norminten<0.18000000000000002	counts(inten<0.19	counts(Norminten<0.19	counts(inten<0.2	counts(Norminten<0.2	counts(inten<0.21000000000000002	counts(Norminten<0.21000000000000002	counts(inten<0.22	counts(Norminten<0.22	counts(inten<0.23	counts(Norminten<0.23	counts(inten<0.24000000000000002	counts(Norminten<0.24000000000000002	counts(inten<0.25	counts(Norminten<0.25	counts(inten<0.26	counts(Norminten<0.26	counts(inten<0.27	counts(Norminten<0.27	counts(inten<0.28	counts(Norminten<0.28	counts(inten<0.29000000000000004	counts(Norminten<0.29000000000000004	diff	max	med	std	mean	min	eigenLocal	minProp	counts(inten<0.01Normalized	MicrocoloniesPlatonicNormalized	MicrocoloniesAggregatesNormalized	MicrocoloniesLargeNormalized	counts(Norminten<0.01Normalized	counts(inten<0.02Normalized	counts(Norminten<0.02Normalized	counts(inten<0.03Normalized	counts(Norminten<0.03Normalized	counts(inten<0.04Normalized	counts(Norminten<0.04Normalized	counts(inten<0.05Normalized	counts(Norminten<0.05Normalized	counts(inten<0.060000000000000005Normalized	counts(Norminten<0.060000000000000005Normalized	counts(inten<0.06999999999999999Normalized	counts(Norminten<0.06999999999999999Normalized	counts(inten<0.08Normalized	counts(Norminten<0.08Normalized	counts(inten<0.09Normalized	counts(Norminten<0.09Normalized	counts(inten<0.09999999999999999Normalized	counts(Norminten<0.09999999999999999Normalized	counts(inten<0.11Normalized	counts(Norminten<0.11Normalized	counts(inten<0.12Normalized	counts(Norminten<0.12Normalized	counts(inten<0.13Normalized	counts(Norminten<0.13Normalized	counts(inten<0.14Normalized	counts(Norminten<0.14Normalized	counts(inten<0.15000000000000002Normalized	counts(Norminten<0.15000000000000002Normalized	counts(inten<0.16Normalized	counts(Norminten<0.16Normalized	counts(inten<0.17Normalized	counts(Norminten<0.17Normalized	counts(inten<0.18000000000000002Normalized	counts(Norminten<0.18000000000000002Normalized	counts(inten<0.19Normalized	counts(Norminten<0.19Normalized	counts(inten<0.2Normalized	counts(Norminten<0.2Normalized	counts(inten<0.21000000000000002Normalized	counts(Norminten<0.21000000000000002Normalized	counts(inten<0.22Normalized	counts(Norminten<0.22Normalized	counts(inten<0.23Normalized	counts(Norminten<0.23Normalized	counts(inten<0.24000000000000002Normalized	counts(Norminten<0.24000000000000002Normalized	counts(inten<0.25Normalized	counts(Norminten<0.25Normalized	counts(inten<0.26Normalized	counts(Norminten<0.26Normalized	counts(inten<0.27Normalized	counts(Norminten<0.27Normalized	counts(inten<0.28Normalized	counts(Norminten<0.28Normalized	counts(inten<0.29000000000000004Normalized	counts(Norminten<0.29000000000000004Normalized	diffNormalized	maxNormalized	medNormalized	stdNormalized	meanNormalized	minNormalized	eigenLocalNormalized	minPropNormalized	BioVolume	SubstratumCoverage	Homogenity	ThicknessThreshold=0.01	RoughnessThreshold=0.01	ThicknessThreshold=0.02	RoughnessThreshold=0.02	ThicknessThreshold=0.03	RoughnessThreshold=0.03	ThicknessThreshold=0.04	RoughnessThreshold=0.04	ThicknessThreshold=0.05	RoughnessThreshold=0.05	ThicknessThreshold=0.060000000000000005	RoughnessThreshold=0.060000000000000005	ThicknessThreshold=0.06999999999999999	RoughnessThreshold=0.06999999999999999	ThicknessThreshold=0.08	RoughnessThreshold=0.08	ThicknessThreshold=0.09	RoughnessThreshold=0.09	ThicknessThreshold=0.09999999999999999	RoughnessThreshold=0.09999999999999999	ThicknessThreshold=0.11	RoughnessThreshold=0.11	ThicknessThreshold=0.12	RoughnessThreshold=0.12	ThicknessThreshold=0.13	RoughnessThreshold=0.13	ThicknessThreshold=0.14	RoughnessThreshold=0.14	ThicknessThreshold=0.15000000000000002	RoughnessThreshold=0.15000000000000002	ThicknessThreshold=0.16	RoughnessThreshold=0.16	ThicknessThreshold=0.17	RoughnessThreshold=0.17	ThicknessThreshold=0.18000000000000002	RoughnessThreshold=0.18000000000000002	ThicknessThreshold=0.19	RoughnessThreshold=0.19	ThicknessThreshold=0.2	RoughnessThreshold=0.2	ThicknessThreshold=0.21000000000000002	RoughnessThreshold=0.21000000000000002	ThicknessThreshold=0.22	RoughnessThreshold=0.22	ThicknessThreshold=0.23	RoughnessThreshold=0.23	ThicknessThreshold=0.24000000000000002	RoughnessThreshold=0.24000000000000002	ThicknessThreshold=0.25	RoughnessThreshold=0.25	ThicknessThreshold=0.26	RoughnessThreshold=0.26	ThicknessThreshold=0.27	RoughnessThreshold=0.27	ThicknessThreshold=0.28	RoughnessThreshold=0.28	ThicknessThreshold=0.29000000000000004	RoughnessThreshold=0.29000000000000004
0	1	59	0	0	2527	421	2653	1155	2709	1076	2796	1138	2830	1163	2901	1356	2942	1518	3041	1646	3121	1811	3172	1976	3201	2096	3241	2265	3244	2394	3265	2520	3268	2654	3253	2741	3224	2822	3183	2865	3226	2942	3218	3040	3189	3132	3158	3164	3151	3211	3073	3242	3059	3270	2994	3274	2918	3248	2875	3197	2811	4071	4095	380.0	543.6662115339208	575.8731470108032	24	1	0.6453466415405273	0.010519671786240269	39.59731543624161			3.2868551806664756	0.11375949459439742	9.771639042357275	1.250947687642153	14.341680343056806	3.0499730717990876	17.282729632834716	5.268274616915884	18.840290260302243	6.9008485136177535	20.256965295719574	9.176422819246126	21.283368299211457	11.068980603762578	22.542624166048924	12.61109408519767	23.661865049279758	14.182786435899445	24.579620302208447	15.727475326329193	25.131506634215278	17.110204081632652	25.724263830462736	18.5930060745362	26.03322365781238	19.587628865979383	26.600945087176143	20.79894354572466	26.868371289977798	22.079866888519135	27.183086822094094	22.82454825547506	26.97907949790795	23.666554847366655	26.810983827493263	24.197635135135133	27.274264457220156	24.8963357874249	27.41990456714383	25.758346043043552	27.32413674920744	26.492979191338183	27.604895104895107	26.86136344341625	27.974076704545453	27.170418006430868	27.704652001442483	27.828326180257513	27.96416491452601	28.314139752359512	27.882287204321106	28.563950444948528	27.75875190258752	28.74845105328377	27.888252982830537	28.716428635587892	27.94234592445328	5.336986588707246	5.348676218962657	19.221041982802227	13.407686073593577	17.899081569855507	8.51063829787234	4.761904761904762	4.1268148407627425	0.916604086140254	30.605900000000002	0.3184836964997493	15.714969471474909	-1.6218294426917027e-05	6.930199434420538	-5.9264410141325865e-06	5.058787492995141	-5.4406727283015094e-06	4.308416513374144	-3.618713089126491e-06	3.9059394754610848	0.0	3.6510407795765842	-1.4557396904515123e-06	3.4736194663576767	0.0	3.3393613060684197	0.0	3.233180761813102	0.0	3.1436293855897666	0.0	3.0640762266342483	2.1670115826769094e-06	2.991032799787637	0.0	2.9252891809934276	0.0	2.8663257265080975	0.0	2.8091842039504487	0.0	2.760991470133162	0.0	2.713189184921006	0.0	2.6670675147768788	0.0	2.6216063710129442	0.0	2.576948304099215	0.0	2.5341409644301387	0.0	2.494216783281079	0.0	2.4546885297502534	4.918234353866962e-06	2.4180502790058016	5.2692591421646114e-06	2.384479618362364	0.0	2.3521958234640112	0.0	2.32311878461987	-1.9435842284618475e-05	2.2915545507503676	-1.3870106453067027e-05	2.2629898878661834	-1.4881838204655038e-05
1	1	30	0	0	2329	1307	2295	2267	2271	2007	2280	1929	2271	1908	2271	1915	2246	2000	2209	2124	2200	2227	2178	2321	2142	2337	2129	2281	2121	2294	2087	2283	2088	2268	2051	2248	2019	2216	2013	2186	2009	2169	1975	2143	1953	2137	1923	2097	1909	2093	1884	2051	1830	2027	1784	2011	1752	1988	1718	1952	1675	4074	4095	253.0	470.727644016914	435.247447013855	21	1	0.6897163391113281	0.010519671786240269	20.13422818791946			3.0293176556281054	0.35316783713747607	8.453038674033149	2.455323296869923	12.022870453703213	5.688936761246067	14.09321300531586	8.930142123049858	15.118833632913919	11.321426452263692	15.857831157042106	12.95932868647222	16.24828184909209	14.583637159107482	16.375092661230543	16.273368066196753	16.67930250189538	17.440676638734434	16.877179387834175	18.47341610951926	16.817146894873204	19.077551020408162	16.898166521152472	18.724347397800035	17.021105850252788	18.769432171494028	17.003421867361904	18.842852426543413	17.166817397023763	18.868552412645588	17.138798362162614	18.71929386293613	16.89539748953975	18.584367661858437	16.955862533692724	18.462837837837835	16.985120054108894	18.354912414318356	16.828561690524882	18.157939332316555	16.73378459429355	18.07646760277449	16.80944055944056	17.802869513541047	16.947798295454543	17.71027246573024	16.985214569058783	17.605150214592275	16.729134290154494	17.551303143129278	16.613894579996273	17.544931076600943	16.666666666666664	17.59603469640644	16.66504995634882	17.533459085601365	16.650099403578526	5.340919519133706	5.348676218962657	12.797167425392008	11.608903299938312	13.528204254028545	7.446808510638298	4.761904761904762	4.410546892080525	0.916604086140254	30.605900000000002	0.3184836964997493	15.714969471474909	-1.6218294426917027e-05	6.930199434420538	-5.9264410141325865e-06	5.058787492995141	-5.4406727283015094e-06	4.308416513374144	-3.618713089126491e-06	3.9059394754610848	0.0	3.6510407795765842	-1.4557396904515123e-06	3.4736194663576767	0.0	3.3393613060684197	0.0	3.233180761813102	0.0	3.1436293855897666	0.0	3.0640762266342483	2.1670115826769094e-06	2.991032799787637	0.0	2.9252891809934276	0.0	2.8663257265080975	0.0	2.8091842039504487	0.0	2.760991470133162	0.0	2.713189184921006	0.0	2.6670675147768788	0.0	2.6216063710129442	0.0	2.576948304099215	0.0	2.5341409644301387	0.0	2.494216783281079	0.0	2.4546885297502534	4.918234353866962e-06	2.4180502790058016	5.2692591421646114e-06	2.384479618362364	0.0	2.3521958234640112	0.0	2.32311878461987	-1.9435842284618475e-05	2.2915545507503676	-1.3870106453067027e-05	2.2629898878661834	-1.4881838204655038e-05
2	1	20	0	0	1859	3118	1798	4078	1707	3151	1670	2477	1653	2260	1674	2161	1619	1978	1575	1885	1538	1840	1510	1731	1490	1670	1472	1648	1442	1676	1414	1610	1392	1573	1381	1521	1417	1507	1409	1508	1410	1451	1383	1423	1385	1401	1358	1385	1323	1421	1320	1410	1303	1405	1285	1393	1251	1364	1252	1349	1220	4076	4095	182.0	415.85810317640653	343.0284128189087	19	1	0.7265796661376953	0.010519671786240269	13.422818791946309			2.4179912073047007	0.8425228126967486	6.622467771639043	4.416765948229178	9.037005664672561	8.93165906063097	10.322660403016442	11.467061710106014	11.004593569003395	13.410075357503114	11.689127854200125	14.624077958990323	11.712363452217318	14.423217150357297	11.67531504818384	14.442231075697212	11.660348749052313	14.409898974077844	11.700891127469973	13.777459407831902	11.698202088403862	13.63265306122449	11.683466941820779	13.528156296174684	11.572104967498596	13.712976599574539	11.520286785074141	13.288213931990756	11.444544931349174	13.086522462562398	11.540068521768196	12.665500874344241	11.857740585774058	12.638376383763838	11.868261455525607	12.736486486486488	11.920865742306392	12.278920199712278	11.784253578732107	12.057278427385189	11.867020820837974	11.850786668922348	11.87062937062937	11.758213770269123	11.745383522727272	12.0240311389406	11.900468806346916	12.103004291845494	11.91150927872749	12.16555545934713	11.966846712609424	12.153201884487872	11.90068493150685	12.07293326252434	12.144727907653506	12.117129255366928	12.127236580516898	5.3435414727513475	5.348676218962657	9.205867475973697	10.255731881548913	10.66188547546311	6.73758865248227	4.761904761904762	4.6462777617557	0.916604086140254	30.605900000000002	0.3184836964997493	15.714969471474909	-1.6218294426917027e-05	6.930199434420538	-5.9264410141325865e-06	5.058787492995141	-5.4406727283015094e-06	4.308416513374144	-3.618713089126491e-06	3.9059394754610848	0.0	3.6510407795765842	-1.4557396904515123e-06	3.4736194663576767	0.0	3.3393613060684197	0.0	3.233180761813102	0.0	3.1436293855897666	0.0	3.0640762266342483	2.1670115826769094e-06	2.991032799787637	0.0	2.9252891809934276	0.0	2.8663257265080975	0.0	2.8091842039504487	0.0	2.760991470133162	0.0	2.713189184921006	0.0	2.6670675147768788	0.0	2.6216063710129442	0.0	2.576948304099215	0.0	2.5341409644301387	0.0	2.494216783281079	0.0	2.4546885297502534	4.918234353866962e-06	2.4180502790058016	5.2692591421646114e-06	2.384479618362364	0.0	2.3521958234640112	0.0	2.32311878461987	-1.9435842284618475e-05	2.2915545507503676	-1.3870106453067027e-05	2.2629898878661834	-1.4881838204655038e-05
3	3	17	0	0	1561	5445	1380	6111	1315	4151	1207	2796	1142	1972	1098	1638	1133	1436	1090	1317	1073	1255	1048	1168	1063	1108	1038	1120	1036	1088	1017	1072	997	1040	992	1065	999	1037	1017	1039	1003	1007	1010	994	1015	986	989	1014	983	1018	991	1007	983	1011	982	999	982	987	938	991	930	4078	4095	137.0	360.06505184935634	269.28131771087646	17	1	0.7590608596801758	0.031559015358720806	11.409395973154362			2.030384225176244	1.471307477592622	5.082872928176796	6.618650492797575	6.96172375456615	11.766206525128263	7.460749165533441	12.943845192352205	7.60268956793822	11.70118079867086	7.667062355980728	11.084793936522976	8.196484120668451	10.471051480239172	8.080059303187547	10.09040760036776	8.134950720242609	9.828490876341139	8.120883378535451	9.296402419611589	8.345764308706917	9.044897959183674	8.238749107071989	9.193892628468232	8.313939491212583	8.901980036000655	8.285807397751345	8.847804555959064	8.196990873962017	8.652246256239602	8.289462689061585	8.868348738446166	8.359832635983263	8.696746058369675	8.566374663072777	8.775337837837839	8.479878254988165	8.521621392908521	8.605998636673483	8.422301304863582	8.69676977122783	8.340382338013873	8.645104895104895	8.608540623142881	8.726917613636363	8.613978676595025	8.934367111431662	8.643776824034335	8.986196178809763	8.754004675729501	9.145092195939654	8.715756412493457	9.341704718417047	8.736059479553903	9.098845668833059	8.901464115692088	9.244532803180915	5.346163426368988	5.348676218962657	6.929691451694486	8.879785204321374	8.369704848999904	6.028368794326241	4.761904761904762	4.853986089231946	0.916604086140254	30.605900000000002	0.3184836964997493	15.714969471474909	-1.6218294426917027e-05	6.930199434420538	-5.9264410141325865e-06	5.058787492995141	-5.4406727283015094e-06	4.308416513374144	-3.618713089126491e-06	3.9059394754610848	0.0	3.6510407795765842	-1.4557396904515123e-06	3.4736194663576767	0.0	3.3393613060684197	0.0	3.233180761813102	0.0	3.1436293855897666	0.0	3.0640762266342483	2.1670115826769094e-06	2.991032799787637	0.0	2.9252891809934276	0.0	2.8663257265080975	0.0	2.8091842039504487	0.0	2.760991470133162	0.0	2.713189184921006	0.0	2.6670675147768788	0.0	2.6216063710129442	0.0	2.576948304099215	0.0	2.5341409644301387	0.0	2.494216783281079	0.0	2.4546885297502534	4.918234353866962e-06	2.4180502790058016	5.2692591421646114e-06	2.384479618362364	0.0	2.3521958234640112	0.0	2.32311878461987	-1.9435842284618475e-05	2.2915545507503676	-1.3870106453067027e-05	2.2629898878661834	-1.4881838204655038e-05
4	11	11	0	0	1345	9057	1119	7814	1001	3778	900	2087	843	1401	836	1137	804	1009	820	900	801	843	814	828	796	813	804	818	820	802	825	808	798	794	796	812	798	821	812	815	811	806	792	810	771	814	770	802	755	797	748	775	725	772	704	756	696	747	688	722	688	4078	4095	109.0	309.5692501692898	213.5584545135498	17	1	0.7858905792236328	0.11571638964864298	7.38255033557047			1.749434197861658	2.4473153029488297	4.121546961325967	8.463121412325354	5.299380591878871	10.708920320870773	5.563110396835208	9.661589741215684	5.61214299980028	8.31305998931941	5.837581174498988	7.694389930297084	5.816392968241337	7.357444946769724	6.078576723498888	6.895494943303708	6.072782410917362	6.6019265408411	6.307632700503681	6.59025787965616	6.249509303603674	6.636734693877551	6.381458845940154	6.714825151863405	6.5805312575234725	6.561937489772542	6.72152517516702	6.668867613073622	6.560881361506207	6.605657237936772	6.651625302916353	6.761595470064119	6.677824267782427	6.885273398188526	6.839622641509433	6.883445945945946	6.856611430503889	6.820682068206821	6.748466257668712	6.863243518047788	6.60611772770114	6.8854677719506	6.730769230769231	6.8087273962136	6.702769886363637	6.743949906921645	6.743598990263252	6.652360515021459	6.627662492001098	6.684561433890381	6.556155708698082	6.595707555400454	6.621004566210045	6.611789697291556	6.673780192065186	6.485224108506242	6.8389662027833005	5.346163426368988	5.348676218962657	5.513404147698533	7.634477251394582	6.63774690157344	6.028368794326241	4.761904761904762	5.025554789924545	0.916604086140254	30.605900000000002	0.3184836964997493	15.714969471474909	-1.6218294426917027e-05	6.930199434420538	-5.9264410141325865e-06	5.058787492995141	-5.4406727283015094e-06	4.308416513374144	-3.618713089126491e-06	3.9059394754610848	0.0	3.6510407795765842	-1.4557396904515123e-06	3.4736194663576767	0.0	3.3393613060684197	0.0	3.233180761813102	0.0	3.1436293855897666	0.0	3.0640762266342483	2.1670115826769094e-06	2.991032799787637	0.0	2.9252891809934276	0.0	2.8663257265080975	0.0	2.8091842039504487	0.0	2.760991470133162	0.0	2.713189184921006	0.0	2.6670675147768788	0.0	2.6216063710129442	0.0	2.576948304099215	0.0	2.5341409644301387	0.0	2.494216783281079	0.0	2.4546885297502534	4.918234353866962e-06	2.4180502790058016	5.2692591421646114e-06	2.384479618362364	0.0	2.3521958234640112	0.0	2.32311878461987	-1.9435842284618475e-05	2.2915545507503676	-1.3870106453067027e-05	2.2629898878661834	-1.4881838204655038e-05
5	58	7	0	0	1322	12631	984	7515	855	2755	780	1486	737	1048	700	857	689	806	684	735	675	706	669	688	667	684	649	676	622	684	621	661	611	643	594	625	612	614	615	601	596	603	589	618	592	608	583	596	578	590	584	592	570	574	569	586	557	572	543	573	523	4081	4095	92.0	272.06270983903755	177.37372875213623	14	1	0.8013830184936523	0.6101409636019356	4.697986577181208			1.7195182227309382	3.4130550504081563	3.624309392265193	8.139283006606737	4.526443962094341	7.809178264690042	4.821362343923847	6.8793111430026395	4.906464283336661	6.218477422417374	4.887926820752741	5.799553359951275	4.984446212833683	5.8772057751203155	5.070422535211268	5.631320870364695	5.11751326762699	5.529015584619	5.184037194885703	5.475963069086278	5.236711941587501	5.583673469387755	5.151202476387015	5.549170907896897	4.991573709975122	5.596465390279824	5.059475313671174	5.455595906239683	5.0234317191482365	5.349417637271214	4.96365003760341	5.204430010825215	5.121338912133891	5.149278765514928	5.180256064690027	5.076013513513514	5.038890767669936	5.102817974105102	5.018745739604635	5.236400610066091	5.072401679376232	5.142953814921333	5.096153846153846	5.059852279480431	5.131392045454546	4.992384498223049	5.265055896141363	5.081545064377682	5.210713959228449	4.970127283747511	5.298938349785807	5.11254580352469	5.298706240487062	5.062842981058594	5.26724221553982	5.146860684451631	5.198807157057654	5.350096356795448	5.348676218962657	4.653515427415276	6.709505443719125	5.51306629899927	4.964539007092199	4.761904761904762	5.124624691561458	0.916604086140254	30.605900000000002	0.3184836964997493	15.714969471474909	-1.6218294426917027e-05	6.930199434420538	-5.9264410141325865e-06	5.058787492995141	-5.4406727283015094e-06	4.308416513374144	-3.618713089126491e-06	3.9059394754610848	0.0	3.6510407795765842	-1.4557396904515123e-06	3.4736194663576767	0.0	3.3393613060684197	0.0	3.233180761813102	0.0	3.1436293855897666	0.0	3.0640762266342483	2.1670115826769094e-06	2.991032799787637	0.0	2.9252891809934276	0.0	2.8663257265080975	0.0	2.8091842039504487	0.0	2.760991470133162	0.0	2.713189184921006	0.0	2.6670675147768788	0.0	2.6216063710129442	0.0	2.576948304099215	0.0	2.5341409644301387	0.0	2.494216783281079	0.0	2.4546885297502534	4.918234353866962e-06	2.4180502790058016	5.2692591421646114e-06	2.384479618362364	0.0	2.3521958234640112	0.0	2.32311878461987	-1.9435842284618475e-05	2.2915545507503676	-1.3870106453067027e-05	2.2629898878661834	-1.4881838204655038e-05
6	132	3	0	0	1323	15568	1008	6310	793	2240	703	1193	698	899	639	761	642	708	588	683	572	633	530	618	518	570	518	539	520	527	495	520	482	517	477	508	491	488	484	473	488	492	495	487	500	486	470	495	457	500	439	465	441	453	439	439	454	441	451	445	437	4081	4095	83.0	241.18520950985018	153.7114028930664	14	1	0.8094549179077148	1.3885966757837156	2.013422818791946			1.7208189173018393	4.206669386806601	3.712707182320442	6.834181739412975	4.198210598761184	6.349386320473936	4.345407343305724	5.522892458682469	4.646827774449105	5.334361834688186	4.461978912087145	5.149895107261285	4.644433191058381	5.162607554324048	4.3587842846553	5.232914495862703	4.336618650492798	4.957318505756128	4.106935296396745	4.918815663801337	4.066891732747115	4.653061224489797	4.11143741566791	4.424560827450336	4.173019821844154	4.311896579937817	4.032915105100212	4.291845493562231	3.9628381155964814	4.3011647254575704	3.985961393833041	4.230160712798734	4.108786610878661	4.092586380409259	4.076819407008086	3.9949324324324325	4.125803178897532	4.163493272404163	4.217791411042945	4.126419250974411	4.284123040013709	4.1109795296904075	4.108391608391608	4.202394091179217	4.057173295454546	4.230834320528008	3.9578074287774974	3.9914163090128754	4.031447115824116	3.9224175253268685	4.088284596759173	3.8300471121968243	4.318873668188736	3.903345724907063	4.374818120089243	3.997125662444984	4.343936381709741	5.350096356795448	5.348676218962657	4.198280222559434	5.948016459544509	4.7776024162284925	4.964539007092199	4.761904761904762	5.176242275276745	0.916604086140254	30.605900000000002	0.3184836964997493	15.714969471474909	-1.6218294426917027e-05	6.930199434420538	-5.9264410141325865e-06	5.058787492995141	-5.4406727283015094e-06	4.308416513374144	-3.618713089126491e-06	3.9059394754610848	0.0	3.6510407795765842	-1.4557396904515123e-06	3.4736194663576767	0.0	3.3393613060684197	0.0	3.233180761813102	0.0	3.1436293855897666	0.0	3.0640762266342483	2.1670115826769094e-06	2.991032799787637	0.0	2.9252891809934276	0.0	2.8663257265080975	0.0	2.8091842039504487	0.0	2.760991470133162	0.0	2.713189184921006	0.0	2.6670675147768788	0.0	2.6216063710129442	0.0	2.576948304099215	0.0	2.5341409644301387	0.0	2.494216783281079	0.0	2.4546885297502534	4.918234353866962e-06	2.4180502790058016	5.2692591421646114e-06	2.384479618362364	0.0	2.3521958234640112	0.0	2.32311878461987	-1.9435842284618475e-05	2.2915545507503676	-1.3870106453067027e-05	2.2629898878661834	-1.4881838204655038e-05
7	299	0	0	0	1505	17838	1032	4928	796	1803	690	1088	582	830	539	701	494	601	506	540	467	496	443	507	419	465	400	443	389	420	380	397	380	379	362	377	377	368	370	365	370	375	394	377	409	386	400	393	388	409	385	396	395	385	393	389	382	396	352	383	340	4082	4095	74.0	215.57198803792204	132.84988975524902	13	1	0.8161554336547852	3.14538186408584	0.0			1.9575453292057958	4.820051934857152	3.8011049723756907	5.33737680060652	4.214092858277304	5.110689078488619	4.265051304240326	5.036803851673534	3.874575594168165	4.924939179967958	3.76370365197961	4.74385869933004	3.5737538884467916	4.3823829663117975	3.7509266123054115	4.137296965982225	3.540561031084154	3.8844075495340276	3.4327779930259585	4.0353390639923585	3.2896286409672606	3.7959183673469385	3.1748551472339077	3.636512887867345	3.121739828264184	3.436426116838488	3.0959752321981426	3.2766589633542424	3.1242292197648607	3.1530782029950086	3.0249853764519092	3.1393121825297694	3.1548117154811712	3.086212680308621	3.116576819407008	3.08277027027027	3.128170443016571	3.1733942625031735	3.3571915473755967	3.1943738349432302	3.504412646731214	3.2650989680257148	3.4965034965034967	3.3364462178453183	3.444602272727273	3.460822474191911	3.470970068517851	3.3991416309012874	3.6109333577109424	3.3336219586111353	3.6598994226112866	3.393823067527482	3.6339421613394216	3.505045140732873	3.4144921912891646	3.4402227611605136	3.3797216699801194	5.351407333604268	5.348676218962657	3.743045017703591	5.3163530867921045	4.129192384848091	4.609929078014184	4.761904761904762	5.219090236427927	0.916604086140254	30.605900000000002	0.3184836964997493	15.714969471474909	-1.6218294426917027e-05	6.930199434420538	-5.9264410141325865e-06	5.058787492995141	-5.4406727283015094e-06	4.308416513374144	-3.618713089126491e-06	3.9059394754610848	0.0	3.6510407795765842	-1.4557396904515123e-06	3.4736194663576767	0.0	3.3393613060684197	0.0	3.233180761813102	0.0	3.1436293855897666	0.0	3.0640762266342483	2.1670115826769094e-06	2.991032799787637	0.0	2.9252891809934276	0.0	2.8663257265080975	0.0	2.8091842039504487	0.0	2.760991470133162	0.0	2.713189184921006	0.0	2.6670675147768788	0.0	2.6216063710129442	0.0	2.576948304099215	0.0	2.5341409644301387	0.0	2.494216783281079	0.0	2.4546885297502534	4.918234353866962e-06	2.4180502790058016	5.2692591421646114e-06	2.384479618362364	0.0	2.3521958234640112	0.0	2.32311878461987	-1.9435842284618475e-05	2.2915545507503676	-1.3870106453067027e-05	2.2629898878661834	-1.4881838204655038e-05
8	648	0	0	0	1582	18251	971	4477	708	1582	574	952	524	694	497	571	450	516	430	490	380	442	388	420	393	396	399	388	394	402	391	387	393	381	398	390	398	395	389	403	390	395	385	392	392	389	374	394	364	385	341	367	333	348	325	331	324	324	321	325	316	4083	4095	71.0	204.75200851788344	123.79728031158447	12	1	0.8223485946655273	6.816747317483694	0.0			2.0576988111651624	4.93164972884168	3.576427255985267	4.8489115130510125	3.7482132458044366	4.484254088834717	3.54802818642601	4.407203370214342	3.4884495040276944	4.117961193852727	3.4704280427344463	3.8641131488123435	3.2554438255082108	3.76257838704973	3.1875463306152705	3.754213913576463	2.8809704321455647	3.4615083405121783	3.0065865943432777	3.3428844317096464	3.0854989400957837	3.23265306122449	3.1669180093658227	3.185027089147923	3.1618650188588395	3.2891507118311245	3.1855955678670362	3.1941234730934305	3.2311107457041848	3.1697171381031612	3.3258126514581763	3.2475643267549335	3.3305439330543933	3.3126467628312644	3.2766172506738545	3.4037162162162162	3.297260737233683	3.3426419565033427	3.2805044308111793	3.3214709371292996	3.3587524633707484	3.290475384875655	3.2692307692307696	3.344935902878003	3.2315340909090913	3.257742426806566	3.0742877749729534	3.1502145922746783	3.0441539446018835	3.013247900251104	3.026634382566586	2.887803175711045	3.0821917808219177	2.867764206054169	3.1137840721699486	2.9192490793137518	3.141153081510934	5.352718310413089	5.348676218962657	3.5912999494183104	5.049514931965302	3.8478224413227395	4.25531914893617	4.761904761904762	5.258693803139537	0.916604086140254	30.605900000000002	0.3184836964997493	15.714969471474909	-1.6218294426917027e-05	6.930199434420538	-5.9264410141325865e-06	5.058787492995141	-5.4406727283015094e-06	4.308416513374144	-3.618713089126491e-06	3.9059394754610848	0.0	3.6510407795765842	-1.4557396904515123e-06	3.4736194663576767	0.0	3.3393613060684197	0.0	3.233180761813102	0.0	3.1436293855897666	0.0	3.0640762266342483	2.1670115826769094e-06	2.991032799787637	0.0	2.9252891809934276	0.0	2.8663257265080975	0.0	2.8091842039504487	0.0	2.760991470133162	0.0	2.713189184921006	0.0	2.6670675147768788	0.0	2.6216063710129442	0.0	2.576948304099215	0.0	2.5341409644301387	0.0	2.494216783281079	0.0	2.4546885297502534	4.918234353866962e-06	2.4180502790058016	5.2692591421646114e-06	2.384479618362364	0.0	2.3521958234640112	0.0	2.32311878461987	-1.9435842284618475e-05	2.2915545507503676	-1.3870106453067027e-05	2.2629898878661834	-1.4881838204655038e-05
9	1160	1	0	0	1880	17585	937	3646	692	1361	573	766	466	657	420	511	387	442	363	387	355	362	363	374	347	359	347	346	326	343	317	337	334	317	319	332	319	324	324	314	310	325	318	315	316	315	298	316	290	300	290	290	287	291	278	287	265	276	247	264	245	4083	4095	65.0	181.52477208055063	108.88387107849121	12	1	0.823206901550293	12.202819272038711	0.6711409395973155			2.4453057932936186	4.75168815307002	3.451197053406998	3.9488790209032816	3.66350786171846	3.8578190991808157	3.541846952651749	3.5461321235128005	3.102323413887224	3.8984157123360825	2.9327560924516445	3.458076740881099	2.7996816899370613	3.222983812162753	2.6908821349147516	2.9650628256205946	2.6914329037149356	2.8349909938131415	2.8128632313056956	2.976758993950971	2.724346392400094	2.9306122448979592	2.754186840225415	2.8402561155803645	2.616162426771527	2.8064146620847654	2.5826951279126606	2.7814460217893697	2.7460330510564828	2.637271214642263	2.6656639090833125	2.7645932217503537	2.6694560669456067	2.717208990271721	2.72911051212938	2.652027027027027	2.6208995603652347	2.7502750275027505	2.7096114519427403	2.6690391459074734	2.7075657612886643	2.664523769243783	2.604895104895105	2.6827404703285507	2.5745738636363638	2.538500592316805	2.614496934727732	2.4892703862660945	2.6236401864887102	2.519698675209975	2.588936487241572	2.503926016402024	2.5209284627092843	2.4429102496016992	2.3959646910466583	2.371328482888709	2.4353876739562623	5.352718310413089	5.348676218962657	3.2878098128477493	4.476693800355467	3.3842892313903707	4.25531914893617	4.761904761904762	5.264182440349338	0.916604086140254	30.605900000000002	0.3184836964997493	15.714969471474909	-1.6218294426917027e-05	6.930199434420538	-5.9264410141325865e-06	5.058787492995141	-5.4406727283015094e-06	4.308416513374144	-3.618713089126491e-06	3.9059394754610848	0.0	3.6510407795765842	-1.4557396904515123e-06	3.4736194663576767	0.0	3.3393613060684197	0.0	3.233180761813102	0.0	3.1436293855897666	0.0	3.0640762266342483	2.1670115826769094e-06	2.991032799787637	0.0	2.9252891809934276	0.0	2.8663257265080975	0.0	2.8091842039504487	0.0	2.760991470133162	0.0	2.713189184921006	0.0	2.6670675147768788	0.0	2.6216063710129442	0.0	2.576948304099215	0.0	2.5341409644301387	0.0	2.494216783281079	0.0	2.4546885297502534	4.918234353866962e-06	2.4180502790058016	5.2692591421646114e-06	2.384479618362364	0.0	2.3521958234640112	0.0	2.32311878461987	-1.9435842284618475e-05	2.2915545507503676	-1.3870106453067027e-05	2.2629898878661834	-1.4881838204655038e-05
10	654	0	0	0	2185	20183	998	4173	674	1388	499	822	403	602	375	455	377	404	339	365	330	346	309	336	317	317	297	312	310	299	299	305	301	298	302	294	289	304	287	288	268	290	267	271	268	265	264	267	251	263	245	249	243	245	239	241	224	238	232	225	224	3814	3827	62.0	166.045522066642	99.93734741210938	13	1	0.8235673904418945	6.879865348201136	0.0			2.8420176374183814	5.453700426125232	3.6758747697974217	4.519657749377234	3.568214304621738	3.934351880722243	3.08443565335641	3.805379380584232	2.6829105918380933	3.572064320892423	2.618532225403254	3.0791094268119377	2.7273384938146568	2.945894706139711	2.51297257227576	2.7965062825620595	2.501895375284306	2.709687524473334	2.3944207671445175	2.6743075453677174	2.488812122163775	2.5877551020408163	2.357329946821176	2.5611558036447217	2.48776181686863	2.4464081165112095	2.4360436695453807	2.5173324529547703	2.474718408287429	2.4792013311148087	2.5236065847747975	2.4481638770921808	2.418410041841004	2.5494800402549482	2.4174528301886795	2.4324324324324325	2.2658099425093	2.454091563002454	2.2750511247443765	2.296220979495001	2.296289949447348	2.2415834884114365	2.307692307692308	2.2667459037269717	2.228338068181818	2.2254188525977323	2.2087991345113593	2.1373390557939915	2.2214096352500228	2.1213957918434496	2.2257403613335818	2.1025998953062293	2.13089802130898	2.1065675340768277	2.250460762440586	2.021018593371059	2.2266401590457257	5.000065548840441	4.99862854455924	3.1360647445624683	4.094950516630712	3.106216607753681	4.609929078014184	4.761904761904762	5.266487667977455	0.916604086140254	30.605900000000002	0.3184836964997493	15.714969471474909	-1.6218294426917027e-05	6.930199434420538	-5.9264410141325865e-06	5.058787492995141	-5.4406727283015094e-06	4.308416513374144	-3.618713089126491e-06	3.9059394754610848	0.0	3.6510407795765842	-1.4557396904515123e-06	3.4736194663576767	0.0	3.3393613060684197	0.0	3.233180761813102	0.0	3.1436293855897666	0.0	3.0640762266342483	2.1670115826769094e-06	2.991032799787637	0.0	2.9252891809934276	0.0	2.8663257265080975	0.0	2.8091842039504487	0.0	2.760991470133162	0.0	2.713189184921006	0.0	2.6670675147768788	0.0	2.6216063710129442	0.0	2.576948304099215	0.0	2.5341409644301387	0.0	2.494216783281079	0.0	2.4546885297502534	4.918234353866962e-06	2.4180502790058016	5.2692591421646114e-06	2.384479618362364	0.0	2.3521958234640112	0.0	2.32311878461987	-1.9435842284618475e-05	2.2915545507503676	-1.3870106453067027e-05	2.2629898878661834	-1.4881838204655038e-05
11	348	0	0	0	2597	21912	1063	4751	657	1483	489	753	436	572	390	477	357	393	331	370	324	341	313	327	303	315	291	302	275	291	259	283	247	256	234	248	230	233	227	230	218	227	209	218	202	209	209	203	203	209	202	205	210	203	202	210	198	197	198	201	184	3547	3559	57.0	138.04588235374888	86.51169013977051	12	1	0.8109607696533203	3.660845781611614	0.0			3.3779038006295363	5.92089797043334	3.915285451197054	5.145673128993827	3.4782148340303882	4.203633889849486	3.0226233156137967	3.4859497245497897	2.9026030224352573	3.394054471014063	2.7232735144193843	3.227989443053394	2.582652101569847	2.86568470176462	2.4536693847294293	2.8348145878026356	2.4564063684609554	2.670530190304644	2.4254165052305305	2.6026743075453678	2.378896129386826	2.571428571428571	2.3097071196126677	2.479067476604827	2.206885482706043	2.380952380952381	2.1101515398403126	2.3357543743809837	2.030748992847159	2.129783693843594	1.955377287540737	2.065117828295445	1.9246861924686192	1.9540422676954043	1.9120619946091644	1.9425675675675675	1.84308420696652	1.920961326901921	1.7808452624403546	1.8471445517708862	1.7307857081655387	1.7678903738792082	1.826923076923077	1.7234060616351132	1.8022017045454544	1.7684887459807075	1.821132347637937	1.759656652360515	1.9197367218210075	1.757727941813144	1.8811696777798474	1.8321409876112371	1.8835616438356164	1.7436714462736769	1.920651857600155	1.8054432767448128	1.8290258449304173	4.650034740885434	4.648580870155823	2.8831562974203337	3.4044342191676096	2.688925167974133	4.25531914893617	4.761904761904762	5.185871784337052	0.916604086140254	30.605900000000002	0.3184836964997493	15.714969471474909	-1.6218294426917027e-05	6.930199434420538	-5.9264410141325865e-06	5.058787492995141	-5.4406727283015094e-06	4.308416513374144	-3.618713089126491e-06	3.9059394754610848	0.0	3.6510407795765842	-1.4557396904515123e-06	3.4736194663576767	0.0	3.3393613060684197	0.0	3.233180761813102	0.0	3.1436293855897666	0.0	3.0640762266342483	2.1670115826769094e-06	2.991032799787637	0.0	2.9252891809934276	0.0	2.8663257265080975	0.0	2.8091842039504487	0.0	2.760991470133162	0.0	2.713189184921006	0.0	2.6670675147768788	0.0	2.6216063710129442	0.0	2.576948304099215	0.0	2.5341409644301387	0.0	2.494216783281079	0.0	2.4546885297502534	4.918234353866962e-06	2.4180502790058016	5.2692591421646114e-06	2.384479618362364	0.0	2.3521958234640112	0.0	2.32311878461987	-1.9435842284618475e-05	2.2915545507503676	-1.3870106453067027e-05	2.2629898878661834	-1.4881838204655038e-05
12	1144	0	0	0	3365	19754	1097	3365	637	1047	436	623	363	423	311	344	269	305	247	265	216	241	206	218	200	207	184	196	194	191	184	193	182	186	176	186	176	177	167	172	171	170	170	166	168	167	148	161	141	146	142	142	128	132	123	122	119	121	113	118	108	3620	3631	53.0	103.27128345458401	72.680006980896	11	1	0.7781534194946289	12.034504523458867	0.0			4.376837231081397	5.337779230920966	4.040515653775322	3.6445359038232428	3.3723331039229176	2.9677711953286656	2.6950179255779454	2.8841257349196794	2.4166167365688036	2.509938883284875	2.171636058934432	2.3279420721391353	1.9460319756926863	2.224004666763891	1.8309859154929577	2.0303401777505363	1.6376042456406368	1.8873835069308482	1.5962805114296783	1.7351162050302453	1.5702284682421292	1.689795918367347	1.4604333677275974	1.6089312099819404	1.5568573950726265	1.5627556864670267	1.4991037966433112	1.5929349620336746	1.4963413631505385	1.5474209650582362	1.4707111222528622	1.5488383712215839	1.4728033472803346	1.48440120764844	1.4066711590296497	1.4527027027027029	1.445722015556307	1.4386053990014385	1.4485344239945468	1.4065412641925097	1.4394653414446064	1.4126205379800372	1.2937062937062938	1.3668392902623312	1.2517755681818181	1.2354036215941784	1.280201947349441	1.2188841201716738	1.1701252399670903	1.1429561000952464	1.1454647047867388	1.064386668993195	1.1320395738203957	1.0709860152239334	1.0961295954990786	1.0599119734123776	1.073558648111332	4.745736047929312	4.742623528950771	2.680829539706626	2.5468364956312355	2.2590137779498174	3.900709219858156	4.761904761904762	4.976077774721081	0.916604086140254	30.605900000000002	0.3184836964997493	15.714969471474909	-1.6218294426917027e-05	6.930199434420538	-5.9264410141325865e-06	5.058787492995141	-5.4406727283015094e-06	4.308416513374144	-3.618713089126491e-06	3.9059394754610848	0.0	3.6510407795765842	-1.4557396904515123e-06	3.4736194663576767	0.0	3.3393613060684197	0.0	3.233180761813102	0.0	3.1436293855897666	0.0	3.0640762266342483	2.1670115826769094e-06	2.991032799787637	0.0	2.9252891809934276	0.0	2.8663257265080975	0.0	2.8091842039504487	0.0	2.760991470133162	0.0	2.713189184921006	0.0	2.6670675147768788	0.0	2.6216063710129442	0.0	2.576948304099215	0.0	2.5341409644301387	0.0	2.494216783281079	0.0	2.4546885297502534	4.918234353866962e-06	2.4180502790058016	5.2692591421646114e-06	2.384479618362364	0.0	2.3521958234640112	0.0	2.32311878461987	-1.9435842284618475e-05	2.2915545507503676	-1.3870106453067027e-05	2.2629898878661834	-1.4881838204655038e-05
13	1260	0	0	0	4048	20240	1140	2963	558	955	419	509	344	400	259	298	226	253	207	226	186	200	168	185	156	161	151	149	142	150	138	137	142	141	136	142	126	132	125	125	127	126	122	128	121	124	123	119	116	118	108	112	108	110	104	105	96	100	97	93	96	3524	3534	50.0	87.37661722272617	65.2741003036499	10	1	0.7602157592773438	13.25478645066274	0.0			5.265211623006685	5.469102542970554	4.198895027624309	3.209141124228312	2.9541002699984116	2.706992828594915	2.5899369514155026	2.356372390167122	2.2901271553158913	2.373464665044799	1.8085329236785141	2.016647492725181	1.6349562323663458	1.8448301006270964	1.5344699777613047	1.7315353968740423	1.410159211523882	1.5662933667475918	1.3018209996125532	1.47246099968163	1.2247782052288607	1.3142857142857143	1.1985078180808	1.2231160728944344	1.1395554128882113	1.2272950417280315	1.1243278474824834	1.1307362165731265	1.1674751294910795	1.173044925124792	1.1364585944681207	1.1824464984594887	1.0543933054393306	1.107011070110701	1.0528975741239892	1.0557432432432432	1.0737233682786607	1.0662604722010662	1.0395364689843218	1.0845619386544654	1.0367577756833177	1.0488918964642193	1.075174825174825	1.0102725188895492	1.0298295454545454	0.99847689964461	0.9736747205192933	0.9613733905579399	0.9872931712222324	0.9524634167460386	0.9685230024213075	0.9160704938056186	0.91324200913242	0.8851124092759781	0.9409254049859347	0.8353543519267044	0.9542743538767396	4.619882274282568	4.615927169185356	2.5290844714213456	2.154848377627691	2.0288260562217912	3.546099290780142	4.761904761904762	4.8613713555220235	0.916604086140254	30.605900000000002	0.3184836964997493	15.714969471474909	-1.6218294426917027e-05	6.930199434420538	-5.9264410141325865e-06	5.058787492995141	-5.4406727283015094e-06	4.308416513374144	-3.618713089126491e-06	3.9059394754610848	0.0	3.6510407795765842	-1.4557396904515123e-06	3.4736194663576767	0.0	3.3393613060684197	0.0	3.233180761813102	0.0	3.1436293855897666	0.0	3.0640762266342483	2.1670115826769094e-06	2.991032799787637	0.0	2.9252891809934276	0.0	2.8663257265080975	0.0	2.8091842039504487	0.0	2.760991470133162	0.0	2.713189184921006	0.0	2.6670675147768788	0.0	2.6216063710129442	0.0	2.576948304099215	0.0	2.5341409644301387	0.0	2.494216783281079	0.0	2.4546885297502534	4.918234353866962e-06	2.4180502790058016	5.2692591421646114e-06	2.384479618362364	0.0	2.3521958234640112	0.0	2.32311878461987	-1.9435842284618475e-05	2.2915545507503676	-1.3870106453067027e-05	2.2629898878661834	-1.4881838204655038e-05
14	17	0	0	0	6684	30719	1513	6684	651	1513	451	639	344	439	291	339	223	293	226	225	206	224	172	204	161	180	151	158	142	151	144	144	136	148	121	133	110	118	98	104	94	94	84	92	81	83	83	83	80	83	78	78	78	77	75	78	69	68	67	71	65	2864	2874	48.0	64.0841527416311	58.06380271911621	10	1	0.7254438400268555	0.1788344203660846	0.0			8.693842511901355	8.30066012932374	5.572744014732965	7.239250514459005	3.446450314998147	4.288670313784404	2.7877364321918656	2.9581963797972315	2.2901271553158913	2.604877469886667	2.0319810069129254	2.2941057048115314	1.6132532735296246	2.1365028438092457	1.6753150481838401	1.723873735825927	1.5617892342683852	1.7542485707573028	1.3328167376985665	1.6236867239732569	1.2640339169349142	1.4693877551020407	1.1985078180808	1.29699556723034	1.1395554128882113	1.235477008672885	1.1732116669382433	1.188511059755695	1.1181451944421608	1.2312811980033278	1.0111138965488426	1.1075027063036056	0.9205020920502093	0.9896008050989601	0.8254716981132075	0.8783783783783784	0.7947243828204262	0.7954641618007954	0.7157464212678937	0.779528893407897	0.6940279324822208	0.7020808661816952	0.7255244755244755	0.7046438577128789	0.7102272727272727	0.7023184972076493	0.7032095203750451	0.6695278969957081	0.7130450681049456	0.666724391722227	0.6984540882845968	0.6805095096841738	0.6563926940639269	0.601876438307665	0.6499175477737898	0.637743645019312	0.6461232604373758	3.7546375804612016	3.753869463565	2.4279210925644916	1.580418617202224	1.8047181858020587	3.546099290780142	4.761904761904762	4.639014465181397	0.916604086140254	30.605900000000002	0.3184836964997493	15.714969471474909	-1.6218294426917027e-05	6.930199434420538	-5.9264410141325865e-06	5.058787492995141	-5.4406727283015094e-06	4.308416513374144	-3.618713089126491e-06	3.9059394754610848	0.0	3.6510407795765842	-1.4557396904515123e-06	3.4736194663576767	0.0	3.3393613060684197	0.0	3.233180761813102	0.0	3.1436293855897666	0.0	3.0640762266342483	2.1670115826769094e-06	2.991032799787637	0.0	2.9252891809934276	0.0	2.8663257265080975	0.0	2.8091842039504487	0.0	2.760991470133162	0.0	2.713189184921006	0.0	2.6670675147768788	0.0	2.6216063710129442	0.0	2.576948304099215	0.0	2.5341409644301387	0.0	2.494216783281079	0.0	2.4546885297502534	4.918234353866962e-06	2.4180502790058016	5.2692591421646114e-06	2.384479618362364	0.0	2.3521958234640112	0.0	2.32311878461987	-1.9435842284618475e-05	2.2915545507503676	-1.3870106453067027e-05	2.2629898878661834	-1.4881838204655038e-05
15	1108	0	0	0	4974	21187	1036	2504	535	739	342	452	265	309	220	241	192	215	183	195	159	173	135	136	135	132	124	131	102	116	91	95	85	86	75	79	73	74	73	74	72	73	69	71	66	70	58	59	56	56	54	55	53	52	50	50	42	44	45	44	39	3301	3311	46.0	57.509076414165136	54.7000093460083	10	1	0.7004795074462891	11.655796339154218	0.0			6.469654795660882	5.724993852663891	3.8158379373848987	2.7120112639445466	2.8323362803748213	2.0947305762635	2.1139819507973794	2.0924957177908428	1.764196791159044	1.8335014537471075	1.5362055722365757	1.6309129051904985	1.38898936555017	1.5677409946040541	1.3565604151223127	1.4940239043824701	1.2054586808188021	1.354843762236667	1.0461061604029445	1.0824578159821714	1.059904216063437	1.0775510204081633	0.9842050956425112	1.0753570842226234	0.8185538881309686	0.9491081656030109	0.7414045950790289	0.7840871574777154	0.6988407465263504	0.7154742096505824	0.6267234895963901	0.6578399533683071	0.610878661087866	0.6205971150620597	0.6148921832884097	0.625	0.608725059181603	0.6177540831006177	0.5879345603271984	0.6015929503473987	0.5655042412818096	0.5921163931652851	0.506993006993007	0.500891416928432	0.4971590909090909	0.4738534438991369	0.48683736025964663	0.4721030042918455	0.48450498217387333	0.4502554333708546	0.46563605885639786	0.43622404466934217	0.3995433789954338	0.38944946008143033	0.4365117858182171	0.39522141381478487	0.38767395626242546	4.327534445915652	4.324656156528781	2.326757713707638	1.4182666249718225	1.7001659727288758	3.546099290780142	4.761904761904762	4.479374402691433	0.916604086140254	30.605900000000002	0.3184836964997493	15.714969471474909	-1.6218294426917027e-05	6.930199434420538	-5.9264410141325865e-06	5.058787492995141	-5.4406727283015094e-06	4.308416513374144	-3.618713089126491e-06	3.9059394754610848	0.0	3.6510407795765842	-1.4557396904515123e-06	3.4736194663576767	0.0	3.3393613060684197	0.0	3.233180761813102	0.0	3.1436293855897666	0.0	3.0640762266342483	2.1670115826769094e-06	2.991032799787637	0.0	2.9252891809934276	0.0	2.8663257265080975	0.0	2.8091842039504487	0.0	2.760991470133162	0.0	2.713189184921006	0.0	2.6670675147768788	0.0	2.6216063710129442	0.0	2.576948304099215	0.0	2.5341409644301387	0.0	2.494216783281079	0.0	2.4546885297502534	4.918234353866962e-06	2.4180502790058016	5.2692591421646114e-06	2.384479618362364	0.0	2.3521958234640112	0.0	2.32311878461987	-1.9435842284618475e-05	2.2915545507503676	-1.3870106453067027e-05	2.2629898878661834	-1.4881838204655038e-05
16	19	0	0	0	7256	31842	1478	5172	632	1198	374	560	298	370	234	283	220	218	186	203	159	183	139	143	123	127	124	123	108	115	87	99	86	91	77	81	74	75	69	67	71	69	77	77	74	75	73	73	72	71	65	70	64	63	67	64	64	66	55	62	53	2868	2879	45.0	53.643392694216324	53.59079933166504	11	1	0.6927022933959961	0.19987376393856512	0.0			9.437839806456648	8.60410885243421	5.443830570902394	5.601646268818369	3.3458626713960506	3.395787862467757	2.3117814315737424	2.592472570714319	1.983889221756208	2.1954548151664395	1.6339641086516303	1.91513839074237	1.5915503146929033	1.5896164503427155	1.3787991104521868	1.5553171927673919	1.2054586808188021	1.4331584305740466	1.0771018984889578	1.1381725565106655	0.9656905079689094	1.036734693877551	0.9842050956425112	1.0096864225907076	0.866704116844555	0.9409261986581574	0.708815382108522	0.8171013535820403	0.7070624023678368	0.757071547420965	0.6434361159856271	0.6744941294029477	0.6192468619246861	0.6289835625628983	0.581199460916442	0.5658783783783784	0.6002705444707473	0.5839045443005839	0.6561008861622358	0.6524317912218268	0.634050209922029	0.6344104212485197	0.6381118881118881	0.619747007386026	0.6392045454545455	0.6007784735149772	0.5860079336458709	0.6008583690987125	0.5850626199835451	0.5455017750454585	0.6239523188675731	0.558366777176758	0.60882800608828	0.5841741901221456	0.533514404888932	0.5569029012844696	0.5268389662027833	3.759881487696483	3.7604002037590942	2.2761760242792106	1.3229326265049317	1.6656899069010345	3.900709219858156	4.761904761904762	4.429641251084845	0.916604086140254	30.605900000000002	0.3184836964997493	15.714969471474909	-1.6218294426917027e-05	6.930199434420538	-5.9264410141325865e-06	5.058787492995141	-5.4406727283015094e-06	4.308416513374144	-3.618713089126491e-06	3.9059394754610848	0.0	3.6510407795765842	-1.4557396904515123e-06	3.4736194663576767	0.0	3.3393613060684197	0.0	3.233180761813102	0.0	3.1436293855897666	0.0	3.0640762266342483	2.1670115826769094e-06	2.991032799787637	0.0	2.9252891809934276	0.0	2.8663257265080975	0.0	2.8091842039504487	0.0	2.760991470133162	0.0	2.713189184921006	0.0	2.6670675147768788	0.0	2.6216063710129442	0.0	2.576948304099215	0.0	2.5341409644301387	0.0	2.494216783281079	0.0	2.4546885297502534	4.918234353866962e-06	2.4180502790058016	5.2692591421646114e-06	2.384479618362364	0.0	2.3521958234640112	0.0	2.32311878461987	-1.9435842284618475e-05	2.2915545507503676	-1.3870106453067027e-05	2.2629898878661834	-1.4881838204655038e-05
17	1555	0	0	0	5161	17332	908	1951	374	546	265	267	215	225	187	214	148	161	127	135	127	122	104	108	90	94	83	85	83	85	86	83	81	84	76	75	75	76	72	72	68	71	59	59	56	58	50	50	48	48	49	47	39	39	33	33	35	35	33	33	30	3353	3363	44.0	50.789911909976716	51.336209297180176	10	1	0.6885738372802734	16.35808962760362	0.0			6.712884680419344	4.683324371282889	3.3443830570902398	2.113072674103758	1.979988353009688	1.547662915615522	1.638026950179256	1.2360538863941484	1.4313294720724319	1.3350738740876995	1.3057747364010892	1.4481965216214387	1.0706793026115893	1.1739827913081524	0.9414381022979985	1.0343242414955562	0.9628506444275967	0.955438953716031	0.8058891902363425	0.8595988538681949	0.7066028107089581	0.7673469387755102	0.6587824430510358	0.6977507798391068	0.6660781638712784	0.6954671903125511	0.7006680788658953	0.6850445691647409	0.6659541231604045	0.6988352745424293	0.6350798027910086	0.6245316012990257	0.6276150627615062	0.6373700100637371	0.6064690026954178	0.6081081081081081	0.5749070003381805	0.6008293137006009	0.5027266530334016	0.49991526859854263	0.47982178048153545	0.4906107257655219	0.4370629370629371	0.42448425163426434	0.4261363636363636	0.4061600947706888	0.4417598269022719	0.4034334763948498	0.3565225340524728	0.33769157502814096	0.30731979884522254	0.28790786948176583	0.3329528158295281	0.30978934324659235	0.32010864293335917	0.29641606036108864	0.2982107355864811	4.395705239974305	4.3925758545473546	2.225594334850784	1.2525611857928596	1.5956135521633636	3.546099290780142	4.761904761904762	4.4032409061057	0.916604086140254	30.605900000000002	0.3184836964997493	15.714969471474909	-1.6218294426917027e-05	6.930199434420538	-5.9264410141325865e-06	5.058787492995141	-5.4406727283015094e-06	4.308416513374144	-3.618713089126491e-06	3.9059394754610848	0.0	3.6510407795765842	-1.4557396904515123e-06	3.4736194663576767	0.0	3.3393613060684197	0.0	3.233180761813102	0.0	3.1436293855897666	0.0	3.0640762266342483	2.1670115826769094e-06	2.991032799787637	0.0	2.9252891809934276	0.0	2.8663257265080975	0.0	2.8091842039504487	0.0	2.760991470133162	0.0	2.713189184921006	0.0	2.6670675147768788	0.0	2.6216063710129442	0.0	2.576948304099215	0.0	2.5341409644301387	0.0	2.494216783281079	0.0	2.4546885297502534	4.918234353866962e-06	2.4180502790058016	5.2692591421646114e-06	2.384479618362364	0.0	2.3521958234640112	0.0	2.32311878461987	-1.9435842284618475e-05	2.2915545507503676	-1.3870106453067027e-05	2.2629898878661834	-1.4881838204655038e-05
18	1029	0	0	0	5807	18930	1006	1968	381	516	226	279	175	199	129	143	122	126	93	97	91	90	80	87	70	69	66	65	63	66	57	57	53	53	47	48	45	45	40	39	40	40	34	35	34	33	33	33	30	30	29	30	29	29	29	28	25	27	25	25	20	3246	3256	43.0	40.34520317285116	48.25904178619385	10	1	0.6565742492675781	10.824742268041238	0.0			7.553133373221301	5.115124068104378	3.705340699815838	2.131484891151305	2.0170469585473025	1.462626491680603	1.3969588329830636	1.2916068700523122	1.1650356168031424	1.1807986708597875	0.9007750855387193	0.9677201055694661	0.8825869926933372	0.9187691410237713	0.6893995552260934	0.7431811216671774	0.6899166034874905	0.7048320150364163	0.6199147617202635	0.6924546322827125	0.5495799638847453	0.563265306122449	0.5238510992935947	0.5335741257593171	0.5055774014926571	0.5400098183603338	0.46439628482972134	0.4704522944866293	0.4357477595987832	0.44093178036605657	0.3927467201470711	0.39970022483137646	0.37656903765690375	0.37739013753773903	0.3369272237196766	0.3293918918918919	0.3381805884342239	0.33849538800033846	0.2897068847989093	0.29655990510083036	0.2913203667209322	0.27914058534934866	0.2884615384615385	0.28015960607861445	0.26633522727272724	0.25385005923168047	0.2614496934727732	0.2575107296137339	0.2651064996800439	0.251103991687592	0.27006891413671075	0.24428546501483162	0.2378234398782344	0.2389803505045141	0.24250654767678728	0.2245576214856732	0.19880715705765406	4.255430721430538	4.2528180143937515	2.175012645422357	0.9949778140354221	1.49997014081635	3.546099290780142	4.761904761904762	4.198612313952732	0.916604086140254	30.605900000000002	0.3184836964997493	15.714969471474909	-1.6218294426917027e-05	6.930199434420538	-5.9264410141325865e-06	5.058787492995141	-5.4406727283015094e-06	4.308416513374144	-3.618713089126491e-06	3.9059394754610848	0.0	3.6510407795765842	-1.4557396904515123e-06	3.4736194663576767	0.0	3.3393613060684197	0.0	3.233180761813102	0.0	3.1436293855897666	0.0	3.0640762266342483	2.1670115826769094e-06	2.991032799787637	0.0	2.9252891809934276	0.0	2.8663257265080975	0.0	2.8091842039504487	0.0	2.760991470133162	0.0	2.713189184921006	0.0	2.6670675147768788	0.0	2.6216063710129442	0.0	2.576948304099215	0.0	2.5341409644301387	0.0	2.494216783281079	0.0	2.4546885297502534	4.918234353866962e-06	2.4180502790058016	5.2692591421646114e-06	2.384479618362364	0.0	2.3521958234640112	0.0	2.32311878461987	-1.9435842284618475e-05	2.2915545507503676	-1.3870106453067027e-05	2.2629898878661834	-1.4881838204655038e-05
19	1	0	0	0	10458	37610	1645	7365	605	1366	296	523	253	287	200	226	171	200	143	159	116	138	83	102	77	79	67	70	67	66	60	67	53	54	48	50	47	46	47	50	44	46	42	43	37	41	40	37	38	39	35	37	31	32	33	35	33	33	32	33	29	2508	2519	42.0	40.16092309792481	47.280327796936035	11	1	0.6615715026855469	0.010519671786240269	0.0			13.602663822481206	10.162694992150325	6.058931860036832	7.9768222679519125	3.202922335750966	3.8719918365033026	1.8296451971813572	2.42118420443498	1.684308634578257	1.7029608971696433	1.3965505202150688	1.5294038032076878	1.2370686536931201	1.458363715910748	1.0600444773906597	1.2182041066503217	0.8794541319181198	1.0807424230558385	0.6431615652847733	0.8118433619866284	0.6045379602732197	0.6448979591836734	0.5317882371616794	0.5746182892792645	0.5376775539683813	0.5400098183603338	0.4888381945576014	0.5529877847474415	0.4357477595987832	0.4492512479201331	0.4011030333416896	0.41635440086601716	0.39330543933054396	0.38577658503857765	0.3958894878706199	0.4222972972972973	0.37199864727764625	0.38926969620038926	0.35787321063394684	0.36434502626673443	0.3170251049610145	0.3468110302825241	0.34965034965034963	0.31411834620935564	0.33735795454545453	0.33000507700118464	0.3155427335016228	0.31759656652360513	0.28338970655452966	0.27708026668975666	0.30731979884522254	0.3053568312685395	0.3139269406392694	0.2920870950610728	0.3104083810262877	0.29641606036108864	0.2882703777335984	3.287929836521192	3.2901869097843552	2.12443095599393	0.9904331700207433	1.4695501054001898	3.900709219858156	4.761904761904762	4.230568379485352	0.916604086140254	30.605900000000002	0.3184836964997493	15.714969471474909	-1.6218294426917027e-05	6.930199434420538	-5.9264410141325865e-06	5.058787492995141	-5.4406727283015094e-06	4.308416513374144	-3.618713089126491e-06	3.9059394754610848	0.0	3.6510407795765842	-1.4557396904515123e-06	3.4736194663576767	0.0	3.3393613060684197	0.0	3.233180761813102	0.0	3.1436293855897666	0.0	3.0640762266342483	2.1670115826769094e-06	2.991032799787637	0.0	2.9252891809934276	0.0	2.8663257265080975	0.0	2.8091842039504487	0.0	2.760991470133162	0.0	2.713189184921006	0.0	2.6670675147768788	0.0	2.6216063710129442	0.0	2.576948304099215	0.0	2.5341409644301387	0.0	2.494216783281079	0.0	2.4546885297502534	4.918234353866962e-06	2.4180502790058016	5.2692591421646114e-06	2.384479618362364	0.0	2.3521958234640112	0.0	2.32311878461987	-1.9435842284618475e-05	2.2915545507503676	-1.3870106453067027e-05	2.2629898878661834	-1.4881838204655038e-05
20	57	1	0	0	7114	29149	1089	3133	338	624	208	262	179	195	150	149	112	132	102	105	94	96	81	87	69	71	64	67	61	62	57	58	54	57	52	54	51	52	51	50	42	46	44	43	42	43	36	38	31	31	30	30	30	31	30	31	26	26	27	27	27	2847	2858	41.0	38.629788465517265	46.09521007537842	11	1	0.6605014801025391	0.5996212918156953	0.6711409395973155			9.253141177388725	7.876426384636794	4.011049723756907	3.3932632947037797	1.7894012388162424	1.768757617846311	1.2856966250463593	1.2129068098699134	1.1916650023300712	1.1570640242093395	1.0474128901613016	1.0083237463625905	0.8102437965709326	0.9625200525010937	0.7561156412157153	0.8044744100520994	0.7126611068991661	0.7518208160388441	0.6276636962417668	0.6924546322827125	0.5417288215435346	0.5795918367346939	0.5079768235574252	0.549991791167296	0.489527325254795	0.5072819505809196	0.46439628482972134	0.4787058435127105	0.44396941544026963	0.47420965058236275	0.43452828612016375	0.44966275293529856	0.42677824267782427	0.4360952700436095	0.42958221024258764	0.4222972972972973	0.35508961785593507	0.38926969620038926	0.37491479209270623	0.36434502626673443	0.3598663353611516	0.36372864151581796	0.3146853146853147	0.3226080312420409	0.2752130681818182	0.2623117278727365	0.27046520014424813	0.2575107296137339	0.27424810311728676	0.2684215083557018	0.2793816353138387	0.27045890769499215	0.24733637747336376	0.2301292264117543	0.26190707149093023	0.2425222312045271	0.268389662027833	3.732350974711257	3.732971094943901	2.073849266565503	0.9526729192414898	1.4327147035792342	3.900709219858156	4.761904761904762	4.223725878430467	0.916604086140254	30.605900000000002	0.3184836964997493	15.714969471474909	-1.6218294426917027e-05	6.930199434420538	-5.9264410141325865e-06	5.058787492995141	-5.4406727283015094e-06	4.308416513374144	-3.618713089126491e-06	3.9059394754610848	0.0	3.6510407795765842	-1.4557396904515123e-06	3.4736194663576767	0.0	3.3393613060684197	0.0	3.233180761813102	0.0	3.1436293855897666	0.0	3.0640762266342483	2.1670115826769094e-06	2.991032799787637	0.0	2.9252891809934276	0.0	2.8663257265080975	0.0	2.8091842039504487	0.0	2.760991470133162	0.0	2.713189184921006	0.0	2.6670675147768788	0.0	2.6216063710129442	0.0	2.576948304099215	0.0	2.5341409644301387	0.0	2.494216783281079	0.0	2.4546885297502534	4.918234353866962e-06	2.4180502790058016	5.2692591421646114e-06	2.384479618362364	0.0	2.3521958234640112	0.0	2.32311878461987	-1.9435842284618475e-05	2.2915545507503676	-1.3870106453067027e-05	2.2629898878661834	-1.4881838204655038e-05
