	counts(inten<0.01	MicrocoloniesPlatonic	MicrocoloniesAggregates	MicrocoloniesLarge	counts(Norminten<0.01	counts(inten<0.02	counts(Norminten<0.02	counts(inten<0.03	counts(Norminten<0.03	counts(inten<0.04	counts(Norminten<0.04	counts(inten<0.05	counts(Norminten<0.05	counts(inten<0.060000000000000005	counts(Norminten<0.060000000000000005	counts(inten<0.06999999999999999	counts(Norminten<0.06999999999999999	counts(inten<0.08	counts(Norminten<0.08	counts(inten<0.09	counts(Norminten<0.09	counts(inten<0.09999999999999999	counts(Norminten<0.09999999999999999	counts(inten<0.11	counts(Norminten<0.11	counts(inten<0.12	counts(Norminten<0.12	counts(inten<0.13	counts(Norminten<0.13	counts(inten<0.14	counts(Norminten<0.14	counts(inten<0.15000000000000002	counts(Norminten<0.15000000000000002	counts(inten<0.16	counts(Norminten<0.16	counts(inten<0.17	counts(Norminten<0.17	counts(inten<0.18000000000000002	counts(Norminten<0.18000000000000002	counts(inten<0.19	counts(Norminten<0.19	counts(inten<0.2	counts(Norminten<0.2	counts(inten<0.21000000000000002	counts(Norminten<0.21000000000000002	counts(inten<0.22	counts(Norminten<0.22	counts(inten<0.23	counts(Norminten<0.23	counts(inten<0.24000000000000002	counts(Norminten<0.24000000000000002	counts(inten<0.25	counts(Norminten<0.25	counts(inten<0.26	counts(Norminten<0.26	counts(inten<0.27	counts(Norminten<0.27	counts(inten<0.28	counts(Norminten<0.28	counts(inten<0.29000000000000004	counts(Norminten<0.29000000000000004	diff	max	med	std	mean	min	eigenLocal	minProp	counts(inten<0.01Normalized	MicrocoloniesPlatonicNormalized	MicrocoloniesAggregatesNormalized	MicrocoloniesLargeNormalized	counts(Norminten<0.01Normalized	counts(inten<0.02Normalized	counts(Norminten<0.02Normalized	counts(inten<0.03Normalized	counts(Norminten<0.03Normalized	counts(inten<0.04Normalized	counts(Norminten<0.04Normalized	counts(inten<0.05Normalized	counts(Norminten<0.05Normalized	counts(inten<0.060000000000000005Normalized	counts(Norminten<0.060000000000000005Normalized	counts(inten<0.06999999999999999Normalized	counts(Norminten<0.06999999999999999Normalized	counts(inten<0.08Normalized	counts(Norminten<0.08Normalized	counts(inten<0.09Normalized	counts(Norminten<0.09Normalized	counts(inten<0.09999999999999999Normalized	counts(Norminten<0.09999999999999999Normalized	counts(inten<0.11Normalized	counts(Norminten<0.11Normalized	counts(inten<0.12Normalized	counts(Norminten<0.12Normalized	counts(inten<0.13Normalized	counts(Norminten<0.13Normalized	counts(inten<0.14Normalized	counts(Norminten<0.14Normalized	counts(inten<0.15000000000000002Normalized	counts(Norminten<0.15000000000000002Normalized	counts(inten<0.16Normalized	counts(Norminten<0.16Normalized	counts(inten<0.17Normalized	counts(Norminten<0.17Normalized	counts(inten<0.18000000000000002Normalized	counts(Norminten<0.18000000000000002Normalized	counts(inten<0.19Normalized	counts(Norminten<0.19Normalized	counts(inten<0.2Normalized	counts(Norminten<0.2Normalized	counts(inten<0.21000000000000002Normalized	counts(Norminten<0.21000000000000002Normalized	counts(inten<0.22Normalized	counts(Norminten<0.22Normalized	counts(inten<0.23Normalized	counts(Norminten<0.23Normalized	counts(inten<0.24000000000000002Normalized	counts(Norminten<0.24000000000000002Normalized	counts(inten<0.25Normalized	counts(Norminten<0.25Normalized	counts(inten<0.26Normalized	counts(Norminten<0.26Normalized	counts(inten<0.27Normalized	counts(Norminten<0.27Normalized	counts(inten<0.28Normalized	counts(Norminten<0.28Normalized	counts(inten<0.29000000000000004Normalized	counts(Norminten<0.29000000000000004Normalized	diffNormalized	maxNormalized	medNormalized	stdNormalized	meanNormalized	minNormalized	eigenLocalNormalized	minPropNormalized	BioVolume	SubstratumCoverage	Homogenity	ThicknessThreshold=0.01	RoughnessThreshold=0.01	ThicknessThreshold=0.02	RoughnessThreshold=0.02	ThicknessThreshold=0.03	RoughnessThreshold=0.03	ThicknessThreshold=0.04	RoughnessThreshold=0.04	ThicknessThreshold=0.05	RoughnessThreshold=0.05	ThicknessThreshold=0.060000000000000005	RoughnessThreshold=0.060000000000000005	ThicknessThreshold=0.06999999999999999	RoughnessThreshold=0.06999999999999999	ThicknessThreshold=0.08	RoughnessThreshold=0.08	ThicknessThreshold=0.09	RoughnessThreshold=0.09	ThicknessThreshold=0.09999999999999999	RoughnessThreshold=0.09999999999999999	ThicknessThreshold=0.11	RoughnessThreshold=0.11	ThicknessThreshold=0.12	RoughnessThreshold=0.12	ThicknessThreshold=0.13	RoughnessThreshold=0.13	ThicknessThreshold=0.14	RoughnessThreshold=0.14	ThicknessThreshold=0.15000000000000002	RoughnessThreshold=0.15000000000000002	ThicknessThreshold=0.16	RoughnessThreshold=0.16	ThicknessThreshold=0.17	RoughnessThreshold=0.17	ThicknessThreshold=0.18000000000000002	RoughnessThreshold=0.18000000000000002	ThicknessThreshold=0.19	RoughnessThreshold=0.19	ThicknessThreshold=0.2	RoughnessThreshold=0.2	ThicknessThreshold=0.21000000000000002	RoughnessThreshold=0.21000000000000002	ThicknessThreshold=0.22	RoughnessThreshold=0.22	ThicknessThreshold=0.23	RoughnessThreshold=0.23	ThicknessThreshold=0.24000000000000002	RoughnessThreshold=0.24000000000000002	ThicknessThreshold=0.25	RoughnessThreshold=0.25	ThicknessThreshold=0.26	RoughnessThreshold=0.26	ThicknessThreshold=0.27	RoughnessThreshold=0.27	ThicknessThreshold=0.28	RoughnessThreshold=0.28	ThicknessThreshold=0.29000000000000004	RoughnessThreshold=0.29000000000000004
0	1	55	0	0	4072	3	4266	53	4396	62	4560	57	4666	68	4801	66	4913	76	5038	96	5107	135	5206	186	5281	295	5326	406	5361	545	5372	754	5376	962	5374	1220	5330	1493	5297	1755	5300	2034	5278	2320	5278	2539	5279	2852	5262	3139	5273	3465	5236	3742	5187	3981	5129	4244	5091	4419	5062	4048	4095	935.0	752.918914250366	1091.1783895492554	47	1	0.5806741714477539	0.5181347150259068	18.272425249169437			9.350816359335889	0.001444064174211902	12.800816179559504	0.04559924288049557	14.147330479837802	0.12484645899196553	15.070394606385088	0.21810668095201655	15.527454242928451	0.3764184887904788	16.007602027207255	0.42435542982061336	16.365756162558295	0.52345202837661	16.72809376763954	0.6827880512091039	16.853116853116852	0.9360698932186936	17.125	1.2783505154639174	17.290377500572962	1.953125	17.370034570478115	2.5863167282456363	17.474493953518692	3.324184202500762	17.430805671825823	4.349080002307204	17.465886939571153	5.244507441530829	17.454285621488193	6.356815339724885	17.358736362156	7.385970119719007	17.33424962366647	8.239823465890417	17.28693042825924	9.137466307277627	17.270377278230427	9.991386735572782	17.320250713746596	10.58666555476796	17.394885989192037	11.5	17.375511821423853	12.205459211447236	17.481682856479793	13.097218022376778	17.477218865783236	13.765450264861684	17.434122075826835	14.341811369695224	17.299065735775237	14.910061832490163	17.32103973870441	15.340554051239325	17.38562989421624	4.770547057298419	4.795587356981415	16.666666666666664	8.662523163412887	13.127656428673665	8.752327746741155	4.761904761904762	3.6973944366717184	13.88785185185185	2.2815000000000003	0.17821662097229668	20.136696815490723	-1.049042748492001e-05	13.499681116968969	-9.547405253937111e-06	10.273263445198102	-2.895386780243039e-06	8.84868600016558	-2.9567982211901902e-06	8.066321408184994	-4.0483740211790684e-06	7.542875979140825	-3.124505286662945e-06	7.152933038036455	-4.29003189638715e-06	6.845224369780411	-3.316221629723958e-06	6.588545502217257	-4.5599167359204025e-06	6.369304824411745	-4.706519117292339e-06	6.178771907011337	-3.645856119934083e-06	6.01121686952851	-3.7691141199809532e-06	5.857363398203593	0.0	5.719573743045331	2.6916994717539786e-06	5.590355312249381	4.184252148613478e-06	5.4688781193490055	4.339970112072495e-06	5.359086497579678	3.004749005803673e-06	5.257210753518079	0.0	5.15892649874989	0.0	5.068072613496684	0.0	4.9827711130111325	1.762909788380309e-06	4.899311001722955	1.8388031597993499e-06	4.820009567521147	3.842385352827035e-06	4.746297360626023	2.0095776470659162e-06	4.674372461968986	2.104071588931742e-06	4.607394618527559	6.6149524384919676e-06	4.540147605058236	2.3113905325443787e-06	4.475878837292257	0.0	4.416600131115425	0.0
1	1	52	0	0	4229	4	4336	71	4517	83	4617	77	4703	63	4778	67	4820	63	4920	100	4988	143	5026	213	5041	321	5024	489	4986	691	5001	904	4998	1183	4997	1452	4974	1768	4938	2165	4946	2521	4922	2829	4873	3172	4847	3456	4838	3711	4802	3951	4752	4191	4694	4358	4691	4564	4629	4689	4535	4055	4095	879.0	729.6555028292968	1038.5631532669067	40	1	0.5872650146484375	0.5181347150259068	17.275747508305646			9.711346361402622	0.0019254188989492028	13.01086238972574	0.06108577819839972	14.536736073118142	0.16713316284408286	15.258774538964904	0.29463534093518023	15.650582362728786	0.3487406587323554	15.930914910642837	0.43078505754516816	16.055962691538976	0.433914181417453	16.336288474947704	0.7112375533428165	16.46041646041646	0.9915407017057274	16.532894736842106	1.4639175257731958	16.5046000720296	2.1252648305084745	16.38510208075142	3.1150465027392027	16.252159457609437	4.214699603537664	16.227002822933905	5.214281594278133	16.237816764132553	6.449326718639263	16.2298223391471	7.565652355147979	16.199316072300928	8.746413376867517	16.159434517965835	10.164796469317809	16.13229394305098	11.325247079964061	16.105493930172443	12.183462532299743	15.991205329307911	13.226035108201643	15.971398444708054	13.93548387096774	15.975432571654999	14.42958239365425	15.920167092132745	14.934230420320532	15.861677626088987	15.417157151265451	15.777090615756926	15.699978384609842	15.821781510337619	16.034288926363125	15.749183451279258	16.277858779420953	15.575628520401155	4.778796521083272	4.795587356981415	15.668449197860962	8.394871711867594	12.494657506184485	7.4487895716946	4.761904761904762	3.7393610819633905	13.88785185185185	2.2815000000000003	0.17821662097229668	20.136696815490723	-1.049042748492001e-05	13.499681116968969	-9.547405253937111e-06	10.273263445198102	-2.895386780243039e-06	8.84868600016558	-2.9567982211901902e-06	8.066321408184994	-4.0483740211790684e-06	7.542875979140825	-3.124505286662945e-06	7.152933038036455	-4.29003189638715e-06	6.845224369780411	-3.316221629723958e-06	6.588545502217257	-4.5599167359204025e-06	6.369304824411745	-4.706519117292339e-06	6.178771907011337	-3.645856119934083e-06	6.01121686952851	-3.7691141199809532e-06	5.857363398203593	0.0	5.719573743045331	2.6916994717539786e-06	5.590355312249381	4.184252148613478e-06	5.4688781193490055	4.339970112072495e-06	5.359086497579678	3.004749005803673e-06	5.257210753518079	0.0	5.15892649874989	0.0	5.068072613496684	0.0	4.9827711130111325	1.762909788380309e-06	4.899311001722955	1.8388031597993499e-06	4.820009567521147	3.842385352827035e-06	4.746297360626023	2.0095776470659162e-06	4.674372461968986	2.104071588931742e-06	4.607394618527559	6.6149524384919676e-06	4.540147605058236	2.3113905325443787e-06	4.475878837292257	0.0	4.416600131115425	0.0
2	1	56	0	0	3772	8	3905	82	4006	90	4172	75	4262	76	4331	85	4377	117	4445	176	4503	301	4530	432	4598	607	4659	834	4668	1065	4703	1322	4693	1589	4694	1848	4704	2121	4702	2372	4692	2642	4689	2928	4708	3161	4676	3337	4678	3608	4657	3716	4605	3909	4546	4069	4492	4235	4464	4331	4436	4053	4095	828.0	727.0332904669799	1001.7320394515991	42	1	0.5935049057006836	0.5181347150259068	18.6046511627907			8.661905527361242	0.0038508377978984055	11.717577867130768	0.0705497720037856	12.892221542818524	0.18122873079478866	13.7880891004032	0.28698247493686385	14.183028286189684	0.42070301688347633	14.440517471325688	0.5465183565871536	14.580279813457695	0.8058406226324126	14.759106152671247	1.2517780938833571	14.859914859914861	2.087089169324643	14.901315789473685	2.9690721649484537	15.054185901843303	4.018802966101695	15.194703541843325	5.312778697923302	15.215619805078392	6.495882891125343	15.260066841883255	7.625310030570456	15.246913580246913	8.66270511911901	15.245704634772158	9.629012088370153	15.3199804592086	10.492727812407242	15.387132665750377	11.136673083243345	15.303825956489122	11.868823000898471	15.343084323156964	12.609819121447027	15.449742394906968	13.180169286577993	15.407934625016475	13.455645161290322	15.447100779289395	14.029084687767323	15.439445678480258	14.045963108557604	15.37100704295871	14.37978222483814	15.279645065877926	14.658837092009511	15.150595298323722	14.878442945474987	15.187806205770277	15.035062139831979	15.23560928698997	4.776439531430457	4.795587356981415	14.759358288770052	8.364702493246526	12.051552865656861	7.82122905027933	4.761904761904762	3.77909306867203	13.88785185185185	2.2815000000000003	0.17821662097229668	20.136696815490723	-1.049042748492001e-05	13.499681116968969	-9.547405253937111e-06	10.273263445198102	-2.895386780243039e-06	8.84868600016558	-2.9567982211901902e-06	8.066321408184994	-4.0483740211790684e-06	7.542875979140825	-3.124505286662945e-06	7.152933038036455	-4.29003189638715e-06	6.845224369780411	-3.316221629723958e-06	6.588545502217257	-4.5599167359204025e-06	6.369304824411745	-4.706519117292339e-06	6.178771907011337	-3.645856119934083e-06	6.01121686952851	-3.7691141199809532e-06	5.857363398203593	0.0	5.719573743045331	2.6916994717539786e-06	5.590355312249381	4.184252148613478e-06	5.4688781193490055	4.339970112072495e-06	5.359086497579678	3.004749005803673e-06	5.257210753518079	0.0	5.15892649874989	0.0	5.068072613496684	0.0	4.9827711130111325	1.762909788380309e-06	4.899311001722955	1.8388031597993499e-06	4.820009567521147	3.842385352827035e-06	4.746297360626023	2.0095776470659162e-06	4.674372461968986	2.104071588931742e-06	4.607394618527559	6.6149524384919676e-06	4.540147605058236	2.3113905325443787e-06	4.475878837292257	0.0	4.416600131115425	0.0
3	1	45	0	0	2967	22	2974	152	2996	201	3037	154	3067	203	3137	376	3157	595	3142	909	3186	1249	3223	1505	3245	1719	3247	1924	3231	2105	3283	2347	3258	2567	3253	2644	3258	2744	3272	2826	3309	2895	3331	2971	3315	2974	3314	3018	3307	3045	3281	3137	3288	3140	3275	3153	3275	3219	3273	3248	3231	4060	4095	608.0	683.2335019543899	827.4289360046387	35	1	0.6303110122680664	0.5181347150259068	14.950166112956811			6.813328128229269	0.010589803944220615	8.923963271919822	0.13077518712896843	9.64181121874296	0.40474416544169467	10.037015004296384	0.5892706818703605	10.206322795341098	1.1237199003598117	10.459455854894639	2.4175400244325855	10.516322451698867	4.098078380053723	10.432646013879204	6.465149359886202	10.513810513810514	8.660379975038136	10.601973684210526	10.343642611683848	10.624365648430082	11.381091101694915	10.58965494749201	12.256338387055676	10.531634016754131	12.839280268374504	10.652519549628476	13.537520909038472	10.584795321637428	13.994439295644115	10.56546169086362	13.776573572321801	10.610649731314119	13.574750173147324	10.707507035800774	13.268228555331236	10.792915620209401	13.005390835579513	10.899512450508817	12.795004306632213	10.87848259114626	12.400450318975942	10.919994727823909	12.169354838709676	10.919957733456611	11.839956450734894	10.877565228922853	11.857423646809798	10.974999165526219	11.550912301353737	11.007663350363	11.35888752791988	11.045903740429694	11.30902192242833	11.135683179096354	11.275428730125668	11.096991344964968	4.784688995215311	4.795587356981415	10.837789661319073	7.860774812108833	9.95456187095024	6.517690875232775	4.761904761904762	4.013452887567526	13.88785185185185	2.2815000000000003	0.17821662097229668	20.136696815490723	-1.049042748492001e-05	13.499681116968969	-9.547405253937111e-06	10.273263445198102	-2.895386780243039e-06	8.84868600016558	-2.9567982211901902e-06	8.066321408184994	-4.0483740211790684e-06	7.542875979140825	-3.124505286662945e-06	7.152933038036455	-4.29003189638715e-06	6.845224369780411	-3.316221629723958e-06	6.588545502217257	-4.5599167359204025e-06	6.369304824411745	-4.706519117292339e-06	6.178771907011337	-3.645856119934083e-06	6.01121686952851	-3.7691141199809532e-06	5.857363398203593	0.0	5.719573743045331	2.6916994717539786e-06	5.590355312249381	4.184252148613478e-06	5.4688781193490055	4.339970112072495e-06	5.359086497579678	3.004749005803673e-06	5.257210753518079	0.0	5.15892649874989	0.0	5.068072613496684	0.0	4.9827711130111325	1.762909788380309e-06	4.899311001722955	1.8388031597993499e-06	4.820009567521147	3.842385352827035e-06	4.746297360626023	2.0095776470659162e-06	4.674372461968986	2.104071588931742e-06	4.607394618527559	6.6149524384919676e-06	4.540147605058236	2.3113905325443787e-06	4.475878837292257	0.0	4.416600131115425	0.0
4	1	29	0	0	2391	14	2410	247	2445	381	2425	491	2413	764	2420	1217	2442	1554	2443	1725	2464	1973	2472	2077	2490	2158	2538	2189	2517	2224	2517	2292	2532	2291	2561	2329	2544	2391	2540	2407	2546	2441	2544	2449	2544	2410	2532	2441	2537	2453	2531	2456	2492	2496	2495	2539	2480	2514	2469	2511	2445	4055	4095	462.0	642.2690645435225	703.3246154785156	40	1	0.6564521789550781	0.5181347150259068	9.634551495016613			5.490619330837945	0.006738966146322209	7.231590950009002	0.2125096790845737	7.868567566697776	0.767201627031272	8.014409412386806	1.8787786025866688	8.029950083194676	4.229172432881262	8.068818351560417	7.824856940783128	8.134576948700866	10.70321647496384	8.111697712255536	12.268847795163584	8.131208131208131	13.680488143114685	8.131578947368421	14.27491408934708	8.152440821137413	14.28760593220339	8.277346552736287	13.944451522486942	8.204309136542912	13.56511131442513	8.167039813102308	13.220280325315798	8.226120857699804	12.48977811699286	8.317905745558479	12.135264693622343	8.285295554469956	11.828435737607599	8.312062307742654	11.301000046950561	8.304249975537363	10.965858041329739	8.324334936684009	10.546942291128337	8.348373970400026	10.048784555726973	8.343218663503361	9.842741935483872	8.377360982697134	9.538066723695467	8.391075158306535	9.283338373147867	8.31803464735138	9.181871689228958	8.385990857757461	9.146912601772463	8.364531687409356	8.83220910623946	8.400244964616222	8.716933972089148	8.397444703942849	4.778796521083272	4.795587356981415	8.235294117647058	7.389468564873533	8.461498136564952	7.4487895716946	4.761904761904762	4.179904589794411	13.88785185185185	2.2815000000000003	0.17821662097229668	20.136696815490723	-1.049042748492001e-05	13.499681116968969	-9.547405253937111e-06	10.273263445198102	-2.895386780243039e-06	8.84868600016558	-2.9567982211901902e-06	8.066321408184994	-4.0483740211790684e-06	7.542875979140825	-3.124505286662945e-06	7.152933038036455	-4.29003189638715e-06	6.845224369780411	-3.316221629723958e-06	6.588545502217257	-4.5599167359204025e-06	6.369304824411745	-4.706519117292339e-06	6.178771907011337	-3.645856119934083e-06	6.01121686952851	-3.7691141199809532e-06	5.857363398203593	0.0	5.719573743045331	2.6916994717539786e-06	5.590355312249381	4.184252148613478e-06	5.4688781193490055	4.339970112072495e-06	5.359086497579678	3.004749005803673e-06	5.257210753518079	0.0	5.15892649874989	0.0	5.068072613496684	0.0	4.9827711130111325	1.762909788380309e-06	4.899311001722955	1.8388031597993499e-06	4.820009567521147	3.842385352827035e-06	4.746297360626023	2.0095776470659162e-06	4.674372461968986	2.104071588931742e-06	4.607394618527559	6.6149524384919676e-06	4.540147605058236	2.3113905325443787e-06	4.475878837292257	0.0	4.416600131115425	0.0
5	1	18	0	0	1849	54	1858	961	1834	1869	1818	1930	1838	1865	1839	1900	1858	1896	1844	1768	1841	1774	1856	1777	1861	1789	1863	1840	1894	1848	1912	1842	1903	1865	1904	1854	1888	1820	1885	1859	1900	1840	1868	1862	1840	1835	1820	1845	1851	1871	1851	1868	1838	1914	1827	1904	1817	1910	1819	1888	1826	4060	4095	338.0	605.0740342532698	586.7622900009155	35	1	0.6827716827392578	0.5181347150259068	5.980066445182724			4.245987094403747	0.025993155135814232	5.5752265498409646	0.8268089133614385	5.902230232034242	3.7635166428384443	6.008328375966687	7.3850156883752955	6.116472545757071	10.323830611680044	6.131635102694052	12.216292676654021	6.189207195203198	13.058750602658586	6.122787794269017	12.574679943100996	6.0753060753060755	12.300651781999724	6.105263157894736	12.213058419243985	6.09304914383001	11.844544491525424	6.0759245972213165	11.721238374315199	6.173604094005672	11.271729185727356	6.203965086472631	10.62467554940301	6.182586094866797	10.167366297770267	6.184026762804898	9.660275114631096	6.148835694512295	9.003660829128327	6.168597421297205	8.728109300906146	6.197201474281614	8.265947888589398	6.112365433068289	8.01894918173988	6.038132116955993	7.6512529708543555	5.997100303150125	7.439516129032259	6.1121384229296	7.275060269072245	6.1366574942810725	7.060780163289991	6.135051236690143	7.040906415538552	6.140763646141436	6.859283810072772	6.128368579041451	6.710230466554244	6.1887588459444745	6.55419009928487	6.271465860695151	4.784688995215311	4.795587356981415	6.024955436720143	6.961530303056914	7.059169996590277	6.517690875232775	4.761904761904762	4.347491838638218	13.88785185185185	2.2815000000000003	0.17821662097229668	20.136696815490723	-1.049042748492001e-05	13.499681116968969	-9.547405253937111e-06	10.273263445198102	-2.895386780243039e-06	8.84868600016558	-2.9567982211901902e-06	8.066321408184994	-4.0483740211790684e-06	7.542875979140825	-3.124505286662945e-06	7.152933038036455	-4.29003189638715e-06	6.845224369780411	-3.316221629723958e-06	6.588545502217257	-4.5599167359204025e-06	6.369304824411745	-4.706519117292339e-06	6.178771907011337	-3.645856119934083e-06	6.01121686952851	-3.7691141199809532e-06	5.857363398203593	0.0	5.719573743045331	2.6916994717539786e-06	5.590355312249381	4.184252148613478e-06	5.4688781193490055	4.339970112072495e-06	5.359086497579678	3.004749005803673e-06	5.257210753518079	0.0	5.15892649874989	0.0	5.068072613496684	0.0	4.9827711130111325	1.762909788380309e-06	4.899311001722955	1.8388031597993499e-06	4.820009567521147	3.842385352827035e-06	4.746297360626023	2.0095776470659162e-06	4.674372461968986	2.104071588931742e-06	4.607394618527559	6.6149524384919676e-06	4.540147605058236	2.3113905325443787e-06	4.475878837292257	0.0	4.416600131115425	0.0
6	1	12	0	0	1199	471	1167	4410	1146	5153	1143	3284	1145	2337	1130	1849	1116	1536	1138	1427	1159	1367	1166	1228	1180	1166	1208	1162	1218	1142	1237	1137	1262	1136	1266	1117	1262	1139	1258	1170	1270	1173	1280	1181	1275	1213	1276	1225	1267	1262	1261	1269	1266	1251	1274	1267	1296	1286	1286	1274	1281	4064	4095	211.0	526.7638568456151	433.18119716644287	31	1	0.7276821136474609	0.5181347150259068	3.9867109634551494			2.753346958458677	0.2267180753512686	3.501770389485687	3.794201152886518	3.6880893380104918	10.376351664283845	3.7775133848899465	12.566005969235478	3.8103161397670546	12.936617769166897	3.7676713790344087	11.88838166270173	3.7175216522318455	10.579240994558853	3.7785968057907495	10.149359886201992	3.8247038247038248	9.478574400221882	3.835526315789474	8.439862542955327	3.8634056903382117	7.719809322033898	3.9397299589067902	7.402216842909924	3.9701424427132563	6.9655382738639835	4.013757746844479	6.558228067139643	4.10006497725796	6.193098184593579	4.111858131150735	5.820133388912047	4.110079791564892	5.63470861778965	4.1167615681654555	5.493215643926945	4.142339932809289	5.269541778975741	4.188344622230948	5.086132644272179	4.184031765825485	5.057749239044322	4.20456043231844	4.939516129032258	4.18372738079514	4.907068978925267	4.180618638729569	4.796643483519807	4.225775226142395	4.60197174808711	4.282065071255714	4.5644498883204845	4.371142365678438	4.517987633501967	4.375340228633641	4.422689717419982	4.399642808078032	4.789402974520942	4.795587356981415	3.7611408199643495	6.060551840588368	5.21147960977458	5.772811918063315	4.761904761904762	4.633455267964711	13.88785185185185	2.2815000000000003	0.17821662097229668	20.136696815490723	-1.049042748492001e-05	13.499681116968969	-9.547405253937111e-06	10.273263445198102	-2.895386780243039e-06	8.84868600016558	-2.9567982211901902e-06	8.066321408184994	-4.0483740211790684e-06	7.542875979140825	-3.124505286662945e-06	7.152933038036455	-4.29003189638715e-06	6.845224369780411	-3.316221629723958e-06	6.588545502217257	-4.5599167359204025e-06	6.369304824411745	-4.706519117292339e-06	6.178771907011337	-3.645856119934083e-06	6.01121686952851	-3.7691141199809532e-06	5.857363398203593	0.0	5.719573743045331	2.6916994717539786e-06	5.590355312249381	4.184252148613478e-06	5.4688781193490055	4.339970112072495e-06	5.359086497579678	3.004749005803673e-06	5.257210753518079	0.0	5.15892649874989	0.0	5.068072613496684	0.0	4.9827711130111325	1.762909788380309e-06	4.899311001722955	1.8388031597993499e-06	4.820009567521147	3.842385352827035e-06	4.746297360626023	2.0095776470659162e-06	4.674372461968986	2.104071588931742e-06	4.607394618527559	6.6149524384919676e-06	4.540147605058236	2.3113905325443787e-06	4.475878837292257	0.0	4.416600131115425	0.0
7	1	7	0	0	921	1232	917	9464	900	5772	926	2952	919	1672	941	1285	945	1082	927	946	934	913	931	917	927	927	934	930	945	922	941	949	956	941	950	947	991	945	974	928	979	946	970	950	986	960	993	952	975	990	968	979	977	985	977	971	984	986	962	974	962	4068	4095	156.0	459.3865490105796	342.0627555847168	27	1	0.7568626403808594	0.5181347150259068	2.3255813953488373			2.1149562541621694	0.5930290208763545	2.751605353177699	8.142476124924718	2.896405239275255	11.622802601639114	3.060347676647498	11.295630213514961	3.0582362728785357	9.25546637143648	3.137503334222459	8.262071626052851	3.1479013990672886	7.452303877677526	3.077995816316366	6.728307254623044	3.0822030822030824	6.3306060185827215	3.0625	6.302405498281787	3.0350653177487477	6.137447033898305	3.0461157132607135	5.924321569626704	3.08028292969132	5.623665751753584	3.0533112690223563	5.473842071869412	3.105912930474334	5.130022351850842	3.0855175549709313	4.934347644852021	3.2274873799055523	4.674977738201247	3.187381373126513	4.3570120662941925	3.1931896017482635	4.249775381850854	3.1739799090343905	4.091300602928509	3.235651232238375	4.002835341700371	3.272044286279162	3.8387096774193545	3.219521859727909	3.849443969204448	3.209229851142128	3.700483822195343	3.261123535498515	3.6234549735138315	3.283812852917451	3.498090640536062	3.318830314681777	3.4640247329960654	3.272999455634186	3.381240019440394	3.3040252781975545	4.794116953826573	4.795587356981415	2.7807486631016043	5.285358816794422	4.11525959033744	5.027932960893855	4.761904761904762	4.819259842213673	13.88785185185185	2.2815000000000003	0.17821662097229668	20.136696815490723	-1.049042748492001e-05	13.499681116968969	-9.547405253937111e-06	10.273263445198102	-2.895386780243039e-06	8.84868600016558	-2.9567982211901902e-06	8.066321408184994	-4.0483740211790684e-06	7.542875979140825	-3.124505286662945e-06	7.152933038036455	-4.29003189638715e-06	6.845224369780411	-3.316221629723958e-06	6.588545502217257	-4.5599167359204025e-06	6.369304824411745	-4.706519117292339e-06	6.178771907011337	-3.645856119934083e-06	6.01121686952851	-3.7691141199809532e-06	5.857363398203593	0.0	5.719573743045331	2.6916994717539786e-06	5.590355312249381	4.184252148613478e-06	5.4688781193490055	4.339970112072495e-06	5.359086497579678	3.004749005803673e-06	5.257210753518079	0.0	5.15892649874989	0.0	5.068072613496684	0.0	4.9827711130111325	1.762909788380309e-06	4.899311001722955	1.8388031597993499e-06	4.820009567521147	3.842385352827035e-06	4.746297360626023	2.0095776470659162e-06	4.674372461968986	2.104071588931742e-06	4.607394618527559	6.6149524384919676e-06	4.540147605058236	2.3113905325443787e-06	4.475878837292257	0.0	4.416600131115425	0.0
8	1	7	0	0	920	1897	870	10360	853	5706	857	2607	887	1584	891	1186	890	981	898	890	900	865	906	851	908	897	893	894	901	903	895	895	914	910	918	906	911	912	912	893	918	896	917	906	908	920	902	918	897	905	895	914	904	921	902	909	894	902	893	897	865	4072	4095	145.0	439.304762031916	319.05014419555664	23	1	0.7642612457275391	0.5181347150259068	2.3255813953488373			2.1126598847222544	0.9131299128266595	2.6105743263517978	8.913361438527058	2.745148521224214	11.489901532389602	2.832308810892987	9.975510828805389	2.951747088186356	8.768336562413506	2.970792211256335	7.625538481321932	2.9646902065289806	6.756663682071768	2.9817046850615934	6.330014224751067	2.97000297000297	5.997781167660519	2.9802631578947367	5.848797250859106	2.9728579379890645	5.938824152542373	2.9123997129998043	5.694992992737928	2.9368623488379675	5.507776761207685	2.9040526947662157	5.162369498759878	2.9694606887589345	4.961020552799433	2.981584332066647	4.720716965402251	2.9669434945448625	4.511724547343425	2.984488513646181	4.192685102586976	2.9942268175739586	4.0251572327044025	3.00055626452014	3.901808785529716	2.97968693597611	3.8360505357961894	2.9721892711216555	3.7016129032258065	2.9619601109496765	3.5189361536666928	2.967211484268806	3.454792863622619	3.017457191495043	3.3880223660977045	3.0317289593976877	3.2747316089055407	3.0152787615096632	3.1689151208544124	3.038241698421339	3.1139345969589667	2.9708751202088197	4.798830933132203	4.795587356981415	2.5846702317290555	5.054312761803764	3.83840141688308	4.283054003724395	4.761904761904762	4.866369845711398	13.88785185185185	2.2815000000000003	0.17821662097229668	20.136696815490723	-1.049042748492001e-05	13.499681116968969	-9.547405253937111e-06	10.273263445198102	-2.895386780243039e-06	8.84868600016558	-2.9567982211901902e-06	8.066321408184994	-4.0483740211790684e-06	7.542875979140825	-3.124505286662945e-06	7.152933038036455	-4.29003189638715e-06	6.845224369780411	-3.316221629723958e-06	6.588545502217257	-4.5599167359204025e-06	6.369304824411745	-4.706519117292339e-06	6.178771907011337	-3.645856119934083e-06	6.01121686952851	-3.7691141199809532e-06	5.857363398203593	0.0	5.719573743045331	2.6916994717539786e-06	5.590355312249381	4.184252148613478e-06	5.4688781193490055	4.339970112072495e-06	5.359086497579678	3.004749005803673e-06	5.257210753518079	0.0	5.15892649874989	0.0	5.068072613496684	0.0	4.9827711130111325	1.762909788380309e-06	4.899311001722955	1.8388031597993499e-06	4.820009567521147	3.842385352827035e-06	4.746297360626023	2.0095776470659162e-06	4.674372461968986	2.104071588931742e-06	4.607394618527559	6.6149524384919676e-06	4.540147605058236	2.3113905325443787e-06	4.475878837292257	0.0	4.416600131115425	0.0
9	1	6	0	0	946	3201	885	11409	807	5066	791	2243	783	1304	769	1027	758	930	771	866	780	824	774	793	787	793	811	764	820	749	833	784	830	790	820	802	807	801	801	818	805	833	781	831	801	817	786	814	785	800	777	789	789	798	782	792	793	786	797	777	802	4070	4095	130.0	409.2316561965017	286.4776887893677	25	1	0.7755203247070312	0.5181347150259068	1.9933554817275747			2.172365490160057	1.5408164738840995	2.6555842285302766	9.815882302331584	2.597110031216812	10.201163891182215	2.6141846784321503	8.582689217111808	2.605657237936772	7.218378079158594	2.564017071218992	6.6032276731177255	2.5249833444370418	6.4053998209243055	2.5600159378424148	6.159317211948791	2.574002574002574	5.713493274164471	2.5460526315789473	5.450171821305842	2.5766951510984515	5.250264830508475	2.644967712477986	4.866862020639571	2.6728380977215687	4.5684659957304055	2.7028780946818523	4.52212032070139	2.696556205328135	4.306820040342365	2.6632888369222774	4.178824510212588	2.628236443575965	3.96260017809439	2.621244845866876	3.840555894642941	2.625656414103526	3.742138364779874	2.5555446484081017	3.5788113695090438	2.6285564270009516	3.4065796605929197	2.589956504547252	3.282258064516129	2.5921278562937524	3.110661793296524	2.5760037131585056	2.982310250982764	2.6335992523114924	2.9355503237198355	2.6283947297660664	2.85323150082859	2.6746264629498464	2.761382799325464	2.711622210125204	2.6973547177671318	2.7544992444017034	4.796473943479388	4.795587356981415	2.3172905525846703	4.708314048045303	3.4465314827769107	4.655493482309125	4.761904761904762	4.938061093622479	13.88785185185185	2.2815000000000003	0.17821662097229668	20.136696815490723	-1.049042748492001e-05	13.499681116968969	-9.547405253937111e-06	10.273263445198102	-2.895386780243039e-06	8.84868600016558	-2.9567982211901902e-06	8.066321408184994	-4.0483740211790684e-06	7.542875979140825	-3.124505286662945e-06	7.152933038036455	-4.29003189638715e-06	6.845224369780411	-3.316221629723958e-06	6.588545502217257	-4.5599167359204025e-06	6.369304824411745	-4.706519117292339e-06	6.178771907011337	-3.645856119934083e-06	6.01121686952851	-3.7691141199809532e-06	5.857363398203593	0.0	5.719573743045331	2.6916994717539786e-06	5.590355312249381	4.184252148613478e-06	5.4688781193490055	4.339970112072495e-06	5.359086497579678	3.004749005803673e-06	5.257210753518079	0.0	5.15892649874989	0.0	5.068072613496684	0.0	4.9827711130111325	1.762909788380309e-06	4.899311001722955	1.8388031597993499e-06	4.820009567521147	3.842385352827035e-06	4.746297360626023	2.0095776470659162e-06	4.674372461968986	2.104071588931742e-06	4.607394618527559	6.6149524384919676e-06	4.540147605058236	2.3113905325443787e-06	4.475878837292257	0.0	4.416600131115425	0.0
10	1	5	0	0	914	4222	863	11377	841	4651	800	2063	757	1337	748	1055	767	899	775	845	779	831	777	765	780	754	790	759	811	789	773	781	757	777	768	776	782	787	775	803	790	764	769	758	763	772	760	779	773	786	788	776	801	756	788	758	786	778	768	785	750	4069	4095	126.0	397.4765864568502	275.3563346862793	26	1	0.7790088653564453	0.5181347150259068	1.6611295681063125			2.098881668082761	2.0322796478408836	2.589569705335174	9.788350683988643	2.706529784700544	9.365498076961801	2.6439288783131736	7.893931277263336	2.519134775374376	7.401051757542208	2.49399839957322	6.78325724940526	2.5549633577614923	6.191886493560163	2.5732974731879006	6.009957325746799	2.570702570702571	5.762030231590626	2.5559210526315788	5.257731958762887	2.5537766427659365	4.992055084745763	2.57647902941752	4.83501082940502	2.6435020698197467	4.812442817932296	2.5081929978260162	4.504816288861972	2.4593892137751787	4.235948318159516	2.494397349702816	4.043351396415173	2.546816479400749	3.893341248639557	2.5361607435041558	3.770130053054134	2.576731139306566	3.4321653189577717	2.5162789175746867	3.26442721791559	2.503855872411643	3.2189467539507155	2.5042836430736783	3.1411290322580645	2.552502971866332	3.0562252119138344	2.6124722341942115	2.933172059268219	2.673653993791515	2.7810476751030015	2.6485614412476473	2.7307442899344334	2.6510168977031268	2.73327712197864	2.6129559063690797	2.725126709713254	2.575903283418052	4.79529544865298	4.795587356981415	2.2459893048128343	4.573068987813752	3.3127336390097946	4.8417132216014895	4.761904761904762	4.960274085733162	13.88785185185185	2.2815000000000003	0.17821662097229668	20.136696815490723	-1.049042748492001e-05	13.499681116968969	-9.547405253937111e-06	10.273263445198102	-2.895386780243039e-06	8.84868600016558	-2.9567982211901902e-06	8.066321408184994	-4.0483740211790684e-06	7.542875979140825	-3.124505286662945e-06	7.152933038036455	-4.29003189638715e-06	6.845224369780411	-3.316221629723958e-06	6.588545502217257	-4.5599167359204025e-06	6.369304824411745	-4.706519117292339e-06	6.178771907011337	-3.645856119934083e-06	6.01121686952851	-3.7691141199809532e-06	5.857363398203593	0.0	5.719573743045331	2.6916994717539786e-06	5.590355312249381	4.184252148613478e-06	5.4688781193490055	4.339970112072495e-06	5.359086497579678	3.004749005803673e-06	5.257210753518079	0.0	5.15892649874989	0.0	5.068072613496684	0.0	4.9827711130111325	1.762909788380309e-06	4.899311001722955	1.8388031597993499e-06	4.820009567521147	3.842385352827035e-06	4.746297360626023	2.0095776470659162e-06	4.674372461968986	2.104071588931742e-06	4.607394618527559	6.6149524384919676e-06	4.540147605058236	2.3113905325443787e-06	4.475878837292257	0.0	4.416600131115425	0.0
11	1	4	0	0	921	9853	848	10464	748	3658	704	1754	697	1118	665	857	646	784	635	721	639	713	641	679	662	651	646	633	658	633	667	642	663	653	646	639	627	655	622	661	624	654	648	646	639	631	617	611	603	640	605	644	600	626	600	610	611	605	607	596	620	4074	4095	108.0	351.3611500795349	228.58723831176758	21	1	0.7975711822509766	0.5181347150259068	1.3289036544850499			2.1149562541621694	4.742788102836623	2.5445598031566945	9.002839198141615	2.407234576642101	7.365941080525966	2.326657412915593	6.7115634805234565	2.3194675540765393	6.188762800996401	2.217257935449453	5.51019095994342	2.151898734177215	5.399820924306082	2.1084437360958925	5.1280227596017065	2.1087021087021087	4.943835806406879	2.1085526315789473	4.666666666666667	2.167436073732115	4.310116525423728	2.1068423455743264	4.032360810294304	2.144789595488771	3.8609332113449226	2.1642493267140397	3.7030628136355768	2.1539961013645224	3.559941121953879	2.0981519373802335	3.3295122967903295	2.0420127015144116	3.2403284852082717	2.0354735257543033	3.1034320860134277	2.035291431553541	2.9380053908355794	2.1203494650044172	2.782084409991387	2.0969382732254784	2.631030313138473	2.033082904969026	2.4637096774193545	1.991150442477876	2.488529434637219	2.0057686569638298	2.4342304203205325	2.002737074001135	2.302825191288994	2.016671148158107	2.197564666042222	2.0607777665351277	2.125491849353569	2.06518780620577	2.069013399986114	2.129413380958923	4.801187922785019	4.795587356981415	1.9251336898395723	4.04249919039125	2.750067960726214	3.910614525139665	4.761904761904762	5.078468092961797	13.88785185185185	2.2815000000000003	0.17821662097229668	20.136696815490723	-1.049042748492001e-05	13.499681116968969	-9.547405253937111e-06	10.273263445198102	-2.895386780243039e-06	8.84868600016558	-2.9567982211901902e-06	8.066321408184994	-4.0483740211790684e-06	7.542875979140825	-3.124505286662945e-06	7.152933038036455	-4.29003189638715e-06	6.845224369780411	-3.316221629723958e-06	6.588545502217257	-4.5599167359204025e-06	6.369304824411745	-4.706519117292339e-06	6.178771907011337	-3.645856119934083e-06	6.01121686952851	-3.7691141199809532e-06	5.857363398203593	0.0	5.719573743045331	2.6916994717539786e-06	5.590355312249381	4.184252148613478e-06	5.4688781193490055	4.339970112072495e-06	5.359086497579678	3.004749005803673e-06	5.257210753518079	0.0	5.15892649874989	0.0	5.068072613496684	0.0	4.9827711130111325	1.762909788380309e-06	4.899311001722955	1.8388031597993499e-06	4.820009567521147	3.842385352827035e-06	4.746297360626023	2.0095776470659162e-06	4.674372461968986	2.104071588931742e-06	4.607394618527559	6.6149524384919676e-06	4.540147605058236	2.3113905325443787e-06	4.475878837292257	0.0	4.416600131115425	0.0
12	1	1	0	0	1021	13275	868	9681	786	3020	664	1518	626	980	612	833	601	763	581	662	568	630	534	601	554	587	534	584	534	549	536	536	533	543	535	527	529	533	527	540	523	533	522	535	525	527	542	522	538	517	537	523	521	539	504	532	495	535	483	518	480	4075	4095	98.0	317.82634283066466	199.50467586517334	20	1	0.8093576431274414	0.5181347150259068	0.33222591362126247			2.344593198153719	6.389983970887666	2.6045730060613335	8.329174911812785	2.5295272423003894	6.081230744447353	2.194460968999934	5.808525292722124	2.0831946755407653	5.424854691392195	2.0405441451053616	5.355879894554105	2.0019986675549633	5.255182863833598	1.9291430089318324	4.708392603129445	1.8744018744018744	4.368326168353904	1.7565789473684212	4.130584192439862	1.813836230887601	3.8863877118644066	1.7415693692518428	3.720219136195694	1.7406043221747776	3.348581884720952	1.7391868652454654	3.0916536886427872	1.7316439246263808	2.960257318868233	1.7376335704309982	2.7459358065860773	1.7228464419475655	2.636786385673296	1.724589305582826	2.5353302971970515	1.7058612479206758	2.394429469901168	1.7080592912535584	2.3040482342807924	1.7228366094575527	2.1973898177875992	1.785949650718334	2.1048387096774195	1.7765156518293488	2.0102651839178787	1.7803268905612835	1.9768672512851526	1.7390433592576522	1.9827839905826958	1.6940037644528099	1.9165645939909215	1.6695335424466256	1.879567172568859	1.643304300489929	1.7982364785114213	1.6485781013875531	4.802366417611427	4.795587356981415	1.7468805704099821	3.6566727234560235	2.4001839348685863	3.7243947858473	4.761904761904762	5.153517401189227	13.88785185185185	2.2815000000000003	0.17821662097229668	20.136696815490723	-1.049042748492001e-05	13.499681116968969	-9.547405253937111e-06	10.273263445198102	-2.895386780243039e-06	8.84868600016558	-2.9567982211901902e-06	8.066321408184994	-4.0483740211790684e-06	7.542875979140825	-3.124505286662945e-06	7.152933038036455	-4.29003189638715e-06	6.845224369780411	-3.316221629723958e-06	6.588545502217257	-4.5599167359204025e-06	6.369304824411745	-4.706519117292339e-06	6.178771907011337	-3.645856119934083e-06	6.01121686952851	-3.7691141199809532e-06	5.857363398203593	0.0	5.719573743045331	2.6916994717539786e-06	5.590355312249381	4.184252148613478e-06	5.4688781193490055	4.339970112072495e-06	5.359086497579678	3.004749005803673e-06	5.257210753518079	0.0	5.15892649874989	0.0	5.068072613496684	0.0	4.9827711130111325	1.762909788380309e-06	4.899311001722955	1.8388031597993499e-06	4.820009567521147	3.842385352827035e-06	4.746297360626023	2.0095776470659162e-06	4.674372461968986	2.104071588931742e-06	4.607394618527559	6.6149524384919676e-06	4.540147605058236	2.3113905325443787e-06	4.475878837292257	0.0	4.416600131115425	0.0
13	1	1	0	0	1176	16393	839	8970	733	2621	627	1296	599	910	560	769	511	654	500	605	473	573	495	512	480	504	483	474	476	496	470	482	462	483	470	470	470	465	457	466	463	466	458	464	447	460	445	456	452	452	453	440	448	436	458	456	445	459	422	452	415	4077	4095	91.0	293.17047231899915	178.80053806304932	18	1	0.8183498382568359	0.5181347150259068	0.33222591362126247			2.7005304613406205	7.8908480026185694	2.5175538618496067	7.7174567667555705	2.3589611559875134	5.277783371257123	2.0721792583779495	4.959057166909007	1.9933444259567386	5.037365070578467	1.867164577220592	4.944383720182601	1.7021985343104598	4.504442454714512	1.660191918185742	4.30298719772404	1.5609015609015608	3.9730966578837887	1.6282894736842104	3.5189003436426116	1.5715548570867302	3.3368644067796613	1.5752397103907116	3.019492929035546	1.551549920140813	3.025312595303446	1.525033258704046	2.7801811155332525	1.5009746588693957	2.6331570626396994	1.5265192114066712	2.448937057107128	1.5306953264940564	2.300385871178391	1.49551672229858	2.187896145358937	1.5101601487328353	2.093441150044924	1.498642060142011	1.9982773471145565	1.4668723131952877	1.9180252678980947	1.4663239752207724	1.8387096774193548	1.4925373134328357	1.7575239132125358	1.501840002652256	1.6631387964922892	1.4953770152541808	1.6038846380223661	1.5393923097606883	1.6427696519922184	1.50089379068434	1.6125632377740304	1.4357648339684268	1.569117544955912	1.425333150157989	4.804723407264242	4.795587356981415	1.6221033868092691	3.37300067673362	2.1510983496688345	3.35195530726257	4.761904761904762	5.210774454937623	13.88785185185185	2.2815000000000003	0.17821662097229668	20.136696815490723	-1.049042748492001e-05	13.499681116968969	-9.547405253937111e-06	10.273263445198102	-2.895386780243039e-06	8.84868600016558	-2.9567982211901902e-06	8.066321408184994	-4.0483740211790684e-06	7.542875979140825	-3.124505286662945e-06	7.152933038036455	-4.29003189638715e-06	6.845224369780411	-3.316221629723958e-06	6.588545502217257	-4.5599167359204025e-06	6.369304824411745	-4.706519117292339e-06	6.178771907011337	-3.645856119934083e-06	6.01121686952851	-3.7691141199809532e-06	5.857363398203593	0.0	5.719573743045331	2.6916994717539786e-06	5.590355312249381	4.184252148613478e-06	5.4688781193490055	4.339970112072495e-06	5.359086497579678	3.004749005803673e-06	5.257210753518079	0.0	5.15892649874989	0.0	5.068072613496684	0.0	4.9827711130111325	1.762909788380309e-06	4.899311001722955	1.8388031597993499e-06	4.820009567521147	3.842385352827035e-06	4.746297360626023	2.0095776470659162e-06	4.674372461968986	2.104071588931742e-06	4.607394618527559	6.6149524384919676e-06	4.540147605058236	2.3113905325443787e-06	4.475878837292257	0.0	4.416600131115425	0.0
14	3	0	0	0	1305	19211	832	7794	702	2429	578	1215	529	796	487	652	485	551	473	510	452	482	419	466	408	460	395	440	396	415	405	392	396	403	403	404	398	401	383	404	391	403	396	382	402	394	408	399	385	401	381	407	372	385	377	380	389	374	373	378	375	4079	4095	85.0	267.4784331925148	159.51525211334229	16	1	0.8259983062744141	1.5544041450777202	0.0			2.996762119089719	9.247305616928283	2.4965492408329832	6.7056697926524995	2.2591960866346987	4.891162078894908	1.9102386145812678	4.649116093977194	1.7603993344425959	4.406310545253253	1.6237663376900506	4.192117276409696	1.6155896069287141	3.795027205730422	1.5705415546037123	3.627311522048364	1.4916014916014917	3.3421162113437806	1.3782894736842106	3.202749140893471	1.3358216285237206	3.045550847457627	1.28823951470876	2.802904828640591	1.2907852276801721	2.531259530344617	1.3141244037768909	2.261060160350695	1.2865497076023393	2.1970233876683203	1.3089090259508267	2.1050437682367655	1.296205829669435	1.9837736222420106	1.2533542771123765	1.896802666791868	1.275318829707427	1.8104222821203952	1.2957691175026995	1.645133505598622	1.3192006038132116	1.642830338156194	1.3444049031237644	1.6088709677419357	1.2712983753797384	1.5592192238898825	1.2631369558730894	1.5384033867553675	1.2416969858807037	1.4162742789876397	1.2671417047593438	1.3689747099935154	1.3120172687105804	1.3139404159640247	1.2690528034839412	1.3122266194542804	1.287951641709026	4.8070803969170575	4.795587356981415	1.5151515151515151	3.077407247167479	1.919082567005597	2.97951582867784	4.761904761904762	5.2594754381874	13.88785185185185	2.2815000000000003	0.17821662097229668	20.136696815490723	-1.049042748492001e-05	13.499681116968969	-9.547405253937111e-06	10.273263445198102	-2.895386780243039e-06	8.84868600016558	-2.9567982211901902e-06	8.066321408184994	-4.0483740211790684e-06	7.542875979140825	-3.124505286662945e-06	7.152933038036455	-4.29003189638715e-06	6.845224369780411	-3.316221629723958e-06	6.588545502217257	-4.5599167359204025e-06	6.369304824411745	-4.706519117292339e-06	6.178771907011337	-3.645856119934083e-06	6.01121686952851	-3.7691141199809532e-06	5.857363398203593	0.0	5.719573743045331	2.6916994717539786e-06	5.590355312249381	4.184252148613478e-06	5.4688781193490055	4.339970112072495e-06	5.359086497579678	3.004749005803673e-06	5.257210753518079	0.0	5.15892649874989	0.0	5.068072613496684	0.0	4.9827711130111325	1.762909788380309e-06	4.899311001722955	1.8388031597993499e-06	4.820009567521147	3.842385352827035e-06	4.746297360626023	2.0095776470659162e-06	4.674372461968986	2.104071588931742e-06	4.607394618527559	6.6149524384919676e-06	4.540147605058236	2.3113905325443787e-06	4.475878837292257	0.0	4.416600131115425	0.0
15	1	0	0	0	1503	20602	846	7032	621	2184	544	1097	470	707	428	567	422	485	392	449	378	421	370	384	352	383	368	363	361	348	358	364	347	358	343	358	337	345	340	344	328	341	317	338	314	323	318	321	323	314	327	316	316	323	316	324	310	317	304	309	296	4078	4095	80.0	246.42261388442097	143.06990909576416	17	1	0.8339786529541016	0.5181347150259068	0.0			3.451443268192987	9.91687003903787	2.5385584828662306	6.0500731308612234	1.9985196150999258	4.397817200620205	1.797871637252958	4.197597000076528	1.5640599001663893	3.913645170218655	1.427047212590024	3.6455989198225422	1.4057295136575616	3.340450444245471	1.301590463857622	3.1934566145092464	1.2474012474012475	2.9191512966301483	1.2171052631578947	2.6391752577319587	1.1524735618636022	2.5357521186440675	1.2001826364881614	2.312396483628488	1.1767006747286417	2.1225983531564503	1.1616210779064864	2.0995558631827884	1.1273554256010396	1.9516981954969197	1.1140342330052941	1.8653605669028763	1.0975411170819085	1.7067379044226771	1.1126382616663395	1.6150993004366403	1.0698326755601943	1.531895777178796	1.0372697228493832	1.4556416881998278	1.0304203721327077	1.3467873076762706	1.0478449980229338	1.2943548387096775	1.0665698058380664	1.2209347538688857	1.0841096707887146	1.1944360447535531	1.054774858973931	1.1881989405532665	1.0621134713632696	1.1672310685207867	1.0455664609261694	1.1136874648679034	1.0342950462710943	1.0726931889189752	1.0166231625223243	4.80590190209065	4.795587356981415	1.4260249554367201	2.835154703063709	1.7212333289212245	3.165735567970205	4.761904761904762	5.310289631184175	13.88785185185185	2.2815000000000003	0.17821662097229668	20.136696815490723	-1.049042748492001e-05	13.499681116968969	-9.547405253937111e-06	10.273263445198102	-2.895386780243039e-06	8.84868600016558	-2.9567982211901902e-06	8.066321408184994	-4.0483740211790684e-06	7.542875979140825	-3.124505286662945e-06	7.152933038036455	-4.29003189638715e-06	6.845224369780411	-3.316221629723958e-06	6.588545502217257	-4.5599167359204025e-06	6.369304824411745	-4.706519117292339e-06	6.178771907011337	-3.645856119934083e-06	6.01121686952851	-3.7691141199809532e-06	5.857363398203593	0.0	5.719573743045331	2.6916994717539786e-06	5.590355312249381	4.184252148613478e-06	5.4688781193490055	4.339970112072495e-06	5.359086497579678	3.004749005803673e-06	5.257210753518079	0.0	5.15892649874989	0.0	5.068072613496684	0.0	4.9827711130111325	1.762909788380309e-06	4.899311001722955	1.8388031597993499e-06	4.820009567521147	3.842385352827035e-06	4.746297360626023	2.0095776470659162e-06	4.674372461968986	2.104071588931742e-06	4.607394618527559	6.6149524384919676e-06	4.540147605058236	2.3113905325443787e-06	4.475878837292257	0.0	4.416600131115425	0.0
16	5	1	0	0	1647	21413	915	6075	671	1880	520	961	459	682	396	524	362	459	345	396	341	362	337	343	316	341	288	337	287	314	295	292	298	281	289	296	294	290	284	290	290	288	285	287	277	287	271	279	270	268	257	271	247	260	252	250	257	254	253	257	250	4079	4095	76.0	228.49653883293468	130.1568775177002	16	1	0.8358469009399414	2.5906735751295336	0.33222591362126247			3.782120467540818	10.30724872079982	2.745604032887235	5.226705669792652	2.1594310172818845	3.785666821046697	1.7185537709035625	3.677202112191016	1.5274542429284526	3.7752560199280376	1.3203520938917044	3.369124927666688	1.2058627581612258	3.1613747503271576	1.145532423548162	2.8165007112375533	1.1253011253011254	2.510054084038275	1.1085526315789473	2.357388316151203	1.0346069475820974	2.2576800847457625	0.9392733676863871	2.1467702892088165	0.9354933342025491	1.9152180542848432	0.9572017262078588	1.684259099036742	0.9681611435997401	1.5319195333369677	0.9386469193543148	1.5423092955398083	0.9574987787005375	1.434649252992975	0.9293801950389424	1.3615662707169351	0.9458886460745621	1.293800539083558	0.9325611072936095	1.2360034453057709	0.909001411085223	1.1966809823625069	0.892974825359167	1.125	0.8915598996169595	1.0420717007543354	0.8520372641978583	1.0243423042032054	0.8244600954638005	0.9564449676280165	0.8470018822264049	0.9006412565746812	0.866808324058147	0.8923552557616639	0.8607784431137725	0.89217524126918	0.8586344278060173	4.8070803969170575	4.795587356981415	1.3547237076648841	2.6289106608122466	1.565880323736195	2.97951582867784	4.761904761904762	5.322185544673739	13.88785185185185	2.2815000000000003	0.17821662097229668	20.136696815490723	-1.049042748492001e-05	13.499681116968969	-9.547405253937111e-06	10.273263445198102	-2.895386780243039e-06	8.84868600016558	-2.9567982211901902e-06	8.066321408184994	-4.0483740211790684e-06	7.542875979140825	-3.124505286662945e-06	7.152933038036455	-4.29003189638715e-06	6.845224369780411	-3.316221629723958e-06	6.588545502217257	-4.5599167359204025e-06	6.369304824411745	-4.706519117292339e-06	6.178771907011337	-3.645856119934083e-06	6.01121686952851	-3.7691141199809532e-06	5.857363398203593	0.0	5.719573743045331	2.6916994717539786e-06	5.590355312249381	4.184252148613478e-06	5.4688781193490055	4.339970112072495e-06	5.359086497579678	3.004749005803673e-06	5.257210753518079	0.0	5.15892649874989	0.0	5.068072613496684	0.0	4.9827711130111325	1.762909788380309e-06	4.899311001722955	1.8388031597993499e-06	4.820009567521147	3.842385352827035e-06	4.746297360626023	2.0095776470659162e-06	4.674372461968986	2.104071588931742e-06	4.607394618527559	6.6149524384919676e-06	4.540147605058236	2.3113905325443787e-06	4.475878837292257	0.0	4.416600131115425	0.0
17	27	2	0	0	2192	22105	931	5248	592	1610	471	798	399	552	342	419	312	379	286	330	274	296	256	284	226	264	219	232	205	226	211	214	208	201	205	211	204	204	205	208	203	206	200	203	196	197	194	196	194	194	185	192	177	185	174	177	182	174	181	182	182	4079	4095	70.0	199.04120041478518	112.0176362991333	16	1	0.8345260620117188	13.989637305699482	0.6644518272425249			5.0336418122947615	10.64034619031803	2.793614595210946	4.515185408242278	1.90519100183439	3.2419806286623305	1.5566131271068808	3.0534935333282314	1.3277870216306156	3.055632438416828	1.1403040810882903	2.6940140165884396	1.0393071285809459	2.6103726151938837	0.9496297772022445	2.3470839260312943	0.9042009042009043	2.0524199140202466	0.8421052631578947	1.9518900343642613	0.7399404118783355	1.7478813559322033	0.7142391233448568	1.4778952732832207	0.6682095244303922	1.3784690454406832	0.6846425906096888	1.2343542712118591	0.6757634827810267	1.095785858365589	0.6658222092305693	1.0994164235097958	0.6643869076697606	1.0092015434847135	0.670855422475293	0.976571670031457	0.6621220522521936	0.9254267744833783	0.6544288472235856	0.8742463393626184	0.6431923341974863	0.821415169078097	0.6392513509951232	0.7903225806451614	0.6406022982432968	0.754335484874407	0.6133342174186918	0.725733293014817	0.5908074368303348	0.6805473808122425	0.584834632965851	0.6376540096548743	0.6138486964147188	0.6112984822934233	0.6158138268916712	0.6318128167742831	0.6250858634427806	4.8070803969170575	4.795587356981415	1.2477718360071302	2.2900195179493665	1.3476522788309553	2.97951582867784	4.761904761904762	5.313775212778361	13.88785185185185	2.2815000000000003	0.17821662097229668	20.136696815490723	-1.049042748492001e-05	13.499681116968969	-9.547405253937111e-06	10.273263445198102	-2.895386780243039e-06	8.84868600016558	-2.9567982211901902e-06	8.066321408184994	-4.0483740211790684e-06	7.542875979140825	-3.124505286662945e-06	7.152933038036455	-4.29003189638715e-06	6.845224369780411	-3.316221629723958e-06	6.588545502217257	-4.5599167359204025e-06	6.369304824411745	-4.706519117292339e-06	6.178771907011337	-3.645856119934083e-06	6.01121686952851	-3.7691141199809532e-06	5.857363398203593	0.0	5.719573743045331	2.6916994717539786e-06	5.590355312249381	4.184252148613478e-06	5.4688781193490055	4.339970112072495e-06	5.359086497579678	3.004749005803673e-06	5.257210753518079	0.0	5.15892649874989	0.0	5.068072613496684	0.0	4.9827711130111325	1.762909788380309e-06	4.899311001722955	1.8388031597993499e-06	4.820009567521147	3.842385352827035e-06	4.746297360626023	2.0095776470659162e-06	4.674372461968986	2.104071588931742e-06	4.607394618527559	6.6149524384919676e-06	4.540147605058236	2.3113905325443787e-06	4.475878837292257	0.0	4.416600131115425	0.0
18	56	0	0	0	2601	22968	819	3860	501	1070	357	520	301	391	252	290	225	258	203	226	199	203	179	199	169	181	173	167	165	173	165	165	155	162	156	154	159	159	155	159	159	152	155	158	154	155	148	155	139	146	133	141	130	128	127	130	124	125	122	129	123	4080	4095	64.0	161.32622485145683	93.27328872680664	15	1	0.8247060775756836	29.015544041450774	0.0			5.972856913220199	11.055755317766321	2.4575406589449678	3.3210014626172244	1.6123322498632253	2.1546082438935987	1.1798532619472537	1.9897451595622562	1.0016638935108153	2.1644063105452536	0.8402240597492665	1.864592040120877	0.7495003331112592	1.7769818858048074	0.6740379187834113	1.6073968705547652	0.6567006567006567	1.40757176535848	0.5888157894736842	1.3676975945017182	0.5533182725992862	1.1983580508474576	0.5642162937838366	1.0638297872340425	0.5378271782000718	1.0551997560231778	0.5353840163535482	0.9517217511680223	0.5035737491877843	0.883170691817042	0.5066744616583845	0.8024176740308462	0.5178309721543722	0.7865835559513208	0.5072321487008312	0.746513920841354	0.5186079128477772	0.6828391734052112	0.5071823565982789	0.6804478897502153	0.505365405440882	0.6462911228787058	0.4876762883880322	0.625	0.45898824461761983	0.5676957772766156	0.44093757252262705	0.5329603870577563	0.43392636603357926	0.47086521483225424	0.42686205969346597	0.4683334534188342	0.41822658437046784	0.4391512085441259	0.4150789330430049	0.4478233701312227	0.4224481384805605	4.808258891743465	4.795587356981415	1.1408199643493762	1.8560991538286635	1.122144371722573	2.793296089385475	4.761904761904762	5.251247279546073	13.88785185185185	2.2815000000000003	0.17821662097229668	20.136696815490723	-1.049042748492001e-05	13.499681116968969	-9.547405253937111e-06	10.273263445198102	-2.895386780243039e-06	8.84868600016558	-2.9567982211901902e-06	8.066321408184994	-4.0483740211790684e-06	7.542875979140825	-3.124505286662945e-06	7.152933038036455	-4.29003189638715e-06	6.845224369780411	-3.316221629723958e-06	6.588545502217257	-4.5599167359204025e-06	6.369304824411745	-4.706519117292339e-06	6.178771907011337	-3.645856119934083e-06	6.01121686952851	-3.7691141199809532e-06	5.857363398203593	0.0	5.719573743045331	2.6916994717539786e-06	5.590355312249381	4.184252148613478e-06	5.4688781193490055	4.339970112072495e-06	5.359086497579678	3.004749005803673e-06	5.257210753518079	0.0	5.15892649874989	0.0	5.068072613496684	0.0	4.9827711130111325	1.762909788380309e-06	4.899311001722955	1.8388031597993499e-06	4.820009567521147	3.842385352827035e-06	4.746297360626023	2.0095776470659162e-06	4.674372461968986	2.104071588931742e-06	4.607394618527559	6.6149524384919676e-06	4.540147605058236	2.3113905325443787e-06	4.475878837292257	0.0	4.416600131115425	0.0
19	18	0	0	0	3355	26838	1010	5079	517	1209	331	594	281	350	253	282	218	250	193	218	196	200	164	194	143	169	140	146	129	140	129	129	126	129	120	125	121	118	128	122	126	129	130	125	130	132	128	129	129	130	120	122	115	116	116	117	118	117	120	118	109	3699	3713	61.0	134.0960959716189	84.22652435302734	14	1	0.8063268661499023	9.32642487046632	0.0			7.704319470916481	12.918598102499676	3.0306667466842705	4.369784048868622	1.663823898561452	2.4345059503433277	1.0939255734020754	2.2729012014999617	0.935108153078203	1.937448104068641	0.843558282208589	1.8131550183244391	0.72618254497002	1.7218816722914803	0.6408340804196966	1.5504978662873399	0.6468006468006468	1.3867702121758425	0.5394736842105263	1.3333333333333335	0.4681923845070884	1.1189088983050848	0.45659122040310485	0.9300547840489235	0.42048306659278334	0.8539188777066178	0.4185729582400467	0.7440733690949991	0.40935672514619886	0.7032655508913482	0.389749585891065	0.6513130471029596	0.39407262660804426	0.583753833976452	0.4188755808626219	0.5727968449222968	0.41097230829446496	0.5795148247978437	0.42537875069533065	0.5383290267011198	0.4266071604371082	0.550389859483801	0.4217740872545143	0.5201612903225806	0.42596750759476953	0.505482541410685	0.3978384112986109	0.4611430299364983	0.3838579391835508	0.42672160094173045	0.38988975531056735	0.42150010807695076	0.3979898141589936	0.41104553119730186	0.40827436037016873	0.4096368812053044	0.37436461052342357	4.359252362882127	4.348233420383881	1.0873440285204992	1.5428096113562624	1.013305326129672	2.60707635009311	4.761904761904762	5.134219181143368	13.88785185185185	2.2815000000000003	0.17821662097229668	20.136696815490723	-1.049042748492001e-05	13.499681116968969	-9.547405253937111e-06	10.273263445198102	-2.895386780243039e-06	8.84868600016558	-2.9567982211901902e-06	8.066321408184994	-4.0483740211790684e-06	7.542875979140825	-3.124505286662945e-06	7.152933038036455	-4.29003189638715e-06	6.845224369780411	-3.316221629723958e-06	6.588545502217257	-4.5599167359204025e-06	6.369304824411745	-4.706519117292339e-06	6.178771907011337	-3.645856119934083e-06	6.01121686952851	-3.7691141199809532e-06	5.857363398203593	0.0	5.719573743045331	2.6916994717539786e-06	5.590355312249381	4.184252148613478e-06	5.4688781193490055	4.339970112072495e-06	5.359086497579678	3.004749005803673e-06	5.257210753518079	0.0	5.15892649874989	0.0	5.068072613496684	0.0	4.9827711130111325	1.762909788380309e-06	4.899311001722955	1.8388031597993499e-06	4.820009567521147	3.842385352827035e-06	4.746297360626023	2.0095776470659162e-06	4.674372461968986	2.104071588931742e-06	4.607394618527559	6.6149524384919676e-06	4.540147605058236	2.3113905325443787e-06	4.475878837292257	0.0	4.416600131115425	0.0
20	69	0	0	0	3646	23961	967	3441	461	946	316	448	249	306	212	247	195	207	168	195	142	167	138	144	135	138	123	131	116	118	116	114	113	119	117	113	115	123	103	109	97	103	101	97	98	104	92	95	81	86	81	80	85	83	81	81	81	80	76	74	71	3860	3873	59.0	120.114605151081	77.78831100463867	13	1	0.7839803695678711	35.751295336787564	0.0			8.37256297793189	11.533740559430461	2.901638360439297	2.9605093349393443	1.4836031281176585	1.9049153259096674	1.0443519069337035	1.7142419836228668	0.8286189683860233	1.6938831995571546	0.7068551613763671	1.5881180479650228	0.6495669553630913	1.4257180246573455	0.5578244845104094	1.3869132290184922	0.4686004686004686	1.1579531271668284	0.45394736842105265	0.9896907216494845	0.4419998035556429	0.9136652542372882	0.40114800078272783	0.8345012103452669	0.37810880406792924	0.7197316254955779	0.3763911872546156	0.6575532098979062	0.36712150747238464	0.6487488415199258	0.38000584624378836	0.5887869945810755	0.37453183520599254	0.6084891659246067	0.3370639439753911	0.5117611155453308	0.3163834436870087	0.46271338724168914	0.33048656784791075	0.4177433247200689	0.32159616709874317	0.4336404953508735	0.30315012521418216	0.38306451612903225	0.2674679698850878	0.3343961427793763	0.26854092762656234	0.3023888720895071	0.2837210854834941	0.3053266627427899	0.27225060500134446	0.2918077671301967	0.27319639785490235	0.2810567734682406	0.25857376156777356	0.2568909255016316	0.24385217749690893	4.548990029933768	4.535606796969235	1.0516934046345812	1.3819490116294768	0.9358490149878612	2.4208566108007448	4.761904761904762	4.991929724845517	13.88785185185185	2.2815000000000003	0.17821662097229668	20.136696815490723	-1.049042748492001e-05	13.499681116968969	-9.547405253937111e-06	10.273263445198102	-2.895386780243039e-06	8.84868600016558	-2.9567982211901902e-06	8.066321408184994	-4.0483740211790684e-06	7.542875979140825	-3.124505286662945e-06	7.152933038036455	-4.29003189638715e-06	6.845224369780411	-3.316221629723958e-06	6.588545502217257	-4.5599167359204025e-06	6.369304824411745	-4.706519117292339e-06	6.178771907011337	-3.645856119934083e-06	6.01121686952851	-3.7691141199809532e-06	5.857363398203593	0.0	5.719573743045331	2.6916994717539786e-06	5.590355312249381	4.184252148613478e-06	5.4688781193490055	4.339970112072495e-06	5.359086497579678	3.004749005803673e-06	5.257210753518079	0.0	5.15892649874989	0.0	5.068072613496684	0.0	4.9827711130111325	1.762909788380309e-06	4.899311001722955	1.8388031597993499e-06	4.820009567521147	3.842385352827035e-06	4.746297360626023	2.0095776470659162e-06	4.674372461968986	2.104071588931742e-06	4.607394618527559	6.6149524384919676e-06	4.540147605058236	2.3113905325443787e-06	4.475878837292257	0.0	4.416600131115425	0.0
