	counts(inten<0.01	MicrocoloniesPlatonic	MicrocoloniesAggregates	MicrocoloniesLarge	counts(Norminten<0.01	counts(inten<0.02	counts(Norminten<0.02	counts(inten<0.03	counts(Norminten<0.03	counts(inten<0.04	counts(Norminten<0.04	counts(inten<0.05	counts(Norminten<0.05	counts(inten<0.060000000000000005	counts(Norminten<0.060000000000000005	counts(inten<0.06999999999999999	counts(Norminten<0.06999999999999999	counts(inten<0.08	counts(Norminten<0.08	counts(inten<0.09	counts(Norminten<0.09	counts(inten<0.09999999999999999	counts(Norminten<0.09999999999999999	counts(inten<0.11	counts(Norminten<0.11	counts(inten<0.12	counts(Norminten<0.12	counts(inten<0.13	counts(Norminten<0.13	counts(inten<0.14	counts(Norminten<0.14	counts(inten<0.15000000000000002	counts(Norminten<0.15000000000000002	counts(inten<0.16	counts(Norminten<0.16	counts(inten<0.17	counts(Norminten<0.17	counts(inten<0.18000000000000002	counts(Norminten<0.18000000000000002	counts(inten<0.19	counts(Norminten<0.19	counts(inten<0.2	counts(Norminten<0.2	counts(inten<0.21000000000000002	counts(Norminten<0.21000000000000002	counts(inten<0.22	counts(Norminten<0.22	counts(inten<0.23	counts(Norminten<0.23	counts(inten<0.24000000000000002	counts(Norminten<0.24000000000000002	counts(inten<0.25	counts(Norminten<0.25	counts(inten<0.26	counts(Norminten<0.26	counts(inten<0.27	counts(Norminten<0.27	counts(inten<0.28	counts(Norminten<0.28	counts(inten<0.29000000000000004	counts(Norminten<0.29000000000000004	diff	max	med	std	mean	min	eigenLocal	minProp	counts(inten<0.01Normalized	MicrocoloniesPlatonicNormalized	MicrocoloniesAggregatesNormalized	MicrocoloniesLargeNormalized	counts(Norminten<0.01Normalized	counts(inten<0.02Normalized	counts(Norminten<0.02Normalized	counts(inten<0.03Normalized	counts(Norminten<0.03Normalized	counts(inten<0.04Normalized	counts(Norminten<0.04Normalized	counts(inten<0.05Normalized	counts(Norminten<0.05Normalized	counts(inten<0.060000000000000005Normalized	counts(Norminten<0.060000000000000005Normalized	counts(inten<0.06999999999999999Normalized	counts(Norminten<0.06999999999999999Normalized	counts(inten<0.08Normalized	counts(Norminten<0.08Normalized	counts(inten<0.09Normalized	counts(Norminten<0.09Normalized	counts(inten<0.09999999999999999Normalized	counts(Norminten<0.09999999999999999Normalized	counts(inten<0.11Normalized	counts(Norminten<0.11Normalized	counts(inten<0.12Normalized	counts(Norminten<0.12Normalized	counts(inten<0.13Normalized	counts(Norminten<0.13Normalized	counts(inten<0.14Normalized	counts(Norminten<0.14Normalized	counts(inten<0.15000000000000002Normalized	counts(Norminten<0.15000000000000002Normalized	counts(inten<0.16Normalized	counts(Norminten<0.16Normalized	counts(inten<0.17Normalized	counts(Norminten<0.17Normalized	counts(inten<0.18000000000000002Normalized	counts(Norminten<0.18000000000000002Normalized	counts(inten<0.19Normalized	counts(Norminten<0.19Normalized	counts(inten<0.2Normalized	counts(Norminten<0.2Normalized	counts(inten<0.21000000000000002Normalized	counts(Norminten<0.21000000000000002Normalized	counts(inten<0.22Normalized	counts(Norminten<0.22Normalized	counts(inten<0.23Normalized	counts(Norminten<0.23Normalized	counts(inten<0.24000000000000002Normalized	counts(Norminten<0.24000000000000002Normalized	counts(inten<0.25Normalized	counts(Norminten<0.25Normalized	counts(inten<0.26Normalized	counts(Norminten<0.26Normalized	counts(inten<0.27Normalized	counts(Norminten<0.27Normalized	counts(inten<0.28Normalized	counts(Norminten<0.28Normalized	counts(inten<0.29000000000000004Normalized	counts(Norminten<0.29000000000000004Normalized	diffNormalized	maxNormalized	medNormalized	stdNormalized	meanNormalized	minNormalized	eigenLocalNormalized	minPropNormalized	BioVolume	SubstratumCoverage	Homogenity	ThicknessThreshold=0.01	RoughnessThreshold=0.01	ThicknessThreshold=0.02	RoughnessThreshold=0.02	ThicknessThreshold=0.03	RoughnessThreshold=0.03	ThicknessThreshold=0.04	RoughnessThreshold=0.04	ThicknessThreshold=0.05	RoughnessThreshold=0.05	ThicknessThreshold=0.060000000000000005	RoughnessThreshold=0.060000000000000005	ThicknessThreshold=0.06999999999999999	RoughnessThreshold=0.06999999999999999	ThicknessThreshold=0.08	RoughnessThreshold=0.08	ThicknessThreshold=0.09	RoughnessThreshold=0.09	ThicknessThreshold=0.09999999999999999	RoughnessThreshold=0.09999999999999999	ThicknessThreshold=0.11	RoughnessThreshold=0.11	ThicknessThreshold=0.12	RoughnessThreshold=0.12	ThicknessThreshold=0.13	RoughnessThreshold=0.13	ThicknessThreshold=0.14	RoughnessThreshold=0.14	ThicknessThreshold=0.15000000000000002	RoughnessThreshold=0.15000000000000002	ThicknessThreshold=0.16	RoughnessThreshold=0.16	ThicknessThreshold=0.17	RoughnessThreshold=0.17	ThicknessThreshold=0.18000000000000002	RoughnessThreshold=0.18000000000000002	ThicknessThreshold=0.19	RoughnessThreshold=0.19	ThicknessThreshold=0.2	RoughnessThreshold=0.2	ThicknessThreshold=0.21000000000000002	RoughnessThreshold=0.21000000000000002	ThicknessThreshold=0.22	RoughnessThreshold=0.22	ThicknessThreshold=0.23	RoughnessThreshold=0.23	ThicknessThreshold=0.24000000000000002	RoughnessThreshold=0.24000000000000002	ThicknessThreshold=0.25	RoughnessThreshold=0.25	ThicknessThreshold=0.26	RoughnessThreshold=0.26	ThicknessThreshold=0.27	RoughnessThreshold=0.27	ThicknessThreshold=0.28	RoughnessThreshold=0.28	ThicknessThreshold=0.29000000000000004	RoughnessThreshold=0.29000000000000004
0	2	8	0	0	1904	544	2052	1061	2175	1239	2312	1279	2496	1289	2577	1350	2647	1473	2695	1552	2735	1674	2774	1884	2734	2053	2684	2189	2599	2390	2535	2518	2412	2584	2303	2707	2237	2741	2104	2758	1997	2734	1893	2694	1753	2587	1657	2498	1545	2371	1443	2283	1330	2143	1258	2030	1166	1900	1077	1755	980	3843	3865	315.0	285.2893819761644	391.67854022979736	22	1	0.6128625869750977	0.14947683109118087	4.624277456647398			6.61317772915147	0.5432448896034512	6.828391734052111	1.3804319542024461	6.9232238349885415	3.026897613172746	6.970574047274482	4.30132840087439	7.175506683915481	4.960172393889253	7.1123009411310125	5.319148936170213	7.115973977095543	5.69253362188901	7.053312046899945	5.731590220843489	7.065540313622155	5.761685138018861	7.134039707848987	6.052623124618498	7.087308170883451	6.243157766695049	7.041477555946166	6.25	6.9404758725665605	6.559086667764421	6.933807439824944	6.771365567686765	6.776232616940582	6.81308830121022	6.673234620845528	7.069915641568074	6.734300680354025	7.153482788318501	6.631575629589939	7.265351281578463	6.58055161959996	7.330348285384883	6.610790990047145	7.376981845066951	6.528864059590317	7.311834035216641	6.539068666140489	7.285347643490433	6.501157163896487	7.247883104576163	6.501171382231033	7.34839706450367	6.434446057087566	7.270568278201867	6.5323501921279465	7.313207003386411	6.537340210809599	7.35379494523358	6.523319200484555	7.306107156238291	6.469928038555489	5.747143626248729	5.7548279507452245	8.545849158979923	6.089003623669723	7.412523570157741	7.508532423208192	4.761904761904762	4.461465084892613	2.256284348864994	28.2906	0.11856485745334809	20.1852248148735	0.0	16.269880923872286	-1.9709715312872022e-06	14.06754590691382	-2.0128824476650564e-05	12.683170177207627	-2.2174320502960273e-05	11.625458569289853	-2.4734784527480998e-05	10.712173112902827	-2.9165232709391788e-05	9.884084168204588	-1.6477749271271538e-06	9.131306982911681	1.4983209440920269e-05	8.421696501427988	1.4874912609888416e-05	7.773072573477952	1.6951368944123446e-05	7.184386329043863	1.9371853803386754e-05	6.649388847292383	6.318476488948984e-06	6.1875215068369105	7.244434463223628e-06	5.781031277681434	8.317460845553069e-06	5.404191260188745	9.527802126605435e-06	5.076140602661087	5.477771204452332e-06	4.783155557517993	-1.2615749501677895e-05	4.522280386299701	-3.6252111685505683e-05	4.291211831581065	-3.353650868176368e-05	4.079278877391701	-1.9395632103650258e-05	3.892764814503945	-2.2382881572173602e-05	3.7258987774554497	-2.590170303697468e-05	3.5707061666517497	-2.9834270626668854e-05	3.43258883073362	0.0	3.306866781246253	-1.9985210943901513e-05	3.1954611499342698	-2.3063794455463813e-05	3.099046751994859	-2.6777346364975233e-05	3.0010881731127967	-3.109162702484221e-05	2.9060561511707124	-3.5857716580608144e-05
1	2	15	0	0	1906	542	2069	998	2143	1080	2214	1181	2362	1259	2415	1259	2519	1310	2552	1390	2615	1625	2638	1703	2628	1921	2612	2062	2569	2165	2538	2209	2478	2373	2408	2509	2378	2562	2309	2611	2228	2640	2094	2618	2017	2605	1910	2536	1826	2494	1746	2421	1672	2378	1574	2311	1497	2227	1422	2096	1312	3460	3475	308.0	286.62665075305523	385.55797004699707	15	1	0.6135187149047852	0.14947683109118087	8.670520231213873			6.620124344413185	0.541247665744615	6.884962230874181	1.298464741087692	6.821364909600204	2.6384579678987614	6.675108538350218	3.9717504624180258	6.790283168032198	4.844730057336361	6.66519471200287	4.96059889676911	6.771869455347061	5.0626062760859485	6.679054672982805	5.1333185611935885	6.755534888527216	5.593033661457975	6.784281452525461	5.471134384939121	6.812525922853588	5.8417467461379395	6.852585460555657	5.887391502969392	6.860362645872834	5.941599429167352	6.942013129102845	5.940407680309794	6.961651917404129	6.2567564004535035	6.977485439425111	6.552795842147876	7.158769341923053	6.686327217684057	7.277712988936867	6.878111746265904	7.3417471249217385	7.078317290934928	7.312729177579885	7.1688709986582335	7.512104283054004	7.362708798507674	7.537490134175218	7.3961735884274376	7.683568272669892	7.623880414514107	7.866282213011353	7.792584009269989	8.089017900338655	8.06785411365564	8.173226710977257	8.325527775776353	8.393137474770128	8.619421759492202	8.612961841308298	8.725698347279463	8.661781210800818	5.174373392355087	5.174133797888655	8.355941399891481	6.117545290281728	7.296691666995024	5.1194539249146755	4.761904761904762	4.466241509350128	2.256284348864994	28.2906	0.11856485745334809	20.1852248148735	0.0	16.269880923872286	-1.9709715312872022e-06	14.06754590691382	-2.0128824476650564e-05	12.683170177207627	-2.2174320502960273e-05	11.625458569289853	-2.4734784527480998e-05	10.712173112902827	-2.9165232709391788e-05	9.884084168204588	-1.6477749271271538e-06	9.131306982911681	1.4983209440920269e-05	8.421696501427988	1.4874912609888416e-05	7.773072573477952	1.6951368944123446e-05	7.184386329043863	1.9371853803386754e-05	6.649388847292383	6.318476488948984e-06	6.1875215068369105	7.244434463223628e-06	5.781031277681434	8.317460845553069e-06	5.404191260188745	9.527802126605435e-06	5.076140602661087	5.477771204452332e-06	4.783155557517993	-1.2615749501677895e-05	4.522280386299701	-3.6252111685505683e-05	4.291211831581065	-3.353650868176368e-05	4.079278877391701	-1.9395632103650258e-05	3.892764814503945	-2.2382881572173602e-05	3.7258987774554497	-2.590170303697468e-05	3.5707061666517497	-2.9834270626668854e-05	3.43258883073362	0.0	3.306866781246253	-1.9985210943901513e-05	3.1954611499342698	-2.3063794455463813e-05	3.099046751994859	-2.6777346364975233e-05	3.0010881731127967	-3.109162702484221e-05	2.9060561511707124	-3.5857716580608144e-05
2	33	13	0	0	1799	953	1882	1131	1997	1159	2183	1279	2276	1299	2476	1354	2519	1437	2561	1617	2640	1792	2582	1902	2533	1997	2456	2231	2432	2352	2339	2535	2310	2572	2208	2624	2124	2608	1970	2535	1898	2465	1778	2434	1638	2347	1516	2286	1416	2161	1300	2046	1201	1930	1105	1826	1026	1665	943	1526	865	4081	4095	293.0	289.6605957601988	373.8568000793457	14	1	0.6158771514892578	2.4663677130044843	7.514450867052023			6.2484804279115	0.9516771687354576	6.26268676583142	1.4715066354410615	6.356633562515915	2.8314562822172817	6.581644958996622	4.30132840087439	6.5430501653011355	4.998653172740216	6.833549526674579	5.334909377462569	6.771869455347061	5.553408563920235	6.702609332879687	5.971637491690672	6.820119352088662	6.167825428512425	6.640263347392243	6.110450734089376	6.5662588137702205	6.072862182216275	6.443319253876223	6.369917770671539	6.49451224397148	6.454799934134694	6.397702407002188	6.817081697413005	6.489675516224189	6.781448572257231	6.397960070702095	6.853143200396981	6.394123667890902	6.806378369914137	6.209222428846093	6.6779062722267595	6.2543249744620555	6.609110652331286	6.209184564344334	6.665023686300282	6.100558659217877	6.633503858002883	5.982636148382005	6.667055529631358	5.958342099726488	6.6059364778528415	5.856911155163092	6.585554268057164	5.810353168843735	6.547921967769296	5.737875168761034	6.578283738021471	5.7524108544516706	6.444246623059953	5.711689884918232	6.352774655509761	5.710701789133162	6.103068732428067	6.097288604993969	7.948996201844818	6.182299547921978	7.075246810371656	4.778156996587031	4.761904761904762	4.483410255983027	2.256284348864994	28.2906	0.11856485745334809	20.1852248148735	0.0	16.269880923872286	-1.9709715312872022e-06	14.06754590691382	-2.0128824476650564e-05	12.683170177207627	-2.2174320502960273e-05	11.625458569289853	-2.4734784527480998e-05	10.712173112902827	-2.9165232709391788e-05	9.884084168204588	-1.6477749271271538e-06	9.131306982911681	1.4983209440920269e-05	8.421696501427988	1.4874912609888416e-05	7.773072573477952	1.6951368944123446e-05	7.184386329043863	1.9371853803386754e-05	6.649388847292383	6.318476488948984e-06	6.1875215068369105	7.244434463223628e-06	5.781031277681434	8.317460845553069e-06	5.404191260188745	9.527802126605435e-06	5.076140602661087	5.477771204452332e-06	4.783155557517993	-1.2615749501677895e-05	4.522280386299701	-3.6252111685505683e-05	4.291211831581065	-3.353650868176368e-05	4.079278877391701	-1.9395632103650258e-05	3.892764814503945	-2.2382881572173602e-05	3.7258987774554497	-2.590170303697468e-05	3.5707061666517497	-2.9834270626668854e-05	3.43258883073362	0.0	3.306866781246253	-1.9985210943901513e-05	3.1954611499342698	-2.3063794455463813e-05	3.099046751994859	-2.6777346364975233e-05	3.0010881731127967	-3.109162702484221e-05	2.9060561511707124	-3.5857716580608144e-05
3	42	11	0	0	1673	1147	1839	1288	2017	1324	2167	1246	2276	1240	2370	1412	2384	1469	2502	1592	2556	1746	2519	1910	2478	2076	2415	2240	2329	2349	2274	2399	2182	2485	2096	2552	1974	2522	1849	2465	1741	2403	1598	2327	1485	2226	1350	2140	1269	2009	1183	1886	1079	1761	1017	1616	924	1485	848	1342	782	4079	4095	283.0	285.3891116379229	363.1901845932007	16	1	0.6165218353271484	3.1390134529147984	6.358381502890173			5.810843666423535	1.145407883042571	6.119596685634422	1.6757741347905284	6.420295390883626	3.2345540273129263	6.533405692233478	4.190348074659492	6.5430501653011355	4.771616577519529	6.540998537245053	5.563435776201733	6.40894671756546	5.677075282114701	6.548195451333455	5.879311618287909	6.603115554522204	6.0094995525573065	6.4782429791173755	6.13615189385421	6.423683119037743	6.313100596034546	6.3357556995566275	6.395614435815442	6.219456832323016	6.4465667709534005	6.219912472647702	6.451352659603077	6.13007444865852	6.552060537348063	6.073425864217206	6.665099636971454	5.942561261966404	6.58193491139703	5.827843792353516	6.493506493506493	5.736975648334267	6.442877443225997	5.580583202374716	6.372025520961691	5.53072625698324	6.291512393657612	5.327545382794002	6.241250583294447	5.339785398695561	6.1412893956531045	5.329789151198415	6.070554911806361	5.220125786163522	5.974554707379135	5.280922214144771	5.8217450824987385	5.180533751962323	5.747571312458877	5.136281041792853	5.58677823571042	5.16273849607183	6.1000777651492495	6.097288604993969	7.6776994031470425	6.0911321791302475	6.873380916318663	5.460750853242321	4.761904761904762	4.488103370711632	2.256284348864994	28.2906	0.11856485745334809	20.1852248148735	0.0	16.269880923872286	-1.9709715312872022e-06	14.06754590691382	-2.0128824476650564e-05	12.683170177207627	-2.2174320502960273e-05	11.625458569289853	-2.4734784527480998e-05	10.712173112902827	-2.9165232709391788e-05	9.884084168204588	-1.6477749271271538e-06	9.131306982911681	1.4983209440920269e-05	8.421696501427988	1.4874912609888416e-05	7.773072573477952	1.6951368944123446e-05	7.184386329043863	1.9371853803386754e-05	6.649388847292383	6.318476488948984e-06	6.1875215068369105	7.244434463223628e-06	5.781031277681434	8.317460845553069e-06	5.404191260188745	9.527802126605435e-06	5.076140602661087	5.477771204452332e-06	4.783155557517993	-1.2615749501677895e-05	4.522280386299701	-3.6252111685505683e-05	4.291211831581065	-3.353650868176368e-05	4.079278877391701	-1.9395632103650258e-05	3.892764814503945	-2.2382881572173602e-05	3.7258987774554497	-2.590170303697468e-05	3.5707061666517497	-2.9834270626668854e-05	3.43258883073362	0.0	3.306866781246253	-1.9985210943901513e-05	3.1954611499342698	-2.3063794455463813e-05	3.099046751994859	-2.6777346364975233e-05	3.0010881731127967	-3.109162702484221e-05	2.9060561511707124	-3.5857716580608144e-05
4	74	10	0	0	1660	1270	1866	1398	1954	1368	2093	1258	2299	1270	2323	1372	2388	1503	2465	1557	2498	1771	2442	1967	2435	2034	2378	2256	2303	2298	2217	2388	2124	2469	2017	2486	1888	2458	1764	2395	1656	2357	1534	2246	1427	2165	1330	2050	1194	1911	1101	1778	1021	1650	948	1521	868	1409	785	1284	722	4078	4095	273.0	280.27443101298593	352.9394226074219	17	1	0.6153230667114258	5.5306427503736915	5.780346820809249			5.765690667222396	1.2682371503609982	6.209443945293002	1.8188914910226384	6.219760631525338	3.342046759338431	6.310299083453931	4.230704556919456	6.609170619519908	4.887058914072421	6.4112825324979985	5.405831363278172	6.4196999838701005	5.808471170196321	6.451359627312938	5.750055395524042	6.45327959905965	6.095546224272045	6.280218084559201	6.319272657178655	6.312214848610536	6.1853789076754655	6.238686150536505	6.441297396071266	6.150025369188453	6.306602996871398	6.064004376367615	6.421771634486097	5.967130214917826	6.5098742320774114	5.844513343571615	6.492726370498055	5.683665482569691	6.414907221337788	5.559933179941375	6.309106714786228	5.4568820641249545	6.3195431267930395	5.35708049589663	6.150223171499767	5.314711359404097	6.119103473615783	5.248618784530387	5.978768082127858	5.024195245108352	5.841714303182221	4.960353216795819	5.722930346337067	4.939525882922109	5.597964376590331	4.922629556547928	5.47950140500036	4.866562009419153	5.453419514649534	4.754694124772866	5.345322842512801	4.766620452894962	6.09858228150984	6.097288604993969	7.4064026044492675	5.9819682535630605	6.679385057400575	5.802047781569966	4.761904761904762	4.479376676608295	2.256284348864994	28.2906	0.11856485745334809	20.1852248148735	0.0	16.269880923872286	-1.9709715312872022e-06	14.06754590691382	-2.0128824476650564e-05	12.683170177207627	-2.2174320502960273e-05	11.625458569289853	-2.4734784527480998e-05	10.712173112902827	-2.9165232709391788e-05	9.884084168204588	-1.6477749271271538e-06	9.131306982911681	1.4983209440920269e-05	8.421696501427988	1.4874912609888416e-05	7.773072573477952	1.6951368944123446e-05	7.184386329043863	1.9371853803386754e-05	6.649388847292383	6.318476488948984e-06	6.1875215068369105	7.244434463223628e-06	5.781031277681434	8.317460845553069e-06	5.404191260188745	9.527802126605435e-06	5.076140602661087	5.477771204452332e-06	4.783155557517993	-1.2615749501677895e-05	4.522280386299701	-3.6252111685505683e-05	4.291211831581065	-3.353650868176368e-05	4.079278877391701	-1.9395632103650258e-05	3.892764814503945	-2.2382881572173602e-05	3.7258987774554497	-2.590170303697468e-05	3.5707061666517497	-2.9834270626668854e-05	3.43258883073362	0.0	3.306866781246253	-1.9985210943901513e-05	3.1954611499342698	-2.3063794455463813e-05	3.099046751994859	-2.6777346364975233e-05	3.0010881731127967	-3.109162702484221e-05	2.9060561511707124	-3.5857716580608144e-05
5	33	11	0	0	1591	1450	1783	1536	1988	1471	2054	1337	2105	1242	2142	1233	2223	1346	2305	1434	2275	1595	2323	1775	2296	1990	2304	2120	2265	2127	2225	2204	2162	2242	2062	2268	1947	2303	1848	2292	1779	2303	1678	2268	1552	2222	1461	2126	1374	2031	1274	1920	1172	1820	1089	1700	977	1584	905	1475	830	3683	3698	259.0	273.1579289373893	337.85167026519775	15	1	0.6151351928710938	2.4663677130044843	6.358381502890173			5.526032440693272	1.4479872976562578	5.9332468137499585	1.9984387197501952	6.327985739750446	3.5936774729435905	6.192715870718765	4.496384731797545	6.051458962196349	4.779312733289721	5.911737918472111	4.858156028368795	5.976127748803699	5.201731334054722	6.032610118035018	5.29581209838245	5.8771861840915545	5.48977765540029	5.974179611151116	5.702444822822629	5.951887183741186	6.051575234156429	6.044547052496261	6.052992233896756	6.048548615376399	5.8373126955376256	6.085886214442013	5.926961759802076	6.0738867818513835	5.9113560260500435	5.974906551534294	5.923372247904098	5.861280028899994	6.010387034475559	5.824691902795727	6.0377756118121235	5.862193956569018	6.174759364023917	5.859961585472324	6.21046578493387	5.780260707635009	6.28020689070405	5.765588003157064	6.200419972001867	5.7816116137176525	6.208540947024119	5.7397729320598305	6.179992275009656	5.670053217223028	6.174724342663273	5.654792813376259	6.124360544707832	5.477685579726396	6.130742733289469	5.48152634766808	6.140460430456684	5.479632930613323	5.507866243943291	5.506171736573308	7.026587086272381	5.830078945149257	6.393849067116747	5.1194539249146755	4.761904761904762	4.4780090085586854	2.256284348864994	28.2906	0.11856485745334809	20.1852248148735	0.0	16.269880923872286	-1.9709715312872022e-06	14.06754590691382	-2.0128824476650564e-05	12.683170177207627	-2.2174320502960273e-05	11.625458569289853	-2.4734784527480998e-05	10.712173112902827	-2.9165232709391788e-05	9.884084168204588	-1.6477749271271538e-06	9.131306982911681	1.4983209440920269e-05	8.421696501427988	1.4874912609888416e-05	7.773072573477952	1.6951368944123446e-05	7.184386329043863	1.9371853803386754e-05	6.649388847292383	6.318476488948984e-06	6.1875215068369105	7.244434463223628e-06	5.781031277681434	8.317460845553069e-06	5.404191260188745	9.527802126605435e-06	5.076140602661087	5.477771204452332e-06	4.783155557517993	-1.2615749501677895e-05	4.522280386299701	-3.6252111685505683e-05	4.291211831581065	-3.353650868176368e-05	4.079278877391701	-1.9395632103650258e-05	3.892764814503945	-2.2382881572173602e-05	3.7258987774554497	-2.590170303697468e-05	3.5707061666517497	-2.9834270626668854e-05	3.43258883073362	0.0	3.306866781246253	-1.9985210943901513e-05	3.1954611499342698	-2.3063794455463813e-05	3.099046751994859	-2.6777346364975233e-05	3.0010881731127967	-3.109162702484221e-05	2.9060561511707124	-3.5857716580608144e-05
6	46	8	0	0	1528	1715	1699	1667	1772	1461	1843	1304	2016	1285	2101	1267	2104	1301	2097	1424	2139	1491	2181	1688	2169	1781	2131	1912	2132	2051	2082	2101	2090	2117	2062	2126	1985	2164	1856	2159	1761	2122	1673	2131	1557	2080	1495	2083	1397	2036	1304	1918	1185	1794	1101	1726	1020	1590	939	1501	866	3471	3486	244.0	265.2479139895256	321.885910987854	15	1	0.6166286468505859	3.43796711509716	4.624277456647398			5.30721405994929	1.7126194589520565	5.653722005923264	2.1688784803538903	5.64043799337917	3.5692473065741575	5.556560540279787	4.385404405582647	5.795601552393273	4.944780082348867	5.798581403692767	4.992119779353822	5.656218076240658	5.027825011593754	5.488235755973723	5.258881749021346	5.525846702317291	5.131823501066979	5.6089908445633165	5.422944710380055	5.622666943177105	5.416007784941005	5.590681323294068	5.459113750571037	5.693379977034208	5.628739228278171	5.694748358862144	5.649975797343086	5.871611181345695	5.581775516123078	5.974906551534294	5.552508553370419	5.975675838400867	5.647623770128141	5.849907019258045	5.687416032243618	5.8028800210894	5.68946564066815	5.842500436528724	5.8353186012760485	5.798882681564246	5.878861535852576	5.899763220205209	6.07501166588894	5.878392594151062	6.223825390517531	5.8749324202559015	6.173554783056521	5.732946298984035	6.086513994910941	5.717104579914841	6.218027235391599	5.718771024893473	6.153965243642838	5.687462144155058	6.248699054993547	5.717303756519443	5.190823712388586	5.190512350917944	6.619641888225719	5.661253490282355	6.091696779454162	5.1194539249146755	4.761904761904762	4.48888092818146	2.256284348864994	28.2906	0.11856485745334809	20.1852248148735	0.0	16.269880923872286	-1.9709715312872022e-06	14.06754590691382	-2.0128824476650564e-05	12.683170177207627	-2.2174320502960273e-05	11.625458569289853	-2.4734784527480998e-05	10.712173112902827	-2.9165232709391788e-05	9.884084168204588	-1.6477749271271538e-06	9.131306982911681	1.4983209440920269e-05	8.421696501427988	1.4874912609888416e-05	7.773072573477952	1.6951368944123446e-05	7.184386329043863	1.9371853803386754e-05	6.649388847292383	6.318476488948984e-06	6.1875215068369105	7.244434463223628e-06	5.781031277681434	8.317460845553069e-06	5.404191260188745	9.527802126605435e-06	5.076140602661087	5.477771204452332e-06	4.783155557517993	-1.2615749501677895e-05	4.522280386299701	-3.6252111685505683e-05	4.291211831581065	-3.353650868176368e-05	4.079278877391701	-1.9395632103650258e-05	3.892764814503945	-2.2382881572173602e-05	3.7258987774554497	-2.590170303697468e-05	3.5707061666517497	-2.9834270626668854e-05	3.43258883073362	0.0	3.306866781246253	-1.9985210943901513e-05	3.1954611499342698	-2.3063794455463813e-05	3.099046751994859	-2.6777346364975233e-05	3.0010881731127967	-3.109162702484221e-05	2.9060561511707124	-3.5857716580608144e-05
7	5	8	0	0	1465	2139	1592	2054	1634	1578	1797	1340	1836	1325	1854	1219	1967	1319	1984	1423	2039	1474	2087	1577	2051	1634	2056	1788	2035	1859	1999	1868	1946	1983	1919	2001	1845	2075	1791	2073	1725	2056	1672	2037	1584	1988	1527	1948	1435	1914	1383	1819	1317	1771	1217	1691	1136	1618	1046	1533	940	3244	3261	224.0	256.7525969340436	302.79529666900635	17	1	0.6210832595825195	0.37369207772795215	4.624277456647398			5.088395679205307	2.1360309170253347	5.297660643572593	2.672391360915951	5.201171377641966	3.855080253096524	5.417872648335745	4.506473852362536	5.278137128072445	5.098703197752723	5.116882400022079	4.802994483845548	5.287918705306737	5.097387540578142	5.192493915046193	5.255188714085235	5.267508848071508	5.073311764300957	5.367246168089703	5.0663411186429785	5.316777270841974	4.968981875684223	5.393918723928955	5.105070808588397	5.43434721072449	5.101816784675339	5.467724288840262	5.023395901683429	5.467059980334317	5.228465209481372	5.560545912897337	5.226044033534436	5.554217592871335	5.415350888639507	5.645034198001702	5.460867732673007	5.6842521501301615	5.512507708394778	5.8390082067400035	5.57791834387579	5.899441340782123	5.618834967920636	6.026045777426993	5.681287914139058	6.0382916053019144	5.850884969278269	6.23085240583889	5.8548989313763355	6.371552975326559	6.008481764206955	6.319451656454461	6.0919374594711435	6.369141063018614	6.262336958625227	6.335554209569957	6.381915823654302	6.205849343104245	4.851348926242747	4.855496493500692	6.077048290830168	5.479935784110679	5.730406552718162	5.802047781569966	4.761904761904762	4.521309240159733	2.256284348864994	28.2906	0.11856485745334809	20.1852248148735	0.0	16.269880923872286	-1.9709715312872022e-06	14.06754590691382	-2.0128824476650564e-05	12.683170177207627	-2.2174320502960273e-05	11.625458569289853	-2.4734784527480998e-05	10.712173112902827	-2.9165232709391788e-05	9.884084168204588	-1.6477749271271538e-06	9.131306982911681	1.4983209440920269e-05	8.421696501427988	1.4874912609888416e-05	7.773072573477952	1.6951368944123446e-05	7.184386329043863	1.9371853803386754e-05	6.649388847292383	6.318476488948984e-06	6.1875215068369105	7.244434463223628e-06	5.781031277681434	8.317460845553069e-06	5.404191260188745	9.527802126605435e-06	5.076140602661087	5.477771204452332e-06	4.783155557517993	-1.2615749501677895e-05	4.522280386299701	-3.6252111685505683e-05	4.291211831581065	-3.353650868176368e-05	4.079278877391701	-1.9395632103650258e-05	3.892764814503945	-2.2382881572173602e-05	3.7258987774554497	-2.590170303697468e-05	3.5707061666517497	-2.9834270626668854e-05	3.43258883073362	0.0	3.306866781246253	-1.9985210943901513e-05	3.1954611499342698	-2.3063794455463813e-05	3.099046751994859	-2.6777346364975233e-05	3.0010881731127967	-3.109162702484221e-05	2.9060561511707124	-3.5857716580608144e-05
8	24	4	0	0	1331	2951	1477	2088	1555	1538	1581	1359	1730	1230	1838	1289	1880	1335	1897	1353	1903	1468	1919	1557	1930	1561	1934	1752	1912	1841	1910	1881	1817	1872	1769	1906	1706	1919	1650	1948	1569	1925	1475	1907	1368	1817	1288	1748	1209	1691	1137	1619	1068	1511	982	1422	910	1321	844	1247	761	3402	3413	201.0	245.59611035847803	280.16526889801025	11	1	0.6275606155395508	1.7937219730941705	2.312138728323699			4.622972456670487	2.946903803712839	4.914977870952714	2.716627634660422	4.9497071555895085	3.7573595876187915	4.766642547033285	4.57037161594081	4.973408078194624	4.733135798668565	5.072723760108189	5.078802206461781	5.054035163180816	5.159220899675375	4.964798869376326	4.996676268557501	4.916169366297243	5.05266056308942	4.9351918526900524	5.002088219230893	5.003110742430527	4.746989417345822	5.073851562295039	5.002284148012792	5.105882981280209	5.052417805587574	5.224288840262583	5.058355295003496	5.104649529428291	4.935797716666227	5.125901886355075	4.977930998459088	5.135769763381299	5.008220894120104	5.200617770353326	5.131582413529675	5.170198042640129	5.161273024640051	5.151038938362144	5.221939264492456	5.094972067039106	5.135524716655833	5.082872928176796	5.097993467102193	5.087313275825794	5.169198789472075	5.122544602631105	5.21114973606283	5.166908563134978	5.1263782866836305	5.099179561740575	5.122847467396786	5.1020408163265305	5.112822696133452	5.112053301029679	5.191290953748803	5.0240971809599255	5.087635341269366	5.081818317178125	5.453065653825285	5.241820062048099	5.302132861370619	3.754266211604096	4.761904761904762	4.5684625467228726	2.256284348864994	28.2906	0.11856485745334809	20.1852248148735	0.0	16.269880923872286	-1.9709715312872022e-06	14.06754590691382	-2.0128824476650564e-05	12.683170177207627	-2.2174320502960273e-05	11.625458569289853	-2.4734784527480998e-05	10.712173112902827	-2.9165232709391788e-05	9.884084168204588	-1.6477749271271538e-06	9.131306982911681	1.4983209440920269e-05	8.421696501427988	1.4874912609888416e-05	7.773072573477952	1.6951368944123446e-05	7.184386329043863	1.9371853803386754e-05	6.649388847292383	6.318476488948984e-06	6.1875215068369105	7.244434463223628e-06	5.781031277681434	8.317460845553069e-06	5.404191260188745	9.527802126605435e-06	5.076140602661087	5.477771204452332e-06	4.783155557517993	-1.2615749501677895e-05	4.522280386299701	-3.6252111685505683e-05	4.291211831581065	-3.353650868176368e-05	4.079278877391701	-1.9395632103650258e-05	3.892764814503945	-2.2382881572173602e-05	3.7258987774554497	-2.590170303697468e-05	3.5707061666517497	-2.9834270626668854e-05	3.43258883073362	0.0	3.306866781246253	-1.9985210943901513e-05	3.1954611499342698	-2.3063794455463813e-05	3.099046751994859	-2.6777346364975233e-05	3.0010881731127967	-3.109162702484221e-05	2.9060561511707124	-3.5857716580608144e-05
9	403	2	0	0	1359	3122	1416	1780	1543	1381	1623	1256	1708	1282	1853	1326	1856	1412	1899	1491	1880	1571	1870	1702	1831	1852	1759	1856	1687	1892	1607	1895	1541	1877	1430	1816	1340	1722	1219	1646	1101	1584	980	1495	884	1370	789	1259	707	1126	647	1000	568	897	503	797	454	703	409	642	363	4080	4095	184.0	237.1636338020676	264.4337453842163	15	1	0.6315536499023438	30.119581464872947	1.1560693641618496			4.72022507033448	3.1176664436433357	4.711989617649995	2.3158990372105124	4.911510058568882	3.373805975618694	4.893270622286542	4.223978476542794	4.91016242633319	4.9332358486935775	5.114122485027462	5.224586288416075	4.989515565352976	5.456793940330808	4.970033238242299	5.506315089740749	4.856751659820714	5.407172850554141	4.809176010698487	5.467921739968516	4.74647449191207	5.63191825811945	4.61473883044311	5.299223389675651	4.505033781077255	5.192381579669576	4.395514223194748	5.096003872425106	4.329259727489816	4.948980937063306	4.143606386369563	4.742876544177179	4.033957492925523	4.494088785656497	3.8421533709458817	4.336029082479387	3.6280357201700335	4.246990374560957	3.4223851929456957	4.093759412908349	3.292364990689013	3.8721347615952064	3.113654301499605	3.67183854409706	2.974963181148748	3.4420566747164734	2.914939628761939	3.2187459765675297	2.747943880019352	3.0432569974554706	2.611901547408869	2.8712443259600833	2.5454137699035657	2.7209041297364243	2.477286493034524	2.6726614212564006	2.3965141612200433	6.101573248788658	6.097288604993969	4.991861096039067	5.061843576583306	5.004413489836826	5.1194539249146755	4.761904761904762	4.5975306996351035	2.256284348864994	28.2906	0.11856485745334809	20.1852248148735	0.0	16.269880923872286	-1.9709715312872022e-06	14.06754590691382	-2.0128824476650564e-05	12.683170177207627	-2.2174320502960273e-05	11.625458569289853	-2.4734784527480998e-05	10.712173112902827	-2.9165232709391788e-05	9.884084168204588	-1.6477749271271538e-06	9.131306982911681	1.4983209440920269e-05	8.421696501427988	1.4874912609888416e-05	7.773072573477952	1.6951368944123446e-05	7.184386329043863	1.9371853803386754e-05	6.649388847292383	6.318476488948984e-06	6.1875215068369105	7.244434463223628e-06	5.781031277681434	8.317460845553069e-06	5.404191260188745	9.527802126605435e-06	5.076140602661087	5.477771204452332e-06	4.783155557517993	-1.2615749501677895e-05	4.522280386299701	-3.6252111685505683e-05	4.291211831581065	-3.353650868176368e-05	4.079278877391701	-1.9395632103650258e-05	3.892764814503945	-2.2382881572173602e-05	3.7258987774554497	-2.590170303697468e-05	3.5707061666517497	-2.9834270626668854e-05	3.43258883073362	0.0	3.306866781246253	-1.9985210943901513e-05	3.1954611499342698	-2.3063794455463813e-05	3.099046751994859	-2.6777346364975233e-05	3.0010881731127967	-3.109162702484221e-05	2.9060561511707124	-3.5857716580608144e-05
10	366	4	0	0	1306	3433	1365	1838	1496	1370	1610	1318	1697	1263	1756	1260	1861	1369	1903	1457	1898	1579	1877	1679	1808	1725	1743	1853	1678	1905	1637	1879	1522	1866	1454	1796	1361	1719	1238	1672	1131	1582	1023	1493	927	1384	846	1274	780	1150	696	1046	606	945	537	857	480	780	430	691	386	3888	3902	173.0	230.84895283148762	253.50965785980225	14	1	0.6338424682617188	27.3542600896861	2.312138728323699			4.536139765899065	3.428234753692368	4.5422781271837875	2.39136091595108	4.761904761904762	3.346932792612318	4.854076218041485	4.43248696821927	4.878539600402473	4.860122368876746	4.846410730549499	4.964539007092199	5.002957148233776	5.290616787756995	4.980501975974247	5.3807519019129915	4.9032524735849545	5.434707785502857	4.82717827384014	5.394030905644617	4.686851928660307	5.245712200462231	4.572762809245218	5.290657834627684	4.480999813069138	5.2280586201218515	4.477571115973742	5.052976926800409	4.275881444023037	4.919977852189733	4.213149430616325	4.690642221003421	4.097176229754952	4.4862593626849705	3.90203927254389	4.4045204288612	3.726892279302732	4.241628012976915	3.57255107386066	4.088282811687067	3.4525139664804474	3.9117040219326755	3.3385951065509074	3.715585627624825	3.282137597306964	3.5154220034848533	3.1357001261488557	3.3668082914896353	2.9317851959361394	3.2061068702290076	2.7884515526015163	3.087398227538007	2.6911863646557523	3.018926345937996	2.604482132041187	2.876649598268182	2.548359411104509	5.814440390022133	5.809919447298284	4.693434617471514	4.927067739340992	4.797674932729057	4.778156996587031	4.761904761904762	4.614192645417132	2.256284348864994	28.2906	0.11856485745334809	20.1852248148735	0.0	16.269880923872286	-1.9709715312872022e-06	14.06754590691382	-2.0128824476650564e-05	12.683170177207627	-2.2174320502960273e-05	11.625458569289853	-2.4734784527480998e-05	10.712173112902827	-2.9165232709391788e-05	9.884084168204588	-1.6477749271271538e-06	9.131306982911681	1.4983209440920269e-05	8.421696501427988	1.4874912609888416e-05	7.773072573477952	1.6951368944123446e-05	7.184386329043863	1.9371853803386754e-05	6.649388847292383	6.318476488948984e-06	6.1875215068369105	7.244434463223628e-06	5.781031277681434	8.317460845553069e-06	5.404191260188745	9.527802126605435e-06	5.076140602661087	5.477771204452332e-06	4.783155557517993	-1.2615749501677895e-05	4.522280386299701	-3.6252111685505683e-05	4.291211831581065	-3.353650868176368e-05	4.079278877391701	-1.9395632103650258e-05	3.892764814503945	-2.2382881572173602e-05	3.7258987774554497	-2.590170303697468e-05	3.5707061666517497	-2.9834270626668854e-05	3.43258883073362	0.0	3.306866781246253	-1.9985210943901513e-05	3.1954611499342698	-2.3063794455463813e-05	3.099046751994859	-2.6777346364975233e-05	3.0010881731127967	-3.109162702484221e-05	2.9060561511707124	-3.5857716580608144e-05
11	286	6	0	0	1229	4252	1317	2113	1432	1448	1537	1213	1600	1170	1682	1245	1782	1336	1817	1405	1800	1539	1781	1570	1787	1663	1736	1782	1662	1820	1610	1816	1529	1790	1422	1776	1314	1698	1247	1638	1159	1567	1055	1457	979	1371	886	1261	810	1178	717	1082	639	1002	566	889	511	804	450	713	396	3602	3615	152.0	218.5091380512546	233.04393577575684	13	1	0.6398096084594727	21.37518684603886	3.4682080924855487			4.268695078323087	4.246097923885799	4.382549665568534	2.7491543065313557	4.558186911128088	3.537488090293895	4.633984563434636	4.079367748444594	4.599683771740693	4.502251125562781	4.642177020947755	4.905437352245863	4.790580138717136	5.163085484618952	4.755424114737365	5.1887140852352465	4.650081376424088	5.297033110759275	4.580290093611769	5.043852603848749	4.632413936126089	5.057170660503588	4.554398299971141	5.0879396984924625	4.438272758832483	4.994785663318513	4.403719912472647	4.883558328403162	4.295547127405534	4.7195929021541385	4.120425371620643	4.638407897829664	3.955686675898609	4.431453401884281	3.930406278563999	4.314954822054213	3.8191584011599167	4.201410301096603	3.6843024270997033	3.9897039897039894	3.6461824953445063	3.874961137333597	3.4964483030781377	3.6776714885674284	3.408373658741847	3.6010148870479624	3.2303117678861057	3.4826831466460666	3.0914368650217705	3.3994910941475824	2.939038321736421	3.2026803083795663	2.8649921507064366	3.111816387351473	2.725620835857056	2.9682361267224513	2.6143790849673203	5.386732069151163	5.382588109170501	4.123711340206185	4.663695943335877	4.410360766271839	4.436860068259386	4.761904761904762	4.657631726566361	2.256284348864994	28.2906	0.11856485745334809	20.1852248148735	0.0	16.269880923872286	-1.9709715312872022e-06	14.06754590691382	-2.0128824476650564e-05	12.683170177207627	-2.2174320502960273e-05	11.625458569289853	-2.4734784527480998e-05	10.712173112902827	-2.9165232709391788e-05	9.884084168204588	-1.6477749271271538e-06	9.131306982911681	1.4983209440920269e-05	8.421696501427988	1.4874912609888416e-05	7.773072573477952	1.6951368944123446e-05	7.184386329043863	1.9371853803386754e-05	6.649388847292383	6.318476488948984e-06	6.1875215068369105	7.244434463223628e-06	5.781031277681434	8.317460845553069e-06	5.404191260188745	9.527802126605435e-06	5.076140602661087	5.477771204452332e-06	4.783155557517993	-1.2615749501677895e-05	4.522280386299701	-3.6252111685505683e-05	4.291211831581065	-3.353650868176368e-05	4.079278877391701	-1.9395632103650258e-05	3.892764814503945	-2.2382881572173602e-05	3.7258987774554497	-2.590170303697468e-05	3.5707061666517497	-2.9834270626668854e-05	3.43258883073362	0.0	3.306866781246253	-1.9985210943901513e-05	3.1954611499342698	-2.3063794455463813e-05	3.099046751994859	-2.6777346364975233e-05	3.0010881731127967	-3.109162702484221e-05	2.9060561511707124	-3.5857716580608144e-05
12	4	7	0	0	1214	4902	1269	3824	1354	2122	1434	1492	1400	1285	1476	1179	1562	1156	1631	1232	1685	1315	1733	1373	1758	1425	1759	1469	1723	1537	1666	1599	1691	1665	1689	1718	1590	1763	1529	1756	1477	1709	1458	1673	1372	1680	1314	1666	1267	1553	1198	1499	1124	1472	1052	1398	972	1314	908	1269	830	2735	2747	136.0	209.1297833172107	217.3598051071167	12	1	0.6465606689453125	0.29895366218236175	4.046242774566474			4.2165954638602345	4.895195678007569	4.22282120395328	4.975279729378091	4.309905780494016	5.184081303593677	4.3234442836468885	5.0176559609887335	4.024723300273107	4.944780082348867	4.0736345320564125	4.6453900709219855	4.199150491961933	4.467460194775081	4.268627810201784	4.5498190412881305	4.352992844041437	4.526054932195223	4.456846003497582	4.410961544639703	4.557237660721692	4.333414426468799	4.61473883044311	4.1942667884878935	4.601169653109729	4.218123936549755	4.5568927789934355	4.300005378368203	4.750667228543335	4.390012392227173	4.894091738865869	4.486928360625767	4.786561502799687	4.6010908996007	4.81923913386075	4.625800163325518	4.86703792796652	4.582137973563557	5.0916710319539025	4.581176921602453	5.109869646182495	4.748311240496311	5.185477505919494	4.858842743817079	5.331369661266568	4.7473481490538925	5.39736889529645	4.824900218874727	5.437832607643928	4.994062765055132	5.462664866548966	5.0363859067656165	5.449652388427899	5.085729767387854	5.499697153240461	5.282877482203072	5.479632930613323	4.090147753783573	4.090171379223061	3.689636462289745	4.46350999681492	4.11353830520333	4.09556313993174	4.761904761904762	4.706777524145936	2.256284348864994	28.2906	0.11856485745334809	20.1852248148735	0.0	16.269880923872286	-1.9709715312872022e-06	14.06754590691382	-2.0128824476650564e-05	12.683170177207627	-2.2174320502960273e-05	11.625458569289853	-2.4734784527480998e-05	10.712173112902827	-2.9165232709391788e-05	9.884084168204588	-1.6477749271271538e-06	9.131306982911681	1.4983209440920269e-05	8.421696501427988	1.4874912609888416e-05	7.773072573477952	1.6951368944123446e-05	7.184386329043863	1.9371853803386754e-05	6.649388847292383	6.318476488948984e-06	6.1875215068369105	7.244434463223628e-06	5.781031277681434	8.317460845553069e-06	5.404191260188745	9.527802126605435e-06	5.076140602661087	5.477771204452332e-06	4.783155557517993	-1.2615749501677895e-05	4.522280386299701	-3.6252111685505683e-05	4.291211831581065	-3.353650868176368e-05	4.079278877391701	-1.9395632103650258e-05	3.892764814503945	-2.2382881572173602e-05	3.7258987774554497	-2.590170303697468e-05	3.5707061666517497	-2.9834270626668854e-05	3.43258883073362	0.0	3.306866781246253	-1.9985210943901513e-05	3.1954611499342698	-2.3063794455463813e-05	3.099046751994859	-2.6777346364975233e-05	3.0010881731127967	-3.109162702484221e-05	2.9060561511707124	-3.5857716580608144e-05
13	1	11	0	0	1114	4319	1160	5353	1226	2831	1286	1675	1336	1308	1433	1186	1479	1120	1556	1129	1561	1140	1630	1194	1667	1286	1677	1344	1690	1459	1708	1526	1654	1573	1658	1575	1649	1654	1612	1677	1604	1687	1532	1706	1435	1655	1391	1658	1343	1639	1299	1620	1237	1584	1179	1523	1098	1422	1035	1357	975	2406	2418	119.0	199.6737521200855	201.62865734100342	12	1	0.6549720764160156	0.07473841554559044	6.358381502890173			3.8692647007745475	4.313004923156813	3.8601044890353062	6.964610981004424	3.9024700789406674	6.916180099186475	3.8772310660877953	5.63309231545317	3.840735949403479	5.033285873706084	3.954958187287832	4.672970843183609	3.976020216140653	4.328335136806307	4.07233897772776	4.169436442868749	4.032653904776667	3.923728230192056	4.191955560127559	3.8358980949015327	4.321339693073414	3.9107164578518425	4.399611721803919	3.837368661489265	4.513045103746629	4.004061693836105	4.671772428884026	4.103694938955521	4.646720044950134	4.147441136920927	4.804265306713802	4.113452949933402	4.96417604912999	4.316621864968552	5.080845967157311	4.417691841626933	5.2855306949616105	4.5231519961391	5.35009603631919	4.6715408417536075	5.344506517690875	4.677651847036545	5.489344909234412	4.835510965935605	5.651167683568273	5.0102405771405865	5.85240583888989	5.214368482039398	5.98451862602806	5.374045801526718	6.122131062415619	5.486706535052957	6.156088809150034	5.5037349537485	6.268927922471229	5.649223596020149	6.436918201624084	3.5981336364180176	3.600303747710725	3.228431904503527	4.261687525098676	3.815826044701299	4.09556313993174	4.761904761904762	4.768010174894891	2.256284348864994	28.2906	0.11856485745334809	20.1852248148735	0.0	16.269880923872286	-1.9709715312872022e-06	14.06754590691382	-2.0128824476650564e-05	12.683170177207627	-2.2174320502960273e-05	11.625458569289853	-2.4734784527480998e-05	10.712173112902827	-2.9165232709391788e-05	9.884084168204588	-1.6477749271271538e-06	9.131306982911681	1.4983209440920269e-05	8.421696501427988	1.4874912609888416e-05	7.773072573477952	1.6951368944123446e-05	7.184386329043863	1.9371853803386754e-05	6.649388847292383	6.318476488948984e-06	6.1875215068369105	7.244434463223628e-06	5.781031277681434	8.317460845553069e-06	5.404191260188745	9.527802126605435e-06	5.076140602661087	5.477771204452332e-06	4.783155557517993	-1.2615749501677895e-05	4.522280386299701	-3.6252111685505683e-05	4.291211831581065	-3.353650868176368e-05	4.079278877391701	-1.9395632103650258e-05	3.892764814503945	-2.2382881572173602e-05	3.7258987774554497	-2.590170303697468e-05	3.5707061666517497	-2.9834270626668854e-05	3.43258883073362	0.0	3.306866781246253	-1.9985210943901513e-05	3.1954611499342698	-2.3063794455463813e-05	3.099046751994859	-2.6777346364975233e-05	3.0010881731127967	-3.109162702484221e-05	2.9060561511707124	-3.5857716580608144e-05
14	1	3	0	0	1046	6882	1111	5167	1120	2414	1249	1507	1299	1125	1421	1075	1420	1050	1442	1111	1509	1137	1546	1272	1533	1332	1582	1428	1576	1407	1550	1463	1528	1515	1512	1537	1487	1554	1446	1583	1377	1561	1337	1532	1254	1512	1215	1488	1126	1442	1064	1360	1003	1301	937	1224	870	1161	788	1080	723	2549	2563	101.0	188.70731513412332	182.98880004882812	14	1	0.6681671142578125	0.07473841554559044	1.7341040462427744			3.6330797818762806	6.872447298255426	3.6970483511364014	6.722612542284673	3.5650623885918007	5.897442161581121	3.765677761698022	5.068101563813688	3.734368262181975	4.329087620733444	3.9218392073524138	4.235618597320725	3.817409538147212	4.057814190755913	3.7739799523672435	4.1029618140187605	3.89831822056886	3.9134026295862876	3.9759284024277335	4.086484402608668	3.9739734549979264	4.050602116530835	4.150379095941443	4.077204202832344	4.208614842310466	3.861353532027005	4.23960612691466	3.9342763405582746	4.292737744065177	3.9945157803148152	4.381211787546	4.014207735903262	4.476488650731532	4.055641099250986	4.5576323005641886	4.1700692816311475	4.537516064190859	4.185323216344479	4.669111227518771	4.195076535502067	4.670391061452514	4.27348011644668	4.794790844514601	4.33971068595427	4.7380601725226175	4.408033503500137	4.793656514687331	4.37749452813184	4.852443154329947	4.413910093299407	4.865510437220895	4.409539592189639	4.877775285938552	4.49355575337694	4.7728649303452455	4.496065942300486	4.773222420281244	3.8119877968535025	3.816202855824065	2.740097666847531	4.02762807962009	3.463066402976831	4.778156996587031	4.761904761904762	4.8640662923282845	2.256284348864994	28.2906	0.11856485745334809	20.1852248148735	0.0	16.269880923872286	-1.9709715312872022e-06	14.06754590691382	-2.0128824476650564e-05	12.683170177207627	-2.2174320502960273e-05	11.625458569289853	-2.4734784527480998e-05	10.712173112902827	-2.9165232709391788e-05	9.884084168204588	-1.6477749271271538e-06	9.131306982911681	1.4983209440920269e-05	8.421696501427988	1.4874912609888416e-05	7.773072573477952	1.6951368944123446e-05	7.184386329043863	1.9371853803386754e-05	6.649388847292383	6.318476488948984e-06	6.1875215068369105	7.244434463223628e-06	5.781031277681434	8.317460845553069e-06	5.404191260188745	9.527802126605435e-06	5.076140602661087	5.477771204452332e-06	4.783155557517993	-1.2615749501677895e-05	4.522280386299701	-3.6252111685505683e-05	4.291211831581065	-3.353650868176368e-05	4.079278877391701	-1.9395632103650258e-05	3.892764814503945	-2.2382881572173602e-05	3.7258987774554497	-2.590170303697468e-05	3.5707061666517497	-2.9834270626668854e-05	3.43258883073362	0.0	3.306866781246253	-1.9985210943901513e-05	3.1954611499342698	-2.3063794455463813e-05	3.099046751994859	-2.6777346364975233e-05	3.0010881731127967	-3.109162702484221e-05	2.9060561511707124	-3.5857716580608144e-05
15	9	3	0	0	1081	8975	1059	4259	1091	1953	1176	1257	1236	1084	1305	1071	1354	1065	1462	1116	1499	1176	1455	1272	1453	1318	1433	1415	1394	1506	1368	1451	1352	1464	1328	1432	1266	1404	1190	1380	1139	1355	1066	1328	1003	1266	950	1191	859	1135	792	1058	740	994	667	922	620	824	551	771	504	2760	2773	88.0	178.7052989198458	167.59076404571533	13	1	0.6823787689208984	0.672645739910314	1.7341040462427744			3.754645548956271	8.962542066527526	3.524009184386543	5.541243819932345	3.47275273745862	4.77121149195026	3.545586107091172	4.227341516731125	3.5532557136696856	4.171316427444491	3.6016890679767064	4.219858156028368	3.6399806441206515	4.1157829649095685	3.826323641026983	4.121426988699313	3.8724844351442815	4.047635437461279	3.7418989815862567	4.086484402608668	3.766590626296143	4.008028220411142	3.759477398536086	4.040086797624486	3.7225946003685206	4.133047917009715	3.7417943107221006	3.9020061313397516	3.798286276162383	3.8600469322646136	3.8480484483208253	3.739977539241035	3.8111867060027698	3.6641699506746352	3.750748573769975	3.635309923342378	3.7532540284047844	3.6329999731881917	3.722716954775624	3.6364632109312964	3.7355679702048414	3.5781916848025777	3.749013417521705	3.4735184321045263	3.6145592257521564	3.469568673004616	3.568210488376284	3.4054332432084458	3.5800677310111273	3.3723494486853265	3.4634956901028144	3.3215649542474237	3.4761157210136804	3.1892247551960367	3.337371290127196	3.20969151992007	3.3273915626856803	4.127534844768798	4.128884322746832	2.387411828540423	3.8141525112309815	3.1716582887098452	4.436860068259386	4.761904761904762	4.967523090679863	2.256284348864994	28.2906	0.11856485745334809	20.1852248148735	0.0	16.269880923872286	-1.9709715312872022e-06	14.06754590691382	-2.0128824476650564e-05	12.683170177207627	-2.2174320502960273e-05	11.625458569289853	-2.4734784527480998e-05	10.712173112902827	-2.9165232709391788e-05	9.884084168204588	-1.6477749271271538e-06	9.131306982911681	1.4983209440920269e-05	8.421696501427988	1.4874912609888416e-05	7.773072573477952	1.6951368944123446e-05	7.184386329043863	1.9371853803386754e-05	6.649388847292383	6.318476488948984e-06	6.1875215068369105	7.244434463223628e-06	5.781031277681434	8.317460845553069e-06	5.404191260188745	9.527802126605435e-06	5.076140602661087	5.477771204452332e-06	4.783155557517993	-1.2615749501677895e-05	4.522280386299701	-3.6252111685505683e-05	4.291211831581065	-3.353650868176368e-05	4.079278877391701	-1.9395632103650258e-05	3.892764814503945	-2.2382881572173602e-05	3.7258987774554497	-2.590170303697468e-05	3.5707061666517497	-2.9834270626668854e-05	3.43258883073362	0.0	3.306866781246253	-1.9985210943901513e-05	3.1954611499342698	-2.3063794455463813e-05	3.099046751994859	-2.6777346364975233e-05	3.0010881731127967	-3.109162702484221e-05	2.9060561511707124	-3.5857716580608144e-05
16	1	9	0	0	1038	9160	1005	6107	1019	2565	1052	1491	1148	1143	1215	1051	1271	1009	1315	1012	1313	1067	1338	1148	1348	1225	1344	1276	1325	1328	1274	1340	1272	1348	1205	1325	1187	1315	1183	1324	1152	1278	1088	1212	1027	1189	950	1173	908	1146	866	1086	831	1027	776	943	717	901	666	847	616	2458	2471	77.0	167.87043259376236	151.66068649291992	13	1	0.6998043060302734	0.07473841554559044	5.202312138728324			3.6052933208294258	9.147285273469876	3.344314665069382	7.9456154046317975	3.2435701553348615	6.266337673759558	3.1717317896767967	5.014292920800403	3.300273106223947	4.398353022665178	3.3532967184610714	4.141055949566588	3.4168503682993707	3.8993662080692535	3.4415975293778955	3.737351355343822	3.391976026247126	3.6724719487850206	3.4410040119329284	3.6881164262537345	3.4944006636250515	3.7252159104731786	3.525985780622819	3.6432160804020097	3.5383341789729483	3.6445469015862564	3.484682713347921	3.6035066960684126	3.5735356089338395	3.5541962190523897	3.4916403465561707	3.460523910261433	3.5733638388825337	3.431897069186001	3.7286853468654457	3.487790100366165	3.7960918706956206	3.42654905220259	3.7995460101274663	3.318820340096936	3.8249534450651765	3.3605607529464967	3.749013417521705	3.4210219318712083	3.820744792762466	3.503194448690123	3.90160389259326	3.495558130552337	4.020319303338171	3.484308736217133	4.029494236161595	3.3972188197996975	4.019959632204531	3.4872469713976084	4.033918837068443	3.5260813454893634	4.066811909949164	3.675898785667285	3.679218594124566	2.0889853499728703	3.5829012117100936	2.870181278339917	4.436860068259386	4.761904761904762	5.094376037900373	2.256284348864994	28.2906	0.11856485745334809	20.1852248148735	0.0	16.269880923872286	-1.9709715312872022e-06	14.06754590691382	-2.0128824476650564e-05	12.683170177207627	-2.2174320502960273e-05	11.625458569289853	-2.4734784527480998e-05	10.712173112902827	-2.9165232709391788e-05	9.884084168204588	-1.6477749271271538e-06	9.131306982911681	1.4983209440920269e-05	8.421696501427988	1.4874912609888416e-05	7.773072573477952	1.6951368944123446e-05	7.184386329043863	1.9371853803386754e-05	6.649388847292383	6.318476488948984e-06	6.1875215068369105	7.244434463223628e-06	5.781031277681434	8.317460845553069e-06	5.404191260188745	9.527802126605435e-06	5.076140602661087	5.477771204452332e-06	4.783155557517993	-1.2615749501677895e-05	4.522280386299701	-3.6252111685505683e-05	4.291211831581065	-3.353650868176368e-05	4.079278877391701	-1.9395632103650258e-05	3.892764814503945	-2.2382881572173602e-05	3.7258987774554497	-2.590170303697468e-05	3.5707061666517497	-2.9834270626668854e-05	3.43258883073362	0.0	3.306866781246253	-1.9985210943901513e-05	3.1954611499342698	-2.3063794455463813e-05	3.099046751994859	-2.6777346364975233e-05	3.0010881731127967	-3.109162702484221e-05	2.9060561511707124	-3.5857716580608144e-05
17	1	10	0	0	1041	7167	962	9015	994	3822	1068	2024	1100	1336	1145	1099	1157	987	1222	967	1222	1040	1256	1096	1249	1140	1254	1162	1204	1226	1169	1222	1161	1252	1149	1217	1147	1240	1167	1180	1139	1170	1126	1148	1115	1163	1078	1151	1017	1138	944	1134	903	1113	877	1086	823	1022	783	944	747	2146	2158	72.0	160.71456208363279	142.20184326171875	12	1	0.710383415222168	0.07473841554559044	5.780346820809249			3.6157132437219963	7.157051698139585	3.2012245848723837	11.729117876658862	3.163992869875223	9.337209586397284	3.219971056439942	6.806793341180427	3.162282593071726	5.141032054488783	3.1601026688377996	4.330181245074862	3.11038227861713	3.814345339310558	3.198199377110105	3.571164783218849	3.156888578883464	3.579541543333104	3.230120357987861	3.5210588877823112	3.2377644131065946	3.4667315411750397	3.289870661384684	3.31772498857926	3.215210831308249	3.3646193534222517	3.197483588621444	3.286182972086269	3.2616940581542355	3.3010783874284813	3.329373243313726	3.1784585651231425	3.452947197302667	3.236161494897826	3.678255113940807	3.1084534127130476	3.7532540284047844	3.1369815266643433	3.9322507420988297	3.1435691010159097	4.1527001862197395	3.2870749837483393	4.254143646408839	3.3568595426971535	4.279402482642541	3.4787393391006636	4.253018561903046	3.650057937427578	4.368650217706822	3.7760814249363865	4.553951604527988	3.912385618560415	4.614263287732675	3.95556759685722	4.742580254391278	3.9298946754922777	4.931669637551991	3.2093078901716816	3.2131743124730128	1.9533369506239826	3.4301716528149404	2.691172496402132	4.09556313993174	4.761904761904762	5.17138893980039	2.256284348864994	28.2906	0.11856485745334809	20.1852248148735	0.0	16.269880923872286	-1.9709715312872022e-06	14.06754590691382	-2.0128824476650564e-05	12.683170177207627	-2.2174320502960273e-05	11.625458569289853	-2.4734784527480998e-05	10.712173112902827	-2.9165232709391788e-05	9.884084168204588	-1.6477749271271538e-06	9.131306982911681	1.4983209440920269e-05	8.421696501427988	1.4874912609888416e-05	7.773072573477952	1.6951368944123446e-05	7.184386329043863	1.9371853803386754e-05	6.649388847292383	6.318476488948984e-06	6.1875215068369105	7.244434463223628e-06	5.781031277681434	8.317460845553069e-06	5.404191260188745	9.527802126605435e-06	5.076140602661087	5.477771204452332e-06	4.783155557517993	-1.2615749501677895e-05	4.522280386299701	-3.6252111685505683e-05	4.291211831581065	-3.353650868176368e-05	4.079278877391701	-1.9395632103650258e-05	3.892764814503945	-2.2382881572173602e-05	3.7258987774554497	-2.590170303697468e-05	3.5707061666517497	-2.9834270626668854e-05	3.43258883073362	0.0	3.306866781246253	-1.9985210943901513e-05	3.1954611499342698	-2.3063794455463813e-05	3.099046751994859	-2.6777346364975233e-05	3.0010881731127967	-3.109162702484221e-05	2.9060561511707124	-3.5857716580608144e-05
18	1	11	0	0	1095	9161	1031	8888	1012	3374	1061	1856	1060	1233	1062	1074	1038	1005	1068	991	1107	1081	1107	1063	1099	1079	1080	1065	1117	1092	1061	1097	1050	1112	1078	1092	1053	1100	1066	1069	1020	1050	990	1077	952	1065	931	1070	901	1006	815	977	785	944	738	928	681	847	655	789	616	2204	2216	66.0	151.3139400652099	130.62393760681152	12	1	0.7235622406005859	0.07473841554559044	6.358381502890173			3.803271855788267	9.148283885399296	3.4308342484443117	11.563882383554516	3.221288515406162	8.242738133046686	3.198866377231066	6.241802589540945	3.0472904987782092	4.7446800323238545	2.931029724284492	4.231678486997636	2.790472606054089	3.8839078682949455	2.795152974430108	3.659797621685501	2.8598000465008138	3.720658084945274	2.8469293282584096	3.4150416037523694	2.8489216092907506	3.2812309937963753	2.8333814308576226	3.0407720420283235	2.9828824738964403	2.996871397991108	2.9020787746170678	2.95003495939332	2.949852507374631	2.93194821631028	3.1236417374170555	2.851994045287158	3.1699680895899816	2.8707884228932325	3.3599142686040278	2.8160480493137694	3.3611230105117476	2.815239831621846	3.457307490832897	2.949149757660396	3.5456238361266297	3.0100901613860547	3.6740331491712706	3.1206252916472237	3.791289711760993	3.0752300308745757	3.6718327626599385	3.1447148191064764	3.7977745524915334	3.2027141645462254	3.832173642122754	3.3431803444052166	3.818120654855349	3.2782443782172854	3.9672925499697156	3.2846259522917447	4.066811909949164	3.296045941257403	3.2995339557183487	1.7905588714053173	3.2295317932504903	2.4720604191621818	4.09556313993174	4.761904761904762	5.267327035117828	2.256284348864994	28.2906	0.11856485745334809	20.1852248148735	0.0	16.269880923872286	-1.9709715312872022e-06	14.06754590691382	-2.0128824476650564e-05	12.683170177207627	-2.2174320502960273e-05	11.625458569289853	-2.4734784527480998e-05	10.712173112902827	-2.9165232709391788e-05	9.884084168204588	-1.6477749271271538e-06	9.131306982911681	1.4983209440920269e-05	8.421696501427988	1.4874912609888416e-05	7.773072573477952	1.6951368944123446e-05	7.184386329043863	1.9371853803386754e-05	6.649388847292383	6.318476488948984e-06	6.1875215068369105	7.244434463223628e-06	5.781031277681434	8.317460845553069e-06	5.404191260188745	9.527802126605435e-06	5.076140602661087	5.477771204452332e-06	4.783155557517993	-1.2615749501677895e-05	4.522280386299701	-3.6252111685505683e-05	4.291211831581065	-3.353650868176368e-05	4.079278877391701	-1.9395632103650258e-05	3.892764814503945	-2.2382881572173602e-05	3.7258987774554497	-2.590170303697468e-05	3.5707061666517497	-2.9834270626668854e-05	3.43258883073362	0.0	3.306866781246253	-1.9985210943901513e-05	3.1954611499342698	-2.3063794455463813e-05	3.099046751994859	-2.6777346364975233e-05	3.0010881731127967	-3.109162702484221e-05	2.9060561511707124	-3.5857716580608144e-05
19	3	8	0	0	1120	13231	1023	6160	959	2287	958	1384	944	1078	970	1024	965	942	998	948	979	943	953	978	945	970	952	958	973	963	955	948	964	937	931	973	918	947	860	974	851	937	795	918	754	860	707	839	687	789	622	753	569	708	532	665	514	606	500	552	434	2477	2487	61.0	142.72740351924134	120.19912052154541	10	1	0.7387113571166992	0.2242152466367713	4.624277456647398			3.890104546559689	13.212634438131	3.4042128381751025	8.014571948998178	3.052584670231729	5.587179048689322	2.888326097443319	4.654447620649067	2.7138134253270088	4.148227960133913	2.677117544779621	4.034672970843184	2.5942254959944084	3.640439016849591	2.6119500641210185	3.50099711943275	2.529127593066212	3.24568045707992	2.4508795391420635	3.1419667812510035	2.4497096640398173	2.9497628025787614	2.497573261274497	2.7352672453174964	2.59833898576655	2.6428453811954555	2.6121444201312913	2.549346528263325	2.708245540103947	2.4705355024125293	2.697690591405639	2.5411998224033012	2.7635619242579326	2.471487851345356	2.7106250196993096	2.5657912067648376	2.8042310607308796	2.5122664021234953	2.776322682032478	2.5137599605684713	2.808193668528864	2.430683135015969	2.7900552486187844	2.4469202053196453	2.8908058068588263	2.4118851832604773	2.8023067219318794	2.4237157203553497	2.7527818093855827	2.4020356234096694	2.762488316543774	2.395705742488652	2.881812065485535	2.345473545690289	3.0284675953967293	2.2979892593980265	2.8652538456460026	3.7043129748160557	3.703041943985349	1.6549104720564298	3.0462671663617713	2.274770564288383	3.4129692832764507	4.761904761904762	5.377608288762628	2.256284348864994	28.2906	0.11856485745334809	20.1852248148735	0.0	16.269880923872286	-1.9709715312872022e-06	14.06754590691382	-2.0128824476650564e-05	12.683170177207627	-2.2174320502960273e-05	11.625458569289853	-2.4734784527480998e-05	10.712173112902827	-2.9165232709391788e-05	9.884084168204588	-1.6477749271271538e-06	9.131306982911681	1.4983209440920269e-05	8.421696501427988	1.4874912609888416e-05	7.773072573477952	1.6951368944123446e-05	7.184386329043863	1.9371853803386754e-05	6.649388847292383	6.318476488948984e-06	6.1875215068369105	7.244434463223628e-06	5.781031277681434	8.317460845553069e-06	5.404191260188745	9.527802126605435e-06	5.076140602661087	5.477771204452332e-06	4.783155557517993	-1.2615749501677895e-05	4.522280386299701	-3.6252111685505683e-05	4.291211831581065	-3.353650868176368e-05	4.079278877391701	-1.9395632103650258e-05	3.892764814503945	-2.2382881572173602e-05	3.7258987774554497	-2.590170303697468e-05	3.5707061666517497	-2.9834270626668854e-05	3.43258883073362	0.0	3.306866781246253	-1.9985210943901513e-05	3.1954611499342698	-2.3063794455463813e-05	3.099046751994859	-2.6777346364975233e-05	3.0010881731127967	-3.109162702484221e-05	2.9060561511707124	-3.5857716580608144e-05
20	1	11	0	0	1291	12824	1074	9135	935	3148	870	1679	861	1241	819	1035	822	932	838	877	856	830	873	817	844	822	828	866	842	871	836	847	810	831	811	853	822	849	829	826	843	812	790	818	767	829	749	843	695	793	665	763	620	730	603	683	572	654	526	607	499	2222	2233	57.0	131.96233727467677	108.84870433807373	11	1	0.7525444030761719	0.07473841554559044	6.358381502890173			4.484040151436212	12.806199382857827	3.57392432864131	11.885245901639344	2.976190476190476	7.6906163730975	2.62301013024602	5.646544476206491	2.4752048296679603	4.775464655404625	2.260370380592278	4.078014184397164	2.2097962256035273	3.60179316741382	2.1932005548431	3.238791638968905	2.2113720323438995	2.856749500929304	2.245139388951754	2.624730940983712	2.187888842803816	2.4996959007420023	2.1722590969908437	2.4725902238465056	2.2485112292039413	2.3903617103024315	2.286652078774617	2.277738934007422	2.275600505689001	2.1910512299944633	2.3499753701718293	2.2277938833607562	2.474561984466253	2.2157267009421404	2.612916443407823	2.175917388899133	2.7778693116288267	2.1771188031208943	2.758861533088877	2.239929899504368	2.8566108007448787	2.3430654871258585	2.955801104972376	2.4585860942603825	2.924468756574795	2.424112738055207	2.996035321679582	2.455903180121025	2.999516207063377	2.4766751484308736	3.1311662685637134	2.460551912962029	3.206997084548105	2.5312536285172427	3.185947910357359	2.5269555805337	3.2943817257542745	3.3229646467667644	3.3248462649454296	1.5463917525773196	2.81650562768076	2.059963729475014	3.754266211604096	4.761904761904762	5.4783089235827624	2.256284348864994	28.2906	0.11856485745334809	20.1852248148735	0.0	16.269880923872286	-1.9709715312872022e-06	14.06754590691382	-2.0128824476650564e-05	12.683170177207627	-2.2174320502960273e-05	11.625458569289853	-2.4734784527480998e-05	10.712173112902827	-2.9165232709391788e-05	9.884084168204588	-1.6477749271271538e-06	9.131306982911681	1.4983209440920269e-05	8.421696501427988	1.4874912609888416e-05	7.773072573477952	1.6951368944123446e-05	7.184386329043863	1.9371853803386754e-05	6.649388847292383	6.318476488948984e-06	6.1875215068369105	7.244434463223628e-06	5.781031277681434	8.317460845553069e-06	5.404191260188745	9.527802126605435e-06	5.076140602661087	5.477771204452332e-06	4.783155557517993	-1.2615749501677895e-05	4.522280386299701	-3.6252111685505683e-05	4.291211831581065	-3.353650868176368e-05	4.079278877391701	-1.9395632103650258e-05	3.892764814503945	-2.2382881572173602e-05	3.7258987774554497	-2.590170303697468e-05	3.5707061666517497	-2.9834270626668854e-05	3.43258883073362	0.0	3.306866781246253	-1.9985210943901513e-05	3.1954611499342698	-2.3063794455463813e-05	3.099046751994859	-2.6777346364975233e-05	3.0010881731127967	-3.109162702484221e-05	2.9060561511707124	-3.5857716580608144e-05
