	counts(inten<0.01	MicrocoloniesPlatonic	MicrocoloniesAggregates	MicrocoloniesLarge	counts(Norminten<0.01	counts(inten<0.02	counts(Norminten<0.02	counts(inten<0.03	counts(Norminten<0.03	counts(inten<0.04	counts(Norminten<0.04	counts(inten<0.05	counts(Norminten<0.05	counts(inten<0.060000000000000005	counts(Norminten<0.060000000000000005	counts(inten<0.06999999999999999	counts(Norminten<0.06999999999999999	counts(inten<0.08	counts(Norminten<0.08	counts(inten<0.09	counts(Norminten<0.09	counts(inten<0.09999999999999999	counts(Norminten<0.09999999999999999	counts(inten<0.11	counts(Norminten<0.11	counts(inten<0.12	counts(Norminten<0.12	counts(inten<0.13	counts(Norminten<0.13	counts(inten<0.14	counts(Norminten<0.14	counts(inten<0.15000000000000002	counts(Norminten<0.15000000000000002	counts(inten<0.16	counts(Norminten<0.16	counts(inten<0.17	counts(Norminten<0.17	counts(inten<0.18000000000000002	counts(Norminten<0.18000000000000002	counts(inten<0.19	counts(Norminten<0.19	counts(inten<0.2	counts(Norminten<0.2	counts(inten<0.21000000000000002	counts(Norminten<0.21000000000000002	counts(inten<0.22	counts(Norminten<0.22	counts(inten<0.23	counts(Norminten<0.23	counts(inten<0.24000000000000002	counts(Norminten<0.24000000000000002	counts(inten<0.25	counts(Norminten<0.25	counts(inten<0.26	counts(Norminten<0.26	counts(inten<0.27	counts(Norminten<0.27	counts(inten<0.28	counts(Norminten<0.28	counts(inten<0.29000000000000004	counts(Norminten<0.29000000000000004	diff	max	med	std	mean	min	eigenLocal	minProp	counts(inten<0.01Normalized	MicrocoloniesPlatonicNormalized	MicrocoloniesAggregatesNormalized	MicrocoloniesLargeNormalized	counts(Norminten<0.01Normalized	counts(inten<0.02Normalized	counts(Norminten<0.02Normalized	counts(inten<0.03Normalized	counts(Norminten<0.03Normalized	counts(inten<0.04Normalized	counts(Norminten<0.04Normalized	counts(inten<0.05Normalized	counts(Norminten<0.05Normalized	counts(inten<0.060000000000000005Normalized	counts(Norminten<0.060000000000000005Normalized	counts(inten<0.06999999999999999Normalized	counts(Norminten<0.06999999999999999Normalized	counts(inten<0.08Normalized	counts(Norminten<0.08Normalized	counts(inten<0.09Normalized	counts(Norminten<0.09Normalized	counts(inten<0.09999999999999999Normalized	counts(Norminten<0.09999999999999999Normalized	counts(inten<0.11Normalized	counts(Norminten<0.11Normalized	counts(inten<0.12Normalized	counts(Norminten<0.12Normalized	counts(inten<0.13Normalized	counts(Norminten<0.13Normalized	counts(inten<0.14Normalized	counts(Norminten<0.14Normalized	counts(inten<0.15000000000000002Normalized	counts(Norminten<0.15000000000000002Normalized	counts(inten<0.16Normalized	counts(Norminten<0.16Normalized	counts(inten<0.17Normalized	counts(Norminten<0.17Normalized	counts(inten<0.18000000000000002Normalized	counts(Norminten<0.18000000000000002Normalized	counts(inten<0.19Normalized	counts(Norminten<0.19Normalized	counts(inten<0.2Normalized	counts(Norminten<0.2Normalized	counts(inten<0.21000000000000002Normalized	counts(Norminten<0.21000000000000002Normalized	counts(inten<0.22Normalized	counts(Norminten<0.22Normalized	counts(inten<0.23Normalized	counts(Norminten<0.23Normalized	counts(inten<0.24000000000000002Normalized	counts(Norminten<0.24000000000000002Normalized	counts(inten<0.25Normalized	counts(Norminten<0.25Normalized	counts(inten<0.26Normalized	counts(Norminten<0.26Normalized	counts(inten<0.27Normalized	counts(Norminten<0.27Normalized	counts(inten<0.28Normalized	counts(Norminten<0.28Normalized	counts(inten<0.29000000000000004Normalized	counts(Norminten<0.29000000000000004Normalized	diffNormalized	maxNormalized	medNormalized	stdNormalized	meanNormalized	minNormalized	eigenLocalNormalized	minPropNormalized	BioVolume	SubstratumCoverage	Homogenity	ThicknessThreshold=0.01	RoughnessThreshold=0.01	ThicknessThreshold=0.02	RoughnessThreshold=0.02	ThicknessThreshold=0.03	RoughnessThreshold=0.03	ThicknessThreshold=0.04	RoughnessThreshold=0.04	ThicknessThreshold=0.05	RoughnessThreshold=0.05	ThicknessThreshold=0.060000000000000005	RoughnessThreshold=0.060000000000000005	ThicknessThreshold=0.06999999999999999	RoughnessThreshold=0.06999999999999999	ThicknessThreshold=0.08	RoughnessThreshold=0.08	ThicknessThreshold=0.09	RoughnessThreshold=0.09	ThicknessThreshold=0.09999999999999999	RoughnessThreshold=0.09999999999999999	ThicknessThreshold=0.11	RoughnessThreshold=0.11	ThicknessThreshold=0.12	RoughnessThreshold=0.12	ThicknessThreshold=0.13	RoughnessThreshold=0.13	ThicknessThreshold=0.14	RoughnessThreshold=0.14	ThicknessThreshold=0.15000000000000002	RoughnessThreshold=0.15000000000000002	ThicknessThreshold=0.16	RoughnessThreshold=0.16	ThicknessThreshold=0.17	RoughnessThreshold=0.17	ThicknessThreshold=0.18000000000000002	RoughnessThreshold=0.18000000000000002	ThicknessThreshold=0.19	RoughnessThreshold=0.19	ThicknessThreshold=0.2	RoughnessThreshold=0.2	ThicknessThreshold=0.21000000000000002	RoughnessThreshold=0.21000000000000002	ThicknessThreshold=0.22	RoughnessThreshold=0.22	ThicknessThreshold=0.23	RoughnessThreshold=0.23	ThicknessThreshold=0.24000000000000002	RoughnessThreshold=0.24000000000000002	ThicknessThreshold=0.25	RoughnessThreshold=0.25	ThicknessThreshold=0.26	RoughnessThreshold=0.26	ThicknessThreshold=0.27	RoughnessThreshold=0.27	ThicknessThreshold=0.28	RoughnessThreshold=0.28	ThicknessThreshold=0.29000000000000004	RoughnessThreshold=0.29000000000000004
0	1	19	0	0	1810	665	2071	833	2324	740	2415	889	2641	905	2767	1061	2960	1121	3073	1188	3245	1313	3358	1298	3444	1509	3543	1673	3596	1814	3550	1995	3580	2306	3542	2411	3523	2689	3476	2871	3383	3036	3276	3178	3141	3340	3043	3444	2867	3556	2739	3560	2582	3562	2404	3553	2232	3517	2091	3477	1945	2942	2960	336.0	273.07896823995554	397.8782024383545	18	1	0.5896902084350586	0.0011970743502878964	7.630522088353414			5.136063108311341	0.7914687994667999	6.462181727408886	2.8163775906954727	7.027092404450895	3.783424510455545	6.9420489824077265	5.086394324293398	7.164754076123817	5.10549475346948	7.117318723152506	5.523452548284658	7.269869338834855	5.328706564624233	7.297207446808511	5.179856115107913	7.491804035646673	5.152858992975158	7.628350749659246	4.649163651993266	7.7490774907749085	4.914188947145602	7.92298403327519	5.027496469032665	8.073097905394787	5.125741734953377	8.096704299235945	5.33650759683287	8.27076354395287	5.887910123835057	8.356729975227086	5.951616884719822	8.568440509777215	6.473278767453057	8.729500991988749	6.791087141640648	8.82046201178495	7.135135135135136	8.924971394322453	7.490513116647418	8.989696622781912	7.921637454640325	9.172569706103994	8.288609179081128	9.103610326104214	8.740751665314752	9.212916246215944	8.995123430275159	9.227360446001	9.347118715230398	9.205085005360699	9.705793973830142	9.20184696569921	10.024512598335424	9.275606618462493	10.42672504273248	9.271175937842605	3.720800819537366	3.7319548635188804	8.91483152029716	5.05440829560768	7.2683564877735956	7.317073170731707	4.761904761904762	4.091575431397567	2.5137936267071317	22.274200000000004	0.14773722071272663	16.74316219462286	-5.723814502619599e-06	12.450832565428433	-1.956447521719013e-06	10.908036741382903	-1.0261820077456218e-06	9.941684082569255	-1.0834165758402437e-06	9.194554200605985	-1.1516252887700412e-06	8.523354105643909	-1.2286476398293163e-06	7.94896037495801	-6.612558306232866e-06	7.412332448862201	-7.136678818051801e-06	6.962570173164943	-1.552076834011591e-06	6.541506931601895	0.0	6.186607978987693	7.388307264922533e-06	5.861846843648242	8.115335143053071e-06	5.55243690068455	0.0	5.28936148252635	0.0	5.040573369565218	-2.717398688583393e-06	4.812782740866681	-3.003896053180976e-06	4.608187154027471	-1.0016125962800109e-05	4.407030410786383	-1.1112386977764113e-05	4.231775878521003	0.0	4.073986870169802	0.0	3.9184733595469137	0.0	3.7791656778361107	0.0	3.6357919033169948	0.0	3.5159566301351837	0.0	3.4048126839268593	0.0	3.2921583271097834	0.0	3.192714852451365	0.0	3.113252286952335	0.0	3.030668006441933	2.753000770840216e-05
1	23	17	0	0	1958	951	2252	744	2546	794	2763	891	2937	981	3150	1180	3355	1272	3539	1377	3667	1579	3788	1842	3780	2149	3779	2493	3818	2747	3792	2937	3693	3183	3582	3443	3437	3574	3282	3715	3100	3775	2898	3776	2719	3821	2510	3800	2348	3686	2161	3573	1997	3391	1816	3200	1644	3020	1467	2775	1330	3997	4014	342.0	317.39874895452596	423.0500011444092	17	1	0.6044225692749023	0.02753271005662162	6.827309236947792			5.556028489543429	1.1318598921698149	7.026959560659011	2.5154681002130035	7.698355104015481	4.059512245002301	7.942393928941015	5.09783728115345	7.967770814682185	5.53424348414758	8.102477042981713	6.142953823728461	8.240003929659103	6.046489518467462	8.403780395136778	6.003924133420536	8.466084868633699	6.196774066951846	8.605179463880054	6.59765750922311	8.505085050850509	6.998404272641418	8.450735721633347	7.491660906932716	8.5714927149047	7.762079683526419	8.64864864864865	7.856302161352451	8.531823957491047	8.127154346993489	8.45110298454642	8.499136015798568	8.359276194182314	8.603755416466056	8.242296391170044	8.787491721071056	8.082598946654846	8.871915393654524	7.895167002669863	8.899992929031042	7.781911848883801	9.062448118018168	7.565938206480784	9.145387595966403	7.45562505953704	9.060295455104098	7.2687521022536155	9.027970791116052	7.13673075548567	8.89839403799727	6.953591667943024	8.74149752779523	6.777704485488127	8.607912438718504	6.507563323426341	8.321588148858968	6.339673006339673	5.055078475761676	5.060833385866482	9.074024940302468	5.874721440728396	7.728189686257069	6.910569105691057	4.761904761904762	4.193796164922645	2.5137936267071317	22.274200000000004	0.14773722071272663	16.74316219462286	-5.723814502619599e-06	12.450832565428433	-1.956447521719013e-06	10.908036741382903	-1.0261820077456218e-06	9.941684082569255	-1.0834165758402437e-06	9.194554200605985	-1.1516252887700412e-06	8.523354105643909	-1.2286476398293163e-06	7.94896037495801	-6.612558306232866e-06	7.412332448862201	-7.136678818051801e-06	6.962570173164943	-1.552076834011591e-06	6.541506931601895	0.0	6.186607978987693	7.388307264922533e-06	5.861846843648242	8.115335143053071e-06	5.55243690068455	0.0	5.28936148252635	0.0	5.040573369565218	-2.717398688583393e-06	4.812782740866681	-3.003896053180976e-06	4.608187154027471	-1.0016125962800109e-05	4.407030410786383	-1.1112386977764113e-05	4.231775878521003	0.0	4.073986870169802	0.0	3.9184733595469137	0.0	3.7791656778361107	0.0	3.6357919033169948	0.0	3.5159566301351837	0.0	3.4048126839268593	0.0	3.2921583271097834	0.0	3.192714852451365	0.0	3.113252286952335	0.0	3.030668006441933	2.753000770840216e-05
2	134	17	0	0	1937	929	2227	660	2537	755	2785	778	3016	915	3208	1052	3423	1198	3615	1318	3793	1599	3877	1860	3910	2115	3958	2427	3946	2742	3885	2982	3849	3208	3773	3465	3631	3674	3473	3817	3352	3877	3231	3950	3000	3948	2814	3895	2621	3847	2461	3773	2283	3603	2075	3436	1915	3296	1739	3114	1586	4079	4095	346.0	341.4314218194232	435.972186088562	16	1	0.6066083908081055	0.16040796293857812	6.827309236947792			5.496438807071309	1.1056759619618903	6.948951572641038	2.231463637285729	7.67114175133043	3.8601155478296434	8.005634126710358	4.451310218560476	8.182089471256884	5.161909060137651	8.251665509169946	5.476599510646051	8.4070144414972	5.694728335789324	8.584251519756839	5.746675386963157	8.756983885117977	6.2752639221380635	8.80736029077692	6.662129732440274	8.79758797587976	6.887680333474452	8.851021959837201	7.29332572046759	8.858855487955458	7.747951398700198	8.860759493670885	7.97667451316071	8.892225944322513	8.190986850504277	8.901734104046243	8.553443594174277	8.831111975873139	8.844487241213288	8.721966900223512	9.028763364556722	8.739636022318402	9.111633372502938	8.802375633411431	9.310109128620924	8.586147681740126	9.363660081113773	8.482290881688018	9.374022285865562	8.322484361604165	9.456038148612443	8.277833837874201	9.533314804052859	8.15881638195983	9.454707672929569	7.945320876091285	9.386182970470129	7.89495382585752	9.394595827157678	7.71414629818569	9.338171349746604	7.559940893274226	5.1587853646814805	5.1629578263884515	9.180153886972672	6.319541273895575	7.964249480936562	6.504065040650407	4.761904761904762	4.208962524402157	2.5137936267071317	22.274200000000004	0.14773722071272663	16.74316219462286	-5.723814502619599e-06	12.450832565428433	-1.956447521719013e-06	10.908036741382903	-1.0261820077456218e-06	9.941684082569255	-1.0834165758402437e-06	9.194554200605985	-1.1516252887700412e-06	8.523354105643909	-1.2286476398293163e-06	7.94896037495801	-6.612558306232866e-06	7.412332448862201	-7.136678818051801e-06	6.962570173164943	-1.552076834011591e-06	6.541506931601895	0.0	6.186607978987693	7.388307264922533e-06	5.861846843648242	8.115335143053071e-06	5.55243690068455	0.0	5.28936148252635	0.0	5.040573369565218	-2.717398688583393e-06	4.812782740866681	-3.003896053180976e-06	4.608187154027471	-1.0016125962800109e-05	4.407030410786383	-1.1112386977764113e-05	4.231775878521003	0.0	4.073986870169802	0.0	3.9184733595469137	0.0	3.7791656778361107	0.0	3.6357919033169948	0.0	3.5159566301351837	0.0	3.4048126839268593	0.0	3.2921583271097834	0.0	3.192714852451365	0.0	3.113252286952335	0.0	3.030668006441933	2.753000770840216e-05
3	385	25	0	0	2046	817	2342	597	2544	691	2763	678	2977	765	3186	872	3335	1037	3456	1235	3569	1498	3646	1807	3670	2077	3688	2402	3698	2601	3677	2880	3627	3128	3585	3322	3440	3451	3394	3576	3248	3654	3132	3691	3006	3692	2856	3696	2734	3641	2565	3600	2445	3459	2321	3397	2165	3240	2019	3103	1886	4080	4095	349.0	375.9237113924035	449.880087852478	15	1	0.6090316772460938	0.4608736248608401	10.040160642570282			5.805737635140887	0.9723759536306399	7.307788317523714	2.018460290090273	7.6923076923076925	3.532900455033489	7.942393928941015	3.8791623755578444	8.076286590163045	4.315694460115085	8.19507678061579	4.539538757873913	8.190883190883191	4.92941008698959	8.206686930091186	5.384783082624809	8.239830078034815	5.878890153447667	8.282598818718764	6.472294852967512	8.257582575825758	6.763930048523139	8.24723824857999	7.2181987558974665	8.30209011516961	7.349533766600734	8.386361044588893	7.703830515728654	8.379346193831582	7.986722839269757	8.45818096024537	8.200444334732165	8.36657262379609	8.307655272026961	8.523569150405585	8.4586999716151	8.468477864108046	8.587544065804934	8.532664959407182	8.699648808541731	8.603319977103606	8.756492659440742	8.608892238131123	8.89509277755048	8.681294255866383	8.949684143253938	8.627648839556004	9.09619223286252	8.737759988564077	9.076834260522725	8.887272170317047	9.279645969350124	8.925626649076516	9.234978907764223	8.956217007496784	9.305184874201577	8.989942323275656	5.160050082839039	5.1629578263884515	9.259750596975325	6.957957757141485	8.218316146055617	6.097560975609756	4.761904761904762	4.225776538118315	2.5137936267071317	22.274200000000004	0.14773722071272663	16.74316219462286	-5.723814502619599e-06	12.450832565428433	-1.956447521719013e-06	10.908036741382903	-1.0261820077456218e-06	9.941684082569255	-1.0834165758402437e-06	9.194554200605985	-1.1516252887700412e-06	8.523354105643909	-1.2286476398293163e-06	7.94896037495801	-6.612558306232866e-06	7.412332448862201	-7.136678818051801e-06	6.962570173164943	-1.552076834011591e-06	6.541506931601895	0.0	6.186607978987693	7.388307264922533e-06	5.861846843648242	8.115335143053071e-06	5.55243690068455	0.0	5.28936148252635	0.0	5.040573369565218	-2.717398688583393e-06	4.812782740866681	-3.003896053180976e-06	4.608187154027471	-1.0016125962800109e-05	4.407030410786383	-1.1112386977764113e-05	4.231775878521003	0.0	4.073986870169802	0.0	3.9184733595469137	0.0	3.7791656778361107	0.0	3.6357919033169948	0.0	3.5159566301351837	0.0	3.4048126839268593	0.0	3.2921583271097834	0.0	3.192714852451365	0.0	3.113252286952335	0.0	3.030668006441933	2.753000770840216e-05
4	601	25	0	0	2079	793	2263	621	2521	618	2720	634	2962	728	3134	869	3281	1066	3380	1287	3477	1543	3554	1800	3594	2143	3650	2378	3606	2624	3546	2878	3526	3122	3480	3274	3391	3384	3296	3493	3165	3564	3052	3620	2935	3626	2814	3578	2654	3536	2552	3475	2442	3393	2325	3295	2147	3154	2026	3038	1900	4084	4095	345.0	373.89943684007653	444.421106338501	11	1	0.6081075668334961	0.7194416845230258	10.040160642570282			5.8993785647399335	0.9438116661310864	7.061283075386919	2.0996044223552084	7.622762457668118	3.159670739812874	7.818788087846384	3.6274173246366863	8.035593174357722	4.106961525442852	8.061321604033234	4.523921078661044	8.05825719618823	5.067262442363455	8.026215805471125	5.611510791366906	8.027427621554233	6.055492327616656	8.073602907769196	6.447222321716393	8.086580865808658	6.978864753964895	8.162261281810457	7.146076869910148	8.095548122039379	7.414523876801356	8.087581252138214	7.698480633426065	8.14600901004967	7.971403038427168	8.210451810782118	8.081955072821525	8.247397606771086	8.146364949446316	8.277455486074487	8.262371085249313	8.25207279553632	8.376028202115158	8.314716940009808	8.532302543191836	8.40011448196909	8.599957308540663	8.482290881688018	8.611104425886259	8.427269551963928	8.691591082270236	8.583921964345778	8.780352224777017	8.727038810663998	8.903642279836255	8.90258845152397	9.001010735651652	8.85141820580475	8.989852924409988	8.98726877522956	9.110264791435512	9.05667572334239	5.1651089554692735	5.1629578263884515	9.15362165030512	6.920490536008297	8.118592603874642	4.471544715447155	4.761904761904762	4.2193645824744905	2.5137936267071317	22.274200000000004	0.14773722071272663	16.74316219462286	-5.723814502619599e-06	12.450832565428433	-1.956447521719013e-06	10.908036741382903	-1.0261820077456218e-06	9.941684082569255	-1.0834165758402437e-06	9.194554200605985	-1.1516252887700412e-06	8.523354105643909	-1.2286476398293163e-06	7.94896037495801	-6.612558306232866e-06	7.412332448862201	-7.136678818051801e-06	6.962570173164943	-1.552076834011591e-06	6.541506931601895	0.0	6.186607978987693	7.388307264922533e-06	5.861846843648242	8.115335143053071e-06	5.55243690068455	0.0	5.28936148252635	0.0	5.040573369565218	-2.717398688583393e-06	4.812782740866681	-3.003896053180976e-06	4.608187154027471	-1.0016125962800109e-05	4.407030410786383	-1.1112386977764113e-05	4.231775878521003	0.0	4.073986870169802	0.0	3.9184733595469137	0.0	3.7791656778361107	0.0	3.6357919033169948	0.0	3.5159566301351837	0.0	3.4048126839268593	0.0	3.2921583271097834	0.0	3.192714852451365	0.0	3.113252286952335	0.0	3.030668006441933	2.753000770840216e-05
5	1011	22	0	0	1903	700	2123	504	2379	534	2538	631	2739	765	2901	915	3004	1138	3082	1289	3161	1516	3226	1783	3310	2037	3334	2298	3376	2525	3347	2712	3302	2918	3229	3009	3156	3105	3097	3165	3008	3292	2867	3334	2767	3370	2617	3356	2521	3302	2421	3238	2337	3159	2188	3073	2053	2944	1943	2794	1839	4083	4095	334.0	374.7120539709596	433.63129234313965	12	1	0.6084718704223633	1.2102421681410633	8.835341365461847			5.399960273545019	0.8331250520703157	6.62443834248627	1.7040267775636473	7.193396226415095	2.73020093051792	7.29561917902725	3.6102528893466075	7.430617726051924	4.315694460115085	7.4619955243460145	4.7633921599250355	7.37793496414186	5.409516566050292	7.318579027355623	5.620231087856987	7.297871357990488	5.949531023115262	7.3284870513403	6.386331888677961	7.447574475744758	6.63366659067965	7.455610716042757	6.905670583285753	7.579193139213794	7.134783837242159	7.633709659026115	7.2544404023111495	7.628508721266028	7.45052980977914	7.6182611773032916	7.427795606023205	7.675843953691993	7.47472315840154	7.7776940656470535	7.486517172864036	7.842728268237993	7.736780258519389	7.810712145153381	7.858203502486624	7.919290211791642	7.992789886867632	7.888470233609645	8.076821255806117	8.004953481726098	8.116412260649412	8.143289606458124	8.1815195694469	8.351797584161247	8.289597984675135	8.378005820186859	8.394569344660857	8.463885224274406	8.391289476684529	8.619083529255201	8.37856478843674	8.765908765908765	5.163844237311714	5.1629578263884515	8.86176704696206	6.935531235751527	7.921486519463785	4.878048780487805	4.761904761904762	4.221892309054409	2.5137936267071317	22.274200000000004	0.14773722071272663	16.74316219462286	-5.723814502619599e-06	12.450832565428433	-1.956447521719013e-06	10.908036741382903	-1.0261820077456218e-06	9.941684082569255	-1.0834165758402437e-06	9.194554200605985	-1.1516252887700412e-06	8.523354105643909	-1.2286476398293163e-06	7.94896037495801	-6.612558306232866e-06	7.412332448862201	-7.136678818051801e-06	6.962570173164943	-1.552076834011591e-06	6.541506931601895	0.0	6.186607978987693	7.388307264922533e-06	5.861846843648242	8.115335143053071e-06	5.55243690068455	0.0	5.28936148252635	0.0	5.040573369565218	-2.717398688583393e-06	4.812782740866681	-3.003896053180976e-06	4.608187154027471	-1.0016125962800109e-05	4.407030410786383	-1.1112386977764113e-05	4.231775878521003	0.0	4.073986870169802	0.0	3.9184733595469137	0.0	3.7791656778361107	0.0	3.6357919033169948	0.0	3.5159566301351837	0.0	3.4048126839268593	0.0	3.2921583271097834	0.0	3.192714852451365	0.0	3.113252286952335	0.0	3.030668006441933	2.753000770840216e-05
6	1536	22	0	0	1664	680	1860	517	2020	613	2216	687	2376	783	2546	893	2759	1084	2831	1230	2934	1409	2954	1652	2989	1878	3022	2088	2989	2269	2984	2447	3002	2656	2961	2816	2930	2900	2848	2955	2775	2989	2708	3001	2552	2985	2454	3005	2346	3001	2235	2949	2099	2860	1978	2782	1885	2715	1772	2552	1666	4042	4053	306.0	370.32378262063634	410.158709526062	11	1	0.611170768737793	1.8387062020422087	8.835341365461847			4.721772934933742	0.809321479154021	5.803794308537194	1.747979849207154	6.107885824866957	3.1341070606881747	6.370012648039554	3.930655681428081	6.445837063563116	4.417240212117793	6.548859222676646	4.648862512363996	6.776205914136948	5.1528259732851645	6.722549392097264	5.362982341399607	6.773791383848178	5.5296102978690005	6.710586097228532	5.917117375264157	6.725317253172531	6.115869345751783	6.757905094145535	6.274604080896716	6.710369755068137	6.411415654139588	6.805793134907059	6.545580997218062	6.935427977359362	6.781565172986085	6.985962014863749	6.951370032090843	7.126179589454227	6.981222917669716	7.152364449132325	6.9897814362759005	7.235229702247484	7.024676850763807	7.377540456601101	7.073325948099088	7.3039496279336005	7.079667006617177	7.397136397889978	7.2320762436523784	7.449274441939478	7.376545485829462	7.51765893037336	7.451297470753215	7.501250804088342	7.504985829747035	7.573901056823404	7.599639413226979	7.77127308707124	7.7385702884505765	7.86053320321164	7.652862326446157	7.941274607941275	5.111990792851813	5.110004412784467	8.11886442027063	6.854308887287981	7.492694244446552	4.471544715447155	4.761904761904762	4.240618660418727	2.5137936267071317	22.274200000000004	0.14773722071272663	16.74316219462286	-5.723814502619599e-06	12.450832565428433	-1.956447521719013e-06	10.908036741382903	-1.0261820077456218e-06	9.941684082569255	-1.0834165758402437e-06	9.194554200605985	-1.1516252887700412e-06	8.523354105643909	-1.2286476398293163e-06	7.94896037495801	-6.612558306232866e-06	7.412332448862201	-7.136678818051801e-06	6.962570173164943	-1.552076834011591e-06	6.541506931601895	0.0	6.186607978987693	7.388307264922533e-06	5.861846843648242	8.115335143053071e-06	5.55243690068455	0.0	5.28936148252635	0.0	5.040573369565218	-2.717398688583393e-06	4.812782740866681	-3.003896053180976e-06	4.608187154027471	-1.0016125962800109e-05	4.407030410786383	-1.1112386977764113e-05	4.231775878521003	0.0	4.073986870169802	0.0	3.9184733595469137	0.0	3.7791656778361107	0.0	3.6357919033169948	0.0	3.5159566301351837	0.0	3.4048126839268593	0.0	3.2921583271097834	0.0	3.192714852451365	0.0	3.113252286952335	0.0	3.030668006441933	2.753000770840216e-05
7	1845	17	0	0	1523	794	1744	661	1901	681	2082	714	2230	755	2396	845	2545	1049	2707	1219	2829	1418	2897	1668	2926	1884	3008	2062	3000	2232	2926	2413	2878	2574	2882	2741	2809	2855	2703	2930	2632	2976	2526	2989	2454	2952	2345	2897	2239	2885	2107	2799	1978	2712	1859	2563	1739	2490	1619	2409	1513	4084	4095	281.0	362.6815934838456	388.81927394866943	11	1	0.6132955551147461	2.208602176281169	6.827309236947792			4.321670781192362	0.9450018447769011	5.441837244133799	2.2348446427967676	5.748064828253508	3.4817730967840888	5.984822352535357	4.085135599038791	6.049754483057974	4.259280153446914	6.16302698253466	4.398979644958093	6.250614009234699	4.986452440937396	6.428096504559271	5.315020710704164	6.531375536777947	5.564930732702798	6.581099500227169	5.974426018123858	6.583565835658356	6.135408864428307	6.726597790598864	6.196472037743787	6.735064993377186	6.306866346425544	6.673508951989965	6.454632998074042	6.648954603211274	6.572194561470701	6.799575321458063	6.766230560355469	6.831890261698609	6.872893596533462	6.788216680479168	6.930646229539218	6.862387234708245	6.994124559341951	6.881708712472076	7.0450420722653035	7.023468803663422	7.0013993311671365	7.0685757347400155	6.972154701451229	7.109516400469945	7.0914141041712755	7.08711738984191	7.07228946105061	7.068829962118504	7.1166159336622234	7.118241690917445	7.001393176168492	7.1693601583113455	7.097252308744727	7.181830279909507	7.2240381443608115	7.211973878640546	5.1651089554692735	5.1629578263884515	7.455558503581853	6.712859897574293	7.102869860819004	4.471544715447155	4.761904761904762	4.255361526439821	2.5137936267071317	22.274200000000004	0.14773722071272663	16.74316219462286	-5.723814502619599e-06	12.450832565428433	-1.956447521719013e-06	10.908036741382903	-1.0261820077456218e-06	9.941684082569255	-1.0834165758402437e-06	9.194554200605985	-1.1516252887700412e-06	8.523354105643909	-1.2286476398293163e-06	7.94896037495801	-6.612558306232866e-06	7.412332448862201	-7.136678818051801e-06	6.962570173164943	-1.552076834011591e-06	6.541506931601895	0.0	6.186607978987693	7.388307264922533e-06	5.861846843648242	8.115335143053071e-06	5.55243690068455	0.0	5.28936148252635	0.0	5.040573369565218	-2.717398688583393e-06	4.812782740866681	-3.003896053180976e-06	4.608187154027471	-1.0016125962800109e-05	4.407030410786383	-1.1112386977764113e-05	4.231775878521003	0.0	4.073986870169802	0.0	3.9184733595469137	0.0	3.7791656778361107	0.0	3.6357919033169948	0.0	3.5159566301351837	0.0	3.4048126839268593	0.0	3.2921583271097834	0.0	3.192714852451365	0.0	3.113252286952335	0.0	3.030668006441933	2.753000770840216e-05
8	2521	18	0	0	1400	1217	1605	741	1758	681	1990	656	2157	763	2367	871	2518	1053	2628	1234	2703	1466	2736	1659	2799	1870	2821	2107	2827	2304	2810	2502	2755	2628	2707	2710	2617	2748	2557	2820	2484	2827	2367	2825	2279	2802	2203	2744	2091	2638	1949	2569	1845	2492	1725	2367	1620	2274	1503	2186	1382	4084	4095	241.0	352.1588218587069	358.2552261352539	11	1	0.6221370697021484	3.0178244370757867	7.228915662650602			3.9726454981413695	1.4484474119565347	5.008112830753869	2.5053250836798866	5.315674891146589	3.4817730967840888	5.720363343681729	3.7532898500972656	5.851713192805405	4.304411598781451	6.0884327494405435	4.534332864802957	6.184301011887219	5.005466558919998	6.2405015197568385	5.3804229343797685	6.24047652029367	5.7533063851497195	6.215356656065425	5.942189906515276	6.297812978129781	6.089816654183085	6.3084216646540545	6.331700573970009	6.346676245425768	6.510313647923143	6.408940586155776	6.692702760539268	6.3647914982095415	6.710072769054003	6.386693405685974	6.689706245371513	6.364918766416966	6.615310544053924	6.421557547904266	6.670451319897815	6.476508317255044	6.643948296122209	6.448537023919795	6.658495769203573	6.522610188895249	6.645637170030596	6.6405425772419	6.603932516666265	6.639570698250405	6.484280903571517	6.555667675748403	6.491143846173282	6.593524408548353	6.53930933137399	6.605146270485526	6.465976452591035	6.678759894459104	6.481587048227112	6.667258128909196	6.5553123219480005	6.587539920873255	5.1651089554692735	5.1629578263884515	6.394269036879809	6.518094315524229	6.544532173919254	4.471544715447155	4.761904761904762	4.316708524142502	2.5137936267071317	22.274200000000004	0.14773722071272663	16.74316219462286	-5.723814502619599e-06	12.450832565428433	-1.956447521719013e-06	10.908036741382903	-1.0261820077456218e-06	9.941684082569255	-1.0834165758402437e-06	9.194554200605985	-1.1516252887700412e-06	8.523354105643909	-1.2286476398293163e-06	7.94896037495801	-6.612558306232866e-06	7.412332448862201	-7.136678818051801e-06	6.962570173164943	-1.552076834011591e-06	6.541506931601895	0.0	6.186607978987693	7.388307264922533e-06	5.861846843648242	8.115335143053071e-06	5.55243690068455	0.0	5.28936148252635	0.0	5.040573369565218	-2.717398688583393e-06	4.812782740866681	-3.003896053180976e-06	4.608187154027471	-1.0016125962800109e-05	4.407030410786383	-1.1112386977764113e-05	4.231775878521003	0.0	4.073986870169802	0.0	3.9184733595469137	0.0	3.7791656778361107	0.0	3.6357919033169948	0.0	3.5159566301351837	0.0	3.4048126839268593	0.0	3.2921583271097834	0.0	3.192714852451365	0.0	3.113252286952335	0.0	3.030668006441933	2.753000770840216e-05
9	3286	18	0	0	1248	1695	1437	814	1620	750	1776	770	1934	910	2067	1011	2221	1165	2350	1363	2394	1563	2416	1747	2493	1916	2543	2061	2543	2229	2524	2347	2535	2389	2487	2449	2391	2501	2315	2566	2252	2513	2141	2531	2051	2486	1977	2401	1876	2324	1789	2261	1679	2144	1583	2042	1445	1967	1330	1856	1248	4084	4095	177.0	332.711158062037	307.88094425201416	11	1	0.6454067230224609	3.9335863150460275	7.228915662650602			3.541329701200306	2.017352804655979	4.48389915127309	2.752138485985732	4.898403483309144	3.834551868704944	5.1052086926526385	4.405538391120265	5.246737744499606	5.133701906803565	5.3167682691565705	5.263157894736842	5.454858041064938	5.537861862432856	5.580357142857143	5.942882057989972	5.527081313201275	6.133982182802873	5.488414357110404	6.257387442243633	5.609306093060931	6.239619630703097	5.686748065655888	6.1934669591609826	5.709090092719395	6.29838937552981	5.756642718668035	6.278086882088594	5.856532286011321	6.099834035490872	5.867641854429633	6.045420883732412	5.8152544021792005	6.020702936928262	5.81380747884176	6.069637619453118	5.871617041247328	5.9059929494712105	5.832833869122214	5.965540811275838	5.870062965082999	5.896164883902948	5.959306706857573	5.778440952082983	5.956879306512558	5.712459749772632	6.01749075008409	5.7129140662506	6.000285898077336	5.626115251390784	6.061418287639761	5.578168109924332	5.957288918205805	5.606544293695132	5.899835869227698	5.5657180555972054	5.9488059488059495	5.1651089554692735	5.1629578263884515	4.6962058901565396	6.158138241800879	5.624305239397227	4.471544715447155	4.761904761904762	4.4781654051634705	2.5137936267071317	22.274200000000004	0.14773722071272663	16.74316219462286	-5.723814502619599e-06	12.450832565428433	-1.956447521719013e-06	10.908036741382903	-1.0261820077456218e-06	9.941684082569255	-1.0834165758402437e-06	9.194554200605985	-1.1516252887700412e-06	8.523354105643909	-1.2286476398293163e-06	7.94896037495801	-6.612558306232866e-06	7.412332448862201	-7.136678818051801e-06	6.962570173164943	-1.552076834011591e-06	6.541506931601895	0.0	6.186607978987693	7.388307264922533e-06	5.861846843648242	8.115335143053071e-06	5.55243690068455	0.0	5.28936148252635	0.0	5.040573369565218	-2.717398688583393e-06	4.812782740866681	-3.003896053180976e-06	4.608187154027471	-1.0016125962800109e-05	4.407030410786383	-1.1112386977764113e-05	4.231775878521003	0.0	4.073986870169802	0.0	3.9184733595469137	0.0	3.7791656778361107	0.0	3.6357919033169948	0.0	3.5159566301351837	0.0	3.4048126839268593	0.0	3.2921583271097834	0.0	3.192714852451365	0.0	3.113252286952335	0.0	3.030668006441933	2.753000770840216e-05
10	4411	17	0	0	1209	2289	1297	1085	1422	901	1590	928	1739	1049	1894	1180	1975	1299	2083	1422	2089	1603	2111	1755	2167	1933	2186	2016	2206	2090	2141	2089	2100	2152	2009	2185	1948	2206	1903	2165	1839	2111	1760	2036	1695	1960	1603	1905	1552	1839	1459	1759	1355	1692	1255	1607	1176	1531	1096	1429	1024	4054	4065	121.0	299.38154687422406	251.416579246521	11	1	0.6780433654785156	5.280294959119911	6.827309236947792			3.430663148037797	2.7243189202699325	4.047054418372442	3.668390979477296	4.299709724238026	4.6065749782708725	4.570541566057261	5.309531983064423	4.717723339030411	5.917860769491143	4.871775085526147	6.142953823728461	4.85067295412123	6.174834814850026	4.94633358662614	6.200130804447351	4.822920995521079	6.290961893175306	4.7955474784189	6.2860417636734836	4.87579875798758	6.2949816002865795	4.888411825215797	6.05823842293476	4.952517791796691	5.905623057360836	4.883110959060326	5.587952065054569	4.851565207346656	5.494701902208605	4.7398843930635834	5.393729943223895	4.737814962544994	5.310544053923929	4.779125543082448	5.121108903396726	4.794806278354279	4.961222091656874	4.794856426742222	4.798830933132203	4.851173440183172	4.648625572184143	4.831951770911831	4.5847272027147365	4.928079255707617	4.520315610943146	4.907500840901447	4.444500593779215	4.8423986848688445	4.440012595780414	4.805483228672078	4.389870789739668	4.848284960422164	4.3638125641317975	4.861819633589141	4.285243050349357	4.881071547738214	5.1271674107425165	5.125133959528463	3.2104006367736795	5.541241728814817	4.592825929395874	4.471544715447155	4.761904761904762	4.704615297880667	2.5137936267071317	22.274200000000004	0.14773722071272663	16.74316219462286	-5.723814502619599e-06	12.450832565428433	-1.956447521719013e-06	10.908036741382903	-1.0261820077456218e-06	9.941684082569255	-1.0834165758402437e-06	9.194554200605985	-1.1516252887700412e-06	8.523354105643909	-1.2286476398293163e-06	7.94896037495801	-6.612558306232866e-06	7.412332448862201	-7.136678818051801e-06	6.962570173164943	-1.552076834011591e-06	6.541506931601895	0.0	6.186607978987693	7.388307264922533e-06	5.861846843648242	8.115335143053071e-06	5.55243690068455	0.0	5.28936148252635	0.0	5.040573369565218	-2.717398688583393e-06	4.812782740866681	-3.003896053180976e-06	4.608187154027471	-1.0016125962800109e-05	4.407030410786383	-1.1112386977764113e-05	4.231775878521003	0.0	4.073986870169802	0.0	3.9184733595469137	0.0	3.7791656778361107	0.0	3.6357919033169948	0.0	3.5159566301351837	0.0	3.4048126839268593	0.0	3.2921583271097834	0.0	3.192714852451365	0.0	3.113252286952335	0.0	3.030668006441933	2.753000770840216e-05
11	4642	13	0	0	1091	3199	1254	1365	1346	1025	1508	1005	1605	997	1704	1225	1816	1316	1878	1439	1889	1582	1944	1670	1940	1797	1919	1862	1928	1877	1907	1937	1837	1940	1794	1932	1754	1934	1706	1904	1636	1833	1542	1779	1454	1747	1385	1677	1350	1604	1286	1487	1202	1422	1125	1359	1050	1300	987	1222	893	3912	3922	99.0	275.31481830490617	219.9422369003296	10	1	0.6954374313354492	5.556819134036415	5.220883534136546			3.0958258846230247	3.807381487961343	3.912880678981528	4.615072522568211	4.069908079342042	5.240554220563424	4.334828101644246	5.750085822176451	4.354195491169529	5.6245063748166535	4.3830542480129635	6.377219011921495	4.460163080852736	6.255644816276085	4.459536474164134	6.274253324613037	4.361176524911114	6.208547545229779	4.416174466151749	5.981589598481321	4.365043650436505	5.852085843618719	4.291336821861442	5.595456321182799	4.328401769077071	5.303758123763775	4.349412703843083	5.1813610100577785	4.243964421855146	4.953402272437125	4.23262946797216	4.769192791903234	4.265979180854169	4.655753490611459	4.284386850498505	4.503737345065758	4.265526411847525	4.307873090481786	4.200948073884379	4.193084592358639	4.161419576416715	4.143443303370253	4.174830444611906	4.036003946956752	4.286666878353921	3.9426787601700957	4.325597040026909	3.757232736185158	4.2956186119648345	3.7314999475175816	4.307704089447082	3.712404731335537	4.3288258575197895	3.7053927716337935	4.378299250321607	3.6644975560020394	4.256637589970923	4.947577432369196	4.944840194162516	2.6266914300875563	5.095791559902466	4.01785917075372	4.0650406504065035	4.761904761904762	4.825304316443841	2.5137936267071317	22.274200000000004	0.14773722071272663	16.74316219462286	-5.723814502619599e-06	12.450832565428433	-1.956447521719013e-06	10.908036741382903	-1.0261820077456218e-06	9.941684082569255	-1.0834165758402437e-06	9.194554200605985	-1.1516252887700412e-06	8.523354105643909	-1.2286476398293163e-06	7.94896037495801	-6.612558306232866e-06	7.412332448862201	-7.136678818051801e-06	6.962570173164943	-1.552076834011591e-06	6.541506931601895	0.0	6.186607978987693	7.388307264922533e-06	5.861846843648242	8.115335143053071e-06	5.55243690068455	0.0	5.28936148252635	0.0	5.040573369565218	-2.717398688583393e-06	4.812782740866681	-3.003896053180976e-06	4.608187154027471	-1.0016125962800109e-05	4.407030410786383	-1.1112386977764113e-05	4.231775878521003	0.0	4.073986870169802	0.0	3.9184733595469137	0.0	3.7791656778361107	0.0	3.6357919033169948	0.0	3.5159566301351837	0.0	3.4048126839268593	0.0	3.2921583271097834	0.0	3.192714852451365	0.0	3.113252286952335	0.0	3.030668006441933	2.753000770840216e-05
12	6112	6	0	0	1133	3492	1231	1470	1316	1144	1438	1059	1516	1148	1590	1282	1588	1402	1630	1513	1674	1573	1682	1601	1689	1629	1673	1676	1627	1675	1554	1681	1517	1672	1468	1624	1394	1546	1315	1509	1276	1466	1224	1373	1143	1307	1047	1264	986	1199	926	1109	855	1026	760	959	701	888	643	803	606	4085	4095	82.0	248.3864454086309	187.85588264465332	10	1	0.7169399261474609	7.316518428959623	2.4096385542168677			3.215005249567265	4.156103831185061	3.841113330004992	4.970078101227305	3.9791969037252057	5.848969783731275	4.1336092905599635	6.0590456573978715	4.112747890724614	6.476362405506037	4.089821745505055	6.6739549169660055	3.9001866588073484	6.66444835290203	3.870630699088146	6.596904294746022	3.864801219005402	6.173227110395981	3.8209904588823265	5.73444607614886	3.800288002880029	5.304979320676067	3.7412227738270944	5.03651170478108	3.6526502480748935	4.732975416784402	3.5443037974683547	4.4965760753263435	3.5046782950213697	4.269117834801481	3.4634894420195823	4.008886694643298	3.39040762720109	3.7217140105922004	3.302443557095859	3.5694010786261705	3.3269020180424462	3.445358401880141	3.334604696779818	3.2361467933155774	3.271322266742988	3.0998742973697317	3.1559909570459683	3.0420447161319824	3.1308544755977517	2.9471769535186687	3.1146989572822066	2.8021325517345934	3.055535701522407	2.6923480633987618	2.910093429315362	2.6197175403611332	2.8900065963060686	2.531068293239083	2.8523266645965486	2.4080127147869375	2.8886028886028887	5.166373673626833	5.1629578263884515	2.175643406739188	4.597375324366696	3.4317123054718004	4.0650406504065035	4.761904761904762	4.974499738426619	2.5137936267071317	22.274200000000004	0.14773722071272663	16.74316219462286	-5.723814502619599e-06	12.450832565428433	-1.956447521719013e-06	10.908036741382903	-1.0261820077456218e-06	9.941684082569255	-1.0834165758402437e-06	9.194554200605985	-1.1516252887700412e-06	8.523354105643909	-1.2286476398293163e-06	7.94896037495801	-6.612558306232866e-06	7.412332448862201	-7.136678818051801e-06	6.962570173164943	-1.552076834011591e-06	6.541506931601895	0.0	6.186607978987693	7.388307264922533e-06	5.861846843648242	8.115335143053071e-06	5.55243690068455	0.0	5.28936148252635	0.0	5.040573369565218	-2.717398688583393e-06	4.812782740866681	-3.003896053180976e-06	4.608187154027471	-1.0016125962800109e-05	4.407030410786383	-1.1112386977764113e-05	4.231775878521003	0.0	4.073986870169802	0.0	3.9184733595469137	0.0	3.7791656778361107	0.0	3.6357919033169948	0.0	3.5159566301351837	0.0	3.4048126839268593	0.0	3.2921583271097834	0.0	3.192714852451365	0.0	3.113252286952335	0.0	3.030668006441933	2.753000770840216e-05
13	7410	4	0	0	1193	3925	1176	1652	1225	1205	1243	1152	1300	1181	1347	1224	1362	1256	1378	1319	1408	1361	1437	1390	1407	1373	1364	1426	1301	1420	1277	1375	1256	1320	1219	1276	1144	1259	1067	1218	1013	1167	942	1091	866	1021	804	948	755	875	703	812	653	755	624	702	558	648	509	615	474	4084	4095	70.0	221.25372342977727	159.17775344848633	11	1	0.7399444580078125	8.870320935633313	1.6064257028112447			3.385261485201896	4.671451184822842	3.669495756365452	5.5854211042364	3.704039671020803	6.16084666905261	3.573071173968035	6.591143151390319	3.526762703127967	6.662529617511001	3.4647735164750366	6.372013118850539	3.345122310639552	5.970433046537054	3.272226443768997	5.751035535208198	3.25068107309415	5.341234645422079	3.264425261244889	4.978688348436549	3.1657816578165785	4.471293190477741	3.0502258598327296	4.285242059079844	2.9207731854612398	4.012432890647076	2.9125327859505075	3.6780440830301733	2.9016980478225713	3.37035618536959	2.8760174590067242	3.1498395457911625	2.7823718260531183	3.030813673567646	2.6796253045028755	2.8810672722111836	2.6411847525681806	2.7426556991774382	2.5663379284040757	2.5714757112216278	2.4785346307956497	2.4215544434693923	2.423511680482291	2.2815335370989867	2.3973581430794146	2.1507755081975275	2.3646148671375715	2.0516966925234352	2.333643056250447	1.9812112942164375	2.389339868279982	1.9176660201600786	2.3004617414248023	1.8469957815528446	2.2579071108548106	1.844243860017393	2.2594022594022594	5.1651089554692735	5.1629578263884515	1.8572565667285754	4.0951767993897406	2.9078261887588224	4.471544715447155	4.761904761904762	5.134117069737594	2.5137936267071317	22.274200000000004	0.14773722071272663	16.74316219462286	-5.723814502619599e-06	12.450832565428433	-1.956447521719013e-06	10.908036741382903	-1.0261820077456218e-06	9.941684082569255	-1.0834165758402437e-06	9.194554200605985	-1.1516252887700412e-06	8.523354105643909	-1.2286476398293163e-06	7.94896037495801	-6.612558306232866e-06	7.412332448862201	-7.136678818051801e-06	6.962570173164943	-1.552076834011591e-06	6.541506931601895	0.0	6.186607978987693	7.388307264922533e-06	5.861846843648242	8.115335143053071e-06	5.55243690068455	0.0	5.28936148252635	0.0	5.040573369565218	-2.717398688583393e-06	4.812782740866681	-3.003896053180976e-06	4.608187154027471	-1.0016125962800109e-05	4.407030410786383	-1.1112386977764113e-05	4.231775878521003	0.0	4.073986870169802	0.0	3.9184733595469137	0.0	3.7791656778361107	0.0	3.6357919033169948	0.0	3.5159566301351837	0.0	3.4048126839268593	0.0	3.2921583271097834	0.0	3.192714852451365	0.0	3.113252286952335	0.0	3.030668006441933	2.753000770840216e-05
14	7503	2	0	0	1202	4962	1067	1908	1086	1307	1045	1090	1104	1061	1141	1086	1160	1095	1195	1128	1208	1162	1203	1178	1200	1200	1172	1186	1099	1199	1055	1177	1036	1101	972	1054	947	1036	902	977	844	945	794	886	746	836	709	773	671	730	626	698	589	660	546	607	483	563	445	523	429	3844	3854	63.0	196.2274858784851	135.79974460601807	10	1	0.758143424987793	8.981648850210085	0.8032128514056224			3.4107999205470896	5.905666440532724	3.3293809286070895	6.45095851506238	3.2837445573294626	6.682345723196483	3.0039093940439234	6.236411488728687	2.9950354032717508	5.985557937492948	2.9348972400133753	5.653599875058566	2.849002849002849	5.20511479773732	2.837670972644377	4.918247220405494	2.7889366024841853	4.5602605863192185	2.73284870513403	4.219348830545506	2.7000270002700026	3.9079037353046533	2.620868554049823	3.564023199206659	2.467278809240509	3.3879627013280587	2.406203672026457	3.148405735073828	2.39343883562435	2.8111834546150902	2.2932641264598326	2.6018267094544556	2.303239614748516	2.4939817043813193	2.265250257414802	2.311003879269562	2.200552745476352	2.2209165687426555	2.163134092518934	2.088292832394466	2.1350887235260445	1.9827811114009912	2.13715146948003	1.8603643714952707	2.1306322039818375	1.7943612811247942	2.105617221661621	1.7636506051494556	2.104924594382103	1.7319198068647002	2.090672384744984	1.658152812303658	1.9912598944591031	1.6047201003306348	1.9740052344408465	1.5683569736408072	2.0449020449020447	4.861576597655212	4.859106095946542	1.6715309100557179	3.6319671150176003	2.480761571496435	4.0650406504065035	4.761904761904762	5.260390908283625	2.5137936267071317	22.274200000000004	0.14773722071272663	16.74316219462286	-5.723814502619599e-06	12.450832565428433	-1.956447521719013e-06	10.908036741382903	-1.0261820077456218e-06	9.941684082569255	-1.0834165758402437e-06	9.194554200605985	-1.1516252887700412e-06	8.523354105643909	-1.2286476398293163e-06	7.94896037495801	-6.612558306232866e-06	7.412332448862201	-7.136678818051801e-06	6.962570173164943	-1.552076834011591e-06	6.541506931601895	0.0	6.186607978987693	7.388307264922533e-06	5.861846843648242	8.115335143053071e-06	5.55243690068455	0.0	5.28936148252635	0.0	5.040573369565218	-2.717398688583393e-06	4.812782740866681	-3.003896053180976e-06	4.608187154027471	-1.0016125962800109e-05	4.407030410786383	-1.1112386977764113e-05	4.231775878521003	0.0	4.073986870169802	0.0	3.9184733595469137	0.0	3.7791656778361107	0.0	3.6357919033169948	0.0	3.5159566301351837	0.0	3.4048126839268593	0.0	3.2921583271097834	0.0	3.192714852451365	0.0	3.113252286952335	0.0	3.030668006441933	2.753000770840216e-05
15	4108	3	0	0	1296	8020	1039	2714	947	1427	890	1080	902	952	908	895	924	903	923	908	974	919	949	924	934	967	925	952	880	937	857	924	841	874	809	866	801	840	757	794	733	789	703	748	656	729	624	688	597	644	552	619	522	575	482	543	469	494	440	478	408	3386	3397	55.0	169.2080439599373	112.49807071685791	11	1	0.7783212661743164	4.917581430982678	1.2048192771084338			3.6775346897080103	9.545232739434189	3.242011982026959	9.1760489569598	2.863449443638123	7.295874022189273	2.558353455214442	6.179196704428424	2.4470307370934052	5.370641994809884	2.3355711603261566	4.659274298505909	2.269378131447097	4.29243713457242	2.1917743161094223	3.9590146064966207	2.248695571870527	3.6066088458066794	2.1558382553384825	3.309574125147749	2.101521015210152	3.1491190933663336	2.0685182700478553	2.860834810830303	1.9756190647239744	2.647640576434021	1.9546128406887902	2.4716456237962765	1.942936352085018	2.2315843227371377	1.9086941134835438	2.137743766971118	1.948146706878101	2.0221473278767452	1.9011024887616463	1.8781341659570443	1.9111435573864526	1.8542890716803762	1.9152182204544215	1.7630282603059373	1.8775042930738408	1.7290041031235919	1.8809344385832705	1.65579649105918	1.8956593528720669	1.58297077403338	1.8567103935418767	1.5640397200394167	1.8654849546136805	1.5088695287078828	1.8456118854342167	1.4833228617477532	1.9335422163588392	1.4080492532208415	1.9518254003460054	1.4334123009566078	1.944801944801945	4.28233568149338	4.282922524112715	1.4592730167153092	3.1318652863927174	2.0550914253302786	4.471544715447155	4.761904761904762	5.400395198801725	2.5137936267071317	22.274200000000004	0.14773722071272663	16.74316219462286	-5.723814502619599e-06	12.450832565428433	-1.956447521719013e-06	10.908036741382903	-1.0261820077456218e-06	9.941684082569255	-1.0834165758402437e-06	9.194554200605985	-1.1516252887700412e-06	8.523354105643909	-1.2286476398293163e-06	7.94896037495801	-6.612558306232866e-06	7.412332448862201	-7.136678818051801e-06	6.962570173164943	-1.552076834011591e-06	6.541506931601895	0.0	6.186607978987693	7.388307264922533e-06	5.861846843648242	8.115335143053071e-06	5.55243690068455	0.0	5.28936148252635	0.0	5.040573369565218	-2.717398688583393e-06	4.812782740866681	-3.003896053180976e-06	4.608187154027471	-1.0016125962800109e-05	4.407030410786383	-1.1112386977764113e-05	4.231775878521003	0.0	4.073986870169802	0.0	3.9184733595469137	0.0	3.7791656778361107	0.0	3.6357919033169948	0.0	3.5159566301351837	0.0	3.4048126839268593	0.0	3.2921583271097834	0.0	3.192714852451365	0.0	3.113252286952335	0.0	3.030668006441933	2.753000770840216e-05
16	1520	2	0	0	1478	11982	1091	3768	862	1677	821	1140	824	884	801	828	789	832	776	802	767	789	770	776	773	769	769	769	769	770	756	772	746	768	756	744	741	742	703	748	656	730	634	687	619	644	569	634	547	596	502	567	468	521	442	483	418	455	390	432	366	2988	2998	51.0	147.57342376245444	97.19673919677734	10	1	0.7894086837768555	1.8195530124376025	0.8032128514056224			4.1939786044663885	14.260720534152178	3.404268597104344	12.739628765594887	2.6064344460570874	8.574057978424253	2.360009198574221	6.5224854102300025	2.235424974905727	4.987024709466321	2.0603441623582066	4.310479462751835	1.9378131447096965	3.9549365403812335	1.8427051671732524	3.4968388925223457	1.7707900447892135	3.0964247870962676	1.749204906860518	2.779469178695512	1.7392673926739266	2.5043149770410658	1.7196654590992442	2.3109054301769993	1.7264216599690185	2.175755863238203	1.7242559014710914	2.0650545687994866	1.7234607831812405	1.960934507851398	1.7836498761354254	1.83658355961491	1.8022181146025877	1.7862301396244582	1.7654888369873678	1.769325385561548	1.7103822287114774	1.7156286721504113	1.727238053724187	1.6192518914841965	1.7716084716657126	1.5274055451462183	1.7151469480030144	1.525835719958605	1.7368939129330327	1.4649853747265442	1.6885301042717793	1.432650276675847	1.672503752412265	1.3671669990553164	1.692449073364987	1.3194197831015926	1.7232849604221636	1.2968874700718276	1.730027059397596	1.295468857768315	1.7446017446017446	3.7789778547850608	3.7798650948748658	1.3531440700451047	2.7314309193550024	1.775569874403438	4.0650406504065035	4.761904761904762	5.477325432357044	2.5137936267071317	22.274200000000004	0.14773722071272663	16.74316219462286	-5.723814502619599e-06	12.450832565428433	-1.956447521719013e-06	10.908036741382903	-1.0261820077456218e-06	9.941684082569255	-1.0834165758402437e-06	9.194554200605985	-1.1516252887700412e-06	8.523354105643909	-1.2286476398293163e-06	7.94896037495801	-6.612558306232866e-06	7.412332448862201	-7.136678818051801e-06	6.962570173164943	-1.552076834011591e-06	6.541506931601895	0.0	6.186607978987693	7.388307264922533e-06	5.861846843648242	8.115335143053071e-06	5.55243690068455	0.0	5.28936148252635	0.0	5.040573369565218	-2.717398688583393e-06	4.812782740866681	-3.003896053180976e-06	4.608187154027471	-1.0016125962800109e-05	4.407030410786383	-1.1112386977764113e-05	4.231775878521003	0.0	4.073986870169802	0.0	3.9184733595469137	0.0	3.7791656778361107	0.0	3.6357919033169948	0.0	3.5159566301351837	0.0	3.4048126839268593	0.0	3.2921583271097834	0.0	3.192714852451365	0.0	3.113252286952335	0.0	3.030668006441933	2.753000770840216e-05
17	2091	1	0	0	1963	12380	1135	3522	814	1539	710	963	620	733	601	681	597	605	586	601	591	592	576	584	541	590	535	558	523	528	477	526	472	484	454	473	448	459	431	450	420	435	408	417	383	416	365	389	345	366	326	346	300	326	280	301	255	279	246	255	231	2968	2978	46.0	118.84998499566267	78.38427829742432	10	1	0.7964458465576172	2.5030824664519913	0.4016064257028112			5.570216509179648	14.734411635186442	3.5415626560159756	11.9079014098793	2.46129656507015	7.868500434582545	2.040933655283431	5.5097837281153454	1.6819945199533382	4.135168678776938	1.545901175502225	3.5452131813212557	1.4662540524609489	2.875885344868565	1.3915273556231003	2.620449095269239	1.364454910652445	2.3232997135120286	1.3084961381190368	2.0917654643790966	1.217262172621726	1.9213860031914547	1.1963862426763272	1.6768338492051567	1.1741463305120894	1.4919468776490534	1.087923366404379	1.4070190455809972	1.0904470370798198	1.2357972679688498	1.0711336557744484	1.1676129350777587	1.089600155657165	1.104959075589793	1.082397850272483	1.0644337212602895	1.095061792772592	1.0223266745005875	1.111534898926606	0.9828646852240318	1.0961648540354894	0.9866470602186751	1.1002260738507912	0.9361988881134029	1.095481535579335	0.8996386697146228	1.096535486041036	0.8742451423806757	1.0721177900078622	0.8554634197543823	1.0721396844846072	0.8222471112082389	1.0512862796833773	0.7952342948352527	1.0912478374661758	0.764686478543797	1.1011011011011012	3.7536834916338893	3.7546491836348737	1.2204828867073494	2.199789877509256	1.4319077401351379	4.0650406504065035	4.761904761904762	5.526152904695312	2.5137936267071317	22.274200000000004	0.14773722071272663	16.74316219462286	-5.723814502619599e-06	12.450832565428433	-1.956447521719013e-06	10.908036741382903	-1.0261820077456218e-06	9.941684082569255	-1.0834165758402437e-06	9.194554200605985	-1.1516252887700412e-06	8.523354105643909	-1.2286476398293163e-06	7.94896037495801	-6.612558306232866e-06	7.412332448862201	-7.136678818051801e-06	6.962570173164943	-1.552076834011591e-06	6.541506931601895	0.0	6.186607978987693	7.388307264922533e-06	5.861846843648242	8.115335143053071e-06	5.55243690068455	0.0	5.28936148252635	0.0	5.040573369565218	-2.717398688583393e-06	4.812782740866681	-3.003896053180976e-06	4.608187154027471	-1.0016125962800109e-05	4.407030410786383	-1.1112386977764113e-05	4.231775878521003	0.0	4.073986870169802	0.0	3.9184733595469137	0.0	3.7791656778361107	0.0	3.6357919033169948	0.0	3.5159566301351837	0.0	3.4048126839268593	0.0	3.2921583271097834	0.0	3.192714852451365	0.0	3.113252286952335	0.0	3.030668006441933	2.753000770840216e-05
18	7132	0	0	0	2363	10133	1019	2363	696	1019	576	690	515	575	459	516	436	460	403	435	360	399	344	358	341	337	333	335	340	330	328	338	332	329	295	324	261	275	260	261	239	252	221	232	211	215	194	205	184	193	173	181	168	169	153	161	145	148	135	138	121	3204	3214	43.0	94.24288852319482	65.20282459259033	10	1	0.7901496887207031	8.537534266253278	0.0			6.705258080077183	12.060080218040728	3.179605591612581	7.9893160225851165	2.1044992743105952	5.209877805613784	1.6557433597792344	3.94782011671816	1.3971406093160794	3.243822633419835	1.1806466548344778	2.6862408246134626	1.070832105314864	2.186623567999239	0.9569718844984803	1.896664486592544	0.831140047097936	1.565872610965033	0.781462971376647	1.2822808839858162	0.7672576725767257	1.0974696323313902	0.744666577217228	1.006701325239655	0.7633073659160811	0.9324667985306585	0.7480898620139126	0.904130109137599	0.7670093565900428	0.8400357462019661	0.6960009437300932	0.7998025178968156	0.6347893763984823	0.6620125180548868	0.652954619653934	0.6173715583309679	0.6231423058872608	0.5922444183313749	0.6020814035852449	0.5468215994531784	0.6038923869490554	0.5099257642957095	0.584777694046722	0.4933695939929244	0.5842568189756454	0.4743996263795689	0.5819038008745375	0.45733633170781013	0.6003859624044029	0.443476435394143	0.5858477561648032	0.43980659436719755	0.5977902374670185	0.4218447155398472	0.5988555205607062	0.4138303295648784	0.5767672434339101	4.052156976817716	4.0521969362667845	1.1408861767046963	1.7443380595136209	1.1911116775042343	4.0650406504065035	4.761904761904762	5.482466907625621	2.5137936267071317	22.274200000000004	0.14773722071272663	16.74316219462286	-5.723814502619599e-06	12.450832565428433	-1.956447521719013e-06	10.908036741382903	-1.0261820077456218e-06	9.941684082569255	-1.0834165758402437e-06	9.194554200605985	-1.1516252887700412e-06	8.523354105643909	-1.2286476398293163e-06	7.94896037495801	-6.612558306232866e-06	7.412332448862201	-7.136678818051801e-06	6.962570173164943	-1.552076834011591e-06	6.541506931601895	0.0	6.186607978987693	7.388307264922533e-06	5.861846843648242	8.115335143053071e-06	5.55243690068455	0.0	5.28936148252635	0.0	5.040573369565218	-2.717398688583393e-06	4.812782740866681	-3.003896053180976e-06	4.608187154027471	-1.0016125962800109e-05	4.407030410786383	-1.1112386977764113e-05	4.231775878521003	0.0	4.073986870169802	0.0	3.9184733595469137	0.0	3.7791656778361107	0.0	3.6357919033169948	0.0	3.5159566301351837	0.0	3.4048126839268593	0.0	3.2921583271097834	0.0	3.192714852451365	0.0	3.113252286952335	0.0	3.030668006441933	2.753000770840216e-05
19	13421	0	0	0	2264	7320	919	1611	656	786	503	582	433	498	391	411	368	379	338	351	324	331	308	322	317	302	286	294	273	281	266	278	232	238	221	225	212	217	200	205	172	187	164	164	151	154	138	143	121	126	113	116	102	107	95	97	85	89	79	82	70	3512	3522	42.0	83.58268844436185	61.00667667388916	10	1	0.7835559844970703	16.065934855213857	0.0			6.424335291280044	8.712107687363874	2.867573639540689	5.446799878283802	1.983551040154814	4.018610358402781	1.4459008853627688	3.3299004462753174	1.174683269580315	2.8094324720749184	1.0057360393034442	2.1396220521630487	0.9038215934767659	1.8015876788515472	0.8026215805471125	1.5304120340091563	0.7480260423881424	1.2990071033318944	0.6996819627442072	1.1533364375514883	0.7132571325713257	0.9834891067183379	0.6395634867391208	0.8834931033446524	0.612890914397324	0.7940096072336817	0.6066826319990877	0.7436336400599186	0.5359824419544877	0.6076854334226989	0.521410876489324	0.555418415206122	0.5156143593734799	0.5223880597014926	0.50227278434918	0.48490869524079855	0.4484538770402044	0.4394829612220917	0.44679343976461616	0.38654630306172955	0.432169433314253	0.3652491521001826	0.4159758854559156	0.3441553753218936	0.38421236465246245	0.3097116731804439	0.38008745375042047	0.2930995275033479	0.3645200486026731	0.28078093838564083	0.3637616786644203	0.26497664381129293	0.3504287598944591	0.2536768897503135	0.3504413786984873	0.2458991813356524	0.333667000333667	4.441690169345761	4.440521969362668	1.114353940037145	1.5470288194115214	1.114457317547748	4.0650406504065035	4.761904761904762	5.436716379946156	2.5137936267071317	22.274200000000004	0.14773722071272663	16.74316219462286	-5.723814502619599e-06	12.450832565428433	-1.956447521719013e-06	10.908036741382903	-1.0261820077456218e-06	9.941684082569255	-1.0834165758402437e-06	9.194554200605985	-1.1516252887700412e-06	8.523354105643909	-1.2286476398293163e-06	7.94896037495801	-6.612558306232866e-06	7.412332448862201	-7.136678818051801e-06	6.962570173164943	-1.552076834011591e-06	6.541506931601895	0.0	6.186607978987693	7.388307264922533e-06	5.861846843648242	8.115335143053071e-06	5.55243690068455	0.0	5.28936148252635	0.0	5.040573369565218	-2.717398688583393e-06	4.812782740866681	-3.003896053180976e-06	4.608187154027471	-1.0016125962800109e-05	4.407030410786383	-1.1112386977764113e-05	4.231775878521003	0.0	4.073986870169802	0.0	3.9184733595469137	0.0	3.7791656778361107	0.0	3.6357919033169948	0.0	3.5159566301351837	0.0	3.4048126839268593	0.0	3.2921583271097834	0.0	3.192714852451365	0.0	3.113252286952335	0.0	3.030668006441933	2.753000770840216e-05
20	13844	1	0	0	2481	7078	896	1427	552	672	416	461	334	378	319	312	300	307	261	277	258	266	244	245	220	232	210	214	198	196	186	194	169	175	160	167	141	145	134	137	127	132	116	119	112	112	104	109	88	95	85	86	81	80	80	80	71	72	64	66	62	3473	3483	40.0	74.44731992662082	55.68731689453125	10	1	0.7675695419311523	16.57229730538564	0.4016064257028112			7.040095343491955	8.424084455076706	2.7958062905641534	4.824694864252629	1.6690856313497822	3.43575847435963	1.195814648729447	2.637601556242133	0.9061067252651855	2.1324607920568655	0.8205365640352907	1.6242386381383729	0.7368110816386678	1.4593335551647098	0.6197758358662614	1.2077610638761718	0.5956503670868541	1.0439150739766885	0.5542935029532031	0.8775385937891758	0.49500495004950046	0.755528055492233	0.46960955320005365	0.6430868167202572	0.44451428956289424	0.5538287651879062	0.42422169004447485	0.5189385833511663	0.39043548573408804	0.44682752457551383	0.3774920372773387	0.41224389039743276	0.342932191847456	0.3490611458834858	0.3365227655139506	0.3240609329170215	0.33112582781456956	0.3102232667450059	0.3160246281261919	0.28048176868503544	0.32054951345163135	0.26563574698195097	0.31348907309721175	0.2623282231474573	0.2794271742927	0.2335127694614458	0.2859064917591658	0.21729792556282687	0.2894718033021228	0.2099296735593576	0.3063256241384592	0.21853743819488075	0.29271108179419525	0.20522175350587163	0.2839018764139644	0.19791885327015923	0.29553362886696216	4.392366161200976	4.391350942444683	1.061289466702043	1.377942629006223	1.017284356259203	4.0650406504065035	4.761904761904762	5.325794179267692	2.5137936267071317	22.274200000000004	0.14773722071272663	16.74316219462286	-5.723814502619599e-06	12.450832565428433	-1.956447521719013e-06	10.908036741382903	-1.0261820077456218e-06	9.941684082569255	-1.0834165758402437e-06	9.194554200605985	-1.1516252887700412e-06	8.523354105643909	-1.2286476398293163e-06	7.94896037495801	-6.612558306232866e-06	7.412332448862201	-7.136678818051801e-06	6.962570173164943	-1.552076834011591e-06	6.541506931601895	0.0	6.186607978987693	7.388307264922533e-06	5.861846843648242	8.115335143053071e-06	5.55243690068455	0.0	5.28936148252635	0.0	5.040573369565218	-2.717398688583393e-06	4.812782740866681	-3.003896053180976e-06	4.608187154027471	-1.0016125962800109e-05	4.407030410786383	-1.1112386977764113e-05	4.231775878521003	0.0	4.073986870169802	0.0	3.9184733595469137	0.0	3.7791656778361107	0.0	3.6357919033169948	0.0	3.5159566301351837	0.0	3.4048126839268593	0.0	3.2921583271097834	0.0	3.192714852451365	0.0	3.113252286952335	0.0	3.030668006441933	2.753000770840216e-05
