	counts(inten<0.01	MicrocoloniesPlatonic	MicrocoloniesAggregates	MicrocoloniesLarge	counts(Norminten<0.01	counts(inten<0.02	counts(Norminten<0.02	counts(inten<0.03	counts(Norminten<0.03	counts(inten<0.04	counts(Norminten<0.04	counts(inten<0.05	counts(Norminten<0.05	counts(inten<0.060000000000000005	counts(Norminten<0.060000000000000005	counts(inten<0.06999999999999999	counts(Norminten<0.06999999999999999	counts(inten<0.08	counts(Norminten<0.08	counts(inten<0.09	counts(Norminten<0.09	counts(inten<0.09999999999999999	counts(Norminten<0.09999999999999999	counts(inten<0.11	counts(Norminten<0.11	counts(inten<0.12	counts(Norminten<0.12	counts(inten<0.13	counts(Norminten<0.13	counts(inten<0.14	counts(Norminten<0.14	counts(inten<0.15000000000000002	counts(Norminten<0.15000000000000002	counts(inten<0.16	counts(Norminten<0.16	counts(inten<0.17	counts(Norminten<0.17	counts(inten<0.18000000000000002	counts(Norminten<0.18000000000000002	counts(inten<0.19	counts(Norminten<0.19	counts(inten<0.2	counts(Norminten<0.2	counts(inten<0.21000000000000002	counts(Norminten<0.21000000000000002	counts(inten<0.22	counts(Norminten<0.22	counts(inten<0.23	counts(Norminten<0.23	counts(inten<0.24000000000000002	counts(Norminten<0.24000000000000002	counts(inten<0.25	counts(Norminten<0.25	counts(inten<0.26	counts(Norminten<0.26	counts(inten<0.27	counts(Norminten<0.27	counts(inten<0.28	counts(Norminten<0.28	counts(inten<0.29000000000000004	counts(Norminten<0.29000000000000004	diff	max	med	std	mean	min	eigenLocal	minProp	counts(inten<0.01Normalized	MicrocoloniesPlatonicNormalized	MicrocoloniesAggregatesNormalized	MicrocoloniesLargeNormalized	counts(Norminten<0.01Normalized	counts(inten<0.02Normalized	counts(Norminten<0.02Normalized	counts(inten<0.03Normalized	counts(Norminten<0.03Normalized	counts(inten<0.04Normalized	counts(Norminten<0.04Normalized	counts(inten<0.05Normalized	counts(Norminten<0.05Normalized	counts(inten<0.060000000000000005Normalized	counts(Norminten<0.060000000000000005Normalized	counts(inten<0.06999999999999999Normalized	counts(Norminten<0.06999999999999999Normalized	counts(inten<0.08Normalized	counts(Norminten<0.08Normalized	counts(inten<0.09Normalized	counts(Norminten<0.09Normalized	counts(inten<0.09999999999999999Normalized	counts(Norminten<0.09999999999999999Normalized	counts(inten<0.11Normalized	counts(Norminten<0.11Normalized	counts(inten<0.12Normalized	counts(Norminten<0.12Normalized	counts(inten<0.13Normalized	counts(Norminten<0.13Normalized	counts(inten<0.14Normalized	counts(Norminten<0.14Normalized	counts(inten<0.15000000000000002Normalized	counts(Norminten<0.15000000000000002Normalized	counts(inten<0.16Normalized	counts(Norminten<0.16Normalized	counts(inten<0.17Normalized	counts(Norminten<0.17Normalized	counts(inten<0.18000000000000002Normalized	counts(Norminten<0.18000000000000002Normalized	counts(inten<0.19Normalized	counts(Norminten<0.19Normalized	counts(inten<0.2Normalized	counts(Norminten<0.2Normalized	counts(inten<0.21000000000000002Normalized	counts(Norminten<0.21000000000000002Normalized	counts(inten<0.22Normalized	counts(Norminten<0.22Normalized	counts(inten<0.23Normalized	counts(Norminten<0.23Normalized	counts(inten<0.24000000000000002Normalized	counts(Norminten<0.24000000000000002Normalized	counts(inten<0.25Normalized	counts(Norminten<0.25Normalized	counts(inten<0.26Normalized	counts(Norminten<0.26Normalized	counts(inten<0.27Normalized	counts(Norminten<0.27Normalized	counts(inten<0.28Normalized	counts(Norminten<0.28Normalized	counts(inten<0.29000000000000004Normalized	counts(Norminten<0.29000000000000004Normalized	diffNormalized	maxNormalized	medNormalized	stdNormalized	meanNormalized	minNormalized	eigenLocalNormalized	minPropNormalized	BioVolume	SubstratumCoverage	Homogenity	ThicknessThreshold=0.01	RoughnessThreshold=0.01	ThicknessThreshold=0.02	RoughnessThreshold=0.02	ThicknessThreshold=0.03	RoughnessThreshold=0.03	ThicknessThreshold=0.04	RoughnessThreshold=0.04	ThicknessThreshold=0.05	RoughnessThreshold=0.05	ThicknessThreshold=0.060000000000000005	RoughnessThreshold=0.060000000000000005	ThicknessThreshold=0.06999999999999999	RoughnessThreshold=0.06999999999999999	ThicknessThreshold=0.08	RoughnessThreshold=0.08	ThicknessThreshold=0.09	RoughnessThreshold=0.09	ThicknessThreshold=0.09999999999999999	RoughnessThreshold=0.09999999999999999	ThicknessThreshold=0.11	RoughnessThreshold=0.11	ThicknessThreshold=0.12	RoughnessThreshold=0.12	ThicknessThreshold=0.13	RoughnessThreshold=0.13	ThicknessThreshold=0.14	RoughnessThreshold=0.14	ThicknessThreshold=0.15000000000000002	RoughnessThreshold=0.15000000000000002	ThicknessThreshold=0.16	RoughnessThreshold=0.16	ThicknessThreshold=0.17	RoughnessThreshold=0.17	ThicknessThreshold=0.18000000000000002	RoughnessThreshold=0.18000000000000002	ThicknessThreshold=0.19	RoughnessThreshold=0.19	ThicknessThreshold=0.2	RoughnessThreshold=0.2	ThicknessThreshold=0.21000000000000002	RoughnessThreshold=0.21000000000000002	ThicknessThreshold=0.22	RoughnessThreshold=0.22	ThicknessThreshold=0.23	RoughnessThreshold=0.23	ThicknessThreshold=0.24000000000000002	RoughnessThreshold=0.24000000000000002	ThicknessThreshold=0.25	RoughnessThreshold=0.25	ThicknessThreshold=0.26	RoughnessThreshold=0.26	ThicknessThreshold=0.27	RoughnessThreshold=0.27	ThicknessThreshold=0.28	RoughnessThreshold=0.28	ThicknessThreshold=0.29000000000000004	RoughnessThreshold=0.29000000000000004
0	1	30	0	0	2833	78	3223	270	3647	360	4077	383	4493	280	4923	241	5274	228	5524	239	5789	299	6004	375	6163	494	6276	673	6311	908	6372	1230	6345	1604	6295	1994	6159	2467	6020	2964	5899	3490	5665	3973	5462	4482	5292	5020	5099	5375	4817	5709	4582	5956	4318	6171	4080	6289	3850	6365	3609	4064	4095	663.0	469.90279811787764	733.2451229095459	31	1	0.5527353286743164	0.005649398339076888	9.554140127388536			7.144478349683505	0.04639846766086289	10.472786352558895	0.5001574569771966	12.677720999756668	1.2193056731583405	14.20062695924765	1.7887166075098078	15.499517041534428	1.570298917615389	16.749455634186173	1.477439921530162	17.62995152933311	1.4493674909414531	18.240655131422535	1.5224869410115938	18.853606904412963	1.863508881271424	19.30484550336002	2.2553677753052264	19.666219924692065	2.8546662814215544	19.905483840274034	3.7102376095705387	19.997465065432998	4.752433790432325	20.1435210065438	6.092124814264487	20.080384834483194	7.552855864764327	19.94739844096584	8.932491152622855	19.627151051625237	10.540032470306759	19.260918253079506	12.117743254292723	19.065934065934066	13.631747519725021	18.57742506722634	14.904711884753901	18.122698165168057	16.204490400954484	17.865703386111203	17.593046891427772	17.53378494549706	18.427729018102028	17.02300597236456	19.149364371247444	16.581023376999347	19.79526721616591	15.993184932775288	20.318725099601593	15.567765567765568	20.617644166147592	15.133647798742139	20.855176933158585	14.649293716512421	4.851089227096389	4.867872044506258	17.193983402489625	7.617915491484023	12.841519377942745	8.908045977011495	4.761904761904762	3.5064246791895326	6.976521739130434	5.053100000000001	0.22043759953141023	17.239376550350816	-1.2398049882123157e-05	10.328173166298358	-6.728569506122998e-06	8.2049133332143	-4.9597614553130456e-06	7.190773652048513	-5.1874269221232345e-06	6.586781482235182	-3.2646949360228615e-06	6.163870544320932	-4.5576618283288305e-06	5.8395102340488165	-4.7675122644253004e-06	5.578325689360063	-4.9865612175187866e-06	5.359341100634179	-3.911470386909612e-06	5.1711957301108855	-4.0972635742342215e-06	5.00650399512702	-4.299694435048816e-06	4.858527809252875	-4.520366511316738e-06	4.722967082352082	-4.76400697450621e-06	4.601847782694314	-5.0320963881289494e-06	4.489915182734579	7.105123860071691e-06	4.383117103526306	-1.8857286172517769e-06	4.288109272228316	6.026940423693912e-06	4.196046492662555	4.292167866685266e-06	4.110680911562936	-4.6010752712909e-06	4.0322027194066745	-2.472193998007412e-06	3.96070270183904	-2.662966917961978e-06	3.8921776569619633	0.0	3.8320100502512564	0.0	3.773626870735477	-3.4270517758982304e-06	3.7181974058913356	-7.503958338023307e-06	3.6674106314074133	-4.125514657953579e-06	3.621365670827117	-4.54861790245034e-06	3.5768394017223146	-5.036032814789821e-06	3.53346095289271	-5.59738042596065e-06
1	1	53	0	0	3221	154	3503	322	3736	427	3972	414	4195	380	4404	327	4583	340	4800	425	4977	535	5111	685	5209	907	5295	1163	5379	1500	5395	1902	5432	2248	5466	2570	5455	2940	5450	3253	5418	3576	5371	3862	5373	4149	5302	4401	5197	4604	5129	4876	5038	5036	4938	5200	4827	5299	4690	5380	4546	4071	4095	615.0	556.6144783031284	741.8932228088379	24	1	0.5814247131347656	0.005649398339076888	16.878980891719745			8.122966736438606	0.0916072310227293	11.382615759545086	0.596484078320953	12.987103278061667	1.4462320067739203	13.834900731452457	1.9334952363160844	14.471505450531255	2.131119959620885	14.983669025585195	2.00465914664051	15.320073541701488	2.161337486491641	15.849953770968167	2.7073512549369347	16.209086468001953	3.3343720785291366	16.43355519115141	4.119805136224214	16.621992469206713	5.241259751516902	16.79406260902661	6.411599316390099	17.044266294876266	7.850936878467498	17.054974235766444	9.420505200594354	17.190961453256534	10.585299241889155	17.320489257874392	11.512789499619226	17.38368387507967	12.56088182517303	17.437210046392575	13.299264104660672	17.51131221719457	13.967658776658073	17.613300977241426	14.48829531812725	17.827399714655428	15.000542318955857	17.899463218662433	15.423705053620242	17.87077473264331	15.784421283598466	18.12559635297028	16.3552812531446	18.23116450749077	16.737569795267216	18.289566280232602	17.12159625958974	18.418040293040296	17.372061764416618	18.43553459119497	17.627785058977718	18.45267088813119	4.859444941808415	4.867872044506258	15.949170124481327	9.02365781611288	12.992975881326599	6.896551724137931	4.761904761904762	3.6884234776816585	6.976521739130434	5.053100000000001	0.22043759953141023	17.239376550350816	-1.2398049882123157e-05	10.328173166298358	-6.728569506122998e-06	8.2049133332143	-4.9597614553130456e-06	7.190773652048513	-5.1874269221232345e-06	6.586781482235182	-3.2646949360228615e-06	6.163870544320932	-4.5576618283288305e-06	5.8395102340488165	-4.7675122644253004e-06	5.578325689360063	-4.9865612175187866e-06	5.359341100634179	-3.911470386909612e-06	5.1711957301108855	-4.0972635742342215e-06	5.00650399512702	-4.299694435048816e-06	4.858527809252875	-4.520366511316738e-06	4.722967082352082	-4.76400697450621e-06	4.601847782694314	-5.0320963881289494e-06	4.489915182734579	7.105123860071691e-06	4.383117103526306	-1.8857286172517769e-06	4.288109272228316	6.026940423693912e-06	4.196046492662555	4.292167866685266e-06	4.110680911562936	-4.6010752712909e-06	4.0322027194066745	-2.472193998007412e-06	3.96070270183904	-2.662966917961978e-06	3.8921776569619633	0.0	3.8320100502512564	0.0	3.773626870735477	-3.4270517758982304e-06	3.7181974058913356	-7.503958338023307e-06	3.6674106314074133	-4.125514657953579e-06	3.621365670827117	-4.54861790245034e-06	3.5768394017223146	-5.036032814789821e-06	3.53346095289271	-5.59738042596065e-06
2	1	51	0	0	3163	232	3346	357	3489	456	3714	447	3889	426	4008	403	4145	514	4241	692	4325	924	4375	1275	4442	1595	4535	1910	4527	2163	4582	2451	4618	2754	4652	3008	4668	3227	4663	3428	4623	3619	4602	3860	4597	4011	4587	4164	4512	4281	4387	4385	4300	4435	4213	4535	4132	4543	4048	4602	3932	4073	4095	538.0	560.8394120294364	693.2620210647583	22	1	0.603541374206543	0.005649398339076888	16.24203821656051			7.976697853882431	0.1380056986835922	10.872461413484972	0.6613193042254043	12.12848055063093	1.5444538526672313	12.936259143155695	2.0876144218195405	13.415896232923968	2.3890976389434133	13.636363636363635	2.4705738106915156	13.855925121176668	3.2674337295785394	14.004094571390832	4.408204866862021	14.085653802312326	5.758803365534434	14.06707179833446	7.66825043603777	14.174484651222159	9.216989309448136	14.383583367693234	10.529797673521141	14.344560981019677	11.321050978750131	14.484873391711186	12.13967310549777	14.614849041078548	12.967933323915807	14.741111604030674	13.474891367647718	14.875717017208412	13.787063146201827	14.919212925931852	14.01471790678659	14.941822882999354	14.135614405124599	15.091493408539385	14.480792316926772	15.25266266299479	14.501608879569035	15.485635191249452	14.593116983248056	15.515284893916991	14.677043335161821	15.503410255504116	14.708348706939924	15.56054136209018	14.74009571922361	15.604281640060744	14.932007507161437	15.766178266178265	14.893617021276595	15.91194968553459	15.078636959370902	15.960383179087515	4.861832288868994	4.867872044506258	13.952282157676349	9.092151104965485	12.141284543658772	6.321839080459771	4.761904761904762	3.828726444002534	6.976521739130434	5.053100000000001	0.22043759953141023	17.239376550350816	-1.2398049882123157e-05	10.328173166298358	-6.728569506122998e-06	8.2049133332143	-4.9597614553130456e-06	7.190773652048513	-5.1874269221232345e-06	6.586781482235182	-3.2646949360228615e-06	6.163870544320932	-4.5576618283288305e-06	5.8395102340488165	-4.7675122644253004e-06	5.578325689360063	-4.9865612175187866e-06	5.359341100634179	-3.911470386909612e-06	5.1711957301108855	-4.0972635742342215e-06	5.00650399512702	-4.299694435048816e-06	4.858527809252875	-4.520366511316738e-06	4.722967082352082	-4.76400697450621e-06	4.601847782694314	-5.0320963881289494e-06	4.489915182734579	7.105123860071691e-06	4.383117103526306	-1.8857286172517769e-06	4.288109272228316	6.026940423693912e-06	4.196046492662555	4.292167866685266e-06	4.110680911562936	-4.6010752712909e-06	4.0322027194066745	-2.472193998007412e-06	3.96070270183904	-2.662966917961978e-06	3.8921776569619633	0.0	3.8320100502512564	0.0	3.773626870735477	-3.4270517758982304e-06	3.7181974058913356	-7.503958338023307e-06	3.6674106314074133	-4.125514657953579e-06	3.621365670827117	-4.54861790245034e-06	3.5768394017223146	-5.036032814789821e-06	3.53346095289271	-5.59738042596065e-06
3	1	45	0	0	2638	411	2756	532	2823	534	2938	743	3027	947	3121	1223	3194	1398	3302	1633	3386	1871	3452	2046	3483	2234	3499	2359	3498	2478	3485	2636	3451	2769	3435	2860	3420	2971	3429	3075	3439	3179	3445	3284	3403	3397	3329	3458	3286	3486	3222	3514	3145	3487	3126	3458	3025	3421	2916	3423	2871	4073	4095	397.0	527.5582723782927	581.8585329055786	22	1	0.6377649307250977	0.005649398339076888	14.331210191082802			6.652712279020504	0.24448423344377757	8.9553208773355	0.9854954337476614	9.813327771404733	1.8086367485182049	10.233368164402647	3.470016813002055	10.442251966330895	5.310975267792047	10.618535655960807	7.497547817557626	10.676917934146749	8.886911194456806	10.903447364945187	10.402599057204739	11.027519947891223	11.660953568089747	11.099321565222983	12.305286582065316	11.114302125215394	12.90956370991043	11.09771955977037	13.005127074259882	11.084001394214011	12.969747723228306	11.016975942844498	13.05596830113918	10.921577315019938	13.038564769035174	10.884720197731161	12.811898042377818	10.89866156787763	12.69332649747928	10.971044632858742	12.571545380212592	11.115061409179056	12.416998671978751	11.29730438774841	12.319927971188475	11.29101828196025	12.281716620268266	11.23864825630465	12.118875727202635	11.299473883291496	11.951453647833242	11.386366045870586	11.786804414181733	11.38090757762177	11.589337942036693	11.578206600244453	11.385861512627176	11.542277167277168	11.215290299314821	11.462264150943396	11.215596330275229	11.653677545056015	4.861832288868994	4.867872044506258	10.29564315352697	8.552607798694108	10.190245242790485	6.321839080459771	4.761904761904762	4.0458327459899825	6.976521739130434	5.053100000000001	0.22043759953141023	17.239376550350816	-1.2398049882123157e-05	10.328173166298358	-6.728569506122998e-06	8.2049133332143	-4.9597614553130456e-06	7.190773652048513	-5.1874269221232345e-06	6.586781482235182	-3.2646949360228615e-06	6.163870544320932	-4.5576618283288305e-06	5.8395102340488165	-4.7675122644253004e-06	5.578325689360063	-4.9865612175187866e-06	5.359341100634179	-3.911470386909612e-06	5.1711957301108855	-4.0972635742342215e-06	5.00650399512702	-4.299694435048816e-06	4.858527809252875	-4.520366511316738e-06	4.722967082352082	-4.76400697450621e-06	4.601847782694314	-5.0320963881289494e-06	4.489915182734579	7.105123860071691e-06	4.383117103526306	-1.8857286172517769e-06	4.288109272228316	6.026940423693912e-06	4.196046492662555	4.292167866685266e-06	4.110680911562936	-4.6010752712909e-06	4.0322027194066745	-2.472193998007412e-06	3.96070270183904	-2.662966917961978e-06	3.8921776569619633	0.0	3.8320100502512564	0.0	3.773626870735477	-3.4270517758982304e-06	3.7181974058913356	-7.503958338023307e-06	3.6674106314074133	-4.125514657953579e-06	3.621365670827117	-4.54861790245034e-06	3.5768394017223146	-5.036032814789821e-06	3.53346095289271	-5.59738042596065e-06
4	1	30	0	0	2291	673	2417	924	2494	1334	2494	1560	2508	1757	2538	1831	2546	1914	2514	2040	2500	2177	2514	2212	2493	2272	2491	2369	2481	2461	2475	2477	2474	2500	2493	2549	2483	2538	2507	2509	2475	2507	2441	2487	2426	2476	2378	2480	2356	2478	2299	2473	2251	2494	2204	2496	2150	2496	2110	2440	2052	4073	4095	293.0	479.75003634507465	477.7234363555908	22	1	0.6698217391967773	0.005649398339076888	9.554140127388536			5.777620860968905	0.400335496612317	7.853777416734363	1.711649963877517	8.669656203288492	4.518204911092295	8.686868686868687	7.285634223799739	8.651855940389126	9.853625708036565	8.63500272182907	11.22486512996567	8.510780544877152	12.167058673955882	8.301413287544577	12.995286023697286	8.141996417521575	13.568089747584915	8.083341371660076	13.303662717267095	7.9551981619758765	13.129153423865937	7.900662881791367	13.060256905011302	7.861465825913369	12.880770438605674	7.824107735592577	12.268449727587914	7.829609468953731	11.771907519894524	7.899740160973446	11.418716122384984	7.912683237731039	10.843373493975903	8.021116621340585	10.25756336876533	7.999353587588881	9.792203734083275	8.004853413786318	9.32998199279712	8.049371246557618	8.951878231317112	8.028088180682625	8.691385715287026	8.101509576699563	8.495611629182665	8.124536169912004	8.295039076912756	8.145762466526744	8.289018877957991	8.16326530612245	8.218366204603075	8.203601953601954	8.18280169163689	8.294025157232705	7.99475753604194	8.329274232830004	4.861832288868994	4.867872044506258	7.598547717842323	7.777555802075406	8.366499242320227	6.321839080459771	4.761904761904762	4.249193701097994	6.976521739130434	5.053100000000001	0.22043759953141023	17.239376550350816	-1.2398049882123157e-05	10.328173166298358	-6.728569506122998e-06	8.2049133332143	-4.9597614553130456e-06	7.190773652048513	-5.1874269221232345e-06	6.586781482235182	-3.2646949360228615e-06	6.163870544320932	-4.5576618283288305e-06	5.8395102340488165	-4.7675122644253004e-06	5.578325689360063	-4.9865612175187866e-06	5.359341100634179	-3.911470386909612e-06	5.1711957301108855	-4.0972635742342215e-06	5.00650399512702	-4.299694435048816e-06	4.858527809252875	-4.520366511316738e-06	4.722967082352082	-4.76400697450621e-06	4.601847782694314	-5.0320963881289494e-06	4.489915182734579	7.105123860071691e-06	4.383117103526306	-1.8857286172517769e-06	4.288109272228316	6.026940423693912e-06	4.196046492662555	4.292167866685266e-06	4.110680911562936	-4.6010752712909e-06	4.0322027194066745	-2.472193998007412e-06	3.96070270183904	-2.662966917961978e-06	3.8921776569619633	0.0	3.8320100502512564	0.0	3.773626870735477	-3.4270517758982304e-06	3.7181974058913356	-7.503958338023307e-06	3.6674106314074133	-4.125514657953579e-06	3.621365670827117	-4.54861790245034e-06	3.5768394017223146	-5.036032814789821e-06	3.53346095289271	-5.59738042596065e-06
5	2	22	0	0	1904	1288	1879	2633	1807	2661	1795	2306	1789	2073	1800	1978	1779	2011	1804	1973	1796	1917	1806	1878	1806	1806	1796	1792	1799	1816	1797	1791	1759	1770	1736	1810	1737	1808	1729	1808	1720	1804	1718	1798	1684	1798	1675	1753	1678	1738	1643	1740	1606	1726	1585	1711	1538	1692	1522	1688	1487	4077	4095	207.0	425.2633875185767	376.89644718170166	18	1	0.7059135437011719	0.011298796678153776	7.006369426751593			4.801654351499256	0.766169568553736	6.105605199025183	4.877461423040587	6.2815031112038096	9.012701100762065	6.252176941832115	10.769661871847562	6.1715192493445565	11.625820200773934	6.124115405552531	12.12604217753801	5.9468494066521815	12.783675545102028	5.956940958922203	12.568480061154288	5.8492102263475	11.947647242131506	5.806887238352465	11.294881818728573	5.762971472333907	10.43629008956949	5.696343049256241	9.87926567065439	5.700434107544599	9.50486758086465	5.6807764043878235	8.87072808320951	5.566808025824419	8.334510524085323	5.50098231827112	8.108229180665681	5.535372848948375	7.724515081603007	5.531914893617021	7.391659852820933	5.559146735617324	7.046324505897977	5.633895192496885	6.745198079231693	5.5874448389130364	6.500596550851441	5.654771952331116	6.143548047942805	5.770090437055122	5.95858475041141	5.806269215817931	5.8363801026397875	5.811681262213216	5.736506248338208	5.870587799548131	5.633663692338085	5.868437118437118	5.546995377503852	5.982704402515723	5.530799475753604	6.035882448449423	4.866606982990152	4.867872044506258	5.368257261410788	6.894235490221666	6.600689017550623	5.172413793103448	4.761904761904762	4.478151734835803	6.976521739130434	5.053100000000001	0.22043759953141023	17.239376550350816	-1.2398049882123157e-05	10.328173166298358	-6.728569506122998e-06	8.2049133332143	-4.9597614553130456e-06	7.190773652048513	-5.1874269221232345e-06	6.586781482235182	-3.2646949360228615e-06	6.163870544320932	-4.5576618283288305e-06	5.8395102340488165	-4.7675122644253004e-06	5.578325689360063	-4.9865612175187866e-06	5.359341100634179	-3.911470386909612e-06	5.1711957301108855	-4.0972635742342215e-06	5.00650399512702	-4.299694435048816e-06	4.858527809252875	-4.520366511316738e-06	4.722967082352082	-4.76400697450621e-06	4.601847782694314	-5.0320963881289494e-06	4.489915182734579	7.105123860071691e-06	4.383117103526306	-1.8857286172517769e-06	4.288109272228316	6.026940423693912e-06	4.196046492662555	4.292167866685266e-06	4.110680911562936	-4.6010752712909e-06	4.0322027194066745	-2.472193998007412e-06	3.96070270183904	-2.662966917961978e-06	3.8921776569619633	0.0	3.8320100502512564	0.0	3.773626870735477	-3.4270517758982304e-06	3.7181974058913356	-7.503958338023307e-06	3.6674106314074133	-4.125514657953579e-06	3.621365670827117	-4.54861790245034e-06	3.5768394017223146	-5.036032814789821e-06	3.53346095289271	-5.59738042596065e-06
6	1	12	0	0	1579	2698	1494	4358	1466	3388	1471	2653	1447	2151	1440	1881	1438	1675	1434	1517	1402	1465	1376	1473	1390	1471	1380	1441	1398	1429	1383	1435	1375	1402	1368	1377	1387	1380	1389	1379	1362	1398	1344	1389	1335	1365	1313	1375	1267	1388	1232	1355	1234	1341	1195	1333	1177	1313	1163	1266	1136	4076	4095	164.0	383.8061724247113	315.0442867279053	19	1	0.7321052551269531	0.005649398339076888	3.821656050955414			3.982044233727587	1.6049110993462574	4.854589764419171	8.07291184261712	5.096117078597003	11.47502116850127	5.123650296064089	12.390248458808145	4.9917207120187665	12.063260613538219	4.899292324442025	11.531387935262384	4.806953033595186	10.647765558451464	4.73517368907674	9.663651420563129	4.5660315909461	9.130570271112497	4.424295038744734	8.85908462139893	4.435509604952454	8.500433400751229	4.376922832947446	7.944208611279563	4.429798155835103	7.4793258662200355	4.37201656497961	7.107478949975235	4.3515412367871384	6.601685737156848	4.334875467393371	6.1685257357882	4.420012746972594	5.895924122019995	4.4440889457686765	5.637775960752248	4.402068519715579	5.460510897586126	4.407424411359612	5.2108343337334935	4.429476757689373	4.935102498282657	4.432666013976571	4.818812644564379	4.356796533819332	4.758639605046627	4.353818425981553	4.544997148894778	4.465513497864949	4.456926349375166	4.426089855179822	4.389055348852524	4.490995115995116	4.304494639871488	4.571540880503145	4.148099606815203	4.611138171781133	4.865413309459863	4.867872044506258	4.253112033195021	6.222144235684982	5.517455468197669	5.459770114942529	4.761904761904762	4.64430587510731	6.976521739130434	5.053100000000001	0.22043759953141023	17.239376550350816	-1.2398049882123157e-05	10.328173166298358	-6.728569506122998e-06	8.2049133332143	-4.9597614553130456e-06	7.190773652048513	-5.1874269221232345e-06	6.586781482235182	-3.2646949360228615e-06	6.163870544320932	-4.5576618283288305e-06	5.8395102340488165	-4.7675122644253004e-06	5.578325689360063	-4.9865612175187866e-06	5.359341100634179	-3.911470386909612e-06	5.1711957301108855	-4.0972635742342215e-06	5.00650399512702	-4.299694435048816e-06	4.858527809252875	-4.520366511316738e-06	4.722967082352082	-4.76400697450621e-06	4.601847782694314	-5.0320963881289494e-06	4.489915182734579	7.105123860071691e-06	4.383117103526306	-1.8857286172517769e-06	4.288109272228316	6.026940423693912e-06	4.196046492662555	4.292167866685266e-06	4.110680911562936	-4.6010752712909e-06	4.0322027194066745	-2.472193998007412e-06	3.96070270183904	-2.662966917961978e-06	3.8921776569619633	0.0	3.8320100502512564	0.0	3.773626870735477	-3.4270517758982304e-06	3.7181974058913356	-7.503958338023307e-06	3.6674106314074133	-4.125514657953579e-06	3.621365670827117	-4.54861790245034e-06	3.5768394017223146	-5.036032814789821e-06	3.53346095289271	-5.59738042596065e-06
7	2	12	0	0	1363	5539	1283	5661	1176	3489	1151	2346	1141	1779	1102	1418	1119	1294	1101	1199	1098	1148	1069	1154	1061	1104	1061	1121	1070	1092	1070	1091	1078	1065	1092	1071	1084	1075	1051	1075	1049	1069	1035	1092	1025	1088	996	1057	1007	1052	1008	1039	1013	1022	997	996	958	1010	940	1009	899	4077	4095	131.0	346.3028154202547	262.32801151275635	18	1	0.7548065185546875	0.011298796678153776	3.821656050955414			3.437318740070108	3.2948860560707636	4.168968318440292	10.486634681288553	4.088017520075086	11.81710414902625	4.009056078021596	10.956473005791146	3.93611149441148	9.977006337277775	3.749319542732717	8.692986758214811	3.74059836202574	8.225796198588773	3.6355831462158235	7.6379156580456105	3.5759648265754764	7.154876908694298	3.4371885148387507	6.940518433872617	3.3856659646435636	6.379659058075701	3.3651558882298835	6.180054027234137	3.3904749833644923	5.715482047524338	3.382543546296589	5.403665180782566	3.4116083296411164	5.0148326034750665	3.4602953292350596	4.797742238946378	3.454429572976418	4.592839442877895	3.362661974084147	4.394930498773507	3.390433096315449	4.175455042574798	3.3941103167836295	4.0966386554621845	3.4009091210723645	3.9336201598033185	3.362479322102562	3.704352702039672	3.4627419964925554	3.606692265496435	3.562215075803089	3.485056854392379	3.6657740464645006	3.396703004520074	3.6927293603466795	3.279444206644496	3.6553724053724057	3.3111497229780675	3.6949685534591192	3.306028833551769	3.649131352492288	4.866606982990152	4.867872044506258	3.3973029045643153	5.61415167754057	4.59422113828886	5.172413793103448	4.761904761904762	4.788317423134654	6.976521739130434	5.053100000000001	0.22043759953141023	17.239376550350816	-1.2398049882123157e-05	10.328173166298358	-6.728569506122998e-06	8.2049133332143	-4.9597614553130456e-06	7.190773652048513	-5.1874269221232345e-06	6.586781482235182	-3.2646949360228615e-06	6.163870544320932	-4.5576618283288305e-06	5.8395102340488165	-4.7675122644253004e-06	5.578325689360063	-4.9865612175187866e-06	5.359341100634179	-3.911470386909612e-06	5.1711957301108855	-4.0972635742342215e-06	5.00650399512702	-4.299694435048816e-06	4.858527809252875	-4.520366511316738e-06	4.722967082352082	-4.76400697450621e-06	4.601847782694314	-5.0320963881289494e-06	4.489915182734579	7.105123860071691e-06	4.383117103526306	-1.8857286172517769e-06	4.288109272228316	6.026940423693912e-06	4.196046492662555	4.292167866685266e-06	4.110680911562936	-4.6010752712909e-06	4.0322027194066745	-2.472193998007412e-06	3.96070270183904	-2.662966917961978e-06	3.8921776569619633	0.0	3.8320100502512564	0.0	3.773626870735477	-3.4270517758982304e-06	3.7181974058913356	-7.503958338023307e-06	3.6674106314074133	-4.125514657953579e-06	3.621365670827117	-4.54861790245034e-06	3.5768394017223146	-5.036032814789821e-06	3.53346095289271	-5.59738042596065e-06
8	5	9	0	0	1203	7719	1096	5982	1034	3354	1047	1898	1007	1373	988	1154	984	1098	975	1030	954	1031	935	992	933	972	902	971	888	952	882	950	888	948	891	906	893	888	902	879	909	897	892	899	886	891	878	893	874	895	861	895	831	879	835	868	828	872	793	843	753	4079	4095	115.0	327.76104650579936	235.73023986816406	16	1	0.7683200836181641	0.028246991695384444	2.8662420382165608			3.0338183743979017	4.591663741976932	3.5613322502030873	11.081266324583664	3.594396356936768	11.359864521591872	3.6468129571577848	8.864188305623015	3.473851248792604	7.700072906735461	3.361458900381056	7.074546346248161	3.28931973926124	6.979848706375947	3.219521859727909	6.561345394317747	3.1069858329262336	6.425677781240262	3.0063342014726215	5.966199554940759	2.977216159295424	5.616873735914476	2.860858257477243	5.353106565962842	2.813777369371653	4.982727938867371	2.7882274839566277	4.70529965329371	2.810304449648712	4.463907331544004	2.823372837315419	4.058594274963043	2.845761631612492	3.793899000256345	2.8859382498800192	3.5936222403924774	2.9379444085326436	3.5036325287086942	2.92516560634879	3.3725990396158463	2.939712664653771	3.221374597780108	2.964113297998042	3.129599775706175	3.0053987139369345	3.068431157432803	3.0427253772484715	3.002046087277362	3.0071650864876602	2.921430470619516	3.0927071373013817	2.8579895294853643	3.159340659340659	2.8587352063731437	3.117138364779874	2.7621231979030143	3.056502679006332	4.8689943300507315	4.867872044506258	2.982365145228216	5.313558386292465	4.128407197885382	4.597701149425287	4.761904761904762	4.874044344473397	6.976521739130434	5.053100000000001	0.22043759953141023	17.239376550350816	-1.2398049882123157e-05	10.328173166298358	-6.728569506122998e-06	8.2049133332143	-4.9597614553130456e-06	7.190773652048513	-5.1874269221232345e-06	6.586781482235182	-3.2646949360228615e-06	6.163870544320932	-4.5576618283288305e-06	5.8395102340488165	-4.7675122644253004e-06	5.578325689360063	-4.9865612175187866e-06	5.359341100634179	-3.911470386909612e-06	5.1711957301108855	-4.0972635742342215e-06	5.00650399512702	-4.299694435048816e-06	4.858527809252875	-4.520366511316738e-06	4.722967082352082	-4.76400697450621e-06	4.601847782694314	-5.0320963881289494e-06	4.489915182734579	7.105123860071691e-06	4.383117103526306	-1.8857286172517769e-06	4.288109272228316	6.026940423693912e-06	4.196046492662555	4.292167866685266e-06	4.110680911562936	-4.6010752712909e-06	4.0322027194066745	-2.472193998007412e-06	3.96070270183904	-2.662966917961978e-06	3.8921776569619633	0.0	3.8320100502512564	0.0	3.773626870735477	-3.4270517758982304e-06	3.7181974058913356	-7.503958338023307e-06	3.6674106314074133	-4.125514657953579e-06	3.621365670827117	-4.54861790245034e-06	3.5768394017223146	-5.036032814789821e-06	3.53346095289271	-5.59738042596065e-06
9	13	11	0	0	1105	11682	950	5976	850	2412	836	1397	803	1024	754	917	720	831	699	819	687	759	691	721	691	713	701	679	685	693	687	698	692	697	685	683	669	690	679	692	683	684	674	672	670	685	667	678	649	666	647	671	651	654	641	645	627	644	611	649	600	4079	4095	93.0	294.07569155004796	192.89582347869873	16	1	0.7946720123291016	0.07344217840799955	3.5031847133757963			2.786674400423675	6.949062810438465	3.086921202274574	11.070151714428617	2.9547745680814823	8.16934801016088	2.9118773946360155	6.524378852979637	2.770111770387747	5.742807470136279	2.565323897659227	5.621628249141737	2.406819321410664	5.282563091983981	2.308149517897239	5.217225124219646	2.2374206155349294	4.730445621688999	2.221793511462654	4.336320442653515	2.2049907460590976	4.120196475007224	2.223349931808811	3.7433155080213902	2.170537722995025	3.627132837851984	2.1717826320614546	3.45715700842001	2.1900120260776	3.2820078165465936	2.170606502313201	3.059624602427989	2.1319311663479925	2.9479620610099975	2.1724524076147818	2.829108748977923	2.2074983839689724	2.6716662760721817	2.2102708729586147	2.5210084033613445	2.2230332791399845	2.4765898984055825	2.2517808311670775	2.376112707647018	2.2316976720195316	2.2833241908941306	2.286461462345832	2.250696005098447	2.3557935876094667	2.1736240361605956	2.374162006000222	2.123736459122189	2.3923992673992673	2.111267744156313	2.4017295597484276	2.1264744429882043	2.4354603019970775	4.8689943300507315	4.867872044506258	2.411825726141079	4.767462069391659	3.3782365238200276	4.597701149425287	4.761904761904762	5.041214866028242	6.976521739130434	5.053100000000001	0.22043759953141023	17.239376550350816	-1.2398049882123157e-05	10.328173166298358	-6.728569506122998e-06	8.2049133332143	-4.9597614553130456e-06	7.190773652048513	-5.1874269221232345e-06	6.586781482235182	-3.2646949360228615e-06	6.163870544320932	-4.5576618283288305e-06	5.8395102340488165	-4.7675122644253004e-06	5.578325689360063	-4.9865612175187866e-06	5.359341100634179	-3.911470386909612e-06	5.1711957301108855	-4.0972635742342215e-06	5.00650399512702	-4.299694435048816e-06	4.858527809252875	-4.520366511316738e-06	4.722967082352082	-4.76400697450621e-06	4.601847782694314	-5.0320963881289494e-06	4.489915182734579	7.105123860071691e-06	4.383117103526306	-1.8857286172517769e-06	4.288109272228316	6.026940423693912e-06	4.196046492662555	4.292167866685266e-06	4.110680911562936	-4.6010752712909e-06	4.0322027194066745	-2.472193998007412e-06	3.96070270183904	-2.662966917961978e-06	3.8921776569619633	0.0	3.8320100502512564	0.0	3.773626870735477	-3.4270517758982304e-06	3.7181974058913356	-7.503958338023307e-06	3.6674106314074133	-4.125514657953579e-06	3.621365670827117	-4.54861790245034e-06	3.5768394017223146	-5.036032814789821e-06	3.53346095289271	-5.59738042596065e-06
10	33	6	0	0	1140	13876	833	4835	706	1816	659	1142	605	840	561	697	591	646	602	599	581	565	592	598	580	598	566	570	584	593	556	582	547	572	540	563	552	543	563	537	570	544	565	549	577	564	571	569	567	562	567	578	550	564	551	570	556	556	542	551	540	4080	4095	81.0	269.7160269089278	165.87513828277588	15	1	0.8121099472045898	0.18643014518953732	1.910828025477707			2.8749401054144705	8.254168426437609	2.7067424857839155	8.9565233499435	2.454200994194737	6.150719729043184	2.295367467781261	5.333457874089296	2.0870705119359734	4.710896752846167	1.908682634730539	4.272927905836195	1.9755975263245864	4.1065412243341175	1.987848368775591	3.8157727098993504	1.8921999674320142	3.5213462137737612	1.9034757724831999	3.596559812353401	1.8507881804837578	3.455648656457671	1.7951726981509086	3.142400352830917	1.850502233911087	3.1037370459541505	1.7576581418139285	2.8826151560178306	1.7311222229255014	2.693412440551867	1.711135052918436	2.522062446803745	1.7590822179732315	2.3199179697513457	1.8013117901135818	2.195421095666394	1.8422753716871365	2.1248339973439574	1.8528235062635272	2.0595738295318124	1.9144629881548823	2.039119274015691	1.9276864386752641	1.994112287096096	1.949726625631856	1.9267690619857378	2.003745980139237	1.9387515513366653	1.9903018021278136	1.8745014623770273	2.0408163265306123	1.87679035922426	2.1214896214896215	1.8227715306691146	2.130503144654088	1.8053735255570118	2.1919142717973696	4.8701880035810206	4.867872044506258	2.1006224066390042	4.372550893335214	2.905015984456769	4.310344827586207	4.761904761904762	5.151837078920192	6.976521739130434	5.053100000000001	0.22043759953141023	17.239376550350816	-1.2398049882123157e-05	10.328173166298358	-6.728569506122998e-06	8.2049133332143	-4.9597614553130456e-06	7.190773652048513	-5.1874269221232345e-06	6.586781482235182	-3.2646949360228615e-06	6.163870544320932	-4.5576618283288305e-06	5.8395102340488165	-4.7675122644253004e-06	5.578325689360063	-4.9865612175187866e-06	5.359341100634179	-3.911470386909612e-06	5.1711957301108855	-4.0972635742342215e-06	5.00650399512702	-4.299694435048816e-06	4.858527809252875	-4.520366511316738e-06	4.722967082352082	-4.76400697450621e-06	4.601847782694314	-5.0320963881289494e-06	4.489915182734579	7.105123860071691e-06	4.383117103526306	-1.8857286172517769e-06	4.288109272228316	6.026940423693912e-06	4.196046492662555	4.292167866685266e-06	4.110680911562936	-4.6010752712909e-06	4.0322027194066745	-2.472193998007412e-06	3.96070270183904	-2.662966917961978e-06	3.8921776569619633	0.0	3.8320100502512564	0.0	3.773626870735477	-3.4270517758982304e-06	3.7181974058913356	-7.503958338023307e-06	3.6674106314074133	-4.125514657953579e-06	3.621365670827117	-4.54861790245034e-06	3.5768394017223146	-5.036032814789821e-06	3.53346095289271	-5.59738042596065e-06
11	76	6	0	0	1127	14869	798	4059	681	1580	597	980	578	737	529	631	520	607	509	576	491	529	498	522	497	492	504	507	500	502	505	496	513	497	536	506	528	514	555	534	540	528	524	554	523	540	523	525	525	526	509	523	505	524	504	498	488	503	479	494	480	4081	4095	75.0	252.03478552511476	150.81340312957764	14	1	0.8214426040649414	0.42935427376984353	1.910828025477707			2.842155700703604	8.844856610889364	2.5930138099106417	7.5190337698905205	2.367295859839399	5.351397121083827	2.0794148380355275	4.5768727816177845	1.9939285221470953	4.133251079580505	1.7998094719651605	3.8683178028445315	1.7382583987965903	3.8586231008836056	1.6807555144630826	3.6692572302204103	1.5990880964012375	3.296977251480212	1.6012346869875567	3.1394719432248754	1.5859340098283234	2.843108928055475	1.5985283389895018	2.7950824190969734	1.584334104375931	2.6274468753271227	1.5964341036259604	2.4566617137196634	1.6235204759794923	2.3402552149550315	1.6984599784523733	2.266720422882229	1.6826003824091778	2.1960181150132443	1.7757158854583268	2.1831561733442353	1.7453135100193924	2.0623388797750173	1.718370827047944	2.078331332533013	1.735293141776436	1.9523482410788533	1.7656392424293577	1.8399102824700357	1.8053024311406072	1.8033461327482174	1.7987772555394566	1.754268272230235	1.8274589274082653	1.7415580962509971	1.866735805029816	1.639722103322248	1.862026862026862	1.649018129364325	1.8828616352201257	1.618610747051114	1.948368241597662	4.8713816771113105	4.867872044506258	1.9450207468879668	4.0859082021533055	2.6412357590012543	4.022988505747127	4.761904761904762	5.211041288674669	6.976521739130434	5.053100000000001	0.22043759953141023	17.239376550350816	-1.2398049882123157e-05	10.328173166298358	-6.728569506122998e-06	8.2049133332143	-4.9597614553130456e-06	7.190773652048513	-5.1874269221232345e-06	6.586781482235182	-3.2646949360228615e-06	6.163870544320932	-4.5576618283288305e-06	5.8395102340488165	-4.7675122644253004e-06	5.578325689360063	-4.9865612175187866e-06	5.359341100634179	-3.911470386909612e-06	5.1711957301108855	-4.0972635742342215e-06	5.00650399512702	-4.299694435048816e-06	4.858527809252875	-4.520366511316738e-06	4.722967082352082	-4.76400697450621e-06	4.601847782694314	-5.0320963881289494e-06	4.489915182734579	7.105123860071691e-06	4.383117103526306	-1.8857286172517769e-06	4.288109272228316	6.026940423693912e-06	4.196046492662555	4.292167866685266e-06	4.110680911562936	-4.6010752712909e-06	4.0322027194066745	-2.472193998007412e-06	3.96070270183904	-2.662966917961978e-06	3.8921776569619633	0.0	3.8320100502512564	0.0	3.773626870735477	-3.4270517758982304e-06	3.7181974058913356	-7.503958338023307e-06	3.6674106314074133	-4.125514657953579e-06	3.621365670827117	-4.54861790245034e-06	3.5768394017223146	-5.036032814789821e-06	3.53346095289271	-5.59738042596065e-06
12	375	3	0	0	1166	14241	786	3279	590	1326	521	835	459	603	464	531	479	463	440	464	454	477	460	442	474	451	472	463	468	468	484	475	480	473	461	490	456	467	463	457	456	464	445	459	435	448	411	444	392	423	371	395	363	380	363	357	353	368	353	358	355	4080	4095	68.0	225.4464641396786	130.57297039031982	15	1	0.8295125961303711	2.1185243771538333	0.9554140127388535			2.940508914836204	8.471289461004467	2.554021121039805	6.074134449734175	2.0509611707859703	4.491109229466553	1.8146987112504354	3.899682421072296	1.5834138264109288	3.3817508832931416	1.5786608600979857	3.255272192251103	1.6012034096607053	2.943233106604793	1.4529124290054154	2.9557905465664414	1.4785865494219184	2.9728887503895294	1.4790521205105944	2.6583268178264268	1.5125406854298296	2.6061831840508525	1.4970344761965175	2.552511163790727	1.4829367216958713	2.449492306081859	1.5300477349603263	2.352649826646855	1.519083486296601	2.2272449027640437	1.4608023322137018	2.1950454687989964	1.4531548757170172	1.995214902161839	1.4813629819228922	1.868356500408831	1.473820297349709	1.8123584094992577	1.4593034695349905	1.7219387755102038	1.4433126513819303	1.6197259481543078	1.3875291178555755	1.556038410317516	1.3479591485849869	1.4502194185408668	1.3110930487330812	1.324925368127998	1.313599189404357	1.2629619781972878	1.344494240527427	1.1754634355141418	1.346916971916972	1.2064387109464643	1.3875786163522013	1.1730013106159893	1.4409806786816042	4.8701880035810206	4.867872044506258	1.7634854771784232	3.6548667480782435	2.2867596075503434	4.310344827586207	4.761904761904762	5.262235445934263	6.976521739130434	5.053100000000001	0.22043759953141023	17.239376550350816	-1.2398049882123157e-05	10.328173166298358	-6.728569506122998e-06	8.2049133332143	-4.9597614553130456e-06	7.190773652048513	-5.1874269221232345e-06	6.586781482235182	-3.2646949360228615e-06	6.163870544320932	-4.5576618283288305e-06	5.8395102340488165	-4.7675122644253004e-06	5.578325689360063	-4.9865612175187866e-06	5.359341100634179	-3.911470386909612e-06	5.1711957301108855	-4.0972635742342215e-06	5.00650399512702	-4.299694435048816e-06	4.858527809252875	-4.520366511316738e-06	4.722967082352082	-4.76400697450621e-06	4.601847782694314	-5.0320963881289494e-06	4.489915182734579	7.105123860071691e-06	4.383117103526306	-1.8857286172517769e-06	4.288109272228316	6.026940423693912e-06	4.196046492662555	4.292167866685266e-06	4.110680911562936	-4.6010752712909e-06	4.0322027194066745	-2.472193998007412e-06	3.96070270183904	-2.662966917961978e-06	3.8921776569619633	0.0	3.8320100502512564	0.0	3.773626870735477	-3.4270517758982304e-06	3.7181974058913356	-7.503958338023307e-06	3.6674106314074133	-4.125514657953579e-06	3.621365670827117	-4.54861790245034e-06	3.5768394017223146	-5.036032814789821e-06	3.53346095289271	-5.59738042596065e-06
13	741	5	0	0	1186	13215	735	2352	592	942	512	695	454	562	445	489	429	446	403	438	424	418	410	426	397	422	383	409	371	391	375	381	381	373	371	379	382	375	370	377	366	376	367	366	349	366	340	347	342	345	327	343	314	329	319	314	314	319	292	309	299	4082	4095	61.0	196.25626798401572	110.95973300933838	13	1	0.8358526229858398	4.186204169255974	1.5923566878980893			2.99094646054523	7.8609711556192705	2.388302193338749	4.356927180779134	2.057913581534397	3.1905165114309906	1.7833507488679905	3.2458434522697552	1.5661653097833586	3.151814256070888	1.5140174197060425	2.9977930358018634	1.434063179007187	2.835166232280211	1.3307357020208692	2.7901643521467703	1.3808825924116592	2.6051729510751014	1.3182855856724864	2.562097792746737	1.2668325994000893	2.4386015602427045	1.2147546703035301	2.2548100777330613	1.1755759054469406	2.046477546320528	1.1854708690291784	1.887072808320951	1.205772517247927	1.756368601968263	1.1756131567272958	1.6978004748465707	1.2173358827278522	1.6021532940271728	1.1838105903055511	1.5412919051512672	1.182934712346477	1.4686352628700883	1.2035154456614416	1.3730492196878752	1.1579680812236637	1.3232582522867784	1.1478343067418386	1.216093081937338	1.1760255837144529	1.1828030718595721	1.1555995335194544	1.150504813336464	1.1362813924875153	1.0934591863865992	1.1815252416756177	1.0338810049059959	1.1981074481074483	1.0457987738910928	1.1477987421383646	1.0124508519003932	1.2136710504952104	4.8725753506416	4.867872044506258	1.5819502074688796	3.181644523430202	1.9432676973789413	3.7356321839080464	4.761904761904762	5.302455105289236	6.976521739130434	5.053100000000001	0.22043759953141023	17.239376550350816	-1.2398049882123157e-05	10.328173166298358	-6.728569506122998e-06	8.2049133332143	-4.9597614553130456e-06	7.190773652048513	-5.1874269221232345e-06	6.586781482235182	-3.2646949360228615e-06	6.163870544320932	-4.5576618283288305e-06	5.8395102340488165	-4.7675122644253004e-06	5.578325689360063	-4.9865612175187866e-06	5.359341100634179	-3.911470386909612e-06	5.1711957301108855	-4.0972635742342215e-06	5.00650399512702	-4.299694435048816e-06	4.858527809252875	-4.520366511316738e-06	4.722967082352082	-4.76400697450621e-06	4.601847782694314	-5.0320963881289494e-06	4.489915182734579	7.105123860071691e-06	4.383117103526306	-1.8857286172517769e-06	4.288109272228316	6.026940423693912e-06	4.196046492662555	4.292167866685266e-06	4.110680911562936	-4.6010752712909e-06	4.0322027194066745	-2.472193998007412e-06	3.96070270183904	-2.662966917961978e-06	3.8921776569619633	0.0	3.8320100502512564	0.0	3.773626870735477	-3.4270517758982304e-06	3.7181974058913356	-7.503958338023307e-06	3.6674106314074133	-4.125514657953579e-06	3.621365670827117	-4.54861790245034e-06	3.5768394017223146	-5.036032814789821e-06	3.53346095289271	-5.59738042596065e-06
14	1607	6	0	0	1397	12364	734	2235	539	896	472	591	452	484	398	442	405	422	352	394	346	367	356	351	343	360	324	348	306	332	314	307	315	311	309	319	315	310	311	319	297	312	306	298	310	306	308	308	298	307	291	296	284	287	278	279	268	276	270	267	259	4082	4095	58.0	179.70000071287024	101.7554817199707	13	1	0.8361787796020508	9.07858313089656	1.910828025477707			3.523062567775452	7.354751976396266	2.3850528025995126	4.140192282755682	1.873674696701081	3.0347163420829806	1.6440264716126787	2.7601345040164396	1.5592659031323306	2.7143738433066007	1.354109961894393	2.709661598822952	1.3538358682934983	2.682601233233742	1.1623299432043324	2.509873869282711	1.126852304184986	2.2873169211592397	1.1446577280473296	2.111024237685692	1.094517837768843	2.0803236058942502	1.0276253607789654	1.9185181101494018	0.9696124718780696	1.737674029100806	0.9926342743337653	1.5205547300643882	0.9968985378821444	1.4644252954748787	0.9791495025033271	1.429019397034449	1.0038240917782026	1.3244467230624626	0.9950407934730444	1.3041700735895339	0.9599224305106658	1.2186547925943287	1.0034760936577687	1.1179471788715487	1.028567636617008	1.1063306699446833	1.0398028425779007	1.0794140323824208	1.024724046628383	1.0525233132199672	1.028377566526487	0.9928554657364237	1.0277194760078165	0.9538686519542675	1.0296677654727953	0.9186394916202956	1.0225885225885225	0.9048290332098483	1.0613207547169812	0.8748361730013107	1.0513070303620717	4.8725753506416	4.867872044506258	1.504149377593361	2.913239556634558	1.7820711648703298	3.7356321839080464	4.761904761904762	5.304524167187461	6.976521739130434	5.053100000000001	0.22043759953141023	17.239376550350816	-1.2398049882123157e-05	10.328173166298358	-6.728569506122998e-06	8.2049133332143	-4.9597614553130456e-06	7.190773652048513	-5.1874269221232345e-06	6.586781482235182	-3.2646949360228615e-06	6.163870544320932	-4.5576618283288305e-06	5.8395102340488165	-4.7675122644253004e-06	5.578325689360063	-4.9865612175187866e-06	5.359341100634179	-3.911470386909612e-06	5.1711957301108855	-4.0972635742342215e-06	5.00650399512702	-4.299694435048816e-06	4.858527809252875	-4.520366511316738e-06	4.722967082352082	-4.76400697450621e-06	4.601847782694314	-5.0320963881289494e-06	4.489915182734579	7.105123860071691e-06	4.383117103526306	-1.8857286172517769e-06	4.288109272228316	6.026940423693912e-06	4.196046492662555	4.292167866685266e-06	4.110680911562936	-4.6010752712909e-06	4.0322027194066745	-2.472193998007412e-06	3.96070270183904	-2.662966917961978e-06	3.8921776569619633	0.0	3.8320100502512564	0.0	3.773626870735477	-3.4270517758982304e-06	3.7181974058913356	-7.503958338023307e-06	3.6674106314074133	-4.125514657953579e-06	3.621365670827117	-4.54861790245034e-06	3.5768394017223146	-5.036032814789821e-06	3.53346095289271	-5.59738042596065e-06
15	2117	4	0	0	1317	10865	786	1704	590	867	482	602	393	490	360	409	359	362	346	359	334	349	320	333	304	320	295	307	295	292	290	295	282	289	290	288	277	293	279	278	276	280	260	272	259	260	257	257	263	259	248	258	232	238	223	233	209	221	206	207	201	4083	4095	55.0	155.72953829628304	91.22034072875977	12	1	0.8349695205688477	11.959776283825772	1.2738853503184715			3.321312384939349	6.463068604298401	2.554021121039805	3.1565492840338627	2.0509611707859703	2.93649449618967	1.6788575409265063	2.8115075658509245	1.3557334069270044	2.7480231058269307	1.2248230811105063	2.507356547327121	1.2000668560922614	2.3011887356175706	1.142517500990622	2.286915530640846	1.0877707213808825	2.175132440012465	1.0289058229638919	2.0027665844710407	0.9700682877018316	1.849176538572667	0.9356465476228234	1.6924858040685817	0.9347571215817991	1.5283157123416728	0.9167641387158979	1.4611193660227835	0.8924615481992532	1.3608325092998068	0.9189428987895303	1.2901491734981858	0.8827278521351178	1.251815773733231	0.8926571748520237	1.1365494685200328	0.8920491273432449	1.0936645574564485	0.852626746245163	1.0204081632653061	0.8593516705929194	0.9400195234824108	0.867627696566625	0.9006798906567604	0.904370551219009	0.8879594075699395	0.8764179948404425	0.865394291081072	0.839545487443005	0.7910130284498804	0.8259565169080336	0.7671792170162326	0.7974664224664224	0.7245188997803494	0.809748427672956	0.6782437745740497	0.8158792011690209	4.873769024171889	4.867872044506258	1.4263485477178424	2.5246380039033323	1.5975664024640432	3.4482758620689653	4.761904761904762	5.29685290845369	6.976521739130434	5.053100000000001	0.22043759953141023	17.239376550350816	-1.2398049882123157e-05	10.328173166298358	-6.728569506122998e-06	8.2049133332143	-4.9597614553130456e-06	7.190773652048513	-5.1874269221232345e-06	6.586781482235182	-3.2646949360228615e-06	6.163870544320932	-4.5576618283288305e-06	5.8395102340488165	-4.7675122644253004e-06	5.578325689360063	-4.9865612175187866e-06	5.359341100634179	-3.911470386909612e-06	5.1711957301108855	-4.0972635742342215e-06	5.00650399512702	-4.299694435048816e-06	4.858527809252875	-4.520366511316738e-06	4.722967082352082	-4.76400697450621e-06	4.601847782694314	-5.0320963881289494e-06	4.489915182734579	7.105123860071691e-06	4.383117103526306	-1.8857286172517769e-06	4.288109272228316	6.026940423693912e-06	4.196046492662555	4.292167866685266e-06	4.110680911562936	-4.6010752712909e-06	4.0322027194066745	-2.472193998007412e-06	3.96070270183904	-2.662966917961978e-06	3.8921776569619633	0.0	3.8320100502512564	0.0	3.773626870735477	-3.4270517758982304e-06	3.7181974058913356	-7.503958338023307e-06	3.6674106314074133	-4.125514657953579e-06	3.621365670827117	-4.54861790245034e-06	3.5768394017223146	-5.036032814789821e-06	3.53346095289271	-5.59738042596065e-06
16	1442	3	0	0	1506	12540	797	1777	556	853	452	566	378	477	341	376	318	342	311	320	296	311	283	296	280	284	282	277	278	276	273	278	262	269	257	262	249	253	250	247	237	244	233	233	240	241	235	246	230	235	219	235	222	220	218	214	217	213	211	217	192	3885	3897	53.0	139.8477067764006	84.20058917999268	12	1	0.835108757019043	8.146432404948872	0.9554140127388535			3.7979471918896426	7.459445954707958	2.5897644191714053	3.29177704092029	1.9327701880627108	2.8890770533446233	1.5743643329850225	2.6433775453017	1.3039878570442942	2.675116370366216	1.1601796407185627	2.30505149583129	1.0630118669563764	2.17405123641218	1.0269449214106459	2.038476239011339	0.9640123758345547	1.938298535369274	0.9099385871836918	1.7802369639742588	0.8934839491990554	1.641144177983242	0.8944146658631736	1.5270963118143228	0.8808897620330176	1.4445723856380195	0.8630227926532419	1.3769192669638435	0.8291664029368947	1.2666572491406507	0.8143735344445149	1.1736773731129329	0.7934990439770554	1.0809194223703325	0.7998720204767237	1.009811937857727	0.7659987071751777	0.9530505429263338	0.7640847379812422	0.8740996398559424	0.7963104283486513	0.8713257890740808	0.7933560649539179	0.8621293895002453	0.7908943984044564	0.8056774547449259	0.7739336325405519	0.7882467380002013	0.8033581819497719	0.7311885136931667	0.8074373124930553	0.7046195383754239	0.827991452991453	0.6982919712815133	0.8294025157232704	0.7110091743119267	0.7793472966390648	4.637421665174575	4.632502407189473	1.3744813278008299	2.2671667761237915	1.474627602429288	3.4482758620689653	4.761904761904762	5.2977361921880215	6.976521739130434	5.053100000000001	0.22043759953141023	17.239376550350816	-1.2398049882123157e-05	10.328173166298358	-6.728569506122998e-06	8.2049133332143	-4.9597614553130456e-06	7.190773652048513	-5.1874269221232345e-06	6.586781482235182	-3.2646949360228615e-06	6.163870544320932	-4.5576618283288305e-06	5.8395102340488165	-4.7675122644253004e-06	5.578325689360063	-4.9865612175187866e-06	5.359341100634179	-3.911470386909612e-06	5.1711957301108855	-4.0972635742342215e-06	5.00650399512702	-4.299694435048816e-06	4.858527809252875	-4.520366511316738e-06	4.722967082352082	-4.76400697450621e-06	4.601847782694314	-5.0320963881289494e-06	4.489915182734579	7.105123860071691e-06	4.383117103526306	-1.8857286172517769e-06	4.288109272228316	6.026940423693912e-06	4.196046492662555	4.292167866685266e-06	4.110680911562936	-4.6010752712909e-06	4.0322027194066745	-2.472193998007412e-06	3.96070270183904	-2.662966917961978e-06	3.8921776569619633	0.0	3.8320100502512564	0.0	3.773626870735477	-3.4270517758982304e-06	3.7181974058913356	-7.503958338023307e-06	3.6674106314074133	-4.125514657953579e-06	3.621365670827117	-4.54861790245034e-06	3.5768394017223146	-5.036032814789821e-06	3.53346095289271	-5.59738042596065e-06
17	5246	2	0	0	1640	8684	753	1435	493	723	392	472	383	387	337	380	297	328	281	285	264	273	263	264	252	259	256	262	261	260	252	263	246	246	243	244	238	238	235	239	226	229	225	224	212	216	199	199	196	196	189	192	188	188	183	184	171	179	160	164	156	4083	4095	51.0	127.45573245172594	78.47403717041016	12	1	0.8258609771728516	29.636743686797356	0.6369426751592357			4.135878748140116	5.165696066242735	2.4467912266450043	2.6582442620825075	1.7137692494872598	2.4487722269263337	1.365377917102055	2.2043713805342797	1.3212363736718642	2.1703774325612697	1.1465704953728906	2.3295733202550273	0.9928129700818987	2.0850549869684065	0.9278827103420949	1.815517900369474	0.8597948216902785	1.701464630726083	0.8456319732484486	1.5877789138148795	0.80413555427915	1.4966772609072523	0.8119509023438739	1.4444015656871934	0.8270224024842359	1.3608290589343661	0.7966364239876079	1.3026250619118376	0.7785302867270081	1.1583556999576212	0.7700107738132961	1.0930430497692962	0.7584448693435308	1.0168332906092454	0.7518796992481203	0.9771054783319706	0.7304460245636716	0.8944613702054526	0.7378500688660065	0.8403361344537815	0.7034075450413086	0.7809392964315413	0.6718206677694879	0.6974136118314993	0.6739795742924934	0.6719692814042787	0.6679153267130792	0.6440143561533559	0.6803213432727798	0.6248338207923425	0.677802881588207	0.6058410984162523	0.6524725274725275	0.5868275251614595	0.628930817610063	0.5373525557011796	0.6332196785192401	4.873769024171889	4.867872044506258	1.3226141078838174	2.0662720090440465	1.3743369543196209	3.4482758620689653	4.761904761904762	5.23907042251817	6.976521739130434	5.053100000000001	0.22043759953141023	17.239376550350816	-1.2398049882123157e-05	10.328173166298358	-6.728569506122998e-06	8.2049133332143	-4.9597614553130456e-06	7.190773652048513	-5.1874269221232345e-06	6.586781482235182	-3.2646949360228615e-06	6.163870544320932	-4.5576618283288305e-06	5.8395102340488165	-4.7675122644253004e-06	5.578325689360063	-4.9865612175187866e-06	5.359341100634179	-3.911470386909612e-06	5.1711957301108855	-4.0972635742342215e-06	5.00650399512702	-4.299694435048816e-06	4.858527809252875	-4.520366511316738e-06	4.722967082352082	-4.76400697450621e-06	4.601847782694314	-5.0320963881289494e-06	4.489915182734579	7.105123860071691e-06	4.383117103526306	-1.8857286172517769e-06	4.288109272228316	6.026940423693912e-06	4.196046492662555	4.292167866685266e-06	4.110680911562936	-4.6010752712909e-06	4.0322027194066745	-2.472193998007412e-06	3.96070270183904	-2.662966917961978e-06	3.8921776569619633	0.0	3.8320100502512564	0.0	3.773626870735477	-3.4270517758982304e-06	3.7181974058913356	-7.503958338023307e-06	3.6674106314074133	-4.125514657953579e-06	3.621365670827117	-4.54861790245034e-06	3.5768394017223146	-5.036032814789821e-06	3.53346095289271	-5.59738042596065e-06
18	1158	3	0	0	2349	14454	850	2167	540	805	375	528	343	380	312	346	271	296	243	266	240	245	238	231	233	228	228	224	196	226	192	195	196	187	184	196	174	178	172	169	165	168	162	159	159	159	154	156	147	151	147	150	138	140	134	134	129	128	130	131	122	3509	3520	48.0	105.02174379443248	68.82688426971436	11	1	0.8075065612792969	6.542003276651037	0.9554140127388535			5.92388974352508	8.597992968847592	2.761982128350934	4.014226700998463	1.8771509020752948	2.726502963590178	1.3061650992685474	2.465906968055296	1.183248240651304	2.131119959620885	1.0615133369624388	2.121137812653261	0.9059000501420692	1.8816349882397814	0.8024039096552635	1.6944833736781757	0.7816316560820713	1.5269554378311	0.7652487058293945	1.3893065495880195	0.7435062862977854	1.3175382837330252	0.7231437724000127	1.2349082088317989	0.6210589689153649	1.1828744896891028	0.6069610849429393	0.9658246656760773	0.6202924235711121	0.8805386824881104	0.5830534254388744	0.8780181875195987	0.5544933078393882	0.7604887635648979	0.550311950087986	0.6909239574816026	0.5332902391725921	0.6561987344738692	0.5312520495835247	0.5964885954381753	0.5275556587809814	0.5748580932065512	0.5199014212889503	0.5467161982196678	0.50548468071937	0.517690619857378	0.5194896985546171	0.5031362157448093	0.499384815806615	0.46530178144110607	0.4963146783214193	0.44121036515096634	0.4922161172161172	0.41963085598137895	0.511006289308176	0.4292267365661861	0.4952102614060724	4.188600417785736	4.184349107853976	1.2448132780082988	1.702579282776642	1.2053837665715936	3.1609195402298855	4.761904761904762	5.122634266689978	6.976521739130434	5.053100000000001	0.22043759953141023	17.239376550350816	-1.2398049882123157e-05	10.328173166298358	-6.728569506122998e-06	8.2049133332143	-4.9597614553130456e-06	7.190773652048513	-5.1874269221232345e-06	6.586781482235182	-3.2646949360228615e-06	6.163870544320932	-4.5576618283288305e-06	5.8395102340488165	-4.7675122644253004e-06	5.578325689360063	-4.9865612175187866e-06	5.359341100634179	-3.911470386909612e-06	5.1711957301108855	-4.0972635742342215e-06	5.00650399512702	-4.299694435048816e-06	4.858527809252875	-4.520366511316738e-06	4.722967082352082	-4.76400697450621e-06	4.601847782694314	-5.0320963881289494e-06	4.489915182734579	7.105123860071691e-06	4.383117103526306	-1.8857286172517769e-06	4.288109272228316	6.026940423693912e-06	4.196046492662555	4.292167866685266e-06	4.110680911562936	-4.6010752712909e-06	4.0322027194066745	-2.472193998007412e-06	3.96070270183904	-2.662966917961978e-06	3.8921776569619633	0.0	3.8320100502512564	0.0	3.773626870735477	-3.4270517758982304e-06	3.7181974058913356	-7.503958338023307e-06	3.6674106314074133	-4.125514657953579e-06	3.621365670827117	-4.54861790245034e-06	3.5768394017223146	-5.036032814789821e-06	3.53346095289271	-5.59738042596065e-06
19	3067	0	0	0	2466	10695	850	1475	490	657	364	435	335	356	304	342	266	285	244	256	221	231	217	218	183	194	161	172	150	158	150	149	153	154	150	146	153	152	138	142	132	133	127	132	122	124	121	119	116	120	105	106	105	107	93	93	89	89	84	85	79	3625	3636	46.0	78.4398726231969	60.96384620666504	11	1	0.7742338180541992	17.326704705948817	0.0			6.2189493859228815	6.3619437388837	2.761982128350934	2.732341663116166	1.703340633364619	2.225232853513971	1.2678509230233368	2.031571081636465	1.155650614047192	1.9965229095395658	1.0342950462710943	2.0966159882295243	0.8891860270767173	1.8117093636768162	0.8057059833575485	1.6307809912090712	0.7197524833089074	1.4397008413836085	0.6977267611973892	1.3111204667107716	0.5839555810836684	1.1210632765096793	0.510640997177202	0.948233088924417	0.4753002313127792	0.8269653511985763	0.47418834761167133	0.7379891035165923	0.48420786125704157	0.7251495032255026	0.47531529247734333	0.654033956009497	0.48757170172084136	0.6494061351790139	0.4415293553031515	0.580539656582175	0.4266321913380737	0.5194906647918132	0.4164753722043681	0.4951980792316926	0.40479113441056436	0.4483170035069959	0.4084939738698896	0.4170463306932081	0.3988858704996389	0.4114097641250686	0.3710640703961551	0.3555495924596652	0.37996670767894625	0.3556235043871311	0.344457202118597	0.3062131638734319	0.3395909645909646	0.2917745795495525	0.33018867924528306	0.27850589777195284	0.3206689397629485	4.327066547299314	4.322242430726436	1.1929460580912863	1.27164239753343	1.0676762626260061	3.1609195402298855	4.761904761904762	4.911559703628058	6.976521739130434	5.053100000000001	0.22043759953141023	17.239376550350816	-1.2398049882123157e-05	10.328173166298358	-6.728569506122998e-06	8.2049133332143	-4.9597614553130456e-06	7.190773652048513	-5.1874269221232345e-06	6.586781482235182	-3.2646949360228615e-06	6.163870544320932	-4.5576618283288305e-06	5.8395102340488165	-4.7675122644253004e-06	5.578325689360063	-4.9865612175187866e-06	5.359341100634179	-3.911470386909612e-06	5.1711957301108855	-4.0972635742342215e-06	5.00650399512702	-4.299694435048816e-06	4.858527809252875	-4.520366511316738e-06	4.722967082352082	-4.76400697450621e-06	4.601847782694314	-5.0320963881289494e-06	4.489915182734579	7.105123860071691e-06	4.383117103526306	-1.8857286172517769e-06	4.288109272228316	6.026940423693912e-06	4.196046492662555	4.292167866685266e-06	4.110680911562936	-4.6010752712909e-06	4.0322027194066745	-2.472193998007412e-06	3.96070270183904	-2.662966917961978e-06	3.8921776569619633	0.0	3.8320100502512564	0.0	3.773626870735477	-3.4270517758982304e-06	3.7181974058913356	-7.503958338023307e-06	3.6674106314074133	-4.125514657953579e-06	3.621365670827117	-4.54861790245034e-06	3.5768394017223146	-5.036032814789821e-06	3.53346095289271	-5.59738042596065e-06
20	1811	1	0	0	3059	11832	906	1650	468	645	389	419	309	325	263	296	198	231	159	174	140	154	131	135	124	129	122	122	114	116	114	108	111	109	104	102	101	99	100	99	98	101	93	94	92	93	85	85	80	81	79	80	82	81	81	82	72	72	70	72	68	3443	3455	44.0	66.86854742964934	55.416561126708984	12	1	0.7496204376220703	10.231060392068244	0.3184713375796179			7.714422616195496	7.038290632863202	2.9439480097481723	3.0565177926384233	1.626864115131922	2.18458933107536	1.3549285963079067	1.9568466280590322	1.0659583275838278	1.8226683865178621	0.8948013064779532	1.8146150073565472	0.6618753133879325	1.4684381158222617	0.5250297186633206	1.1084214549624156	0.4559517993812083	0.9598005609224058	0.42120832127584323	0.8119323991098816	0.39568574893101033	0.7454492921121063	0.3869453518982524	0.6725839351673191	0.3612281757977122	0.6071391186014865	0.3603831441848702	0.5349182763744428	0.351288056206089	0.5132551678674012	0.32955193611762473	0.45692783228060746	0.3218610579987253	0.4229684696231735	0.3199488081906895	0.40474243663123466	0.3167420814479638	0.39450042965393334	0.30497802846461597	0.35264105642256904	0.305252330866983	0.3362377526302469	0.28695857668545965	0.29789023620943433	0.27509370379285447	0.2777015907844213	0.2791815386790119	0.2683393150638983	0.2967359050445104	0.26921031640521137	0.300011111522649	0.26999440255506896	0.27472527472527475	0.23604235648952565	0.2751572327044025	0.235910878112713	0.27601883422633544	4.109817964786631	4.107081297623718	1.1410788381742738	1.0840517345239864	0.9705251645504229	3.4482758620689653	4.761904761904762	4.755418128975155	6.976521739130434	5.053100000000001	0.22043759953141023	17.239376550350816	-1.2398049882123157e-05	10.328173166298358	-6.728569506122998e-06	8.2049133332143	-4.9597614553130456e-06	7.190773652048513	-5.1874269221232345e-06	6.586781482235182	-3.2646949360228615e-06	6.163870544320932	-4.5576618283288305e-06	5.8395102340488165	-4.7675122644253004e-06	5.578325689360063	-4.9865612175187866e-06	5.359341100634179	-3.911470386909612e-06	5.1711957301108855	-4.0972635742342215e-06	5.00650399512702	-4.299694435048816e-06	4.858527809252875	-4.520366511316738e-06	4.722967082352082	-4.76400697450621e-06	4.601847782694314	-5.0320963881289494e-06	4.489915182734579	7.105123860071691e-06	4.383117103526306	-1.8857286172517769e-06	4.288109272228316	6.026940423693912e-06	4.196046492662555	4.292167866685266e-06	4.110680911562936	-4.6010752712909e-06	4.0322027194066745	-2.472193998007412e-06	3.96070270183904	-2.662966917961978e-06	3.8921776569619633	0.0	3.8320100502512564	0.0	3.773626870735477	-3.4270517758982304e-06	3.7181974058913356	-7.503958338023307e-06	3.6674106314074133	-4.125514657953579e-06	3.621365670827117	-4.54861790245034e-06	3.5768394017223146	-5.036032814789821e-06	3.53346095289271	-5.59738042596065e-06
