	counts(inten<0.01	MicrocoloniesPlatonic	MicrocoloniesAggregates	MicrocoloniesLarge	counts(Norminten<0.01	counts(inten<0.02	counts(Norminten<0.02	counts(inten<0.03	counts(Norminten<0.03	counts(inten<0.04	counts(Norminten<0.04	counts(inten<0.05	counts(Norminten<0.05	counts(inten<0.060000000000000005	counts(Norminten<0.060000000000000005	counts(inten<0.06999999999999999	counts(Norminten<0.06999999999999999	counts(inten<0.08	counts(Norminten<0.08	counts(inten<0.09	counts(Norminten<0.09	counts(inten<0.09999999999999999	counts(Norminten<0.09999999999999999	counts(inten<0.11	counts(Norminten<0.11	counts(inten<0.12	counts(Norminten<0.12	counts(inten<0.13	counts(Norminten<0.13	counts(inten<0.14	counts(Norminten<0.14	counts(inten<0.15000000000000002	counts(Norminten<0.15000000000000002	counts(inten<0.16	counts(Norminten<0.16	counts(inten<0.17	counts(Norminten<0.17	counts(inten<0.18000000000000002	counts(Norminten<0.18000000000000002	counts(inten<0.19	counts(Norminten<0.19	counts(inten<0.2	counts(Norminten<0.2	counts(inten<0.21000000000000002	counts(Norminten<0.21000000000000002	counts(inten<0.22	counts(Norminten<0.22	counts(inten<0.23	counts(Norminten<0.23	counts(inten<0.24000000000000002	counts(Norminten<0.24000000000000002	counts(inten<0.25	counts(Norminten<0.25	counts(inten<0.26	counts(Norminten<0.26	counts(inten<0.27	counts(Norminten<0.27	counts(inten<0.28	counts(Norminten<0.28	counts(inten<0.29000000000000004	counts(Norminten<0.29000000000000004	diff	max	med	std	mean	min	eigenLocal	minProp	counts(inten<0.01Normalized	MicrocoloniesPlatonicNormalized	MicrocoloniesAggregatesNormalized	MicrocoloniesLargeNormalized	counts(Norminten<0.01Normalized	counts(inten<0.02Normalized	counts(Norminten<0.02Normalized	counts(inten<0.03Normalized	counts(Norminten<0.03Normalized	counts(inten<0.04Normalized	counts(Norminten<0.04Normalized	counts(inten<0.05Normalized	counts(Norminten<0.05Normalized	counts(inten<0.060000000000000005Normalized	counts(Norminten<0.060000000000000005Normalized	counts(inten<0.06999999999999999Normalized	counts(Norminten<0.06999999999999999Normalized	counts(inten<0.08Normalized	counts(Norminten<0.08Normalized	counts(inten<0.09Normalized	counts(Norminten<0.09Normalized	counts(inten<0.09999999999999999Normalized	counts(Norminten<0.09999999999999999Normalized	counts(inten<0.11Normalized	counts(Norminten<0.11Normalized	counts(inten<0.12Normalized	counts(Norminten<0.12Normalized	counts(inten<0.13Normalized	counts(Norminten<0.13Normalized	counts(inten<0.14Normalized	counts(Norminten<0.14Normalized	counts(inten<0.15000000000000002Normalized	counts(Norminten<0.15000000000000002Normalized	counts(inten<0.16Normalized	counts(Norminten<0.16Normalized	counts(inten<0.17Normalized	counts(Norminten<0.17Normalized	counts(inten<0.18000000000000002Normalized	counts(Norminten<0.18000000000000002Normalized	counts(inten<0.19Normalized	counts(Norminten<0.19Normalized	counts(inten<0.2Normalized	counts(Norminten<0.2Normalized	counts(inten<0.21000000000000002Normalized	counts(Norminten<0.21000000000000002Normalized	counts(inten<0.22Normalized	counts(Norminten<0.22Normalized	counts(inten<0.23Normalized	counts(Norminten<0.23Normalized	counts(inten<0.24000000000000002Normalized	counts(Norminten<0.24000000000000002Normalized	counts(inten<0.25Normalized	counts(Norminten<0.25Normalized	counts(inten<0.26Normalized	counts(Norminten<0.26Normalized	counts(inten<0.27Normalized	counts(Norminten<0.27Normalized	counts(inten<0.28Normalized	counts(Norminten<0.28Normalized	counts(inten<0.29000000000000004Normalized	counts(Norminten<0.29000000000000004Normalized	diffNormalized	maxNormalized	medNormalized	stdNormalized	meanNormalized	minNormalized	eigenLocalNormalized	minPropNormalized	BioVolume	SubstratumCoverage	Homogenity	ThicknessThreshold=0.01	RoughnessThreshold=0.01	ThicknessThreshold=0.02	RoughnessThreshold=0.02	ThicknessThreshold=0.03	RoughnessThreshold=0.03	ThicknessThreshold=0.04	RoughnessThreshold=0.04	ThicknessThreshold=0.05	RoughnessThreshold=0.05	ThicknessThreshold=0.060000000000000005	RoughnessThreshold=0.060000000000000005	ThicknessThreshold=0.06999999999999999	RoughnessThreshold=0.06999999999999999	ThicknessThreshold=0.08	RoughnessThreshold=0.08	ThicknessThreshold=0.09	RoughnessThreshold=0.09	ThicknessThreshold=0.09999999999999999	RoughnessThreshold=0.09999999999999999	ThicknessThreshold=0.11	RoughnessThreshold=0.11	ThicknessThreshold=0.12	RoughnessThreshold=0.12	ThicknessThreshold=0.13	RoughnessThreshold=0.13	ThicknessThreshold=0.14	RoughnessThreshold=0.14	ThicknessThreshold=0.15000000000000002	RoughnessThreshold=0.15000000000000002	ThicknessThreshold=0.16	RoughnessThreshold=0.16	ThicknessThreshold=0.17	RoughnessThreshold=0.17	ThicknessThreshold=0.18000000000000002	RoughnessThreshold=0.18000000000000002	ThicknessThreshold=0.19	RoughnessThreshold=0.19	ThicknessThreshold=0.2	RoughnessThreshold=0.2	ThicknessThreshold=0.21000000000000002	RoughnessThreshold=0.21000000000000002	ThicknessThreshold=0.22	RoughnessThreshold=0.22	ThicknessThreshold=0.23	RoughnessThreshold=0.23	ThicknessThreshold=0.24000000000000002	RoughnessThreshold=0.24000000000000002	ThicknessThreshold=0.25	RoughnessThreshold=0.25	ThicknessThreshold=0.26	RoughnessThreshold=0.26	ThicknessThreshold=0.27	RoughnessThreshold=0.27	ThicknessThreshold=0.28	RoughnessThreshold=0.28	ThicknessThreshold=0.29000000000000004	RoughnessThreshold=0.29000000000000004
0	1	32	0	0	2165	3	2297	82	2396	211	2494	333	2601	489	2737	582	2792	648	2927	730	3033	809	3168	882	3302	936	3360	1036	3438	1156	3518	1285	3601	1365	3622	1507	3674	1686	3689	1827	3711	1994	3700	2245	3674	2376	3714	2496	3696	2665	3685	2771	3658	2922	3648	3037	3590	3206	3537	3348	3469	4050	4095	675.0	525.7450814071005	807.7420482635498	45	1	0.6066713333129883	1.0	6.083650190114068			6.834180371855172	0.006292606187729418	6.972649728318611	0.17865702209246592	6.927057735118101	0.6549337306391035	6.963951637673471	1.4001597779926838	6.948971413304836	2.3683828159054583	7.005195669422333	2.9529656502105635	6.916369401506143	3.2437302898333082	7.027611044417767	3.513669618790913	7.058412846171748	3.6794469459225905	7.177163570457634	3.7865453140428453	7.305471359985841	3.760697496886175	7.320739917641676	3.9322857359751002	7.381959504433899	4.117542297417631	7.474768936577074	4.3055788239236055	7.581052631578947	4.366044012282497	7.61644411733782	4.558792388904014	7.705536912751677	4.86945471349353	7.753909534218933	5.053103219382675	7.852971051295074	5.322584950484479	7.880724174653888	5.804333212679042	7.885135425162037	5.960713479340709	8.049763752221596	6.11015911872705	8.098159509202455	6.411952938912013	8.167471962409682	6.583980801672726	8.207682642254532	6.838607002434001	8.31927023945268	7.033185891943215	8.32598914606429	7.352367847723886	8.36565752128666	7.617227493003891	8.34576336428812	4.741666959362158	4.761904761904762	8.234720019519335	5.515550620264115	7.202150623780384	7.731958762886598	4.761904761904762	4.442288503328778	3.5331396786155747	13.672100000000002	0.04857528775839986	20.857474327087402	-5.722051355410915e-06	18.75724492123125	-4.771265530469302e-06	16.75626071119453	-4.797852097572959e-06	15.305636132550589	-1.2641659519266861e-05	14.23440600534529	-5.967952097237833e-06	13.378889237630444	1.0257115104319989e-06	12.645414532718643	-1.065199815507392e-06	11.974951215224856	-1.1125388693267472e-06	11.362577064342442	-2.3379425871438877e-06	10.793682833033957	1.2345465633927315e-06	10.270434898745348	-1.3093855446454643e-06	9.77843401345748	0.0	9.332510916281919	0.0	8.913661834328508	0.0	8.530025110975417	-1.7152335033129736e-06	8.174280434033568	0.0	7.829648039034986	-1.9818777102177686e-06	7.5163578265219275	2.1331240027645285e-06	7.219276294473283	-2.2979208412228617e-06	6.941195871584659	-2.4798327600786603e-06	6.68336885854555	5.342151444651305e-06	6.4374972941614494	5.772472234408553e-06	6.21371099729097	3.1174207707511113e-06	5.997589631375189	-3.366447959764214e-06	5.806141503561795	-3.6400698893418752e-06	5.631116588767567	-3.937627972909119e-06	5.465716000051065	-4.255464015796283e-06	5.308540654990679	-1.3808721588555332e-05	5.173693287740881	-1.4953867319319899e-05
1	1	34	0	0	2242	4	2354	109	2481	196	2531	371	2603	470	2744	596	2826	644	2944	755	3064	798	3189	890	3310	963	3366	1108	3456	1226	3536	1299	3590	1449	3609	1558	3655	1734	3638	1876	3675	2004	3694	2214	3714	2351	3737	2490	3745	2570	3739	2716	3766	2830	3693	2988	3689	3145	3630	3302	3605	4051	4095	672.0	580.890466112486	831.6994514465332	44	1	0.6204319000244141	1.0	6.4638783269961975			7.077243599861107	0.008390141583639224	7.1456758643717935	0.2374831147326681	7.17280060134725	0.6083744606884564	7.067266076564375	1.5599377706765336	6.9543147208121825	2.276359761708723	7.023111770878657	3.0239991881881374	7.000594530321047	3.2237072633528556	7.068427370948379	3.6340007701193686	7.130556202001396	3.629417382999045	7.224739465337563	3.820890396256386	7.3231708666120925	3.869179155450199	7.333812667494607	4.205572003340166	7.420608507074915	4.366874443455031	7.513013916923404	4.352487853911878	7.557894736842105	4.6347236438075745	7.589107349384923	4.713071361587561	7.665687919463088	5.008086876155268	7.646712628215907	5.188627060515544	7.776790248857288	5.349277954248191	7.867944621938232	5.724184290811314	7.970983388419111	5.897995534482326	8.099614200875633	6.09547123623011	8.205521472392638	6.183384260038977	8.287158118710936	6.453299118492646	8.450008975049363	6.623291518442239	8.421892816419613	6.9197100576642505	8.555591632264948	7.212475633528265	8.585619678334911	7.5125702454895	8.672953856517346	4.742837741327433	4.761904761904762	8.198121263877029	6.09407654770113	7.415764396456217	7.560137457044673	4.761904761904762	4.543048839189115	3.5331396786155747	13.672100000000002	0.04857528775839986	20.857474327087402	-5.722051355410915e-06	18.75724492123125	-4.771265530469302e-06	16.75626071119453	-4.797852097572959e-06	15.305636132550589	-1.2641659519266861e-05	14.23440600534529	-5.967952097237833e-06	13.378889237630444	1.0257115104319989e-06	12.645414532718643	-1.065199815507392e-06	11.974951215224856	-1.1125388693267472e-06	11.362577064342442	-2.3379425871438877e-06	10.793682833033957	1.2345465633927315e-06	10.270434898745348	-1.3093855446454643e-06	9.77843401345748	0.0	9.332510916281919	0.0	8.913661834328508	0.0	8.530025110975417	-1.7152335033129736e-06	8.174280434033568	0.0	7.829648039034986	-1.9818777102177686e-06	7.5163578265219275	2.1331240027645285e-06	7.219276294473283	-2.2979208412228617e-06	6.941195871584659	-2.4798327600786603e-06	6.68336885854555	5.342151444651305e-06	6.4374972941614494	5.772472234408553e-06	6.21371099729097	3.1174207707511113e-06	5.997589631375189	-3.366447959764214e-06	5.806141503561795	-3.6400698893418752e-06	5.631116588767567	-3.937627972909119e-06	5.465716000051065	-4.255464015796283e-06	5.308540654990679	-1.3808721588555332e-05	5.173693287740881	-1.4953867319319899e-05
2	1	34	0	0	2142	14	2278	127	2396	252	2492	351	2589	467	2686	549	2756	635	2852	730	2932	796	3037	893	3164	996	3225	1067	3304	1230	3347	1424	3405	1476	3450	1587	3486	1758	3526	1929	3551	2031	3566	2112	3572	2289	3601	2385	3587	2557	3578	2663	3588	2752	3590	2878	3589	2985	3551	3139	3530	4056	4095	666.0	601.7086521627585	834.0710496902466	39	1	0.6246805191040039	1.0	6.4638783269961975			6.76157706998327	0.02936549554273728	6.914974349634216	0.2767005098261362	6.927057735118101	0.7821957351708726	6.9583670734090965	1.4758440903166126	6.916911568260753	2.2618298057829227	6.874664073097694	2.78552945354914	6.8271898533491875	3.178655453771838	6.847539015606243	3.513669618790913	6.8233651384686995	3.6203210988311274	6.880380607159039	3.833769802086464	7.00015487068298	4.001767849250673	7.026603045950716	4.04995065664617	7.094239151439676	4.3811219946571685	7.111441623286943	4.771318478807171	7.1684210526315795	4.721084953940634	7.2547576490379555	4.800798620564479	7.3112416107382545	5.077402957486137	7.41129981503279	5.3352140723531365	7.514389707127138	5.421349064410218	7.59531416400426	5.460468483375562	7.666223118856505	5.742455031233536	7.804846330573496	5.83843329253366	7.8593339176161265	6.152106440824772	7.930316060109048	6.327369496519116	8.05061927840603	6.440741434188355	8.187001140250855	6.664968388874737	8.323669929031958	6.845545235638115	8.398770104068118	7.141719564079812	8.4925179233027	4.7486916511538055	4.761904761904762	8.12492375259241	6.312478512917886	7.4369105133471685	6.701030927835052	4.761904761904762	4.574158915858171	3.5331396786155747	13.672100000000002	0.04857528775839986	20.857474327087402	-5.722051355410915e-06	18.75724492123125	-4.771265530469302e-06	16.75626071119453	-4.797852097572959e-06	15.305636132550589	-1.2641659519266861e-05	14.23440600534529	-5.967952097237833e-06	13.378889237630444	1.0257115104319989e-06	12.645414532718643	-1.065199815507392e-06	11.974951215224856	-1.1125388693267472e-06	11.362577064342442	-2.3379425871438877e-06	10.793682833033957	1.2345465633927315e-06	10.270434898745348	-1.3093855446454643e-06	9.77843401345748	0.0	9.332510916281919	0.0	8.913661834328508	0.0	8.530025110975417	-1.7152335033129736e-06	8.174280434033568	0.0	7.829648039034986	-1.9818777102177686e-06	7.5163578265219275	2.1331240027645285e-06	7.219276294473283	-2.2979208412228617e-06	6.941195871584659	-2.4798327600786603e-06	6.68336885854555	5.342151444651305e-06	6.4374972941614494	5.772472234408553e-06	6.21371099729097	3.1174207707511113e-06	5.997589631375189	-3.366447959764214e-06	5.806141503561795	-3.6400698893418752e-06	5.631116588767567	-3.937627972909119e-06	5.465716000051065	-4.255464015796283e-06	5.308540654990679	-1.3808721588555332e-05	5.173693287740881	-1.4953867319319899e-05
3	1	35	0	0	2091	16	2231	193	2270	316	2368	412	2403	543	2523	590	2631	659	2679	695	2726	768	2821	892	2895	992	2957	1095	2973	1227	2962	1384	2976	1473	3030	1610	3070	1740	3092	1845	3107	1987	3139	2100	3147	2221	3124	2323	3130	2380	3166	2502	3164	2643	3134	2690	3121	2787	3127	2898	3104	4058	4095	657.0	620.6811696096196	829.924973487854	37	1	0.6244468688964844	1.0	6.653992395437262			6.600587139745572	0.033560566334556896	6.772303676046505	0.4204976251688527	6.562780074590188	0.9808486202936337	6.612124089017954	1.7323298154143716	6.419983970077478	2.6299220225698647	6.457474853471884	2.9935562433406058	6.517538644470868	3.2987936126545527	6.432172869147659	3.3452060069310745	6.34396090295555	3.492973120480284	6.391028545536928	3.829476666809771	6.405008960375229	3.985696492426373	6.442686885853107	4.156228649510362	6.383526936207675	4.370436331255565	6.293423988101561	4.6372926788406765	6.265263157894736	4.711489252814739	6.371569761328988	4.870375412166863	6.438758389261745	5.025415896487985	6.499075163948209	5.102887487553933	6.574826477061115	5.303899847849879	6.68583599574015	5.429443094265474	6.754088509250118	5.571862221218735	6.770991373704972	5.686658506731946	6.858019281332164	5.726246902292905	7.017155015736513	5.944828569391974	7.0992640459522525	6.1856393933720275	7.147092360319269	6.229591718579932	7.238276357901572	6.391468868249054	7.39593188268685	6.593406593406594	7.4676418226435075	4.751033215084355	4.761904761904762	8.015127485665488	6.511517712850938	7.399942442449416	6.357388316151202	4.761904761904762	4.572448036220928	3.5331396786155747	13.672100000000002	0.04857528775839986	20.857474327087402	-5.722051355410915e-06	18.75724492123125	-4.771265530469302e-06	16.75626071119453	-4.797852097572959e-06	15.305636132550589	-1.2641659519266861e-05	14.23440600534529	-5.967952097237833e-06	13.378889237630444	1.0257115104319989e-06	12.645414532718643	-1.065199815507392e-06	11.974951215224856	-1.1125388693267472e-06	11.362577064342442	-2.3379425871438877e-06	10.793682833033957	1.2345465633927315e-06	10.270434898745348	-1.3093855446454643e-06	9.77843401345748	0.0	9.332510916281919	0.0	8.913661834328508	0.0	8.530025110975417	-1.7152335033129736e-06	8.174280434033568	0.0	7.829648039034986	-1.9818777102177686e-06	7.5163578265219275	2.1331240027645285e-06	7.219276294473283	-2.2979208412228617e-06	6.941195871584659	-2.4798327600786603e-06	6.68336885854555	5.342151444651305e-06	6.4374972941614494	5.772472234408553e-06	6.21371099729097	3.1174207707511113e-06	5.997589631375189	-3.366447959764214e-06	5.806141503561795	-3.6400698893418752e-06	5.631116588767567	-3.937627972909119e-06	5.465716000051065	-4.255464015796283e-06	5.308540654990679	-1.3808721588555332e-05	5.173693287740881	-1.4953867319319899e-05
4	1	34	0	0	1958	56	2038	296	2118	430	2203	486	2276	578	2383	603	2445	687	2519	773	2567	866	2606	980	2636	1044	2663	1190	2684	1283	2734	1425	2763	1520	2753	1616	2796	1736	2823	1839	2821	1931	2839	2044	2872	2155	2877	2267	2866	2361	2890	2445	2869	2544	2816	2595	2792	2610	2763	2658	2781	4056	4095	628.0	600.9599275234259	792.270528793335	39	1	0.6234397888183594	1.0	6.4638783269961975			6.180750655008049	0.11746198217094912	6.186443250462921	0.6449082748703647	6.123334007921594	1.3346990719185523	6.15139753720716	2.043476432746079	6.080683943360941	2.799438175037536	6.099152824345422	3.059515957176924	6.056777645659929	3.43895479801772	6.048019207683073	3.720639199075857	5.973935303700256	3.9386910447082366	5.9039420027186225	4.207272571158717	5.831987433350296	4.194624131142271	5.802122143059459	4.516814696728156	5.762995727138041	4.569902048085486	5.808987570381388	4.774669123806333	5.816842105263158	4.861821903787104	5.789086321101882	4.8885258795413975	5.864093959731544	5.0138632162661745	5.933664032285186	5.086292731496847	5.969612324360927	5.154419026773082	6.046858359957401	5.284657945085061	6.1638837618577496	5.406286846792605	6.235640903376826	5.5495716034271725	6.279579316389132	5.680533166518297	6.40542577241899	5.809394825005346	6.4373541554478555	5.953941209511327	6.4218928164196125	6.009587550079896	6.47525395426504	5.985552115583075	6.53500473036897	6.047368780288035	6.690564403599096	4.7486916511538055	4.761904761904762	7.661339514456508	6.3046237011565935	7.0642003785965635	6.701030927835052	4.761904761904762	4.5650737958253	3.5331396786155747	13.672100000000002	0.04857528775839986	20.857474327087402	-5.722051355410915e-06	18.75724492123125	-4.771265530469302e-06	16.75626071119453	-4.797852097572959e-06	15.305636132550589	-1.2641659519266861e-05	14.23440600534529	-5.967952097237833e-06	13.378889237630444	1.0257115104319989e-06	12.645414532718643	-1.065199815507392e-06	11.974951215224856	-1.1125388693267472e-06	11.362577064342442	-2.3379425871438877e-06	10.793682833033957	1.2345465633927315e-06	10.270434898745348	-1.3093855446454643e-06	9.77843401345748	0.0	9.332510916281919	0.0	8.913661834328508	0.0	8.530025110975417	-1.7152335033129736e-06	8.174280434033568	0.0	7.829648039034986	-1.9818777102177686e-06	7.5163578265219275	2.1331240027645285e-06	7.219276294473283	-2.2979208412228617e-06	6.941195871584659	-2.4798327600786603e-06	6.68336885854555	5.342151444651305e-06	6.4374972941614494	5.772472234408553e-06	6.21371099729097	3.1174207707511113e-06	5.997589631375189	-3.366447959764214e-06	5.806141503561795	-3.6400698893418752e-06	5.631116588767567	-3.937627972909119e-06	5.465716000051065	-4.255464015796283e-06	5.308540654990679	-1.3808721588555332e-05	5.173693287740881	-1.4953867319319899e-05
5	1	30	0	0	1821	79	1954	386	2001	571	2055	612	2114	679	2210	715	2258	770	2322	866	2391	954	2440	1009	2483	1130	2606	1200	2661	1297	2667	1392	2679	1492	2706	1576	2699	1711	2673	1800	2691	1957	2661	1992	2642	2066	2626	2201	2634	2254	2654	2339	2663	2391	2644	2481	2604	2589	2564	2659	2557	4060	4095	592.0	580.9340781541081	749.7978296279907	35	1	0.621917724609375	1.0	5.7034220532319395			5.748287509075413	0.16570529627687466	5.9314573657529674	0.8409952503377054	5.785076180288531	1.772356209454636	5.738139781643537	2.573266619013581	5.6478760352658295	3.2886133578728147	5.656369174067723	3.627784260997514	5.593539437177963	3.8544325974871105	5.5750300120048015	4.1682710820177125	5.564347218989993	4.338927548096602	5.527865881286815	4.331773494182801	5.493484369123211	4.540158302864719	5.677931019456609	4.554771122751082	5.713610890430078	4.619768477292966	5.666631254647828	4.6640978388339756	5.64	4.772262026612077	5.69025339081064	4.767522763711166	5.660654362416107	4.941658964879852	5.618379014629225	4.978426817125788	5.694514982224479	5.223820836558738	5.667731629392971	5.150214592274678	5.670257973129587	5.183010963096761	5.6916207898044995	5.388004895960832	5.77125328659071	5.423092654524457	5.88235294117647	5.557535581058284	5.975139113265123	5.595862198090245	6.029646522234891	5.745582547879854	6.039241152187022	5.9373925008599935	6.064333017975402	6.049643937842696	6.151662416398017	4.753374779014904	4.761904761904762	7.22215444674881	6.094534078226334	6.685496834012102	6.013745704467354	4.761904761904762	4.553928637045544	3.5331396786155747	13.672100000000002	0.04857528775839986	20.857474327087402	-5.722051355410915e-06	18.75724492123125	-4.771265530469302e-06	16.75626071119453	-4.797852097572959e-06	15.305636132550589	-1.2641659519266861e-05	14.23440600534529	-5.967952097237833e-06	13.378889237630444	1.0257115104319989e-06	12.645414532718643	-1.065199815507392e-06	11.974951215224856	-1.1125388693267472e-06	11.362577064342442	-2.3379425871438877e-06	10.793682833033957	1.2345465633927315e-06	10.270434898745348	-1.3093855446454643e-06	9.77843401345748	0.0	9.332510916281919	0.0	8.913661834328508	0.0	8.530025110975417	-1.7152335033129736e-06	8.174280434033568	0.0	7.829648039034986	-1.9818777102177686e-06	7.5163578265219275	2.1331240027645285e-06	7.219276294473283	-2.2979208412228617e-06	6.941195871584659	-2.4798327600786603e-06	6.68336885854555	5.342151444651305e-06	6.4374972941614494	5.772472234408553e-06	6.21371099729097	3.1174207707511113e-06	5.997589631375189	-3.366447959764214e-06	5.806141503561795	-3.6400698893418752e-06	5.631116588767567	-3.937627972909119e-06	5.465716000051065	-4.255464015796283e-06	5.308540654990679	-1.3808721588555332e-05	5.173693287740881	-1.4953867319319899e-05
6	1	33	0	0	1669	151	1731	597	1830	774	1897	788	2036	782	2045	846	2113	852	2175	864	2214	947	2300	1059	2327	1111	2397	1237	2478	1293	2499	1419	2559	1517	2574	1640	2577	1669	2559	1759	2578	1847	2603	1986	2590	2025	2565	2113	2553	2180	2555	2234	2527	2300	2524	2386	2494	2481	2467	2526	2460	4065	4095	549.0	561.5028472455592	703.9714269638062	30	1	0.6221742630004883	1.0	6.273764258555133			5.2684743836611005	0.3167278447823807	5.254530552772971	1.3007102706000262	5.290699355286363	2.402458329453394	5.296959204758049	3.313291006180886	5.4394870424792945	3.78747517799196	5.234061068311535	4.292455223501953	5.234344034879112	4.264904640336386	5.222088835534214	4.158644589911437	5.152431929252967	4.307090553508892	5.210693248753965	4.5464302580174305	5.1483439899112815	4.463819357949294	5.22256356624616	4.695209899035907	5.320679363579757	4.605520926090828	5.309678104748752	4.754565253811359	5.387368421052631	4.852226202661208	5.412680054673536	4.961127749039538	5.404781879194632	4.820355822550832	5.378762401210695	4.865029317402367	5.455391907905875	4.930197795157889	5.5441959531416405	5.1347018977196335	5.558655620895394	5.080153533529013	5.559408730330747	5.172582619339045	5.593777388255916	5.245049683612828	5.6629283212908375	5.308052367714496	5.669987434930892	5.382887099794046	5.755986316989738	5.525578379379819	5.784127278630734	5.689714482284142	5.8349101229895926	5.747047983072828	5.918298609440408	4.759228688841278	4.761904761904762	6.697572282542394	5.890682551164393	6.27689032993943	5.154639175257731	4.761904761904762	4.5558071130554145	3.5331396786155747	13.672100000000002	0.04857528775839986	20.857474327087402	-5.722051355410915e-06	18.75724492123125	-4.771265530469302e-06	16.75626071119453	-4.797852097572959e-06	15.305636132550589	-1.2641659519266861e-05	14.23440600534529	-5.967952097237833e-06	13.378889237630444	1.0257115104319989e-06	12.645414532718643	-1.065199815507392e-06	11.974951215224856	-1.1125388693267472e-06	11.362577064342442	-2.3379425871438877e-06	10.793682833033957	1.2345465633927315e-06	10.270434898745348	-1.3093855446454643e-06	9.77843401345748	0.0	9.332510916281919	0.0	8.913661834328508	0.0	8.530025110975417	-1.7152335033129736e-06	8.174280434033568	0.0	7.829648039034986	-1.9818777102177686e-06	7.5163578265219275	2.1331240027645285e-06	7.219276294473283	-2.2979208412228617e-06	6.941195871584659	-2.4798327600786603e-06	6.68336885854555	5.342151444651305e-06	6.4374972941614494	5.772472234408553e-06	6.21371099729097	3.1174207707511113e-06	5.997589631375189	-3.366447959764214e-06	5.806141503561795	-3.6400698893418752e-06	5.631116588767567	-3.937627972909119e-06	5.465716000051065	-4.255464015796283e-06	5.308540654990679	-1.3808721588555332e-05	5.173693287740881	-1.4953867319319899e-05
7	1	33	0	0	1651	184	1716	741	1840	958	1880	931	1963	893	2036	807	2099	883	2143	935	2228	1005	2279	1049	2324	1130	2377	1238	2413	1349	2446	1416	2496	1489	2533	1668	2531	1694	2561	1827	2578	1905	2569	1960	2568	2093	2531	2132	2506	2232	2485	2282	2453	2371	2440	2400	2411	2434	2381	2494	2347	4063	4095	519.0	546.0379354913541	672.1408100128174	32	1	0.6233291625976562	1.0	6.273764258555133			5.211654408283089	0.3859465128474043	5.208997359074766	1.614449431347771	5.319610280725086	2.973585374181333	5.2494904085108764	3.9145608207543203	5.244456318461128	4.325083547246574	5.211026080724834	4.094576081992998	5.19966309948474	4.420083095559893	5.1452581032412965	4.500385059684251	5.185012799627647	4.570882794378496	5.163117353874037	4.503498905250504	5.141706674926437	4.540158302864719	5.178987733403054	4.6990055416382	5.181113520709424	4.804986642920748	5.197067884840115	4.744513318813872	5.254736842105263	4.762666325486182	5.326464094206708	5.045829930120701	5.308305369127517	4.892560073937154	5.3829662014461075	5.053103219382675	5.455391907905875	5.085017216987428	5.471778487752928	5.067480221314442	5.5114392411040045	5.250746343543815	5.485716762755213	5.219094247246022	5.49079754601227	5.370160960469648	5.507779600159581	5.422101836671656	5.503949021719619	5.549054484178993	5.564424173318129	5.558000046316667	5.5916322649473535	5.58192867790391	5.631504257332072	5.674242941323686	5.646441803397007	4.756887124910728	4.761904761904762	6.331584726119312	5.728441368821905	5.993075839630664	5.498281786941581	4.761904761904762	4.564263746690932	3.5331396786155747	13.672100000000002	0.04857528775839986	20.857474327087402	-5.722051355410915e-06	18.75724492123125	-4.771265530469302e-06	16.75626071119453	-4.797852097572959e-06	15.305636132550589	-1.2641659519266861e-05	14.23440600534529	-5.967952097237833e-06	13.378889237630444	1.0257115104319989e-06	12.645414532718643	-1.065199815507392e-06	11.974951215224856	-1.1125388693267472e-06	11.362577064342442	-2.3379425871438877e-06	10.793682833033957	1.2345465633927315e-06	10.270434898745348	-1.3093855446454643e-06	9.77843401345748	0.0	9.332510916281919	0.0	8.913661834328508	0.0	8.530025110975417	-1.7152335033129736e-06	8.174280434033568	0.0	7.829648039034986	-1.9818777102177686e-06	7.5163578265219275	2.1331240027645285e-06	7.219276294473283	-2.2979208412228617e-06	6.941195871584659	-2.4798327600786603e-06	6.68336885854555	5.342151444651305e-06	6.4374972941614494	5.772472234408553e-06	6.21371099729097	3.1174207707511113e-06	5.997589631375189	-3.366447959764214e-06	5.806141503561795	-3.6400698893418752e-06	5.631116588767567	-3.937627972909119e-06	5.465716000051065	-4.255464015796283e-06	5.308540654990679	-1.3808721588555332e-05	5.173693287740881	-1.4953867319319899e-05
8	1	31	0	0	1548	357	1624	1059	1708	1188	1790	1067	1889	1003	1945	932	2005	971	2086	967	2187	994	2231	1089	2255	1220	2288	1221	2350	1336	2382	1444	2449	1531	2449	1615	2466	1733	2505	1829	2483	1915	2507	1999	2520	2073	2512	2187	2468	2239	2421	2281	2409	2350	2401	2379	2371	2446	2356	2456	2328	4069	4095	475.0	529.0290088202163	629.7079772949219	26	1	0.6241235733032227	1.0	5.893536121673003			4.886517882508917	0.7488201363398008	4.929727104392436	2.307290077999041	4.937986064933939	3.687494180091256	4.998185016614079	4.486397847201783	5.046753940689286	4.857848597859253	4.978116761792633	4.728804099649906	4.966805390408244	4.860589678129849	5.008403361344538	4.6544089333846745	5.0895973935303696	4.520853231454951	5.054372451291346	4.675224316318207	4.989048430275006	4.901763831411467	4.985075277251236	4.634479617399226	5.045842011465871	4.758682101513802	5.0610857324976095	4.838331378790417	5.1557894736842105	4.8970061412487205	5.149826516664914	4.885500801645643	5.171979865771812	5.005198706099815	5.265259794854549	5.058634804735037	5.254359234806162	5.1117102207511405	5.33972310969116	5.16831273592223	5.408421685195519	5.200571987657108	5.444535957345355	5.353733170134639	5.407537248028046	5.387002863123451	5.3659293408395765	5.419725806068382	5.405223478729133	5.499906384572178	5.475484606613455	5.509367545911396	5.498863583654159	5.609448457745671	5.572374645222327	5.587786954246582	5.60073136698263	4.763911816702375	4.761904761904762	5.794802976698792	5.550002046479717	5.614727760209835	4.4673539518900345	4.761904761904762	4.570080737457559	3.5331396786155747	13.672100000000002	0.04857528775839986	20.857474327087402	-5.722051355410915e-06	18.75724492123125	-4.771265530469302e-06	16.75626071119453	-4.797852097572959e-06	15.305636132550589	-1.2641659519266861e-05	14.23440600534529	-5.967952097237833e-06	13.378889237630444	1.0257115104319989e-06	12.645414532718643	-1.065199815507392e-06	11.974951215224856	-1.1125388693267472e-06	11.362577064342442	-2.3379425871438877e-06	10.793682833033957	1.2345465633927315e-06	10.270434898745348	-1.3093855446454643e-06	9.77843401345748	0.0	9.332510916281919	0.0	8.913661834328508	0.0	8.530025110975417	-1.7152335033129736e-06	8.174280434033568	0.0	7.829648039034986	-1.9818777102177686e-06	7.5163578265219275	2.1331240027645285e-06	7.219276294473283	-2.2979208412228617e-06	6.941195871584659	-2.4798327600786603e-06	6.68336885854555	5.342151444651305e-06	6.4374972941614494	5.772472234408553e-06	6.21371099729097	3.1174207707511113e-06	5.997589631375189	-3.366447959764214e-06	5.806141503561795	-3.6400698893418752e-06	5.631116588767567	-3.937627972909119e-06	5.465716000051065	-4.255464015796283e-06	5.308540654990679	-1.3808721588555332e-05	5.173693287740881	-1.4953867319319899e-05
9	1	29	0	0	1379	696	1419	1594	1513	1459	1654	1210	1807	1108	1922	1028	1981	1021	2053	977	2096	1077	2171	1133	2192	1212	2231	1293	2264	1322	2330	1391	2363	1427	2386	1584	2372	1765	2373	1920	2349	1987	2372	2057	2362	2106	2347	2199	2356	2235	2324	2263	2281	2334	2233	2373	2203	2381	2164	2395	2126	4068	4095	410.0	503.4331485881208	568.0277137756348	27	1	0.6315879821777344	1.0	5.513307984790875			4.353041447015373	1.459884635553225	4.307440123850287	3.4729182099437885	4.374223018878834	4.528664990532948	4.618434646636696	5.0876676617752175	4.827678332888058	5.366397055262265	4.919249571293287	5.2158912172104115	4.907352358303607	5.110877509135506	4.9291716686674665	4.702541393916057	4.877821736094949	4.898349024423522	4.918441323062981	4.86412226849268	4.849664815593266	4.869621117762867	4.860884153648386	4.907765884764291	4.861185665514354	4.708815672306323	4.9506002337193245	4.660747193834814	4.974736842105263	4.564355168884339	5.017348333508569	4.791723386877212	4.974832214765101	5.0976201478743075	4.987808979317303	5.310321938267507	4.970797359065515	5.303899847849879	5.052183173588924	5.318268783287658	5.069322230330085	5.283359674870174	5.08691317352291	5.383108935128519	5.162138475021911	5.37737891874985	5.150937541557693	5.376957255209447	5.118021899120445	5.462460213443175	5.09236031927024	5.495472545795605	5.109235122222738	5.4603829836027975	5.118259224219488	5.449002343412281	5.114757253524515	4.762741034737101	4.761904761904762	5.001829937782115	5.281477874267802	5.064761902501473	4.639175257731959	4.761904761904762	4.624738104480835	3.5331396786155747	13.672100000000002	0.04857528775839986	20.857474327087402	-5.722051355410915e-06	18.75724492123125	-4.771265530469302e-06	16.75626071119453	-4.797852097572959e-06	15.305636132550589	-1.2641659519266861e-05	14.23440600534529	-5.967952097237833e-06	13.378889237630444	1.0257115104319989e-06	12.645414532718643	-1.065199815507392e-06	11.974951215224856	-1.1125388693267472e-06	11.362577064342442	-2.3379425871438877e-06	10.793682833033957	1.2345465633927315e-06	10.270434898745348	-1.3093855446454643e-06	9.77843401345748	0.0	9.332510916281919	0.0	8.913661834328508	0.0	8.530025110975417	-1.7152335033129736e-06	8.174280434033568	0.0	7.829648039034986	-1.9818777102177686e-06	7.5163578265219275	2.1331240027645285e-06	7.219276294473283	-2.2979208412228617e-06	6.941195871584659	-2.4798327600786603e-06	6.68336885854555	5.342151444651305e-06	6.4374972941614494	5.772472234408553e-06	6.21371099729097	3.1174207707511113e-06	5.997589631375189	-3.366447959764214e-06	5.806141503561795	-3.6400698893418752e-06	5.631116588767567	-3.937627972909119e-06	5.465716000051065	-4.255464015796283e-06	5.308540654990679	-1.3808721588555332e-05	5.173693287740881	-1.4953867319319899e-05
10	1	29	0	0	1362	1062	1434	2163	1526	1680	1576	1414	1673	1226	1755	1090	1827	1053	1881	1096	1952	1109	2018	1196	2074	1287	2116	1366	2185	1407	2182	1525	2208	1569	2200	1694	2240	1794	2217	1827	2205	1938	2195	2005	2191	2072	2185	2122	2165	2190	2131	2199	2104	2201	2035	2224	1980	2225	1926	2206	1884	4069	4095	351.0	471.88796518514516	507.7080135345459	26	1	0.6417064666748047	1.0	5.513307984790875			4.299378136936141	2.227582590456214	4.352973317548493	4.712623643731753	4.411807221949174	5.214638234472484	4.400636640326139	5.9454232014464115	4.469676729895806	5.937908655010413	4.491822579406722	5.530468313968238	4.525862068965517	5.271061720979127	4.516206482593037	5.275317674239507	4.542704212241098	5.043889571110202	4.571816946080653	5.134589790924312	4.588597092856037	5.17095905821849	4.610323114800532	5.184847794731648	4.691559487256565	5.011576135351737	4.636141506427281	5.109733623722566	4.648421052631579	5.018551688843398	4.62622226895174	5.124481955410352	4.697986577181208	5.18137707948244	4.659912560955103	5.053103219382675	4.6660741493143725	5.173104129407682	4.675186368477104	5.183825430477274	4.702322187406104	5.198063269862773	4.735792622133599	5.194614443084456	4.743645924627519	5.269109544546832	4.723170353295802	5.224891296599901	4.7208759648178065	5.151188915933346	4.640820980615736	5.150413376253445	4.592049724013173	5.102625845659901	4.555345316934721	5.018997565581416	4.532550642351922	4.763911816702375	4.761904761904762	4.282054410150055	4.950539816951195	4.526927370237706	4.4673539518900345	4.761904761904762	4.698829667546757	3.5331396786155747	13.672100000000002	0.04857528775839986	20.857474327087402	-5.722051355410915e-06	18.75724492123125	-4.771265530469302e-06	16.75626071119453	-4.797852097572959e-06	15.305636132550589	-1.2641659519266861e-05	14.23440600534529	-5.967952097237833e-06	13.378889237630444	1.0257115104319989e-06	12.645414532718643	-1.065199815507392e-06	11.974951215224856	-1.1125388693267472e-06	11.362577064342442	-2.3379425871438877e-06	10.793682833033957	1.2345465633927315e-06	10.270434898745348	-1.3093855446454643e-06	9.77843401345748	0.0	9.332510916281919	0.0	8.913661834328508	0.0	8.530025110975417	-1.7152335033129736e-06	8.174280434033568	0.0	7.829648039034986	-1.9818777102177686e-06	7.5163578265219275	2.1331240027645285e-06	7.219276294473283	-2.2979208412228617e-06	6.941195871584659	-2.4798327600786603e-06	6.68336885854555	5.342151444651305e-06	6.4374972941614494	5.772472234408553e-06	6.21371099729097	3.1174207707511113e-06	5.997589631375189	-3.366447959764214e-06	5.806141503561795	-3.6400698893418752e-06	5.631116588767567	-3.937627972909119e-06	5.465716000051065	-4.255464015796283e-06	5.308540654990679	-1.3808721588555332e-05	5.173693287740881	-1.4953867319319899e-05
11	1	26	0	0	1312	1287	1419	2403	1522	1881	1620	1482	1670	1208	1759	1119	1820	1100	1888	1144	1984	1171	2030	1215	2035	1301	2097	1321	2137	1477	2169	1574	2191	1654	2207	1771	2227	1815	2227	1926	2201	1985	2148	2026	2131	2070	2087	2122	2047	2186	2011	2193	1972	2213	1931	2218	1919	2227	1878	2181	1843	4071	4095	329.0	454.30566315951614	482.7839250564575	24	1	0.6439170837402344	1.0	4.942965779467681			4.1415448719972225	2.69952805453592	4.307440123850287	5.235522244977995	4.400242851773685	5.838532451811155	4.52349705414235	6.231341714670142	4.4616617686347855	5.850728919455611	4.5020603516674775	5.67760921406464	4.508521601268331	5.506332282124443	4.5330132052821135	5.506353484790143	4.61717477309751	5.325874380315641	4.599003171726325	5.216159361181471	4.502311998053054	5.22720880710354	4.568926073599582	5.014043877628483	4.588495480213858	5.260908281389137	4.6085201317327105	5.273915228681521	4.612631578947369	5.29042988741044	4.640942067080223	5.357412953383549	4.670721476510067	5.24202865064695	4.680931562132167	5.326916694324593	4.657609615710174	5.298561247097136	4.575079872204473	5.2381198614199285	4.573550242520496	5.193045834274102	4.523386362651177	5.194614443084456	4.485100788781771	5.259485600173231	4.457201117070793	5.210635112980255	4.424699335846348	5.179273544280098	4.403648802736602	5.136518376137653	4.45057748504105	5.107212475633529	4.441816461684011	4.9621186267149	4.4339123321945815	4.766253380632925	4.761904761904762	4.013663535439795	4.76608525851085	4.304694245485171	4.123711340206185	4.761904761904762	4.715016683869736	3.5331396786155747	13.672100000000002	0.04857528775839986	20.857474327087402	-5.722051355410915e-06	18.75724492123125	-4.771265530469302e-06	16.75626071119453	-4.797852097572959e-06	15.305636132550589	-1.2641659519266861e-05	14.23440600534529	-5.967952097237833e-06	13.378889237630444	1.0257115104319989e-06	12.645414532718643	-1.065199815507392e-06	11.974951215224856	-1.1125388693267472e-06	11.362577064342442	-2.3379425871438877e-06	10.793682833033957	1.2345465633927315e-06	10.270434898745348	-1.3093855446454643e-06	9.77843401345748	0.0	9.332510916281919	0.0	8.913661834328508	0.0	8.530025110975417	-1.7152335033129736e-06	8.174280434033568	0.0	7.829648039034986	-1.9818777102177686e-06	7.5163578265219275	2.1331240027645285e-06	7.219276294473283	-2.2979208412228617e-06	6.941195871584659	-2.4798327600786603e-06	6.68336885854555	5.342151444651305e-06	6.4374972941614494	5.772472234408553e-06	6.21371099729097	3.1174207707511113e-06	5.997589631375189	-3.366447959764214e-06	5.806141503561795	-3.6400698893418752e-06	5.631116588767567	-3.937627972909119e-06	5.465716000051065	-4.255464015796283e-06	5.308540654990679	-1.3808721588555332e-05	5.173693287740881	-1.4953867319319899e-05
12	1	27	0	0	1304	1794	1396	2633	1441	1982	1482	1556	1588	1316	1708	1221	1769	1213	1825	1140	1906	1224	1938	1284	2002	1351	2036	1405	2064	1446	2098	1557	2089	1701	2057	1771	2049	1834	2028	1898	1999	1956	2006	2012	1979	2064	1933	2088	1924	2098	1897	2076	1855	2049	1804	2037	1756	2002	1703	2004	1658	4072	4095	293.0	429.5372516295594	443.6552839279175	23	1	0.6510906219482422	1.0	5.133079847908745			4.116291549606995	3.762978500262192	4.237622560179704	5.736633404505643	4.166064355720027	6.152031536145514	4.138162119900595	6.5424883320018505	4.2425861608335556	6.373807332784424	4.371528755342837	6.195139276472678	4.3821839080459775	6.071982780197227	4.3817527010804325	5.487100500577589	4.435652781010007	5.566925910765452	4.390575441776167	5.512385695273258	4.429301533219761	5.4281007674072885	4.436019783428111	5.332877856221058	4.431752302836407	5.150489759572573	4.457664931477743	5.2169542636957615	4.3978947368421055	5.440762538382804	4.3255178214698775	5.357412953383549	4.29739932885906	5.296903881700555	4.262653438708592	5.249474499391526	4.230150668698155	5.221151536182367	4.272630457933972	5.201923574124826	4.247327982143624	5.177993527508091	4.189605097750228	5.1113831089351285	4.215600350569676	5.047758823953997	4.204530342657033	4.932639532397178	4.162179141985281	4.795450290207826	4.114025085518814	4.717352539311271	4.072545108771279	4.591216603600504	4.0279091769157995	4.559415739539963	3.9888370302651204	4.7674241625982	4.761904761904762	3.574478467732097	4.506241786059556	3.955807657598088	3.951890034364261	4.761904761904762	4.7675441803242	3.5331396786155747	13.672100000000002	0.04857528775839986	20.857474327087402	-5.722051355410915e-06	18.75724492123125	-4.771265530469302e-06	16.75626071119453	-4.797852097572959e-06	15.305636132550589	-1.2641659519266861e-05	14.23440600534529	-5.967952097237833e-06	13.378889237630444	1.0257115104319989e-06	12.645414532718643	-1.065199815507392e-06	11.974951215224856	-1.1125388693267472e-06	11.362577064342442	-2.3379425871438877e-06	10.793682833033957	1.2345465633927315e-06	10.270434898745348	-1.3093855446454643e-06	9.77843401345748	0.0	9.332510916281919	0.0	8.913661834328508	0.0	8.530025110975417	-1.7152335033129736e-06	8.174280434033568	0.0	7.829648039034986	-1.9818777102177686e-06	7.5163578265219275	2.1331240027645285e-06	7.219276294473283	-2.2979208412228617e-06	6.941195871584659	-2.4798327600786603e-06	6.68336885854555	5.342151444651305e-06	6.4374972941614494	5.772472234408553e-06	6.21371099729097	3.1174207707511113e-06	5.997589631375189	-3.366447959764214e-06	5.806141503561795	-3.6400698893418752e-06	5.631116588767567	-3.937627972909119e-06	5.465716000051065	-4.255464015796283e-06	5.308540654990679	-1.3808721588555332e-05	5.173693287740881	-1.4953867319319899e-05
13	3	17	0	0	1254	2253	1359	2849	1408	2382	1461	1548	1589	1272	1637	1172	1711	1263	1780	1203	1830	1212	1876	1241	1908	1379	1915	1453	1953	1534	1979	1620	1982	1676	1952	1775	1954	1832	1923	1881	1897	1926	1855	1904	1813	1948	1774	1981	1733	1960	1718	1940	1692	1914	1654	1897	1615	1855	1555	1813	1523	4074	4095	263.0	404.3780217696927	408.87770557403564	21	1	0.6564292907714844	3.0	3.2319391634980987			3.958458284668077	4.725747246984793	4.125307349057463	6.20724214562726	4.07065830177224	7.393612068162771	4.079524195124675	6.508850859857882	4.24525781458723	6.160701312539352	4.189808297714418	5.94652189355117	4.238505747126436	6.3222706112028835	4.2737094837935174	5.790335001925299	4.25878519897603	5.512348205757948	4.2501132759401905	5.327780878375478	4.221332330361291	5.540600265177387	4.172385994727324	5.515068701131102	4.193416786550147	5.46393588601959	4.204823116965898	5.428044898642989	4.172631578947368	5.360798362333675	4.104720849542635	5.369513264966573	4.098154362416107	5.291127541589648	4.04195392634942	5.202456023896448	4.014305061791095	5.141072524891226	3.9510117145899892	4.9226950721340295	3.891058934626776	4.886982263365194	3.8449867787940524	4.849449204406365	3.7971078001752847	4.715732743064746	3.8077928986213925	4.60949937035189	3.7964458804523424	4.479498221306871	3.771949828962372	4.3931358699428	3.7455355072127645	4.254099300538929	3.677861873226112	4.124860646599777	3.6640523504787565	4.769765726528749	4.761904761904762	3.2084909113090156	4.242298269008364	3.6457168827356936	3.608247422680412	4.761904761904762	4.806636034239659	3.5331396786155747	13.672100000000002	0.04857528775839986	20.857474327087402	-5.722051355410915e-06	18.75724492123125	-4.771265530469302e-06	16.75626071119453	-4.797852097572959e-06	15.305636132550589	-1.2641659519266861e-05	14.23440600534529	-5.967952097237833e-06	13.378889237630444	1.0257115104319989e-06	12.645414532718643	-1.065199815507392e-06	11.974951215224856	-1.1125388693267472e-06	11.362577064342442	-2.3379425871438877e-06	10.793682833033957	1.2345465633927315e-06	10.270434898745348	-1.3093855446454643e-06	9.77843401345748	0.0	9.332510916281919	0.0	8.913661834328508	0.0	8.530025110975417	-1.7152335033129736e-06	8.174280434033568	0.0	7.829648039034986	-1.9818777102177686e-06	7.5163578265219275	2.1331240027645285e-06	7.219276294473283	-2.2979208412228617e-06	6.941195871584659	-2.4798327600786603e-06	6.68336885854555	5.342151444651305e-06	6.4374972941614494	5.772472234408553e-06	6.21371099729097	3.1174207707511113e-06	5.997589631375189	-3.366447959764214e-06	5.806141503561795	-3.6400698893418752e-06	5.631116588767567	-3.937627972909119e-06	5.465716000051065	-4.255464015796283e-06	5.308540654990679	-1.3808721588555332e-05	5.173693287740881	-1.4953867319319899e-05
14	1	15	0	0	1278	3221	1307	3220	1418	2379	1429	1661	1486	1261	1513	1188	1592	1118	1642	1194	1687	1286	1695	1307	1768	1425	1764	1440	1757	1483	1770	1533	1768	1616	1803	1669	1765	1689	1783	1763	1740	1769	1698	1759	1662	1779	1638	1774	1618	1790	1565	1768	1541	1759	1512	1710	1465	1668	1413	1632	1361	4074	4095	231.0	382.0129477819788	373.56396198272705	21	1	0.6644887924194336	1.0	2.8517110266159698			4.034218251838757	6.756161510225485	3.967458944237016	7.015556233387075	4.099569227210964	7.384300214172641	3.990171166894703	6.9839801538914354	3.970077477958857	6.1074248074780835	3.8724373576309796	6.027703079811253	3.943717796274276	5.59643590128648	3.942376950780312	5.747015787447054	3.925994880148941	5.848910719970892	3.840054372451291	5.611127806637187	3.9115909644018676	5.725420868656837	3.84338845676188	5.465725347301298	3.7725720911257596	5.282279608192342	3.7607564007224052	5.136538783715865	3.7221052631578946	5.1688843398157625	3.791399432236358	5.0488550080164565	3.7017617449664426	4.87811922365989	3.747687909870523	4.8760924881070915	3.682072117826308	4.721992365800923	3.616613418530351	4.547804953720461	3.56698287333133	4.4630089561225255	3.550218908491916	4.342717258261934	3.5451358457493427	4.3067151071866805	3.468682122434505	4.200822106588733	3.4576377670077187	4.1167384384946635	3.44811858608894	3.9600750330006256	3.3976529523632824	3.825249398004816	3.342005676442762	3.7130571292061973	3.2743107347351206	4.769765726528749	4.761904761904762	2.818104184457728	4.007668023157962	3.3308454445322204	3.608247422680412	4.761904761904762	4.865650906951262	3.5331396786155747	13.672100000000002	0.04857528775839986	20.857474327087402	-5.722051355410915e-06	18.75724492123125	-4.771265530469302e-06	16.75626071119453	-4.797852097572959e-06	15.305636132550589	-1.2641659519266861e-05	14.23440600534529	-5.967952097237833e-06	13.378889237630444	1.0257115104319989e-06	12.645414532718643	-1.065199815507392e-06	11.974951215224856	-1.1125388693267472e-06	11.362577064342442	-2.3379425871438877e-06	10.793682833033957	1.2345465633927315e-06	10.270434898745348	-1.3093855446454643e-06	9.77843401345748	0.0	9.332510916281919	0.0	8.913661834328508	0.0	8.530025110975417	-1.7152335033129736e-06	8.174280434033568	0.0	7.829648039034986	-1.9818777102177686e-06	7.5163578265219275	2.1331240027645285e-06	7.219276294473283	-2.2979208412228617e-06	6.941195871584659	-2.4798327600786603e-06	6.68336885854555	5.342151444651305e-06	6.4374972941614494	5.772472234408553e-06	6.21371099729097	3.1174207707511113e-06	5.997589631375189	-3.366447959764214e-06	5.806141503561795	-3.6400698893418752e-06	5.631116588767567	-3.937627972909119e-06	5.465716000051065	-4.255464015796283e-06	5.308540654990679	-1.3808721588555332e-05	5.173693287740881	-1.4953867319319899e-05
15	1	15	0	0	1235	4426	1226	3853	1263	2530	1253	1735	1286	1401	1366	1289	1404	1150	1464	1220	1464	1272	1488	1249	1572	1260	1558	1371	1545	1392	1585	1464	1575	1460	1574	1499	1557	1572	1531	1568	1475	1561	1443	1585	1412	1574	1362	1563	1329	1534	1273	1496	1266	1452	1231	1410	1172	1365	1143	1325	1096	4075	4095	186.0	337.96059365213205	317.42387866973877	20	1	0.6790971755981445	1.0	2.8517110266159698			3.8984816439912877	9.283691662296802	3.7215796982667033	8.394701294174038	3.651449882910752	7.852996865009157	3.498729511629855	7.295126771223143	3.4357467272241515	6.785489417348767	3.496199227048194	6.540159318078036	3.4780023781212845	5.7566201131301	3.5150060024009604	5.872160184828648	3.4070281591808236	5.78523673079547	3.3710919800634342	5.362125960589018	3.4779530520586737	5.062477399654465	3.3945573784778964	5.20382600774311	3.3173727266871365	4.958147818343722	3.367682991607351	4.905344278773664	3.3157894736842106	4.669907881269191	3.309851750604563	4.534591765737968	3.2655201342281877	4.540203327171904	3.2180090802085086	4.336762916251797	3.1212967665481632	4.166777887515682	3.073482428115016	4.097936811624179	3.030433102974632	3.948721808283786	2.9520135246434607	3.826193390452876	2.911919368974584	3.690782667276183	2.8214903142869807	3.5545417824981587	2.840603123317178	3.3982400299569373	2.807297605473204	3.265325027211042	2.7181223618906256	3.130374957000344	2.7034058656575213	3.014583759925375	2.636770437376702	4.770936508494024	4.761904761904762	2.269122849823106	3.5455182137965884	2.8302780456690164	3.436426116838488	4.761904761904762	4.972619291781025	3.5331396786155747	13.672100000000002	0.04857528775839986	20.857474327087402	-5.722051355410915e-06	18.75724492123125	-4.771265530469302e-06	16.75626071119453	-4.797852097572959e-06	15.305636132550589	-1.2641659519266861e-05	14.23440600534529	-5.967952097237833e-06	13.378889237630444	1.0257115104319989e-06	12.645414532718643	-1.065199815507392e-06	11.974951215224856	-1.1125388693267472e-06	11.362577064342442	-2.3379425871438877e-06	10.793682833033957	1.2345465633927315e-06	10.270434898745348	-1.3093855446454643e-06	9.77843401345748	0.0	9.332510916281919	0.0	8.913661834328508	0.0	8.530025110975417	-1.7152335033129736e-06	8.174280434033568	0.0	7.829648039034986	-1.9818777102177686e-06	7.5163578265219275	2.1331240027645285e-06	7.219276294473283	-2.2979208412228617e-06	6.941195871584659	-2.4798327600786603e-06	6.68336885854555	5.342151444651305e-06	6.4374972941614494	5.772472234408553e-06	6.21371099729097	3.1174207707511113e-06	5.997589631375189	-3.366447959764214e-06	5.806141503561795	-3.6400698893418752e-06	5.631116588767567	-3.937627972909119e-06	5.465716000051065	-4.255464015796283e-06	5.308540654990679	-1.3808721588555332e-05	5.173693287740881	-1.4953867319319899e-05
16	1	14	0	0	1142	5054	1136	4296	1213	2752	1235	1818	1263	1450	1272	1226	1364	1151	1398	1137	1397	1207	1437	1237	1476	1253	1493	1284	1477	1387	1492	1391	1512	1431	1498	1479	1472	1488	1442	1487	1413	1492	1368	1515	1324	1498	1294	1466	1259	1432	1182	1403	1144	1356	1117	1333	1078	1277	1029	1205	983	4073	4095	168.0	313.9412276825674	291.5442771911621	22	1	0.6858882904052734	1.0	2.6615969581749046			3.6049117712048995	10.600943890928159	3.4483805360774675	9.359884962307726	3.506895255717136	8.542074060278734	3.4484684332504956	7.644115544716815	3.3742986908896606	7.0228120308035065	3.2556115789204267	6.220508397178954	3.3789139912802217	5.761625869750213	3.356542617046819	5.472660762418175	3.2511054223877123	5.489607495338154	3.2555505210693245	5.310608337268707	3.2655589725436402	5.034352525211941	3.252935921737804	4.873605101343657	3.171365383376634	4.940338379341051	3.1700839264846485	4.660747193834814	3.183157894736842	4.5771494370522	3.150036799495321	4.474090207822852	3.087248322147651	4.297597042513863	3.0309399697326382	4.112733709481137	2.9900964956830878	3.9825961615460583	2.913738019169329	3.9169553751486634	2.841567583809074	3.758059255914302	2.8046295894923925	3.5887392900856794	2.758545135845749	3.4453720857493444	2.6197969768163483	3.3335709363936608	2.5668641177526474	3.1735630031829247	2.547320410490308	3.087005859058382	2.5001159608516166	2.9285632381607614	2.433774834437086	2.7415648533660955	2.3649136313333012	4.768594944563474	4.761904761904762	2.0495303159692573	3.293532919864376	2.5995251854795423	3.7800687285223367	4.761904761904762	5.022346532176164	3.5331396786155747	13.672100000000002	0.04857528775839986	20.857474327087402	-5.722051355410915e-06	18.75724492123125	-4.771265530469302e-06	16.75626071119453	-4.797852097572959e-06	15.305636132550589	-1.2641659519266861e-05	14.23440600534529	-5.967952097237833e-06	13.378889237630444	1.0257115104319989e-06	12.645414532718643	-1.065199815507392e-06	11.974951215224856	-1.1125388693267472e-06	11.362577064342442	-2.3379425871438877e-06	10.793682833033957	1.2345465633927315e-06	10.270434898745348	-1.3093855446454643e-06	9.77843401345748	0.0	9.332510916281919	0.0	8.913661834328508	0.0	8.530025110975417	-1.7152335033129736e-06	8.174280434033568	0.0	7.829648039034986	-1.9818777102177686e-06	7.5163578265219275	2.1331240027645285e-06	7.219276294473283	-2.2979208412228617e-06	6.941195871584659	-2.4798327600786603e-06	6.68336885854555	5.342151444651305e-06	6.4374972941614494	5.772472234408553e-06	6.21371099729097	3.1174207707511113e-06	5.997589631375189	-3.366447959764214e-06	5.806141503561795	-3.6400698893418752e-06	5.631116588767567	-3.937627972909119e-06	5.465716000051065	-4.255464015796283e-06	5.308540654990679	-1.3808721588555332e-05	5.173693287740881	-1.4953867319319899e-05
17	3	16	0	0	1148	5234	1108	4217	1158	2555	1198	1772	1222	1343	1269	1204	1346	1152	1346	1139	1399	1206	1437	1190	1449	1244	1448	1301	1498	1357	1482	1376	1447	1410	1450	1453	1436	1454	1406	1502	1378	1484	1330	1450	1307	1460	1254	1434	1196	1385	1167	1340	1115	1322	1093	1271	1040	1215	995	1180	947	4077	4095	160.0	306.37684350286224	281.83874797821045	18	1	0.6876649856567383	3.0	3.041825095057034			3.6238517629975693	10.978500262191924	3.363385241174149	9.187764172730837	3.3478851658041577	7.930595648260236	3.34515399435959	7.450700079888996	3.264760886989046	6.504576936116627	3.2479332497248596	6.108884266071338	3.3343242172017438	5.766631626370326	3.2316926770708285	5.482287254524451	3.255759832441238	5.485059353254195	3.2555505210693245	5.108830979264157	3.2058231376800377	4.998191972357266	3.1548902978408178	4.9381310255826305	3.216455886457819	4.833481745325022	3.1488367151811323	4.610487518847378	3.046315789473684	4.5099795291709315	3.0491010409000103	4.3954381825332005	3.011744966442953	4.199399260628465	2.9552715654952078	4.154220599623852	2.916031826646352	3.9612417585350883	2.8328008519701813	3.748901184135684	2.8050821994248185	3.6627279797295604	2.717933157050587	3.510403916768666	2.6205083260297983	3.3322907393595265	2.586550822288222	3.183881008387388	2.5017950098725543	3.093989889533795	2.492588369441277	2.9434241911952017	2.411985713623081	2.786377708978328	2.3533585619678337	2.684685914499579	2.278304383390271	4.7732780724245725	4.761904761904762	1.9519336342564353	3.214175555754331	2.512986811718453	3.0927835051546393	4.761904761904762	5.035356200601406	3.5331396786155747	13.672100000000002	0.04857528775839986	20.857474327087402	-5.722051355410915e-06	18.75724492123125	-4.771265530469302e-06	16.75626071119453	-4.797852097572959e-06	15.305636132550589	-1.2641659519266861e-05	14.23440600534529	-5.967952097237833e-06	13.378889237630444	1.0257115104319989e-06	12.645414532718643	-1.065199815507392e-06	11.974951215224856	-1.1125388693267472e-06	11.362577064342442	-2.3379425871438877e-06	10.793682833033957	1.2345465633927315e-06	10.270434898745348	-1.3093855446454643e-06	9.77843401345748	0.0	9.332510916281919	0.0	8.913661834328508	0.0	8.530025110975417	-1.7152335033129736e-06	8.174280434033568	0.0	7.829648039034986	-1.9818777102177686e-06	7.5163578265219275	2.1331240027645285e-06	7.219276294473283	-2.2979208412228617e-06	6.941195871584659	-2.4798327600786603e-06	6.68336885854555	5.342151444651305e-06	6.4374972941614494	5.772472234408553e-06	6.21371099729097	3.1174207707511113e-06	5.997589631375189	-3.366447959764214e-06	5.806141503561795	-3.6400698893418752e-06	5.631116588767567	-3.937627972909119e-06	5.465716000051065	-4.255464015796283e-06	5.308540654990679	-1.3808721588555332e-05	5.173693287740881	-1.4953867319319899e-05
18	8	15	0	0	1065	6383	1035	4645	1083	2798	1096	1624	1154	1135	1273	1085	1248	1035	1274	1066	1357	1091	1354	1193	1374	1270	1393	1262	1391	1311	1374	1322	1359	1349	1318	1377	1302	1377	1281	1377	1224	1369	1198	1332	1147	1307	1108	1279	1067	1219	1005	1192	942	1142	906	1097	863	1044	824	977	783	4076	4095	137.0	281.4909225625872	250.99388313293457	19	1	0.6981916427612305	8.0	2.8517110266159698			3.361848543198965	13.38856843209229	3.1417903651762136	10.120266678286635	3.131053225013733	8.68485582146072	3.0603412168765534	6.828406845225582	3.0830884317392466	5.497166658594469	3.258171021985616	5.5050991932619615	3.0915576694411415	5.180958101817089	3.058823529411765	5.13092029264536	3.1580172213171984	4.962023013598945	3.067512460353421	5.121710385094234	3.0398902630589175	5.1026557917152155	3.035056757522278	4.790100964093221	2.9867090374251175	4.669634906500445	2.919366833103155	4.429552688892612	2.8610526315789473	4.314866939611054	2.771527704762906	4.165532262455758	2.7307046979865772	3.9770101663585953	2.692534050781907	3.8084965151012278	2.590147282884713	3.6542722152523828	2.551650692225772	3.443818191219815	2.461690346396532	3.278894157196257	2.4014911786379987	3.1309669522643815	2.337861524978089	2.932897047855063	2.2274923533844584	2.8322284791028105	2.113624124932687	2.672720464332522	2.0661345496009123	2.5404691878372434	2.0014842989006913	2.39422084623323	1.9489120151371806	2.2228289309034652	1.8837511427609102	4.772107290459298	4.761904761904762	1.6713431743320728	2.9530993012497384	2.2379616807829117	3.264604810996564	4.761904761904762	5.112436565645858	3.5331396786155747	13.672100000000002	0.04857528775839986	20.857474327087402	-5.722051355410915e-06	18.75724492123125	-4.771265530469302e-06	16.75626071119453	-4.797852097572959e-06	15.305636132550589	-1.2641659519266861e-05	14.23440600534529	-5.967952097237833e-06	13.378889237630444	1.0257115104319989e-06	12.645414532718643	-1.065199815507392e-06	11.974951215224856	-1.1125388693267472e-06	11.362577064342442	-2.3379425871438877e-06	10.793682833033957	1.2345465633927315e-06	10.270434898745348	-1.3093855446454643e-06	9.77843401345748	0.0	9.332510916281919	0.0	8.913661834328508	0.0	8.530025110975417	-1.7152335033129736e-06	8.174280434033568	0.0	7.829648039034986	-1.9818777102177686e-06	7.5163578265219275	2.1331240027645285e-06	7.219276294473283	-2.2979208412228617e-06	6.941195871584659	-2.4798327600786603e-06	6.68336885854555	5.342151444651305e-06	6.4374972941614494	5.772472234408553e-06	6.21371099729097	3.1174207707511113e-06	5.997589631375189	-3.366447959764214e-06	5.806141503561795	-3.6400698893418752e-06	5.631116588767567	-3.937627972909119e-06	5.465716000051065	-4.255464015796283e-06	5.308540654990679	-1.3808721588555332e-05	5.173693287740881	-1.4953867319319899e-05
19	15	16	0	0	945	7240	987	5116	1043	2600	1101	1381	1125	1016	1186	973	1222	1003	1250	1103	1315	1121	1350	1186	1370	1214	1335	1245	1301	1330	1287	1350	1293	1369	1250	1332	1233	1304	1195	1290	1119	1288	1065	1249	1026	1219	984	1156	921	1089	888	1042	822	998	772	940	730	886	683	832	638	4077	4095	124.0	257.910052247071	228.2655258178711	18	1	0.7077827453613281	15.0	3.041825095057034			2.98304870734556	15.186156266386996	2.996084145341954	11.146455183232383	3.0154095232588394	8.070273458112178	3.0743026275374863	5.806668628852542	3.0056104728827147	4.920811740204388	3.0354994753141717	4.936830889441372	3.0271502179944507	5.02077388997347	3.0012004801920766	5.309010396611475	3.060274610193158	5.098467276117706	3.0584503851381966	5.091658438157387	3.031040509745791	4.8776567961750175	2.908686842277273	4.725575039854248	2.7934640242200417	4.737310774710597	2.7345160947625624	4.523370748869157	2.7221052631578946	4.378838280450358	2.6285353800862157	4.0294037571467465	2.585989932885906	3.766173752310536	2.511770640659156	3.5678725522734815	2.3679532757745045	3.4380588847663027	2.268370607028754	3.229225916541703	2.2020002575438897	3.0581269912947495	2.1327322380684035	2.8298653610771116	2.0179666958808062	2.620118855713014	1.968172348065074	2.4758238886116852	1.8443726440495423	2.3357049241715035	1.7605473204104902	2.176883351474028	1.6930284336008163	2.031877078316707	1.6154210028382217	1.892931085477669	1.534908338545927	4.7732780724245725	4.761904761904762	1.5127485665487372	2.7057142310042552	2.0353065718083467	3.0927835051546393	4.761904761904762	5.182666428959145	3.5331396786155747	13.672100000000002	0.04857528775839986	20.857474327087402	-5.722051355410915e-06	18.75724492123125	-4.771265530469302e-06	16.75626071119453	-4.797852097572959e-06	15.305636132550589	-1.2641659519266861e-05	14.23440600534529	-5.967952097237833e-06	13.378889237630444	1.0257115104319989e-06	12.645414532718643	-1.065199815507392e-06	11.974951215224856	-1.1125388693267472e-06	11.362577064342442	-2.3379425871438877e-06	10.793682833033957	1.2345465633927315e-06	10.270434898745348	-1.3093855446454643e-06	9.77843401345748	0.0	9.332510916281919	0.0	8.913661834328508	0.0	8.530025110975417	-1.7152335033129736e-06	8.174280434033568	0.0	7.829648039034986	-1.9818777102177686e-06	7.5163578265219275	2.1331240027645285e-06	7.219276294473283	-2.2979208412228617e-06	6.941195871584659	-2.4798327600786603e-06	6.68336885854555	5.342151444651305e-06	6.4374972941614494	5.772472234408553e-06	6.21371099729097	3.1174207707511113e-06	5.997589631375189	-3.366447959764214e-06	5.806141503561795	-3.6400698893418752e-06	5.631116588767567	-3.937627972909119e-06	5.465716000051065	-4.255464015796283e-06	5.308540654990679	-1.3808721588555332e-05	5.173693287740881	-1.4953867319319899e-05
20	55	11	0	0	968	8161	894	5319	961	2323	998	1231	1093	1007	1102	894	1159	969	1202	1042	1241	1074	1275	1119	1283	1171	1272	1213	1244	1232	1226	1254	1195	1290	1134	1276	1119	1239	1104	1186	1061	1137	994	1132	941	1115	885	1072	840	1007	784	942	737	885	672	837	636	777	591	723	543	4079	4095	112.0	241.32689388749407	209.28056526184082	16	1	0.7176694869995117	55.00000000000001	2.091254752851711			3.0556520092174626	17.117986366019927	2.713778344413077	11.58874025011983	2.7783399346613087	7.210478939690225	2.7866975679222628	5.175966026153135	2.9201175527651615	4.877221872426987	2.8205062578382947	4.535998782282205	2.8710860087197783	4.850578164889623	2.885954381752701	5.015402387370043	2.8880614382127066	4.8847045981716475	2.8885364748527413	4.804018374618984	2.8385583751852916	4.704889710313793	2.7714229688214918	4.604114476580885	2.6710755158568267	4.388245770258237	2.6049081058111123	4.201708828949573	2.5157894736842104	4.126151484135107	2.3846072968142153	3.859999394984421	2.3468959731543624	3.5784426987060995	2.320497729947873	3.2802301139506587	2.2452175385136277	3.0349945279342285	2.1171458998935035	2.9267283727183413	2.019573335622612	2.7972203406838765	1.9181585677749362	2.6242350061199513	1.8404907975460123	2.422827996054183	1.737665676670065	2.2382208282842684	1.653652845090648	2.0712413405729264	1.532497149372862	1.9383525161529376	1.4750220325618073	1.781905744754042	1.3978240302743614	1.6449389120196574	1.3063561564740411	4.775619636355122	4.761904761904762	1.3663535439795047	2.5317416107919923	1.8660290830295947	2.7491408934707904	4.761904761904762	5.255061078752209	3.5331396786155747	13.672100000000002	0.04857528775839986	20.857474327087402	-5.722051355410915e-06	18.75724492123125	-4.771265530469302e-06	16.75626071119453	-4.797852097572959e-06	15.305636132550589	-1.2641659519266861e-05	14.23440600534529	-5.967952097237833e-06	13.378889237630444	1.0257115104319989e-06	12.645414532718643	-1.065199815507392e-06	11.974951215224856	-1.1125388693267472e-06	11.362577064342442	-2.3379425871438877e-06	10.793682833033957	1.2345465633927315e-06	10.270434898745348	-1.3093855446454643e-06	9.77843401345748	0.0	9.332510916281919	0.0	8.913661834328508	0.0	8.530025110975417	-1.7152335033129736e-06	8.174280434033568	0.0	7.829648039034986	-1.9818777102177686e-06	7.5163578265219275	2.1331240027645285e-06	7.219276294473283	-2.2979208412228617e-06	6.941195871584659	-2.4798327600786603e-06	6.68336885854555	5.342151444651305e-06	6.4374972941614494	5.772472234408553e-06	6.21371099729097	3.1174207707511113e-06	5.997589631375189	-3.366447959764214e-06	5.806141503561795	-3.6400698893418752e-06	5.631116588767567	-3.937627972909119e-06	5.465716000051065	-4.255464015796283e-06	5.308540654990679	-1.3808721588555332e-05	5.173693287740881	-1.4953867319319899e-05
